香奈儿可可小姐唇露	744 - 细腻	https://i.chanel.cn/fnbv3/image/full/shades/rouge-coco-gloss--744--55g.0156744_S.jpg	https://i.chanel.cn/fnbv3/image/full/chanel__com_type1/skus_full/rouge-coco-gloss--744--55g.3145891567441.jpg
56	65	98	236	20	2	78	125	69	128	254	10	75	9	52	80	122	172	23	235	200	179	0	204	178	233	162	152	55	170	242	128	
2	133	98	201	214	163	170	103	92	1	90	2	40	42	52	96	127	11	19	145	146	184	5	223	60	44	154	192	149	12	241	204	
3	79	223	245	50	130	239	166	189	136	122	64	188	163	181	81	166	127	53	217	33	216	0	110	168	190	62	128	140	241	33	41	
205	95	94	245	244	186	103	182	228	206	126	228	189	35	163	231	98	110	14	206	225	184	164	110	228	239	102	128	42	241	105	249	
32	141	2	154	148	163	166	231	22	1	88	2	96	232	48	64	89	106	2	81	18	186	8	255	40	4	135	96	149	74	176	136	
205	95	201	133	212	91	103	176	116	238	191	238	211	32	211	163	57	196	78	238	241	240	109	46	252	7	231	180	105	251	217	240	
34	185	50	200	245	213	186	231	15	73	120	43	44	156	118	32	220	59	151	145	150	58	50	245	63	28	158	235	213	14	183	223	
34	185	160	138	221	193	178	199	10	69	72	139	172	140	118	0	201	59	147	209	22	58	210	241	61	20	158	107	213	14	151	222	
60	181	244	112	253	255	208	203	235	189	189	57	14	157	76	27	137	155	199	48	62	99	120	212	219	217	21	119	194	77	198	135	
27	159	67	143	86	178	239	118	53	192	90	230	121	110	182	228	126	239	23	239	229	153	45	255	52	46	170	128	63	230	177	253	
2	187	226	155	246	147	190	231	31	69	90	183	44	238	182	64	255	187	147	133	246	154	46	255	62	30	158	203	21	92	181	221	
101	123	120	64	126	13	243	112	105	40	184	110	2	24	212	52	174	141	70	96	149	50	228	76	54	28	0	122	77	139	66	133	
59	1	114	225	52	185	248	80	109	65	254	138	143	13	182	100	238	153	95	217	142	187	101	192	214	249	170	210	119	142	113	197	
232	88	190	254	105	221	177	84	164	78	214	61	60	221	99	75	204	124	255	66	104	199	242	162	87	225	112	155	66	61	54	251	
130	157	54	156	249	228	188	231	191	95	88	55	172	190	38	64	231	123	179	193	242	137	18	255	45	54	158	139	144	92	165	219	
2	140	2	156	20	162	42	99	52	1	91	18	104	226	32	64	120	42	34	128	48	152	0	223	32	38	138	128	20	74	176	136	
38	181	249	243	254	105	249	137	27	113	57	223	220	109	92	8	159	27	23	53	179	112	95	210	12	28	31	230	221	203	211	145	
131	152	19	185	117	180	184	19	190	89	82	117	188	154	182	232	231	43	55	157	183	156	18	215	6	62	186	194	156	4	41	221	
51	134	206	173	84	2	104	127	52	195	210	215	49	35	146	64	125	172	63	173	189	218	197	207	220	46	250	128	173	164	120	216	
95	219	46	190	47	157	190	232	207	220	214	167	236	200	63	67	254	225	255	231	196	35	223	253	242	115	207	155	95	63	57	87	
130	221	178	153	245	172	188	231	190	27	90	49	172	190	32	64	231	59	187	21	242	216	18	247	45	54	158	194	16	92	161	219	
122	1	98	232	126	19	248	113	101	64	255	139	11	143	180	116	110	133	95	237	216	171	37	196	210	249	170	220	39	142	112	65	
206	219	46	190	175	149	191	236	159	158	150	167	236	232	51	67	238	99	251	199	196	109	11	253	254	115	207	155	22	63	61	207	
141	181	25	163	214	237	169	89	30	113	93	22	221	119	74	40	59	26	18	56	51	56	124	215	205	133	58	100	159	74	133	240	
61	77	99	207	84	31	238	248	117	232	126	70	91	121	189	244	120	204	22	238	201	178	125	238	54	108	167	128	111	191	112	164	
34	221	98	158	223	209	190	230	159	68	92	163	40	236	55	196	234	123	147	195	102	171	62	255	55	22	158	171	23	95	61	222	
25	181	56	99	151	255	113	89	119	105	95	18	91	21	154	100	125	158	158	184	187	152	121	151	207	205	176	196	179	134	244	243	
50	97	70	141	76	11	232	105	143	160	242	2	10	138	52	66	120	172	127	225	72	251	195	221	148	168	139	156	117	40	112	128	
3	136	197	185	116	154	232	23	126	73	82	215	189	8	144	232	106	44	54	157	167	188	69	215	132	62	186	192	156	140	89	157	
126	67	170	174	47	6	95	232	169	140	222	175	206	207	51	66	254	237	255	231	204	3	138	232	243	117	207	159	23	63	54	67	
131	148	177	153	181	189	184	2	159	91	16	117	140	190	118	237	135	27	147	149	183	92	18	215	141	86	154	226	158	68	9	215	
187	17	106	224	54	18	91	113	101	64	255	167	27	15	182	112	126	157	151	238	201	179	37	204	242	233	162	196	103	142	112	113	
130	221	50	155	245	213	188	231	158	89	88	51	172	190	38	96	231	59	179	17	118	152	50	247	45	22	30	235	144	92	165	223	
57	5	120	65	116	43	235	49	100	96	127	2	19	1	144	32	122	140	22	168	153	176	101	30	70	237	32	192	119	138	80	224	
122	65	98	232	110	19	88	113	37	96	244	138	9	15	180	116	110	149	223	236	200	163	101	204	242	249	170	152	55	142	114	208	
47	111	66	78	117	151	238	248	87	200	248	206	104	200	191	164	124	232	134	238	205	178	12	255	54	28	133	142	127	191	122	132	
187	81	106	236	38	18	95	113	69	96	247	174	27	13	182	112	126	157	151	238	201	179	37	206	242	233	162	132	103	174	114	241	
1	130	245	89	116	155	233	23	126	105	114	80	187	8	148	236	107	46	6	24	177	188	101	223	12	190	114	64	212	136	81	173	
12	60	171	227	71	124	179	82	246	207	93	18	157	247	115	42	121	252	211	154	17	116	186	162	95	197	171	109	163	107	55	242	
2	253	50	155	211	213	180	231	159	93	88	51	172	254	102	64	237	59	147	145	118	152	50	247	47	22	158	235	144	92	165	223	
26	157	58	184	211	225	185	103	159	69	72	179	44	191	34	64	238	187	147	145	22	155	2	215	219	87	154	203	182	4	165	218	
60	113	123	100	119	91	87	216	97	224	255	42	91	223	73	48	122	252	213	242	73	179	184	140	243	205	37	165	111	187	102	243	
109	171	18	170	249	145	174	237	138	180	188	10	172	195	224	132	138	43	194	217	82	43	138	245	188	208	15	123	86	142	171	140	
55	34	46	140	76	20	232	88	204	208	213	79	17	136	119	75	236	133	91	167	140	35	150	192	19	9	203	61	29	171	120	208	
194	92	54	248	109	164	144	66	169	26	176	24	46	159	37	27	228	49	223	3	98	39	146	227	147	248	90	26	82	89	35	11	
204	72	234	158	79	120	243	194	232	214	180	23	253	207	115	75	107	224	235	195	32	103	182	226	87	35	218	9	163	121	127	242	
61	117	99	76	84	15	71	248	71	232	253	78	115	241	181	180	88	236	22	110	201	178	253	31	54	44	37	60	127	187	114	164	
39	239	98	26	119	145	142	236	95	68	125	239	104	232	191	132	94	235	147	231	198	58	78	255	62	28	143	171	95	159	122	205	
94	113	187	226	59	211	19	200	171	232	189	40	95	223	105	48	190	253	223	242	9	3	168	200	251	213	7	255	227	51	39	115	
72	188	183	241	169	236	116	151	187	219	166	17	158	191	64	219	165	119	253	16	50	77	146	224	207	251	86	67	194	68	167	123	
24	185	18	154	221	217	182	239	143	85	188	15	174	194	98	132	104	170	202	80	94	43	58	253	191	209	7	123	115	14	143	222	
169	121	91	109	112	143	85	183	197	168	116	12	191	19	33	49	204	188	70	72	105	190	112	60	231	217	37	48	106	184	66	171	
2	130	22	153	107	193	176	64	174	29	65	33	172	150	98	73	230	57	171	145	6	11	130	209	133	48	90	235	16	4	45	203	
162	20	114	233	116	62	248	23	109	73	254	51	142	28	148	104	238	183	159	1	144	188	97	194	22	252	26	194	199	204	113	223	
10	157	50	218	249	244	184	71	143	93	60	53	172	158	110	110	167	59	151	17	150	9	50	241	15	92	30	203	146	68	165	223	
33	193	107	73	116	207	239	124	68	104	124	66	115	21	188	36	88	136	22	104	193	184	117	29	103	12	164	132	119	154	208	233	
18	121	27	252	19	204	53	103	169	132	194	11	46	151	32	16	162	59	193	0	64	139	50	237	241	245	30	11	0	16	167	122	
210	106	42	188	91	192	188	102	172	132	210	163	44	142	35	64	230	251	239	193	68	139	134	237	240	97	190	139	37	20	45	79	
23	22	103	207	86	178	235	113	116	192	91	230	89	108	181	228	126	172	22	175	181	145	37	206	52	46	171	128	47	166	112	245	
185	65	106	229	86	18	111	117	101	192	254	130	91	15	176	112	126	204	23	234	200	179	37	142	114	237	162	132	103	186	240	224	
120	241	90	96	49	205	82	220	33	44	252	9	63	159	66	16	190	153	197	120	74	58	144	61	251	221	36	125	98	146	78	11	
49	23	107	109	118	14	77	123	101	232	254	238	115	21	149	112	126	140	126	172	201	178	117	14	54	237	160	144	109	168	114	185	
57	22	107	205	118	50	105	51	117	72	254	246	83	3	148	100	126	140	22	172	185	184	101	142	214	237	162	192	111	168	112	181	
130	146	6	153	95	177	184	67	30	25	67	183	172	138	38	204	231	41	179	149	22	28	2	213	4	22	218	235	152	12	57	151	
9	133	105	99	180	6	237	61	101	105	127	70	217	63	28	96	54	14	21	188	145	184	125	142	111	253	178	196	239	130	240	186	
242	36	114	236	124	43	248	75	77	160	250	26	15	10	52	80	254	141	95	161	152	187	197	206	150	252	154	144	101	168	114	129	
103	19	113	72	112	154	90	16	105	8	188	236	74	31	141	52	222	148	70	120	137	34	240	204	54	252	0	90	107	130	74	53	
31	156	180	86	179	150	31	184	147	222	36	141	249	119	139	21	23	227	181	172	172	72	58	255	235	223	197	254	138	228	11	87	
159	85	99	205	83	82	191	120	21	68	95	231	88	23	187	101	126	221	151	239	225	146	53	206	117	40	170	132	47	183	53	245	
29	12	107	207	214	34	239	114	84	194	95	194	81	109	179	96	127	236	23	175	169	145	45	206	114	46	171	128	39	251	112	224	
134	248	178	154	237	197	190	198	158	89	80	27	172	222	101	8	205	123	147	211	146	111	154	241	13	16	158	235	148	29	181	219	
62	164	180	112	189	237	80	202	207	189	185	25	142	221	76	27	137	155	199	48	62	99	74	148	155	217	17	127	210	73	70	130	
234	176	173	240	201	109	189	223	155	115	4	155	156	191	72	43	141	27	243	145	51	78	250	193	95	83	223	239	142	76	151	242	
50	73	107	236	76	68	201	82	4	204	220	135	49	207	51	64	92	168	23	237	200	131	114	137	83	41	170	136	55	188	116	250	
60	56	182	253	41	247	80	90	23	171	255	33	94	159	33	120	157	125	181	18	136	214	243	184	195	255	113	179	210	101	36	19	
254	182	224	198	127	119	222	248	17	239	181	191	74	60	158	54	223	213	221	167	172	103	233	207	123	95	205	183	231	111	86	87	
198	55	210	128	250	184	184	73	187	181	27	255	140	238	206	222	183	31	239	149	150	89	140	194	188	20	63	239	140	68	175	149	
114	84	106	238	22	2	223	120	1	228	217	163	113	15	53	64	126	213	21	231	200	19	69	204	243	173	170	137	53	187	52	122	
44	181	97	235	252	75	203	153	71	113	61	235	211	125	220	36	91	154	23	127	155	34	109	181	109	28	165	252	215	143	212	241	
72	218	24	186	60	137	81	188	14	29	156	45	183	199	170	192	199	19	207	68	74	10	107	181	238	213	58	121	16	138	132	121	
33	51	88	1	78	13	161	89	106	236	125	76	144	136	214	50	30	205	66	95	211	114	246	64	92	8	37	40	73	139	67	145	
181	65	107	238	68	2	111	112	64	128	247	66	83	195	185	113	120	236	6	234	201	179	44	12	112	169	161	128	101	187	112	160	
169	214	44	185	60	143	67	60	86	109	86	182	215	1	178	64	93	8	14	60	171	188	109	31	236	135	179	212	52	137	84	249	
130	48	146	144	229	173	176	67	169	27	113	24	140	154	100	27	237	57	27	17	18	117	146	192	5	24	90	106	128	73	67	131	
9	131	15	173	48	38	107	49	36	13	79	198	213	39	176	64	118	7	63	188	25	152	113	77	205	167	170	196	176	130	33	112	
73	80	211	229	96	44	109	20	41	202	118	96	253	55	129	126	54	85	53	106	193	148	161	202	196	254	114	136	42	243	35	57	
87	108	254	212	106	48	159	194	249	134	150	154	124	254	119	123	167	245	253	175	164	71	166	234	210	63	219	155	133	241	43	0	
201	92	120	111	36	188	255	182	116	70	127	167	187	61	183	96	190	242	151	239	233	180	45	106	102	237	160	128	87	215	252	121	
164	174	218	118	176	46	103	225	116	130	235	92	211	225	72	17	25	238	66	46	120	246	152	34	168	142	101	4	64	99	226	128	
143	68	246	113	131	58	126	167	61	178	35	145	205	59	16	63	35	87	121	174	52	212	5	162	227	219	94	5	231	245	227	0	
178	185	99	66	245	219	90	97	9	197	248	143	42	221	118	48	250	187	215	244	254	171	48	253	59	28	129	251	103	142	118	94	
54	165	43	44	233	101	94	235	129	222	168	9	70	255	97	50	153	211	87	102	104	3	186	26	187	217	133	63	208	114	102	226	
38	138	172	225	252	39	203	154	6	189	156	248	129	40	215	40	77	220	23	255	156	114	77	176	76	31	169	245	149	233	92	132	
189	46	115	75	119	247	251	112	85	76	117	178	9	69	178	165	126	56	150	254	179	180	36	159	79	217	160	193	119	143	124	229	
247	99	226	4	71	26	238	97	65	230	247	175	74	8	183	183	122	196	226	239	204	247	165	200	54	120	197	35	111	190	122	204	
24	97	122	101	66	75	113	112	100	236	118	10	91	17	138	48	50	156	68	104	64	176	33	76	243	205	32	5	99	162	78	131	
7	23	134	151	226	34	173	31	60	91	95	244	220	98	155	111	39	71	51	175	145	208	47	64	4	34	254	128	140	241	145	245	
254	118	228	102	255	87	218	120	17	238	181	191	74	61	159	55	159	213	221	231	188	231	237	142	58	95	197	255	231	175	86	87	
38	238	226	26	223	241	186	200	91	239	120	171	72	204	127	8	217	233	131	215	150	54	174	242	30	20	143	239	213	127	126	199	
203	178	244	221	171	244	189	27	159	223	22	181	236	255	214	111	135	119	245	133	151	92	171	209	79	123	127	139	134	229	133	119	
31	14	199	149	2	178	174	82	60	194	90	215	121	230	183	239	119	111	183	143	165	220	165	234	20	110	255	128	175	245	41	213	
42	174	170	58	213	245	179	199	95	15	124	31	172	200	118	8	217	43	131	21	150	62	186	243	95	85	31	107	215	76	247	206	
138	248	148	191	34	136	92	191	59	186	16	176	239	127	64	91	135	251	181	193	98	92	74	253	142	211	127	162	54	176	1	25	
6	101	213	251	188	35	204	143	31	177	104	210	197	107	92	10	147	207	81	153	50	240	201	74	168	158	159	36	165	240	211	136	
88	115	58	100	19	222	113	113	225	140	231	5	79	198	34	16	244	189	204	224	72	179	176	12	179	245	34	3	99	34	38	99	
230	102	212	231	172	3	206	168	27	162	243	200	227	107	29	27	159	197	117	239	104	246	207	238	172	250	205	20	109	243	82	8	
172	238	26	176	169	185	84	198	187	159	180	57	143	207	66	152	137	179	205	16	126	79	130	54	218	215	125	251	194	88	142	203	
108	253	129	237	222	12	167	249	170	168	89	238	252	253	88	162	222	125	115	227	193	34	218	67	125	37	175	172	77	58	179	177	
233	36	78	54	221	118	214	126	176	135	173	25	225	255	43	17	89	162	217	167	60	195	56	142	243	253	138	27	130	86	254	106	
67	180	240	209	184	188	184	159	175	217	30	165	172	254	214	106	167	127	255	149	150	72	174	241	14	92	159	234	134	212	133	85	
58	1	114	224	54	57	250	82	109	0	255	2	15	11	180	96	110	137	31	249	138	179	101	196	242	221	170	212	103	142	113	129	
130	157	150	156	245	196	188	230	190	11	90	49	172	190	32	64	231	123	191	129	114	219	18	255	45	54	158	138	144	84	165	155	
3	148	19	185	83	244	184	87	188	89	74	84	188	190	32	232	231	59	19	145	183	156	50	215	13	54	26	194	152	4	161	223	
27	83	46	142	47	159	158	104	205	204	222	175	236	216	55	192	254	101	255	231	196	35	30	253	242	113	143	155	95	62	57	87	
184	88	59	244	71	238	117	86	189	194	102	0	62	159	33	120	160	125	35	64	65	189	48	170	243	251	80	3	98	120	68	186	
35	2	200	189	20	130	104	51	52	99	82	215	177	34	146	64	124	172	63	141	173	156	69	207	204	46	186	192	173	140	120	152	
2	157	50	158	223	213	190	231	158	76	88	163	172	254	38	64	239	123	147	193	102	139	50	255	61	54	158	171	21	92	181	223	
250	1	98	232	92	3	202	81	101	0	255	10	11	11	52	80	106	133	95	249	216	171	69	204	146	249	130	220	39	142	112	128	
159	15	198	151	146	178	170	83	53	195	91	215	121	238	183	236	55	239	181	157	181	217	141	234	30	110	255	192	175	229	185	21	
126	83	106	172	63	6	95	104	137	140	222	175	79	239	51	80	254	229	223	231	204	131	168	204	242	245	139	155	55	63	62	87	
43	79	98	206	117	151	238	248	85	200	124	198	104	232	181	228	120	236	150	238	205	178	60	238	54	124	135	138	127	190	120	132	
2	221	50	159	255	197	188	231	158	91	88	19	172	254	36	64	231	123	179	129	114	152	18	247	45	54	30	203	16	92	165	219	
2	148	59	217	87	228	177	103	254	73	78	18	188	190	36	100	231	59	19	16	179	152	50	215	77	62	26	74	152	0	165	187	
159	59	195	151	146	178	170	83	62	193	83	247	93	230	182	236	119	111	183	157	181	220	173	198	28	110	191	196	175	230	161	245	
250	65	98	232	14	19	74	113	5	0	244	138	11	15	180	112	126	133	95	234	200	167	101	204	178	249	170	152	55	142	114	140	
129	138	115	89	52	173	233	55	124	9	118	80	188	3	180	108	199	42	6	28	179	188	97	215	12	190	50	64	192	136	65	169	
74	191	162	30	201	249	51	207	239	213	12	141	172	230	98	198	97	106	234	20	22	75	190	241	191	85	151	111	146	86	159	222	
45	253	67	78	85	159	70	252	87	232	248	78	122	208	181	180	88	236	22	110	201	178	252	255	54	60	5	44	127	191	122	164	
106	72	250	212	109	112	221	66	216	134	150	138	124	239	119	90	235	245	187	143	4	71	178	202	83	63	219	25	133	244	47	74	
185	69	106	228	118	18	79	113	85	64	247	130	91	13	178	113	126	156	21	238	233	179	37	142	242	233	160	132	103	186	112	241	
147	203	74	188	62	145	188	103	140	68	218	231	45	138	178	192	110	43	159	197	198	137	6	253	176	97	186	139	61	156	185	221	
126	121	123	234	59	211	91	200	173	232	189	168	127	223	107	48	254	253	221	242	73	3	168	232	251	213	15	59	99	51	39	115	
60	117	123	100	118	87	87	112	65	224	253	46	91	95	185	48	126	252	151	234	201	179	56	140	243	205	37	1	111	187	102	243	
102	44	212	254	48	175	90	154	187	137	184	8	239	235	5	16	151	247	108	16	10	233	10	255	138	254	21	154	210	227	67	9	
34	239	96	154	215	209	190	238	31	5	88	163	40	236	54	0	255	107	131	215	198	58	78	255	62	20	159	235	85	30	191	206	
201	76	189	244	77	77	109	150	236	210	38	28	189	51	113	107	130	96	122	110	97	69	178	233	231	219	82	40	8	249	65	58	
181	73	99	78	196	50	239	112	68	192	251	66	83	192	181	229	120	236	22	238	201	179	44	44	48	40	227	128	109	251	112	228	
74	188	151	242	137	252	52	199	191	155	38	16	172	191	96	223	161	119	251	16	51	201	178	225	143	242	94	75	130	68	175	63	
131	246	195	145	242	128	168	255	62	241	82	247	141	142	254	197	55	15	151	181	247	220	140	214	60	0	191	230	172	132	171	213	
66	242	22	152	107	193	176	64	174	29	193	41	172	150	98	219	230	57	235	209	6	3	130	209	149	16	10	107	16	7	45	195	
23	5	103	205	86	18	239	113	116	192	95	198	81	100	180	101	126	236	22	175	249	179	37	206	52	46	163	128	47	234	112	244	
207	88	191	252	109	100	185	18	137	218	148	28	252	127	17	59	135	117	127	111	161	71	178	232	215	251	91	26	136	241	3	51	
2	20	114	233	244	172	248	7	109	11	122	50	142	28	20	72	238	155	159	17	178	184	65	194	22	60	26	194	197	204	225	137	
2	156	50	218	249	244	184	199	143	93	28	51	172	222	110	98	167	27	147	17	150	11	50	245	47	24	30	235	146	68	165	223	
43	63	98	137	85	183	234	120	77	104	88	199	40	8	183	164	120	170	18	253	151	186	85	255	62	28	139	226	95	143	120	156	
31	26	70	149	18	178	170	81	188	192	83	231	73	202	183	205	118	173	183	223	133	145	5	236	16	110	171	192	47	165	57	149	
60	241	122	107	244	207	103	117	97	12	125	8	19	85	130	48	62	184	7	120	90	186	48	29	111	141	36	96	99	130	198	163	
177	23	107	101	116	78	109	55	116	232	242	230	51	21	144	112	126	156	118	172	233	184	117	14	244	168	176	128	109	168	242	185	
1	23	125	193	246	62	233	23	109	73	126	246	153	43	148	104	102	142	22	140	145	184	101	196	198	239	178	192	175	128	241	185	
2	50	6	153	107	145	184	64	142	29	65	183	140	138	98	201	230	57	171	213	6	67	130	209	4	16	218	235	24	13	45	215	
176	88	27	244	67	207	117	102	189	202	98	8	62	151	33	49	160	125	66	64	97	157	48	46	241	243	16	3	64	48	7	58	
242	4	114	141	124	43	232	75	77	161	250	26	14	10	52	64	106	141	95	161	184	187	193	206	148	188	154	144	101	8	115	128	
184	65	98	236	20	3	78	125	69	0	254	2	11	9	48	80	120	140	23	235	200	187	0	204	242	233	162	144	119	170	242	136	
185	69	106	236	84	18	239	113	84	192	254	2	83	9	186	97	122	236	23	234	233	179	37	142	114	233	160	132	103	186	240	224	
153	217	125	245	36	12	93	183	109	88	54	68	191	61	20	99	134	151	61	205	233	188	113	253	227	251	244	128	110	144	209	57	
202	176	185	241	203	101	177	223	27	115	5	30	156	191	72	43	173	27	243	145	51	94	250	193	223	211	223	111	138	72	151	251	
205	255	238	101	165	91	103	176	116	238	119	228	219	101	211	231	51	108	238	110	229	244	237	142	238	207	101	165	110	255	92	245	
42	191	0	138	221	249	242	207	139	69	188	143	174	238	98	148	104	171	194	208	22	43	186	253	191	85	15	123	210	78	175	222	
247	118	240	198	254	115	222	248	19	238	183	191	74	61	159	59	223	213	221	227	172	231	233	222	58	94	205	247	231	255	214	87	
170	174	171	187	213	241	177	199	95	79	92	19	172	205	118	8	217	43	131	17	50	190	170	243	79	85	158	235	215	76	247	234	
134	187	22	176	239	233	180	99	175	61	49	57	142	156	100	25	163	19	207	17	50	111	10	213	156	18	119	255	192	8	135	131	
166	249	160	154	207	197	190	198	155	212	16	15	44	220	119	1	205	123	147	211	198	107	154	241	63	16	223	43	21	93	55	222	
70	169	244	247	180	168	184	135	171	145	26	131	237	110	92	42	167	127	127	149	146	248	207	225	140	126	159	198	132	68	209	221	
191	94	110	91	55	243	249	80	213	84	117	166	9	76	183	173	110	40	150	254	173	180	52	252	67	219	194	195	247	157	124	245	
141	95	94	117	240	218	111	51	252	206	126	100	221	227	179	231	38	100	238	110	225	216	164	238	238	239	103	128	42	245	41	241	
24	19	123	101	83	78	113	113	101	44	126	2	27	27	42	48	62	157	132	168	72	177	49	76	211	205	32	5	99	128	103	202	
186	191	62	186	221	221	150	247	143	92	188	63	46	252	38	129	236	179	206	80	126	43	122	253	251	81	39	251	91	12	174	223	
118	124	228	230	246	31	222	112	25	234	183	175	75	61	151	58	254	245	221	231	236	231	237	238	59	126	205	182	231	255	86	87	
23	5	227	199	150	34	239	113	116	195	95	214	89	239	186	100	127	238	55	189	177	144	45	206	120	46	175	196	167	230	177	245	
60	51	59	100	80	198	83	113	225	140	255	33	91	215	40	16	252	189	196	162	204	163	160	12	211	237	34	9	97	162	102	115	
52	5	106	238	212	34	239	113	85	194	223	130	81	109	185	96	122	230	23	171	184	179	37	142	114	175	167	132	101	250	240	224	
53	83	121	65	116	30	218	16	97	40	251	110	67	8	149	48	190	140	6	250	205	178	117	206	54	252	32	150	109	170	66	133	
130	249	176	153	237	133	188	199	158	25	80	19	172	158	112	8	205	123	147	209	210	72	154	241	45	16	158	234	144	92	161	155	
147	207	74	154	208	148	253	231	183	85	198	151	40	174	62	64	237	139	19	149	254	139	54	247	250	116	158	203	45	148	189	222	
2	148	252	221	239	116	248	175	221	95	28	182	104	61	190	239	103	18	191	136	183	109	119	209	7	127	210	135	191	220	252	127	
246	108	228	196	108	7	222	106	137	234	152	139	40	46	85	2	174	245	95	231	232	103	200	234	186	30	207	188	5	255	83	193	
137	95	118	255	181	148	127	182	245	206	126	196	191	231	163	231	102	106	172	204	237	152	183	175	230	255	246	129	42	245	105	253	
32	209	89	235	248	201	79	189	7	113	125	140	211	71	136	112	86	152	6	106	75	10	127	53	229	141	32	124	56	154	196	248	
3	159	3	153	147	160	168	39	172	65	74	247	172	166	38	196	230	43	27	133	23	152	2	223	44	54	154	194	28	4	177	93	
37	115	121	65	124	15	235	96	104	236	249	78	146	8	149	16	62	141	70	103	193	50	244	76	52	12	33	120	77	42	67	241	
38	106	226	26	255	145	190	200	155	174	121	171	104	204	127	8	223	249	131	215	198	118	174	251	62	20	143	171	213	127	118	207	
35	141	42	216	221	148	204	231	223	93	220	18	8	152	118	228	201	10	146	157	223	43	54	247	59	125	158	111	155	12	248	206	
47	107	226	192	228	19	238	217	67	160	28	206	72	232	247	164	122	236	55	255	197	51	140	200	58	28	173	172	239	191	122	133	
53	77	107	206	196	2	111	113	193	128	255	66	83	193	185	117	120	236	22	234	201	179	44	76	112	168	165	128	101	251	112	160	
2	49	146	144	197	237	180	71	174	27	113	16	140	154	96	11	165	59	179	17	18	127	146	192	21	16	90	106	144	72	163	131	
9	82	60	233	52	143	97	16	70	100	86	6	247	1	179	104	94	40	30	60	139	176	117	28	197	207	49	16	190	138	84	249	
108	92	170	254	77	116	183	210	176	206	252	7	57	255	99	90	105	248	163	130	128	103	178	226	87	231	250	9	227	125	119	251	
134	56	146	154	203	228	180	67	170	27	97	18	140	222	97	11	225	59	179	17	18	103	146	192	21	16	90	107	144	65	167	147	
93	83	193	233	52	210	75	24	38	73	219	230	211	7	161	228	92	140	28	216	139	146	101	144	176	228	170	128	62	131	48	49	
246	22	5	179	133	102	68	71	113	158	179	86	66	42	77	27	249	199	108	163	121	246	65	98	176	130	214	7	233	121	240	2	
13	181	57	227	215	255	235	121	118	121	93	22	221	119	170	164	127	26	158	184	179	184	125	151	239	207	183	228	186	206	141	243	
28	60	186	241	213	255	115	210	116	205	95	50	153	247	99	172	125	250	159	146	179	240	184	162	223	205	163	229	163	237	117	243	
53	68	107	65	84	42	235	88	84	224	255	66	83	1	189	96	120	140	22	234	137	182	45	14	86	141	161	132	101	187	112	160	
130	133	63	216	189	165	185	103	158	31	12	16	188	190	36	103	229	19	187	1	50	73	50	213	73	58	90	75	144	64	133	235	
121	64	211	197	99	26	110	57	121	2	119	66	91	3	157	244	122	204	54	238	201	150	197	203	22	254	192	4	47	182	106	172	
15	180	125	225	246	203	185	235	30	113	17	214	220	93	92	128	159	25	23	61	179	124	121	215	205	31	63	228	221	136	145	241	
59	5	106	225	54	50	203	82	117	224	255	134	27	13	183	96	126	140	23	189	169	178	101	142	242	205	162	132	231	142	112	241	
67	184	244	221	239	180	188	159	143	251	94	181	204	254	214	110	135	127	255	149	150	76	171	241	15	126	223	238	134	244	133	87	
65	135	109	253	244	139	107	159	126	105	126	244	243	41	144	112	119	14	126	28	179	184	101	63	238	255	182	192	204	136	210	105	
28	60	186	241	213	254	113	210	181	205	220	35	155	255	99	44	253	248	159	144	187	243	178	138	223	221	167	235	227	109	101	243	
155	90	78	188	70	146	190	114	189	198	210	231	41	202	183	193	110	225	191	199	236	143	6	236	178	99	234	139	45	181	57	93	
123	81	42	174	63	159	158	104	205	204	222	175	238	216	55	64	254	229	255	231	204	35	28	253	242	117	143	155	95	62	57	87	
57	5	106	225	118	50	107	83	85	192	127	130	27	13	183	96	126	140	23	189	185	176	101	142	242	237	162	132	231	207	112	225	
1	142	75	181	52	170	104	55	124	67	90	213	177	34	144	96	66	46	63	141	189	156	69	79	132	62	186	192	172	128	89	88	
242	1	98	232	92	3	202	113	77	0	248	10	11	11	52	80	106	133	95	225	216	171	65	204	178	248	130	216	55	138	114	128	
188	128	116	115	164	26	124	184	125	18	55	18	91	75	156	123	59	128	53	106	248	244	111	181	198	219	96	196	119	171	192	1	
122	71	106	172	55	6	95	120	1	140	252	175	107	239	51	80	254	237	149	231	200	179	40	142	243	253	175	155	55	190	118	115	
149	79	78	166	132	34	238	241	52	194	219	199	81	97	187	67	124	236	23	239	249	147	13	10	248	169	239	132	45	251	248	144	
2	221	34	158	223	209	190	231	158	68	88	163	172	254	54	64	235	123	147	193	102	154	58	255	61	54	158	139	21	92	181	222	
2	221	178	159	247	197	188	231	158	11	88	19	172	254	32	64	231	123	179	129	114	152	18	255	45	54	30	203	16	92	165	219	
34	239	98	158	223	209	190	239	94	69	88	163	40	236	54	0	219	107	131	199	230	58	110	255	62	20	159	235	85	94	253	206	
186	65	98	236	20	3	78	113	69	0	241	10	11	11	53	80	122	141	95	226	200	167	4	206	178	233	138	184	119	154	114	0	
1	158	59	121	48	172	249	55	252	9	126	84	188	179	32	96	165	58	6	8	179	184	48	95	79	191	50	64	216	128	225	171	
137	29	116	255	53	212	125	63	117	76	126	132	189	119	179	231	70	42	190	140	231	152	119	175	231	255	18	136	62	196	105	253	
35	239	66	94	117	159	230	236	95	200	124	78	104	232	190	180	216	234	146	110	199	58	94	255	62	28	133	171	95	190	218	140	
201	93	30	252	113	150	61	119	180	206	94	52	189	183	162	229	102	55	190	136	245	203	50	206	230	255	254	136	10	132	169	249	
124	121	123	238	51	211	87	240	33	192	252	42	127	223	33	48	250	249	221	226	73	131	56	172	243	221	5	59	123	179	102	115	
61	93	123	110	86	87	87	240	69	192	252	38	123	221	51	48	126	248	23	234	201	178	56	174	115	205	37	0	111	187	98	243	
146	14	206	189	242	146	190	246	156	134	90	231	173	174	183	192	111	239	183	133	164	216	4	239	44	39	190	129	45	244	57	221	
74	184	150	208	137	221	48	199	191	153	166	24	174	190	102	254	161	115	251	16	22	105	146	241	155	210	86	123	202	84	143	31	
34	239	96	155	215	209	190	239	30	69	88	163	168	236	54	0	219	123	147	213	86	58	110	255	47	22	159	235	85	94	189	222	
74	188	151	220	203	208	180	231	191	23	70	49	172	254	100	207	163	123	235	16	50	73	178	241	187	50	94	75	130	84	173	127	
138	242	150	179	106	137	180	255	158	63	49	255	140	239	234	128	167	59	239	1	86	125	10	209	28	19	127	239	92	12	141	155	
2	140	242	147	244	168	184	7	253	27	115	18	140	14	20	72	239	27	31	17	178	184	64	227	4	60	26	194	132	72	161	137	
2	156	178	218	253	228	184	199	143	89	24	49	172	222	108	74	167	27	151	145	146	13	18	243	13	28	30	235	144	4	165	219	
114	113	18	168	59	201	18	64	169	12	184	41	174	150	103	84	238	177	207	115	74	3	128	213	177	208	10	251	16	23	39	87	
23	6	71	133	22	178	234	113	125	192	219	214	89	234	180	228	126	165	63	173	181	149	37	206	48	46	171	192	47	166	177	213	
43	57	99	73	85	159	226	84	77	105	120	70	40	88	181	164	120	170	18	125	135	186	116	253	38	28	128	162	223	158	122	156	
161	23	121	101	116	78	109	55	116	105	118	116	179	21	144	113	78	190	118	12	249	184	117	15	229	174	178	128	109	136	194	249	
1	155	127	243	244	204	109	55	253	89	118	116	189	23	180	97	39	58	22	140	147	152	52	229	100	186	50	192	140	128	193	249	
58	14	98	188	95	241	152	99	151	4	220	171	41	204	54	128	202	171	135	133	142	43	102	159	82	85	138	187	119	44	124	214	
84	29	91	244	18	234	51	66	172	164	234	43	30	183	33	80	162	253	207	66	0	153	32	108	209	229	42	3	160	97	39	123	
170	158	54	186	203	221	180	253	157	94	180	63	46	220	38	19	237	179	223	103	247	111	122	191	127	211	127	251	91	12	173	223	
186	189	34	152	89	221	176	239	155	93	180	63	174	222	102	181	236	187	206	209	63	107	186	253	191	81	15	251	219	12	175	223	
138	176	185	243	203	101	177	95	27	115	5	26	156	191	72	43	173	27	179	145	19	94	186	210	223	211	223	111	136	72	135	250	
163	237	42	154	221	213	212	231	223	93	148	19	40	152	118	96	201	11	146	149	254	43	34	247	123	29	158	239	144	12	252	206	
41	113	41	97	124	15	171	112	104	236	125	12	151	21	146	50	12	8	86	111	193	178	244	12	101	141	35	224	73	138	67	241	
255	3	66	76	69	18	110	120	113	8	247	102	72	130	190	244	120	204	166	238	205	178	229	204	54	120	192	142	111	167	122	133	
184	5	98	236	20	2	78	117	69	0	254	2	11	9	48	80	120	140	23	235	216	187	1	142	242	237	162	212	119	170	240	136	
226	108	160	196	124	7	238	238	153	170	176	10	232	46	85	3	202	229	95	227	224	111	192	234	60	30	207	184	5	125	115	136	
121	19	67	197	69	30	110	112	117	40	247	70	75	3	176	244	120	140	174	234	201	150	117	206	150	254	194	4	58	174	112	36	
53	87	113	99	52	14	239	112	105	104	251	79	83	8	149	48	190	141	4	231	201	178	117	78	52	172	32	144	109	187	66	209	
102	11	98	30	109	208	182	96	217	196	253	171	104	236	183	5	216	232	227	231	204	179	174	237	54	56	193	139	87	63	126	214	
128	242	156	185	236	201	181	207	142	63	53	57	142	247	234	2	203	27	238	0	82	125	202	209	252	211	127	255	80	8	141	195	
23	132	227	199	150	162	239	117	117	193	95	210	89	237	188	100	127	238	55	189	177	153	37	206	60	46	175	196	167	230	240	116	
34	249	176	158	79	197	190	230	154	208	72	11	172	254	119	1	238	123	147	67	66	106	154	241	61	16	223	43	21	29	55	218	
2	249	144	155	205	133	188	231	158	25	88	2	172	158	112	1	237	123	147	209	66	120	146	241	45	16	222	234	144	92	129	155	
52	5	106	236	212	2	239	119	84	128	255	2	81	105	184	96	120	230	23	169	248	179	37	142	122	175	167	196	229	250	240	96	
43	143	98	206	117	151	238	248	93	72	124	70	104	232	182	228	120	234	150	239	205	186	44	255	54	60	135	138	95	174	120	141	
247	125	244	198	254	51	222	248	27	234	179	187	72	124	159	43	255	213	255	243	236	231	233	238	58	94	205	246	231	255	82	85	
137	126	246	101	53	90	125	182	245	238	118	165	203	167	147	247	55	108	236	108	229	244	165	142	230	255	101	133	110	244	77	253	
53	77	107	78	196	2	239	113	192	128	255	66	81	225	181	101	120	236	6	234	249	179	44	76	112	168	231	128	101	251	240	160	
9	81	105	225	36	143	107	24	70	104	95	68	147	21	144	100	92	8	63	78	201	176	117	24	199	205	33	144	62	139	80	113	
72	88	186	188	77	116	245	82	146	206	244	39	188	255	99	74	233	253	175	131	4	103	178	202	215	231	254	171	147	124	117	251	
193	88	189	244	13	76	77	150	233	90	182	24	191	27	17	123	136	197	124	72	233	109	243	225	197	251	82	24	72	184	67	56	
106	124	178	254	105	157	60	214	159	90	212	57	191	223	225	72	199	121	255	2	226	71	226	179	215	255	124	170	18	252	39	219	
2	4	82	129	244	169	248	103	61	35	250	18	172	10	16	64	234	143	95	17	50	184	65	199	148	52	154	192	197	8	209	137	
2	177	146	144	207	229	180	199	190	27	104	18	140	190	104	8	165	27	179	17	18	121	146	192	13	16	94	111	144	88	161	131	
66	144	228	217	111	116	184	143	207	127	151	183	8	60	254	110	231	19	191	144	150	109	127	211	31	62	210	215	151	204	221	95	
61	185	83	64	240	23	74	216	71	224	184	78	19	21	245	180	126	140	6	254	153	178	125	60	62	140	37	116	251	171	96	176	
13	148	125	233	149	95	121	255	87	121	94	22	223	55	186	228	119	24	159	184	247	56	53	151	239	223	55	229	182	140	141	247	
49	209	113	79	90	13	75	188	103	64	116	74	115	81	156	52	124	152	22	108	203	50	125	61	119	172	32	24	123	146	66	184	
63	149	118	105	181	159	86	61	117	121	255	50	74	125	158	116	245	158	189	168	254	176	121	215	251	255	37	198	243	134	208	119	
226	114	234	82	99	244	57	87	187	95	117	181	56	159	94	58	167	153	215	149	134	86	182	194	95	25	178	235	135	4	239	223	
184	69	106	236	84	18	111	117	85	128	254	2	83	9	185	113	120	236	23	234	232	179	37	142	114	237	160	132	103	186	240	160	
96	45	212	254	56	171	90	138	187	161	184	8	238	234	5	16	151	231	108	80	50	105	203	255	138	254	3	24	208	227	67	9	
224	228	196	140	236	9	166	238	142	178	184	10	228	234	121	3	201	192	110	227	96	103	202	202	60	16	199	60	20	122	82	136	
97	207	105	101	52	75	111	183	116	224	122	204	243	37	144	48	126	238	94	110	249	184	101	47	236	174	165	144	109	186	210	184	
224	229	114	206	124	11	222	109	217	170	185	24	206	104	28	19	218	197	110	35	232	99	201	207	186	190	197	60	68	170	210	137	
116	86	152	151	132	108	71	182	56	254	186	118	86	98	203	26	121	199	172	226	249	246	233	98	188	134	255	132	137	115	230	113	
2	54	121	83	99	253	177	86	255	127	60	189	188	156	206	40	175	27	215	17	135	124	54	243	71	29	48	243	197	76	71	223	
170	184	169	187	245	249	177	199	31	87	84	187	172	253	118	8	217	59	147	17	50	126	122	243	79	85	30	107	215	76	151	250	
74	191	162	152	219	253	179	207	171	77	156	191	172	230	102	212	233	42	207	20	22	11	190	243	191	85	15	251	146	76	191	223	
194	169	244	151	182	168	184	143	191	177	90	18	237	234	92	75	175	119	63	145	146	120	139	241	140	250	223	192	132	64	129	137	
226	251	162	152	91	221	176	215	171	93	148	191	172	222	102	55	237	187	223	213	182	75	182	245	63	80	159	251	146	12	191	223	
151	6	235	197	198	50	173	89	124	226	87	214	81	44	189	108	126	140	55	175	177	180	37	202	20	46	234	132	173	240	113	245	
61	5	106	225	246	50	107	87	85	97	126	130	91	45	179	32	126	140	23	188	185	176	37	142	118	237	160	132	231	207	240	225	
208	89	63	244	19	204	53	119	236	192	78	6	52	179	32	115	162	55	57	0	97	185	48	13	243	235	86	2	40	16	165	43	
90	201	42	174	31	145	159	232	143	132	140	139	238	232	114	64	250	227	251	231	76	35	186	253	243	117	143	59	23	62	61	70	
58	87	106	172	119	151	95	120	5	196	252	143	107	237	50	80	254	233	151	231	204	179	60	159	243	253	137	155	119	190	118	82	
186	5	98	232	20	3	202	113	69	32	249	10	11	11	52	81	122	136	31	227	216	179	64	206	178	201	130	144	119	139	114	128	
39	71	98	78	125	147	242	104	213	132	255	142	72	200	191	245	124	172	162	238	204	179	124	204	54	56	129	11	119	175	122	196	
2	157	34	158	223	193	190	230	30	69	88	163	172	254	38	64	255	123	147	193	102	154	26	255	61	54	158	139	21	92	181	222	
2	221	18	159	241	197	190	231	30	27	88	18	172	254	32	64	231	123	179	1	114	152	18	255	45	54	30	202	16	92	161	155	
210	78	78	188	74	128	190	246	152	134	214	231	45	175	179	67	110	225	191	199	228	143	6	239	240	99	250	137	45	181	57	217	
38	77	98	30	95	209	182	96	201	68	249	171	104	252	55	0	202	249	179	195	68	43	238	253	55	48	138	171	85	63	118	222	
34	239	96	155	215	209	190	238	30	69	88	163	168	236	54	0	219	107	131	197	86	186	110	255	46	22	159	235	85	30	157	222	
210	203	78	188	90	192	61	103	164	4	214	163	45	135	162	81	102	179	143	193	96	143	34	237	240	35	254	139	53	20	165	107	
60	125	123	238	83	211	87	224	33	192	236	42	127	223	33	48	254	249	213	226	73	179	56	191	243	205	5	59	123	51	102	242	
39	175	96	27	245	157	246	238	95	233	124	76	104	232	190	180	217	234	146	79	198	186	94	255	46	28	5	107	95	158	218	140	
111	81	82	204	93	23	66	120	69	224	239	78	74	65	175	245	124	132	138	238	205	179	117	204	54	120	129	6	123	175	120	20	
19	31	66	157	246	146	174	246	20	202	90	231	233	234	183	192	127	239	183	205	229	152	5	239	44	47	190	128	45	244	57	221	
90	184	215	156	203	208	180	231	191	151	82	179	44	190	228	198	39	123	235	144	38	219	134	253	30	34	94	139	167	68	173	207	
34	239	32	155	215	209	190	239	30	101	88	163	172	236	118	0	219	123	147	209	118	154	110	255	45	22	159	239	149	94	181	222	
40	127	122	107	116	143	119	112	68	12	125	110	19	81	178	48	62	184	7	110	201	178	32	63	103	141	32	160	121	155	66	179	
2	156	18	155	244	172	184	7	191	25	115	48	172	158	124	72	231	59	23	17	50	152	2	243	12	60	26	202	148	72	161	137	
2	188	178	218	253	229	184	207	143	89	24	49	172	222	108	72	199	27	147	17	146	79	26	247	29	20	30	239	144	4	165	219	
19	68	103	133	22	2	239	118	116	66	218	198	81	44	188	101	126	196	62	173	241	145	37	206	52	46	234	196	45	166	241	116	
35	171	98	10	245	149	254	109	95	77	92	207	40	200	190	132	221	43	147	5	214	190	78	255	54	28	137	235	95	14	250	205	
1	220	123	127	116	204	109	55	252	93	118	116	191	149	144	112	6	58	22	8	243	184	48	103	229	191	50	192	64	144	197	249	
1	216	59	248	232	196	185	247	254	93	116	116	188	215	160	96	135	59	23	24	211	9	50	245	109	186	62	202	144	128	165	249	
18	216	57	248	75	197	153	254	159	93	148	54	60	159	98	96	197	59	147	129	3	15	50	245	91	145	154	251	17	8	37	251	
194	169	52	179	174	137	188	175	191	177	82	146	173	206	80	75	167	59	127	209	242	92	139	247	140	210	223	238	4	4	129	9	
2	140	82	145	244	169	184	39	61	19	82	18	172	10	16	64	239	139	31	145	50	184	65	199	12	52	154	192	132	8	161	137	
34	253	48	158	79	193	182	238	154	80	72	11	44	254	100	1	234	123	147	195	66	106	154	245	61	16	223	43	21	29	55	218	
184	133	98	236	212	2	78	116	85	0	254	2	91	41	176	81	120	140	23	234	248	187	1	142	242	237	162	196	119	171	240	136	
2	253	18	154	205	133	188	239	158	25	88	2	172	186	116	1	173	123	19	65	82	120	154	241	61	24	30	234	16	88	161	139	
42	183	176	26	235	245	156	239	155	95	61	173	44	252	110	172	159	83	147	17	150	42	58	247	31	22	92	235	215	79	143	223	
234	152	178	188	111	221	176	114	159	94	244	63	174	253	34	75	236	241	255	3	196	111	242	241	215	211	122	187	82	45	37	219	
206	16	226	208	239	116	216	0	223	251	151	179	72	220	126	239	231	149	191	147	156	103	191	194	27	123	219	255	151	109	125	87	
98	178	224	90	255	253	184	143	203	125	28	191	168	188	222	14	135	19	243	21	150	104	238	243	15	28	20	251	215	204	220	95	
2	181	146	154	205	229	180	199	158	27	88	18	140	250	104	10	229	59	147	17	82	122	154	209	61	16	94	110	144	72	165	139	
250	24	178	188	109	92	176	80	155	207	245	55	190	255	99	74	236	249	191	1	134	103	242	227	215	247	250	171	210	109	37	219	
106	180	232	80	107	116	185	75	59	95	53	177	24	158	94	186	239	155	215	149	150	86	170	195	87	93	186	239	135	68	239	211	
30	54	178	241	181	254	112	83	55	201	255	51	190	255	97	108	253	185	159	144	186	250	50	206	219	223	151	203	226	196	100	251	
221	64	124	99	172	58	75	184	228	242	151	18	219	105	219	111	55	212	124	234	161	100	239	160	206	235	103	252	102	243	65	97	
188	76	110	99	4	58	111	216	101	176	183	2	91	9	185	123	122	196	108	250	168	245	45	172	242	235	229	20	231	187	112	32	
246	124	244	212	254	171	222	194	27	234	186	171	72	60	21	11	255	245	255	247	232	247	205	238	62	30	207	182	197	253	83	81	
146	210	222	185	98	185	184	222	190	55	118	247	173	206	234	73	55	27	175	5	166	252	14	211	158	210	122	167	60	216	173	157	
147	228	75	145	146	146	40	247	62	67	82	215	93	230	188	224	55	175	23	189	183	220	45	215	62	14	191	196	173	212	169	221	
128	210	158	187	110	233	177	222	158	31	80	243	172	215	170	75	231	27	238	16	38	125	43	241	214	243	122	231	20	88	133	203	
139	95	246	93	53	220	124	55	245	206	118	149	171	255	150	119	134	171	189	140	237	252	183	206	227	255	86	139	110	196	236	127	
19	196	99	193	150	130	239	247	116	193	91	210	81	238	188	100	127	238	23	189	241	153	45	206	56	46	175	196	165	226	240	116	
242	109	226	214	252	10	206	238	89	170	176	10	108	44	21	19	222	231	127	225	232	239	193	238	178	30	223	152	69	125	114	137	
61	101	67	46	85	15	206	120	85	192	121	206	91	73	185	180	124	232	22	239	201	178	76	158	52	12	129	0	127	191	122	128	
170	223	50	186	223	209	183	230	223	93	28	51	40	216	118	224	233	43	147	193	230	43	46	247	127	87	158	107	23	28	253	207	
155	149	116	237	31	126	120	63	127	93	126	21	187	63	54	117	231	159	189	44	191	56	119	223	199	255	18	135	54	132	204	127	
181	69	107	70	196	2	239	245	80	128	254	2	81	227	189	97	120	236	6	234	249	179	36	14	122	169	231	128	101	250	240	160	
42	239	66	218	93	145	254	238	159	21	124	143	40	200	118	132	233	234	130	222	102	43	10	255	62	93	149	107	91	159	248	158	
251	149	118	105	181	31	88	191	127	123	254	50	74	63	190	116	253	159	189	160	254	184	49	215	187	255	69	198	115	140	240	87	
224	197	118	204	252	15	222	109	121	43	187	24	78	104	28	17	223	135	127	35	248	99	201	223	178	190	69	86	68	234	242	1	
26	148	54	225	21	255	120	123	127	121	126	50	159	63	102	100	245	158	159	184	181	184	49	214	207	223	179	231	50	140	100	255	
10	52	59	243	243	253	185	87	63	117	31	187	189	157	122	172	175	27	211	21	178	248	48	215	207	213	26	227	199	204	141	251	
196	45	84	222	188	171	218	170	187	160	186	8	238	106	5	17	147	231	110	112	50	105	203	255	156	190	11	122	208	97	67	9	
48	233	25	110	93	205	86	244	167	96	236	9	55	223	0	16	200	250	209	66	74	43	90	189	243	221	0	59	114	139	70	218	
233	56	189	113	109	108	97	146	98	91	100	24	178	17	81	123	201	202	122	24	43	124	243	32	197	155	208	40	200	89	82	170	
225	80	189	247	109	76	101	156	105	114	164	24	242	17	89	123	201	196	126	40	107	102	243	129	199	187	82	56	72	88	82	42	
55	75	98	78	93	215	218	104	197	196	237	139	106	204	55	116	120	232	130	230	204	163	126	253	51	124	131	27	119	191	124	196	
3	182	229	145	178	42	173	151	62	115	90	247	157	46	222	175	39	79	55	157	183	220	165	226	140	22	254	198	141	196	129	253	
122	141	106	174	31	211	223	232	5	4	204	11	111	236	50	16	248	235	159	231	78	43	24	255	251	245	143	59	119	46	126	70	
185	5	110	225	214	50	107	87	85	97	126	18	91	41	182	96	126	142	23	184	184	184	37	142	114	239	160	196	231	219	240	160	
56	13	107	238	87	215	95	120	5	68	252	131	123	239	50	80	122	251	151	230	72	179	56	191	243	237	129	1	119	190	116	242	
137	4	235	193	214	50	239	87	116	227	94	214	17	45	158	96	127	78	23	189	177	252	37	202	102	47	182	196	175	248	241	241	
2	157	50	159	95	197	190	238	30	69	88	51	172	254	34	64	255	123	147	193	34	154	82	255	45	54	158	235	21	12	181	219	
186	26	178	190	111	253	48	82	159	91	213	63	174	223	99	78	237	249	183	1	142	119	242	227	211	241	90	171	18	45	37	215	
151	6	231	145	150	50	172	83	124	211	83	214	89	238	189	239	119	173	31	189	181	213	37	202	28	42	255	132	173	228	177	213	
74	56	214	156	75	209	176	71	191	149	210	179	44	190	38	198	163	59	235	129	6	203	134	245	30	50	94	139	7	4	173	159	
34	173	32	155	215	209	190	239	30	101	88	163	172	236	118	0	219	123	147	145	118	26	110	247	45	22	159	235	149	92	149	222	
223	30	199	180	18	178	170	80	180	194	211	247	77	238	179	203	103	229	191	191	173	213	4	206	146	98	235	128	173	245	57	85	
61	93	123	110	87	215	87	240	69	192	236	10	123	221	35	48	120	249	23	234	72	179	56	61	243	205	5	9	115	187	98	234	
2	142	230	157	114	144	188	246	191	143	82	247	45	174	166	196	103	251	167	133	166	216	6	239	60	38	254	131	39	132	173	221	
146	142	194	157	242	130	174	246	53	143	218	247	41	174	182	68	127	239	167	133	228	218	5	239	60	38	190	128	167	244	185	221	
2	188	48	218	251	229	184	207	158	25	25	19	172	222	108	0	197	27	147	145	50	79	26	247	61	20	159	239	144	4	165	219	
33	95	123	75	118	143	239	112	85	72	124	230	112	69	177	52	62	168	22	110	225	184	36	127	102	15	32	128	125	155	98	185	
38	166	96	154	125	241	186	236	31	85	89	171	104	204	126	0	217	171	131	213	22	114	110	247	30	20	155	235	213	15	94	222	
64	157	59	124	52	204	123	182	252	73	122	96	191	247	32	112	166	59	21	8	227	168	50	111	227	190	50	136	64	128	103	59	
0	152	59	248	122	196	25	247	158	93	116	52	60	151	34	96	229	59	23	8	131	15	50	247	211	191	58	234	16	0	37	251	
58	152	106	248	91	229	145	71	150	85	132	187	52	159	34	72	239	187	147	129	10	15	50	183	211	199	154	59	53	12	60	250	
79	54	224	144	239	117	120	75	219	255	29	191	8	188	222	191	167	159	247	149	150	87	166	194	31	95	219	239	135	204	157	87	
219	30	220	167	50	58	58	26	63	99	90	247	237	47	131	216	55	207	237	149	167	156	5	235	214	231	58	128	172	197	9	25	
83	140	111	199	22	34	239	178	116	66	94	198	113	38	180	101	119	199	63	239	161	152	37	239	116	46	234	132	45	227	113	124	
30	52	54	243	53	183	88	83	191	201	255	51	78	223	100	124	253	185	159	144	184	255	115	206	155	223	19	194	194	204	100	87	
221	72	252	71	46	58	79	152	96	242	183	10	219	105	219	123	54	212	124	234	233	100	237	168	246	235	101	148	39	243	81	97	
252	72	228	231	12	58	78	216	117	178	183	18	91	73	221	91	123	196	108	234	232	117	105	168	210	235	229	20	103	251	96	0	
170	255	52	24	253	213	149	231	223	93	188	191	40	204	102	132	205	59	131	145	246	107	126	247	123	87	158	251	87	28	253	223	
155	149	116	221	191	254	120	55	127	121	126	18	46	63	54	117	231	159	189	128	190	24	49	215	207	255	210	199	50	132	197	127	
138	255	52	184	255	213	149	247	223	93	156	55	172	253	98	197	207	59	151	17	246	107	50	183	235	87	30	251	150	12	189	255	
17	141	111	197	212	162	239	246	116	193	222	194	81	103	188	96	127	230	23	239	249	185	45	239	120	174	175	196	37	226	240	232	
147	132	111	129	18	163	170	246	62	99	90	214	113	238	184	224	119	239	31	189	167	157	45	127	60	47	191	196	173	192	177	249	
16	158	222	187	162	171	49	218	62	7	82	247	245	166	161	72	119	59	47	16	178	220	7	127	220	166	122	192	188	193	33	153	
184	141	98	238	212	2	78	244	85	0	254	2	91	41	176	81	120	142	23	234	248	187	1	174	242	239	162	196	119	170	112	136	
226	229	246	132	252	11	236	239	89	162	184	10	236	42	29	19	218	199	127	33	224	111	193	207	180	62	223	184	4	120	210	136	
184	197	110	229	148	18	207	244	80	128	254	2	83	97	184	97	120	238	21	234	232	179	45	46	114	235	229	132	103	186	240	168	
46	77	98	94	93	151	238	224	223	4	252	14	104	232	183	132	88	232	130	239	230	163	30	255	54	95	129	43	95	63	122	132	
28	123	216	131	198	95	231	216	47	252	247	110	92	70	223	24	61	205	238	243	201	178	105	112	252	129	167	164	233	115	71	241	
1	205	91	109	180	206	111	183	124	73	122	80	247	51	16	112	51	46	22	44	113	184	81	127	237	174	54	64	104	128	195	168	
59	201	96	78	93	157	87	232	199	68	172	15	106	200	55	180	216	234	194	78	206	43	126	189	51	92	129	59	83	63	126	206	
34	253	48	222	95	197	182	238	139	25	24	11	44	254	36	0	173	123	147	193	66	43	154	247	61	28	158	107	17	28	183	219	
10	181	176	243	243	253	185	95	191	93	29	187	141	191	122	172	175	27	215	145	50	120	50	211	207	223	26	239	246	204	141	247	
106	186	224	81	239	253	188	135	75	127	60	191	8	188	214	46	175	83	243	149	150	120	231	243	14	28	28	239	215	220	207	95	
140	40	253	113	230	104	113	26	126	159	118	48	183	53	193	123	131	26	110	16	18	252	227	32	207	211	112	131	228	193	71	235	
204	58	189	251	238	232	49	18	122	159	116	48	190	183	193	123	131	123	46	16	18	124	226	224	206	211	114	235	164	97	71	227	
46	180	232	113	235	117	185	75	187	127	61	179	140	191	94	142	175	27	215	149	150	83	170	210	95	93	218	239	199	69	175	215	
142	52	242	248	101	240	185	82	187	95	245	19	141	223	126	14	235	25	151	147	22	215	186	194	87	221	154	207	135	69	127	243	
2	165	144	146	252	44	184	79	155	25	57	24	140	250	76	10	151	11	70	17	18	106	202	195	12	30	30	238	192	72	195	129	
154	91	54	218	97	212	184	86	175	92	215	165	44	222	103	108	166	59	183	87	134	139	50	225	19	120	26	139	6	23	37	95	
15	36	104	89	118	179	251	90	87	194	93	130	121	77	151	36	63	57	151	175	163	180	44	223	70	79	171	164	119	231	83	245	
130	88	54	218	109	212	184	86	159	73	80	53	44	222	54	73	198	59	183	81	134	15	34	241	19	122	90	203	22	5	37	223	
118	108	240	212	254	163	252	230	91	162	184	138	76	46	85	8	255	245	127	241	224	123	197	222	62	30	207	182	133	125	83	145	
130	232	50	153	44	129	184	230	190	59	82	146	172	206	112	73	231	63	127	145	242	221	131	247	140	54	223	194	148	0	161	137	
15	253	237	211	182	179	191	183	126	247	94	246	253	111	146	233	55	123	183	159	243	216	47	253	110	15	255	192	142	213	145	249	
56	175	42	174	93	211	87	226	135	12	252	43	107	249	42	16	216	251	135	195	74	171	8	191	251	213	165	251	115	14	126	235	
188	13	102	225	212	50	110	247	85	99	126	18	91	41	180	101	123	206	23	185	184	188	37	174	126	239	164	192	231	220	240	136	
56	13	107	239	86	199	255	112	68	68	254	2	113	237	50	96	120	250	19	238	73	187	60	191	115	175	162	1	119	170	116	242	
2	157	50	159	95	197	190	238	30	75	88	51	172	254	32	64	253	123	179	129	34	154	90	255	61	54	158	235	16	12	165	219	
141	141	236	243	246	50	255	183	116	227	94	146	249	45	150	109	119	222	23	189	243	252	45	239	110	207	182	192	167	213	241	233	
59	213	32	90	221	213	214	253	199	93	252	15	106	220	62	36	221	154	151	197	222	42	126	191	123	93	132	255	83	30	244	223	
141	141	108	211	214	50	237	183	116	83	94	146	217	45	150	105	127	70	55	190	181	252	45	238	110	107	246	196	167	212	241	249	
34	173	32	155	245	217	190	238	30	69	88	163	172	236	54	0	217	123	147	145	54	186	110	255	45	22	159	107	85	12	213	222	
2	142	194	157	114	146	170	246	63	13	90	231	169	174	182	68	126	107	167	141	166	216	6	255	44	38	190	128	47	132	41	221	
47	181	48	107	253	181	222	253	79	121	189	57	202	92	222	48	159	155	215	21	158	106	107	247	47	93	29	254	215	142	210	215	
75	220	237	87	166	58	173	183	124	115	94	246	249	47	146	107	55	70	61	175	241	216	173	239	102	43	254	132	167	240	241	121	
40	205	123	78	213	207	71	246	196	8	252	0	115	245	48	48	88	234	22	106	74	171	42	63	115	141	36	9	115	250	230	234	
19	157	99	142	84	150	239	246	92	192	90	70	113	232	181	228	126	238	18	239	229	184	53	239	53	46	142	0	45	250	112	252	
134	184	50	154	251	229	186	205	158	25	17	19	108	222	108	8	173	91	147	147	50	79	154	243	29	20	159	239	144	15	165	211	
182	241	96	216	207	213	150	200	155	117	144	139	72	220	127	41	221	219	211	243	222	99	250	241	59	16	205	255	215	61	214	215	
50	156	106	186	26	225	25	103	150	69	137	179	37	223	34	64	234	187	155	129	30	11	50	183	211	135	154	123	53	8	52	90	
131	222	115	91	118	155	175	246	93	74	116	246	104	68	181	165	126	42	22	204	225	188	37	255	36	30	50	130	95	152	113	189	
216	89	55	252	3	196	53	119	185	192	98	0	62	247	33	213	166	49	249	96	97	235	146	204	241	240	70	10	98	52	39	59	
66	236	150	159	120	171	58	142	191	51	154	16	236	234	0	80	167	103	127	128	34	205	139	255	140	54	31	128	132	64	33	9	
23	28	235	155	182	163	171	91	62	67	91	247	125	238	178	104	127	171	31	157	183	152	45	255	156	14	187	192	189	202	161	241	
74	183	224	16	239	112	188	71	123	255	24	255	8	172	214	142	175	159	183	149	150	122	166	194	30	94	222	239	199	68	255	223	
25	151	95	175	178	170	63	55	60	65	91	231	253	103	128	64	119	119	63	172	177	152	5	95	236	167	46	192	188	226	161	81	
11	157	116	216	187	212	92	183	159	95	124	17	172	190	38	116	199	59	191	4	247	8	242	247	239	255	222	203	22	196	173	223	
29	141	111	239	178	2	111	61	116	96	223	194	249	103	144	97	54	247	61	239	249	153	45	47	228	239	239	128	37	242	161	113	
188	205	110	230	148	18	78	253	197	130	255	2	123	107	185	67	120	228	93	234	232	163	41	174	242	235	231	148	103	186	240	8	
36	165	208	131	252	41	232	137	27	17	57	26	206	104	92	10	219	11	87	17	18	104	203	211	12	28	159	124	196	74	211	129	
42	255	38	26	253	209	150	230	223	92	252	175	42	236	55	132	201	107	135	69	206	43	106	255	58	87	158	187	87	92	95	223	
224	165	214	156	252	11	228	111	187	163	185	24	204	232	16	19	219	167	110	33	112	111	194	207	180	54	95	124	68	104	211	129	
10	255	52	184	255	213	157	239	159	93	156	191	172	188	118	132	207	27	151	17	246	106	114	247	239	87	30	251	215	28	141	223	
18	149	118	243	181	253	120	119	255	121	255	51	14	191	110	121	231	155	191	145	190	152	51	215	159	254	218	199	147	76	229	87	
252	72	230	231	76	42	70	216	113	178	179	10	75	105	93	27	123	196	108	226	168	119	201	234	150	235	197	20	231	251	98	0	
221	108	252	101	174	58	95	152	115	242	183	10	219	105	215	63	55	244	125	234	232	116	237	170	214	235	229	180	231	247	66	33	
30	180	224	241	251	241	185	75	191	127	29	179	140	191	126	14	175	27	215	145	182	91	170	210	223	95	159	239	247	68	175	215	
196	44	22	158	248	171	250	43	191	162	187	24	236	234	1	89	135	167	110	16	48	107	195	255	156	54	91	120	192	64	3	9	
110	54	226	240	239	48	184	67	187	255	29	191	8	252	95	190	239	159	183	145	148	87	134	194	94	95	223	239	135	100	255	215	
190	60	178	189	47	228	24	82	159	95	209	55	140	223	103	74	239	249	151	145	174	215	146	226	147	246	26	171	146	109	37	215	
15	36	232	237	246	179	255	95	87	195	93	130	217	109	151	32	127	187	23	173	178	176	45	222	102	207	171	128	247	255	209	225	
45	181	225	75	221	63	194	152	67	249	189	76	211	72	220	188	89	76	70	58	159	114	255	18	15	92	5	124	218	235	90	164	
184	5	98	236	212	3	78	119	85	0	250	26	11	41	52	81	120	142	23	226	248	187	1	142	178	237	128	192	119	187	242	128	
88	151	19	101	176	10	103	183	116	9	122	100	247	51	128	240	54	118	108	40	249	152	161	47	236	231	38	192	98	162	198	41	
98	109	242	149	252	35	236	103	91	162	186	138	172	46	85	0	239	231	127	129	232	235	193	206	60	30	223	184	133	120	243	136	
34	142	98	159	125	153	186	230	95	77	88	135	168	236	54	0	217	43	131	5	166	186	110	255	46	30	154	171	85	14	125	206	
217	220	126	223	178	50	191	191	60	66	86	182	221	118	154	99	55	87	125	175	241	220	173	111	238	235	254	196	38	240	161	121	
56	159	18	170	125	131	86	240	135	12	248	111	110	249	32	144	220	251	135	99	78	171	8	191	250	213	37	187	90	14	62	155	
56	141	107	202	84	195	235	242	86	12	252	2	112	221	182	96	121	186	23	136	10	187	40	191	115	15	162	129	83	138	116	235	
217	197	110	229	134	18	111	189	101	226	222	130	123	103	152	115	118	244	125	234	249	145	173	236	242	235	231	128	39	242	240	104	
188	141	102	239	212	34	110	113	85	0	255	2	107	105	56	65	122	198	55	235	248	186	9	175	118	239	226	128	119	234	240	128	
2	157	18	155	223	197	190	238	30	9	88	19	172	254	32	64	221	123	147	129	50	152	90	255	45	54	158	235	16	12	165	155	
31	205	228	247	182	18	254	183	117	83	126	146	121	109	156	105	63	198	53	207	248	248	45	239	110	235	247	192	167	252	240	232	
40	159	122	126	116	195	87	246	133	12	252	32	114	251	160	32	216	122	135	66	74	171	72	63	107	237	164	217	115	138	228	171	
34	189	32	155	221	201	182	238	30	69	88	155	172	236	62	0	217	59	147	17	50	56	90	255	45	22	159	107	85	12	149	218	
3	159	66	157	80	134	174	246	60	65	74	199	185	226	54	68	126	107	51	205	135	152	20	239	36	46	154	128	29	132	57	220	
95	205	236	119	166	18	255	188	115	211	86	130	249	111	159	107	55	119	53	239	240	216	173	233	110	239	255	128	167	247	209	121	
40	207	123	78	244	201	215	246	196	12	124	104	178	241	164	48	88	122	6	74	90	170	106	63	107	159	36	201	115	218	230	171	
33	141	35	222	85	215	238	230	84	75	90	66	176	248	180	224	217	234	18	141	239	186	52	191	45	62	190	0	29	72	240	252	
6	253	176	218	237	165	190	200	143	25	57	56	236	222	125	10	135	91	215	83	146	67	138	241	61	24	15	254	148	95	131	147	
54	245	180	72	219	85	156	255	139	254	156	47	14	252	103	34	157	217	215	177	238	99	250	218	59	88	13	191	211	124	54	223	
91	157	22	94	91	212	112	119	169	24	108	64	46	179	32	245	164	51	250	8	115	11	18	237	179	249	82	10	74	4	43	45	
3	90	134	157	38	178	188	38	204	90	218	231	236	200	183	234	230	99	190	197	197	169	7	233	132	118	250	131	28	92	57	141	
3	222	103	95	116	135	171	246	92	66	112	198	112	65	181	37	126	42	18	174	225	188	53	127	36	30	178	128	93	216	96	188	
80	251	56	234	58	193	19	216	142	12	188	42	180	223	226	96	244	179	125	208	66	11	234	49	251	133	43	251	16	10	45	43	
6	60	182	248	251	166	184	66	159	91	219	51	172	254	101	88	239	59	159	145	178	199	2	226	151	118	154	218	144	77	37	83	
47	165	224	99	252	59	218	152	91	241	61	154	219	109	221	44	31	206	87	255	158	114	237	210	78	221	165	252	247	239	210	213	
62	182	226	176	231	240	188	67	155	255	157	183	12	190	126	14	239	159	151	149	182	123	162	194	218	94	223	239	135	76	191	215	
54	36	192	227	220	43	234	200	27	177	185	26	75	104	93	26	123	204	87	50	26	114	201	194	158	204	135	244	229	235	210	128	
27	133	111	173	178	162	47	191	44	65	94	198	221	103	178	96	118	231	63	237	145	152	37	127	236	239	174	196	180	210	161	121	
162	229	242	149	252	11	236	111	91	163	250	26	172	170	20	0	235	143	127	129	242	251	193	207	60	62	222	152	132	72	243	137	
248	77	70	238	140	2	78	253	49	162	246	2	123	107	185	83	120	228	125	234	104	231	9	172	242	235	231	148	103	186	240	8	
15	249	236	91	182	146	255	189	222	209	94	162	249	125	158	103	7	123	183	223	211	216	111	253	110	95	255	192	167	246	209	249	
30	183	182	209	191	241	184	75	159	255	157	179	140	191	126	14	175	155	223	145	54	91	170	210	219	87	159	239	135	68	191	215	
42	191	32	154	253	217	149	231	159	93	156	175	174	188	54	132	205	59	215	5	222	43	98	255	107	87	156	251	87	76	156	223	
32	165	214	157	252	43	172	111	190	163	249	24	204	170	0	2	219	47	110	0	112	235	194	199	12	54	95	124	4	104	131	128	
10	181	112	249	191	253	156	239	159	127	28	187	172	191	118	4	143	27	191	17	246	107	114	215	239	95	30	251	150	76	141	255	
146	149	118	251	255	245	188	95	191	123	191	51	12	255	110	120	239	155	191	145	178	89	51	215	159	222	222	231	147	76	165	87	
244	104	194	166	76	42	70	200	49	178	179	10	75	232	93	26	121	196	108	242	8	247	201	234	146	238	197	52	229	251	98	128	
124	104	240	101	198	58	110	152	115	226	182	10	91	105	213	58	63	236	125	234	232	244	237	234	118	239	229	180	231	247	66	0	
25	223	87	111	48	138	103	182	117	8	126	100	255	115	128	245	54	118	12	106	233	184	9	127	230	239	32	128	106	178	33	41	
64	172	150	159	124	169	40	134	190	19	218	16	172	226	33	88	163	103	110	128	34	205	139	255	140	54	91	0	148	65	33	137	
160	165	210	159	252	171	172	103	190	51	251	26	140	170	56	64	203	47	110	1	114	251	195	199	44	54	222	64	132	72	179	136	
51	159	83	174	114	139	86	240	143	72	248	237	103	236	162	144	222	235	135	103	207	171	72	191	184	212	45	186	92	142	42	221	
40	159	122	218	116	195	243	240	86	12	124	98	112	221	182	64	88	58	135	72	138	186	40	191	98	15	162	129	87	138	116	235	
2	156	16	155	223	197	184	239	30	73	88	19	172	254	40	64	221	59	179	129	34	154	90	255	45	22	158	235	17	12	165	219	
30	201	228	247	166	18	254	180	119	145	118	130	105	111	157	99	119	231	53	202	248	248	111	237	238	255	255	192	167	191	240	9	
40	159	90	110	122	131	86	246	5	12	120	231	119	235	160	80	94	122	135	98	202	170	72	63	106	229	37	136	127	138	70	155	
34	188	32	153	221	205	176	239	158	117	120	27	172	220	118	0	201	27	147	17	54	122	210	247	45	22	159	111	208	12	215	222	
3	139	2	157	16	134	170	246	174	65	74	199	169	226	54	192	108	107	59	205	199	152	22	253	36	44	138	128	29	6	185	220	
94	233	228	247	62	26	126	188	187	208	22	130	249	111	157	98	55	245	125	207	202	192	175	233	238	255	239	132	167	183	80	81	
40	223	80	111	242	139	87	244	69	12	120	228	115	225	160	16	94	122	6	98	200	170	72	63	98	237	37	152	127	186	196	185	
33	141	33	159	116	211	230	167	94	73	90	66	176	120	176	228	217	106	22	13	151	184	103	191	44	62	190	192	28	72	240	141	
134	237	240	154	236	137	254	136	203	146	24	10	236	234	93	10	159	91	95	83	242	98	202	243	44	156	15	254	148	122	3	129	
102	181	240	248	252	5	156	121	219	250	153	41	236	254	93	34	159	49	215	49	226	99	202	223	58	94	15	190	86	230	3	215	
134	174	172	145	247	183	184	130	30	119	20	151	140	44	118	9	133	11	147	21	182	92	119	246	15	22	219	231	148	77	157	214	
142	208	148	185	43	244	184	138	190	91	3	81	140	30	40	207	231	17	251	145	54	69	19	213	5	115	218	199	146	5	41	151	
198	93	180	247	168	38	156	191	185	218	146	49	236	126	29	123	167	119	253	227	224	197	11	238	163	122	95	146	6	245	163	95	
57	128	96	89	21	216	97	7	117	85	230	20	171	8	22	253	105	138	192	24	31	188	117	133	7	249	144	65	99	140	222	76	
47	172	233	195	254	59	235	216	87	241	29	142	89	76	223	172	127	204	23	255	151	114	109	246	126	77	173	252	247	255	82	245	
158	141	102	239	150	34	238	247	85	2	126	18	75	105	176	65	123	231	55	171	248	188	13	239	250	239	231	196	55	249	240	128	
61	108	232	67	214	59	235	216	83	226	60	10	91	105	223	62	63	204	87	250	140	114	237	226	126	77	165	164	231	255	82	224	
217	221	127	239	50	18	111	180	37	64	222	162	253	103	146	101	118	231	61	238	233	153	45	239	254	235	175	192	38	166	161	121	
15	249	236	215	190	145	255	188	206	208	94	162	249	237	222	98	38	123	255	223	210	216	239	253	110	95	239	192	55	182	209	249	
217	205	110	239	134	18	127	189	37	96	214	130	123	111	144	115	118	246	125	234	248	217	45	237	246	235	230	128	39	178	240	41	
248	205	70	230	140	2	78	253	177	130	246	2	107	107	61	83	120	228	108	234	104	231	201	238	178	235	197	148	103	250	240	8	
6	60	182	152	251	165	184	67	191	155	89	51	140	254	101	72	239	59	191	145	178	219	2	210	29	22	154	203	148	77	37	147	
2	183	182	208	255	245	184	71	159	127	153	179	12	191	126	8	239	155	191	145	54	75	178	210	31	86	159	239	135	76	165	215	
124	104	226	103	198	26	110	220	113	162	246	10	91	105	213	62	58	236	117	234	200	247	173	234	118	239	229	164	231	243	98	40	
198	149	178	216	255	165	184	71	191	27	251	51	140	254	108	72	239	27	191	17	178	91	138	215	31	62	222	206	212	76	225	147	
105	95	86	71	96	26	102	48	105	200	126	108	251	112	135	247	54	228	100	106	197	240	173	109	38	254	101	128	110	247	74	29	
109	127	226	71	100	27	230	176	105	238	126	236	235	104	151	182	62	236	228	111	205	242	237	168	38	126	101	160	111	255	90	221	
2	181	112	216	255	245	184	111	159	127	28	187	44	191	126	4	175	155	191	145	54	75	50	215	63	94	158	255	151	76	133	223	
