香奈儿唇笔	26 - 粉色	https://i.chanel.cn/fnbv3/image/full/shades/le-crayon-levres--26--1g.0188260_S.jpg	https://i.chanel.cn/fnbv3/image/full/chanel__com_type1/skus_full/le-crayon-levres--26--1g.3145891882605.jpg
137	190	119	85	116	239	225	55	124	226	115	84	177	37	148	181	31	62	2	8	241	252	117	78	77	142	112	0	74	200	199	184	
231	222	221	21	170	42	5	178	185	250	54	252	214	54	199	127	71	68	108	126	225	78	239	108	12	58	101	214	12	225	0	117	
168	201	8	186	125	213	214	238	95	9	88	3	178	152	50	192	216	170	151	65	78	58	66	191	231	213	170	41	20	28	252	138	
82	157	159	182	139	224	53	167	190	151	202	49	102	247	96	74	225	119	233	16	48	201	146	99	185	182	94	91	128	72	165	122	
177	205	97	77	244	79	103	191	117	224	126	66	115	69	177	116	120	218	22	106	233	184	125	63	101	140	165	0	119	250	212	104	
125	201	208	72	217	30	66	138	67	169	172	8	10	176	199	246	64	212	236	88	94	43	199	160	59	252	5	127	251	185	202	4	
58	65	114	229	118	10	110	112	45	0	250	2	79	11	21	80	126	205	95	226	200	179	65	204	178	253	162	128	103	187	98	128	
19	143	198	159	150	146	172	191	22	133	90	215	233	106	178	193	127	239	166	141	246	248	7	255	172	38	254	192	189	204	185	141	
24	167	88	103	176	107	119	191	36	173	124	32	211	51	202	16	59	78	5	40	88	184	233	31	238	205	37	229	96	202	198	171	
61	109	106	70	70	18	111	244	113	194	246	142	115	229	179	49	126	236	23	239	233	179	36	110	242	47	239	128	39	255	114	248	
209	91	71	220	4	134	111	118	165	192	214	198	49	131	177	229	110	230	63	204	233	153	52	237	178	234	230	128	46	184	112	56	
82	65	82	140	94	2	234	96	45	32	250	2	207	10	53	64	122	141	95	227	72	147	65	204	176	236	138	144	53	42	114	128	
2	213	16	153	245	165	188	207	30	27	88	50	172	222	104	64	255	27	147	17	114	156	67	247	45	22	158	238	144	76	133	155	
210	173	94	253	27	200	61	231	191	53	202	179	173	227	32	82	35	63	235	129	114	201	130	255	252	226	158	59	36	0	167	138	
108	182	218	225	244	234	115	63	50	175	127	57	215	51	202	16	55	94	71	56	50	186	201	14	252	239	55	229	160	194	143	163	
190	183	116	99	183	213	219	249	139	125	189	47	74	93	94	36	157	147	213	113	190	171	120	189	107	93	141	247	199	15	222	215	
2	188	18	153	240	165	184	167	62	27	88	48	172	190	32	64	215	59	179	145	50	220	3	247	45	22	158	194	144	68	161	139	
249	205	98	238	212	18	239	252	85	64	254	2	123	233	182	97	120	230	31	234	236	187	45	175	114	239	166	128	55	190	240	40	
35	135	2	139	215	179	170	111	14	69	105	135	160	170	62	132	252	11	130	149	22	184	68	221	44	20	138	99	221	14	185	204	
34	221	160	155	253	197	188	239	30	95	88	23	172	188	118	64	207	59	147	145	226	58	82	243	45	22	158	171	148	92	181	219	
127	183	244	64	155	95	85	121	83	254	181	61	74	252	78	180	189	148	237	48	252	99	189	159	123	223	69	255	251	46	222	119	
139	126	239	118	96	116	253	246	113	78	118	244	121	95	183	191	39	123	149	142	225	212	38	239	102	251	116	128	111	244	103	249	
72	206	16	117	49	156	96	182	125	13	118	84	175	3	128	212	7	62	204	8	98	188	65	183	166	255	48	64	74	148	75	41	
124	59	214	101	19	123	65	19	35	229	239	12	11	39	66	156	48	190	232	152	25	210	241	12	219	231	97	1	235	165	14	86	
96	123	138	181	224	168	52	22	170	254	18	237	166	160	67	26	129	111	101	21	4	216	194	32	204	55	125	187	136	120	31	155	
238	237	228	18	237	249	244	198	235	119	173	153	10	236	94	159	139	194	227	87	214	107	190	241	63	89	85	127	199	223	222	206	
139	147	237	159	242	26	189	61	60	73	87	244	253	102	154	96	54	11	55	141	243	156	47	71	228	47	126	192	28	130	163	249	
29	12	107	222	84	178	239	114	84	66	223	198	113	237	183	97	122	236	23	239	233	179	44	223	114	175	163	128	63	235	112	240	
218	111	165	181	137	78	77	55	131	254	138	137	239	37	83	199	133	231	253	133	104	73	243	136	233	242	221	180	162	116	148	120	
72	172	165	181	25	224	73	39	178	255	138	153	183	46	82	66	193	39	125	149	62	92	211	2	201	231	255	208	128	68	149	90	
255	101	246	86	233	52	94	135	235	159	174	24	74	226	255	255	163	198	236	222	62	67	174	224	58	123	85	91	130	245	234	70	
130	156	22	153	244	173	184	231	62	27	90	50	172	190	32	64	231	59	179	129	50	156	2	247	45	54	26	194	144	72	161	155	
255	126	252	126	171	116	31	190	187	222	188	189	124	255	223	255	151	247	253	247	253	71	186	234	251	127	109	159	142	245	174	87	
249	84	45	127	9	126	85	52	245	94	183	53	107	53	138	255	197	150	236	38	237	197	123	175	211	243	240	147	58	223	252	127	
89	7	70	53	49	186	105	19	53	165	71	180	207	35	130	220	50	46	236	60	60	216	197	142	142	247	219	65	166	228	26	68	
3	207	2	140	148	129	142	231	4	4	88	199	32	42	50	192	72	35	131	197	214	136	4	253	32	36	142	193	28	28	184	140	
102	57	178	146	203	245	186	201	139	253	157	171	44	254	79	10	173	251	243	211	150	67	186	240	31	84	143	251	199	103	135	215	
77	232	197	65	9	28	104	152	235	241	166	76	202	2	220	247	32	196	232	222	143	80	255	225	158	248	69	100	42	165	74	52	
83	96	238	94	75	208	184	104	235	192	230	162	104	220	190	38	34	241	243	193	70	227	167	237	19	42	75	11	103	38	111	206	
114	51	2	40	25	225	146	76	206	205	184	109	6	200	103	0	216	169	206	241	142	35	194	24	152	4	171	251	217	11	43	31	
99	2	108	77	88	18	73	26	55	4	102	132	97	7	150	125	94	156	179	172	136	222	247	221	70	122	208	129	119	132	118	252	
90	123	162	122	25	244	27	212	183	77	220	165	56	222	107	252	212	122	181	208	143	131	178	179	195	117	186	139	178	151	46	223	
47	191	253	127	185	246	159	251	215	223	92	229	121	125	191	165	223	123	149	63	247	200	62	191	107	95	127	131	223	229	191	255	
128	190	119	83	50	175	51	18	125	41	119	240	190	23	132	60	166	59	95	24	178	188	49	127	135	158	48	194	224	128	5	61	
190	184	242	82	211	213	154	217	187	223	181	63	76	220	111	29	183	217	213	247	182	71	58	246	91	95	15	255	227	39	175	215	
89	14	146	164	80	38	106	19	112	131	234	69	183	163	17	82	112	239	104	172	44	155	209	74	244	164	178	0	168	224	104	8	
126	121	232	22	137	116	95	152	147	244	140	141	107	239	87	158	16	252	181	214	140	67	254	168	211	209	197	187	167	247	62	94	
32	234	154	114	93	141	211	196	138	173	185	9	163	137	70	18	136	106	71	81	66	107	202	32	109	149	52	57	64	10	86	138	
67	122	225	53	162	42	188	23	122	250	82	253	181	44	215	43	135	79	125	5	197	220	197	0	4	34	127	164	140	244	145	93	
3	166	88	75	242	186	186	91	123	65	125	228	185	106	158	244	55	27	18	156	151	184	221	95	46	29	2	68	237	194	235	133	
139	126	237	85	102	26	237	23	120	234	118	246	249	45	151	43	47	127	55	141	225	252	37	74	102	47	252	128	111	240	67	249	
114	114	128	78	105	145	146	77	203	169	185	109	98	202	110	212	216	169	206	0	206	3	202	145	178	212	169	187	25	62	122	23	
75	94	251	118	114	126	125	55	57	206	126	244	57	63	151	184	55	127	149	140	225	220	164	234	103	127	116	130	238	244	199	253	
77	219	237	87	226	90	191	180	122	221	94	228	253	109	218	171	7	119	183	79	149	216	239	97	78	43	127	128	207	245	137	249	
40	191	120	105	248	201	87	255	224	60	124	40	51	181	194	16	2	26	70	104	82	58	226	61	110	205	36	233	112	138	198	235	
79	187	237	87	230	28	189	180	122	255	86	228	253	109	219	47	7	127	247	95	177	216	175	96	78	43	127	128	206	245	149	249	
102	255	17	34	56	169	146	172	170	248	184	237	166	196	197	146	134	99	237	87	143	11	202	61	184	80	41	250	72	23	11	95	
121	23	192	79	197	126	103	187	113	110	239	76	67	97	139	214	88	206	36	170	73	178	253	11	53	166	229	4	107	250	246	116	
47	190	233	95	240	245	191	190	90	95	92	228	249	253	255	173	23	90	151	14	179	216	174	177	110	127	117	236	158	254	87	249	
73	114	140	29	9	223	129	28	142	253	151	109	246	212	203	138	144	36	236	21	139	65	235	17	192	3	123	191	152	30	29	125	
191	189	112	114	251	253	219	208	91	236	61	45	62	220	215	52	158	123	149	83	159	58	248	190	123	89	45	251	223	143	222	247	
104	112	204	5	93	123	97	30	86	253	110	142	115	37	219	188	89	140	226	56	13	242	117	29	71	7	113	37	250	220	92	122	
169	45	81	65	208	31	239	51	112	162	102	216	155	5	144	181	29	190	2	56	225	252	117	14	45	207	21	64	107	136	74	184	
207	90	233	71	98	26	239	176	120	226	119	238	217	47	159	123	54	220	53	238	193	212	173	106	70	43	239	132	47	243	83	249	
79	158	252	119	163	116	223	190	27	95	30	245	253	127	222	239	151	87	181	143	247	76	175	243	111	255	127	207	255	245	205	127	
125	87	160	78	65	111	71	157	97	234	239	109	114	117	143	118	88	204	100	110	205	178	253	10	119	44	165	60	107	255	214	95	
15	122	233	71	102	26	175	152	120	226	94	238	217	12	223	42	63	92	21	239	193	244	173	106	70	13	239	164	239	247	19	241	
97	33	17	130	77	141	224	65	143	57	177	8	158	152	64	26	168	129	74	29	19	43	82	208	157	144	27	126	88	10	83	130	
3	207	2	140	148	145	142	231	68	1	88	199	40	40	50	192	72	34	19	197	214	168	4	253	40	36	142	193	29	28	184	140	
127	244	185	114	187	127	95	249	83	255	29	61	90	253	223	180	151	215	245	63	255	85	57	159	123	223	101	255	239	246	14	119	
97	243	149	94	253	28	64	188	67	57	169	108	226	114	204	247	209	198	108	120	91	72	203	181	46	30	213	126	154	6	218	13	
231	106	108	81	108	25	204	214	203	246	52	220	8	136	215	191	15	236	230	206	228	126	230	240	6	25	85	189	71	188	90	204	
239	242	240	102	237	125	221	157	123	127	53	189	95	29	222	62	151	221	245	47	197	116	238	211	71	219	121	191	71	247	199	119	
237	215	189	71	168	127	85	191	114	255	63	124	222	117	202	255	21	70	236	42	241	112	235	18	111	243	101	246	218	254	196	113	
76	187	149	241	189	207	3	191	223	185	19	108	198	49	192	198	129	84	108	88	27	248	217	49	173	150	117	118	138	42	129	35	
143	219	253	115	177	223	191	181	151	255	22	229	253	125	219	173	151	115	245	94	247	216	127	191	111	95	117	243	222	244	141	121	
223	127	126	100	178	62	91	50	169	252	63	189	95	31	215	191	38	245	253	254	185	213	173	204	234	251	229	212	167	229	70	113	
57	174	84	5	19	123	81	46	117	231	110	156	43	32	130	148	51	198	232	44	44	248	117	143	206	239	16	17	231	196	78	76	
254	189	182	242	185	118	159	249	155	254	157	45	78	253	127	183	151	247	221	179	253	71	184	206	251	95	205	247	135	119	190	119	
172	231	105	35	84	91	238	236	83	117	35	157	67	76	90	145	25	140	67	127	111	246	237	55	110	73	133	117	101	159	214	208	
212	249	187	62	59	192	18	205	235	29	161	40	46	222	106	114	160	219	236	66	94	11	170	97	251	244	8	123	64	3	167	71	
255	159	191	126	169	84	31	184	147	206	85	189	121	253	255	255	151	115	181	103	237	67	186	171	123	255	117	155	142	247	60	127	
200	33	78	129	192	98	105	75	52	164	230	144	145	3	1	217	104	172	106	188	57	218	213	72	148	161	210	69	169	128	42	136	
217	228	238	37	19	90	105	47	115	231	230	158	11	4	146	245	51	140	232	172	124	220	181	14	254	231	85	69	103	132	238	68	
244	249	26	104	91	212	86	232	177	88	229	8	63	223	42	48	184	217	132	226	79	7	154	53	243	225	0	111	115	19	238	130	
173	253	123	72	95	132	119	248	241	4	100	4	24	209	36	53	48	80	18	106	227	47	58	127	115	169	1	108	91	145	98	162	
2	188	176	155	245	173	176	71	30	27	89	48	172	190	96	72	197	59	147	17	178	220	83	211	13	22	30	234	144	76	129	155	
51	91	103	69	198	26	238	244	101	224	254	231	121	237	181	166	126	236	55	238	201	177	173	232	50	104	229	128	111	254	240	221	
185	205	106	254	20	146	207	240	84	194	222	130	115	237	179	96	120	236	23	238	233	191	44	175	114	175	163	128	119	187	112	248	
49	161	104	65	92	157	226	72	235	160	185	75	50	216	222	34	184	168	82	213	143	35	222	213	30	28	3	123	77	11	91	134	
239	121	212	92	235	89	148	238	203	242	164	40	42	244	197	191	138	208	226	98	111	99	250	217	50	88	69	63	91	125	74	151	
81	189	30	60	147	156	52	103	252	65	202	21	174	186	34	112	162	35	104	5	119	137	146	119	176	231	26	75	8	0	171	30	
206	234	165	148	73	70	77	190	51	246	128	205	204	167	81	223	5	244	249	223	104	78	251	248	253	82	205	190	162	245	22	120	
82	48	173	165	40	69	25	27	6	245	130	157	151	158	64	74	196	149	125	149	142	75	211	16	217	160	251	252	12	0	20	122	
214	116	122	236	26	208	154	72	164	4	197	162	97	222	166	80	126	185	217	195	110	7	214	95	210	225	138	187	53	35	47	18	
83	48	175	165	46	75	145	0	206	241	146	171	212	156	86	42	166	53	121	21	132	225	247	0	209	41	123	151	4	40	21	87	
27	59	242	118	53	244	91	18	171	205	158	165	45	191	247	36	166	123	253	213	143	137	176	239	203	125	184	195	134	135	103	127	
190	69	98	237	118	18	254	120	117	128	254	130	91	15	181	117	126	237	31	235	232	179	37	206	246	251	162	128	103	191	240	0	
186	80	114	68	99	66	87	96	33	2	245	179	9	23	165	28	126	149	135	226	104	135	4	202	242	237	32	139	39	179	46	179	
182	20	112	64	195	112	216	66	97	67	188	186	8	31	196	188	106	145	194	176	28	39	117	194	91	217	16	95	247	197	230	182	
189	77	106	238	84	147	235	120	85	64	253	2	115	233	181	96	120	168	23	234	232	179	44	191	114	239	163	128	119	175	112	160	
74	251	160	154	233	145	190	239	63	79	88	237	172	238	214	148	207	235	167	133	198	26	238	247	62	84	159	171	23	20	175	223	
32	180	249	211	244	239	233	159	126	47	123	56	210	189	220	56	191	155	55	24	179	248	121	87	77	158	53	196	197	192	199	161	
151	52	58	186	114	244	56	90	59	71	69	151	61	222	42	120	183	27	147	149	183	150	56	247	211	231	26	195	184	69	47	211	
217	123	30	180	33	140	84	54	168	134	162	13	191	162	3	83	160	103	108	68	108	205	146	44	241	243	84	17	40	48	11	90	
193	0	195	217	84	206	105	21	49	65	99	20	17	7	8	92	112	140	34	12	35	156	177	71	85	174	144	64	32	128	224	112	
132	18	186	123	226	229	57	80	62	95	119	181	28	215	42	25	167	59	179	20	178	212	58	113	71	143	114	194	216	193	39	243	
216	149	23	204	131	70	116	119	233	136	110	80	78	179	32	247	176	54	232	40	113	171	16	204	179	240	82	2	74	36	225	43	
1	142	119	83	100	239	169	51	124	27	115	112	180	36	148	45	167	58	34	8	177	252	35	69	5	26	114	64	192	128	197	165	
103	159	225	77	233	63	7	179	113	234	232	204	18	180	132	244	212	126	240	46	217	186	245	11	39	62	69	62	90	255	210	245	
58	65	114	229	118	10	110	112	45	128	251	2	79	11	53	80	122	205	87	226	200	179	65	204	178	253	162	128	103	187	98	128	
114	65	82	140	86	2	234	96	45	32	251	2	75	10	53	80	122	141	95	227	72	147	65	204	176	236	138	144	53	43	114	128	
3	207	2	140	148	145	142	231	68	0	88	199	32	40	178	192	72	98	18	197	215	136	4	189	32	36	142	192	28	28	184	140	
249	201	98	238	84	18	78	252	85	64	246	2	123	105	182	97	120	228	31	234	236	187	44	175	242	239	166	128	55	190	112	40	
2	157	144	155	245	141	188	239	30	59	88	51	172	190	96	64	255	27	147	17	114	152	75	247	44	22	158	238	148	72	129	155	
168	223	24	185	124	217	182	254	94	12	80	107	166	152	176	129	202	42	135	65	102	42	66	191	230	209	58	187	20	24	221	139	
255	79	70	174	140	22	206	252	148	194	218	199	105	234	183	195	252	231	191	239	237	135	28	238	178	106	239	136	45	247	56	28	
188	96	120	103	116	75	67	88	80	174	245	10	83	73	155	49	88	216	134	106	232	182	109	42	87	201	161	181	103	187	94	163	
169	133	197	143	149	23	238	191	85	99	122	86	249	112	188	229	121	206	22	172	253	184	125	191	44	110	247	68	255	236	248	156	
234	121	18	52	65	141	101	119	185	134	102	29	46	163	34	213	160	170	227	12	96	223	146	235	119	50	84	10	74	148	198	94	
107	175	244	80	253	221	212	239	203	246	172	9	42	232	86	150	171	163	234	21	230	107	174	215	59	95	85	127	215	236	206	78	
110	189	228	18	221	253	212	231	171	255	188	159	10	252	94	31	169	211	255	17	254	107	190	243	127	95	85	255	199	92	222	94	
80	74	191	116	42	216	180	38	252	130	194	32	255	188	133	106	162	119	108	65	196	237	167	111	179	39	126	3	68	48	45	15	
82	239	94	189	58	192	61	231	190	5	218	227	173	131	160	80	34	191	239	129	66	217	135	119	244	167	186	137	36	144	165	11	
74	175	167	150	185	220	76	55	163	185	142	89	174	167	80	215	128	230	253	12	120	73	194	205	187	114	220	187	2	196	158	127	
254	172	244	80	185	112	88	143	251	215	164	28	11	226	199	254	131	198	236	156	62	79	190	195	155	255	85	127	162	228	238	78	
130	220	150	155	245	165	188	199	158	11	88	48	172	254	32	64	231	59	179	145	50	152	2	247	45	54	158	202	144	92	161	155	
101	158	216	76	232	50	22	178	83	235	252	237	2	164	166	244	221	236	166	4	157	186	229	38	62	63	97	127	216	237	106	213	
254	20	244	92	139	120	85	139	251	87	174	189	74	124	47	223	243	214	237	34	188	103	191	195	147	119	84	31	242	125	252	87	
13	124	232	71	102	58	255	80	112	226	95	166	217	45	223	46	62	220	21	175	129	244	173	202	70	109	239	132	231	247	83	241	
139	213	252	109	58	22	31	191	118	95	95	181	253	127	154	103	87	87	157	172	227	132	109	159	226	255	110	148	54	212	161	117	
92	30	142	191	9	214	13	57	164	222	198	164	253	102	11	203	68	243	236	161	105	201	115	45	201	227	254	153	136	96	45	123	
77	126	186	86	227	124	119	178	115	238	127	189	94	247	195	254	183	126	181	14	213	84	184	162	87	127	117	171	170	247	142	119	
241	107	120	122	124	153	80	182	83	172	244	44	3	152	215	80	200	236	196	80	238	126	224	62	122	249	52	249	113	24	78	79	
247	236	42	72	27	211	146	232	214	12	157	42	19	222	63	112	216	153	220	227	110	7	174	31	179	105	171	191	17	35	47	71	
143	247	41	123	248	244	31	157	182	95	93	245	253	223	250	245	87	26	149	47	227	6	238	179	230	253	174	172	30	214	167	241	
140	148	22	90	115	174	58	242	172	9	107	81	124	87	44	16	167	51	91	184	51	141	17	127	101	142	50	192	138	129	35	50	
158	185	246	242	175	245	186	216	235	216	52	37	76	222	247	63	167	123	245	211	150	105	42	240	203	91	109	207	199	183	39	215	
112	10	192	77	0	6	65	11	51	5	224	68	35	131	4	220	72	172	32	136	10	218	209	1	129	176	208	0	80	128	98	168	
107	246	232	94	104	84	31	191	18	239	188	253	248	119	206	54	23	86	253	142	227	71	238	251	102	127	253	186	30	246	134	253	
207	159	44	119	173	223	23	183	215	254	23	189	223	61	210	167	133	118	253	103	245	125	249	191	239	123	125	247	14	172	156	119	
200	27	214	95	33	158	116	55	181	42	102	228	235	35	133	223	6	54	236	10	224	184	65	207	166	255	80	18	122	244	200	61	
222	189	62	115	183	222	183	177	249	252	22	53	94	124	134	167	167	118	253	115	245	237	59	174	235	219	101	211	107	172	223	87	
9	188	6	187	49	175	106	115	180	75	73	85	189	211	40	193	149	43	23	12	51	152	16	63	236	211	186	192	26	6	169	155	
27	125	242	118	247	52	254	118	185	203	127	165	125	127	191	54	182	123	149	135	164	249	168	234	99	255	124	130	199	247	231	255	
79	187	237	119	98	92	185	184	122	252	86	229	253	253	219	239	22	124	245	221	133	208	239	225	78	123	111	132	110	183	75	253	
184	251	88	127	98	139	86	241	55	12	116	237	63	203	131	17	158	185	133	66	202	182	72	61	226	193	36	161	123	152	78	27	
231	59	17	172	42	137	18	120	139	236	153	237	166	198	195	148	158	249	204	103	221	3	200	61	176	208	41	186	88	175	3	85	
159	180	248	99	182	59	219	154	31	233	29	190	219	125	223	33	31	91	149	189	187	240	109	138	106	221	37	244	231	215	210	113	
236	235	232	40	252	73	215	222	18	252	180	169	19	221	211	16	152	216	69	113	122	111	194	23	121	133	165	253	245	56	214	211	
172	236	104	40	92	201	195	254	80	76	244	171	19	205	114	17	89	200	7	111	106	110	98	63	127	1	165	237	117	153	86	242	
79	155	248	127	165	116	249	184	27	255	92	165	253	255	223	110	151	95	181	141	151	88	239	241	79	255	253	239	183	230	71	127	
27	124	246	127	39	52	222	214	249	202	124	165	125	127	191	46	159	123	149	135	164	224	38	235	99	255	254	130	231	247	103	255	
15	187	252	119	183	220	127	185	187	221	85	165	253	125	158	47	151	123	181	157	247	216	174	237	111	223	125	163	166	228	199	255	
175	245	240	97	228	63	255	159	123	123	125	188	25	61	222	62	55	95	181	174	213	116	172	194	102	223	117	228	231	246	198	245	
153	50	63	8	27	215	145	88	228	76	245	116	150	148	162	173	204	8	238	98	131	39	178	21	81	33	34	255	89	5	47	245	
120	146	80	68	75	91	17	62	51	230	38	172	127	247	194	212	51	212	224	40	37	120	179	159	94	231	113	55	98	172	78	123	
11	210	254	118	57	223	89	185	159	252	22	173	127	253	190	165	151	49	253	53	229	205	59	157	75	223	117	215	94	166	12	127	
222	249	242	242	227	92	158	213	169	250	55	189	76	191	223	62	167	213	245	99	212	87	168	194	251	255	109	239	198	247	167	87	
127	187	246	112	187	87	155	250	187	252	180	173	94	253	215	55	151	247	245	55	189	107	186	204	219	95	109	255	207	229	15	87	
207	218	244	124	45	86	223	186	155	126	20	173	255	253	191	103	151	117	181	101	237	64	234	255	235	255	109	191	214	244	69	127	
137	134	6	181	49	18	40	55	52	229	142	149	237	34	146	213	7	7	232	173	189	216	69	15	168	247	186	192	142	132	43	72	
251	57	188	124	59	86	25	27	83	220	212	37	122	253	151	255	212	252	253	37	173	207	243	139	219	251	97	159	58	164	62	119	
11	202	194	17	49	184	104	134	119	7	110	16	175	2	146	252	3	42	172	156	38	152	101	247	198	255	146	67	130	213	10	76	
92	183	118	65	131	91	53	191	229	246	142	166	75	44	194	167	51	84	236	48	253	249	61	142	186	211	69	87	103	166	141	84	
111	190	246	118	189	212	95	185	219	206	53	173	127	255	255	191	151	113	181	63	189	70	170	238	75	223	125	171	134	229	94	119	
47	246	242	118	245	247	219	185	91	255	125	173	93	253	255	52	151	125	181	189	167	114	168	221	107	223	109	231	222	230	78	247	
41	114	175	13	75	127	177	94	70	237	126	111	24	148	230	180	52	28	246	44	135	179	183	16	87	69	33	167	219	156	94	255	
191	61	112	82	245	189	218	214	91	248	60	173	46	157	247	53	175	123	149	95	182	124	44	255	107	93	45	226	215	223	71	255	
47	183	252	127	181	119	217	184	91	253	60	165	125	125	191	37	151	95	149	61	167	240	44	221	107	223	109	231	255	228	71	247	
91	11	194	53	147	250	121	3	53	197	71	181	171	35	146	220	34	174	236	28	28	216	229	132	142	247	144	67	166	132	30	68	
74	78	227	156	67	64	125	246	169	134	78	131	109	231	43	86	50	245	161	166	64	7	182	203	113	54	206	137	38	244	39	122	
217	59	47	40	56	197	129	120	196	92	212	101	150	148	163	195	204	1	238	245	191	111	243	60	216	33	170	248	88	13	53	121	
101	155	213	78	106	13	3	184	3	125	189	108	66	247	204	246	21	216	230	98	211	34	235	85	28	48	101	254	90	130	66	245	
8	183	218	225	242	171	127	255	50	45	126	246	213	55	138	16	55	31	23	56	178	152	9	31	254	143	63	196	165	194	143	171	
127	214	246	252	45	86	93	191	223	222	150	165	126	253	182	103	151	245	253	165	237	79	59	223	251	255	253	159	150	244	244	127	
130	220	150	155	180	173	60	231	62	27	90	48	172	166	32	64	199	59	51	145	50	156	3	247	44	54	158	202	144	64	161	137	
155	88	111	188	6	196	111	246	213	194	214	194	61	143	177	103	110	241	63	207	233	143	54	237	240	42	250	136	63	180	33	121	
127	190	246	124	59	118	89	254	251	222	188	173	124	255	215	127	151	245	245	245	173	75	186	200	219	127	125	191	135	244	38	95	
107	244	240	102	237	52	94	157	123	75	61	189	95	255	222	54	151	223	245	143	206	66	238	227	251	253	189	174	167	214	230	127	
19	223	206	191	148	150	236	191	22	135	222	215	225	98	178	193	127	239	174	141	252	216	85	239	188	103	254	192	61	132	185	92	
86	51	216	169	130	41	186	25	46	37	11	231	205	194	75	88	183	29	239	20	150	17	137	80	208	165	43	228	152	99	171	211	
240	122	26	174	75	192	18	104	162	8	225	105	36	219	47	82	224	249	236	194	78	7	138	123	242	161	34	171	57	2	42	11	
218	77	247	254	131	224	53	231	180	134	74	179	109	247	161	75	35	115	237	130	112	201	46	255	241	231	127	139	165	112	165	107	
118	101	239	32	207	107	188	203	201	246	168	139	72	44	87	59	191	213	227	231	20	115	180	64	19	2	65	55	229	125	199	214	
61	5	110	253	148	178	239	115	84	194	255	2	113	235	179	97	122	174	23	175	185	179	37	223	114	239	163	128	55	251	240	224	
82	207	222	182	178	194	53	231	182	143	222	163	101	231	162	83	119	247	237	128	104	217	167	47	248	231	127	131	165	240	165	107	
44	78	106	45	68	103	235	122	84	102	117	139	115	77	51	9	120	136	3	239	200	182	109	29	87	11	225	37	117	235	118	226	
137	202	16	83	49	152	112	150	127	29	118	52	175	3	142	212	167	10	204	12	102	188	33	247	134	255	16	195	82	148	75	13	
210	78	126	190	10	64	31	228	176	134	128	187	39	198	35	91	166	241	205	227	108	71	38	110	240	227	126	155	52	48	39	91	
2	143	2	136	148	129	142	231	4	5	88	135	32	40	50	64	76	42	131	133	86	136	4	253	40	36	142	193	20	12	184	72	
178	68	90	76	66	114	30	78	49	130	228	178	27	155	167	57	126	157	135	162	104	135	4	74	114	239	66	15	117	241	238	130	
155	147	252	125	185	215	153	57	215	220	150	181	253	125	190	167	150	113	253	109	191	205	127	191	203	219	125	223	222	164	61	119	
21	172	104	41	211	175	235	202	118	5	120	131	25	74	22	0	59	139	18	189	150	184	5	95	124	15	163	69	229	65	235	132	
169	220	63	88	93	199	183	246	220	94	116	4	56	145	165	53	232	112	2	104	225	47	50	127	115	26	102	10	91	48	99	235	
234	52	182	214	237	116	156	87	219	255	189	61	46	188	87	63	143	247	253	1	188	103	250	226	147	127	92	187	199	125	183	95	
183	117	37	67	157	23	135	248	20	232	147	238	82	92	213	165	220	212	215	247	249	247	121	190	57	74	173	246	95	63	242	245	
153	149	151	55	135	78	181	119	252	210	42	23	254	61	0	135	167	119	232	37	241	233	17	237	225	242	94	2	203	124	131	219	
24	183	90	165	178	11	94	191	37	172	126	229	95	35	138	208	54	223	204	104	220	152	1	15	250	237	37	197	44	210	202	27	
61	5	110	237	212	50	239	119	68	192	222	2	81	235	184	96	120	238	63	232	216	185	37	204	118	239	166	192	183	250	240	224	
2	253	178	154	221	197	188	239	158	95	88	23	172	254	102	0	221	59	147	145	226	122	26	247	45	22	158	235	149	92	181	219	
144	247	127	71	118	90	119	252	104	236	118	230	125	3	143	113	54	76	6	106	228	244	173	108	102	169	37	133	103	178	71	237	
56	201	98	238	84	147	70	248	213	0	246	2	107	201	188	96	120	236	23	234	200	179	44	191	242	239	131	136	119	186	112	12	
2	156	144	155	245	143	184	231	30	41	90	50	172	246	40	64	255	59	179	17	114	152	67	247	45	22	158	226	144	8	129	155	
57	73	234	78	68	146	239	244	85	192	254	130	113	237	183	32	120	236	23	234	200	179	44	172	114	239	167	128	103	191	114	232	
91	72	243	220	71	148	110	118	229	202	246	66	41	179	181	246	106	228	62	200	201	143	54	235	50	126	210	136	47	244	113	44	
136	222	92	191	62	137	150	254	92	14	112	231	191	25	161	65	206	123	135	67	231	172	70	191	230	195	58	155	60	153	29	153	
91	72	231	252	100	228	239	182	133	202	222	194	57	175	177	102	110	241	63	207	201	143	54	233	211	62	250	136	55	245	49	120	
127	77	199	174	140	54	206	236	64	202	218	199	121	104	183	231	248	231	61	239	205	131	29	170	176	110	239	152	45	127	248	28	
165	95	117	79	236	67	199	252	68	238	252	106	115	116	149	37	90	212	22	106	233	182	109	173	36	42	229	148	119	251	84	237	
107	180	86	90	121	189	80	99	235	25	189	56	42	188	174	188	141	178	238	16	62	47	230	247	27	223	16	251	219	12	202	31	
122	176	224	80	93	253	209	107	251	255	180	29	42	252	118	180	169	179	253	21	190	111	190	215	27	95	81	127	247	12	94	94	
126	180	230	80	253	253	208	215	187	223	180	61	42	252	94	62	141	211	253	17	190	111	250	226	91	95	221	255	195	76	246	87	
106	182	198	214	121	184	88	51	171	61	159	252	170	178	206	254	135	182	253	16	190	75	226	231	158	119	144	251	142	196	154	15	
122	174	244	84	123	240	88	47	251	247	165	185	42	46	198	254	163	231	237	144	62	79	239	194	26	127	85	123	135	196	78	94	
230	52	178	214	237	124	156	215	155	251	189	57	236	252	79	43	143	119	255	17	182	103	234	226	31	94	94	186	134	125	135	215	
75	150	150	148	61	188	120	51	171	17	143	92	238	233	88	206	167	54	253	21	183	105	147	231	155	119	80	91	142	204	153	21	
126	148	246	92	203	124	20	207	251	255	182	191	74	188	103	94	229	215	253	17	188	111	187	194	27	119	85	191	243	100	238	87	
27	223	204	191	20	22	110	191	84	67	222	199	225	106	154	192	125	238	62	141	223	152	85	191	238	111	254	128	61	206	248	28	
230	92	182	222	233	188	156	242	185	91	191	185	76	254	127	59	167	119	253	3	164	103	170	227	147	122	91	186	134	117	167	87	
25	133	197	159	181	26	230	191	87	105	90	118	241	56	188	229	121	206	62	173	253	184	77	191	46	110	246	196	127	204	216	28	
45	64	134	189	37	186	232	0	190	25	119	145	233	73	154	143	203	36	253	93	18	244	67	165	68	251	250	192	206	133	219	129	
191	244	116	120	185	87	92	251	159	94	148	181	110	254	191	125	215	91	157	55	239	69	120	223	227	219	237	191	150	244	166	87	
205	196	18	216	113	180	170	194	188	11	118	48	92	211	169	220	49	17	222	184	51	5	0	255	54	255	58	196	154	5	43	1	
143	61	240	115	189	53	222	158	255	218	60	165	253	255	223	47	151	91	245	247	166	96	239	251	111	221	47	170	199	247	103	255	
105	104	214	27	117	218	99	4	120	69	231	20	170	3	130	220	72	38	200	28	62	221	112	175	70	255	146	65	2	5	234	74	
88	26	248	55	19	249	49	38	117	103	199	190	235	32	130	244	34	150	236	0	60	188	101	183	150	247	16	67	118	140	141	76	
90	148	118	112	171	223	53	187	253	206	22	175	126	252	158	39	183	181	253	33	245	233	51	142	91	95	117	207	110	164	61	95	
90	199	103	94	43	66	13	63	181	6	207	162	233	103	168	245	70	146	237	170	104	3	101	221	241	50	202	155	54	244	165	109	
158	63	118	254	191	246	158	249	185	218	188	55	108	126	191	47	191	243	245	179	188	227	42	238	251	251	111	203	199	230	167	87	
11	51	127	77	42	254	185	24	238	236	94	229	189	157	211	230	134	53	253	77	133	129	231	216	70	121	43	180	14	166	15	253	
115	22	27	44	114	47	19	90	41	204	249	237	246	38	163	84	158	189	196	37	173	163	96	78	144	52	42	186	88	230	47	125	
13	112	233	71	230	50	255	80	112	226	87	166	89	109	223	42	62	221	87	239	129	240	173	232	102	111	235	132	231	247	115	241	
183	30	83	172	114	171	90	122	57	200	120	237	111	101	163	148	30	169	135	36	173	150	100	158	178	212	33	186	254	239	2	213	
75	212	108	125	184	54	93	191	61	91	87	181	217	63	158	107	215	215	189	174	235	76	111	221	230	251	254	132	54	244	208	121	
242	54	1	172	44	45	193	88	129	206	144	125	162	204	147	141	216	161	77	37	173	39	194	159	144	16	160	186	88	45	86	95	
90	239	67	158	82	192	47	231	55	13	222	227	45	231	162	84	118	187	175	128	66	154	167	247	244	36	186	137	39	150	167	105	
11	176	244	253	62	150	89	56	171	217	20	167	253	127	158	51	151	113	245	245	150	76	111	221	206	219	233	198	39	166	71	247	
9	114	59	8	42	247	145	92	196	110	244	237	158	148	163	232	222	25	222	124	197	7	243	22	195	45	50	250	90	151	47	249	
191	253	242	243	182	63	254	215	59	251	61	187	15	255	223	60	191	223	213	215	246	244	172	226	234	221	173	182	199	247	195	215	
249	178	254	84	115	223	49	120	250	253	118	45	120	213	198	183	54	60	228	36	133	114	180	29	95	235	97	231	107	164	79	255	
91	178	246	124	43	247	89	59	159	253	31	173	127	221	150	36	150	53	253	37	133	193	35	221	75	219	105	159	86	132	5	119	
207	125	242	246	230	52	254	247	185	202	63	185	76	255	247	60	183	255	181	199	212	255	168	226	122	95	223	234	231	247	227	215	
9	194	118	219	165	216	116	5	127	85	71	16	175	200	250	205	227	10	174	24	86	252	47	241	142	251	86	75	150	134	237	70	
15	105	233	65	194	84	173	214	98	249	84	130	153	166	209	46	35	92	49	221	147	216	183	96	109	45	191	164	165	243	247	232	
75	149	6	31	45	188	112	51	237	73	143	116	238	114	158	230	164	34	252	10	149	137	35	255	130	127	218	211	10	134	185	37	
123	50	180	108	41	86	89	91	3	236	84	45	26	157	214	252	214	189	181	21	221	218	243	152	83	251	113	155	14	132	190	119	
195	154	157	142	56	4	27	184	39	92	149	228	246	87	138	86	198	209	238	192	139	15	235	115	148	48	34	158	24	130	36	125	
47	240	246	244	117	151	216	59	219	249	60	173	125	255	254	52	150	61	181	189	132	240	162	220	75	223	237	230	199	164	71	247	
169	243	59	8	122	95	181	93	238	109	252	236	24	148	230	180	172	28	222	12	193	43	180	16	115	73	32	254	91	156	167	245	
155	177	246	253	53	23	216	248	223	249	52	181	77	255	182	45	150	85	245	253	166	229	47	223	203	219	233	246	215	164	85	247	
77	59	251	86	226	92	63	144	115	206	118	236	125	255	215	252	54	126	181	78	209	218	174	160	74	255	117	168	206	247	39	249	
43	245	232	119	244	23	255	157	123	91	117	188	217	127	222	63	31	91	215	238	227	240	237	243	110	219	181	164	231	212	210	253	
27	88	44	57	9	221	81	18	101	110	214	39	187	28	130	236	76	48	255	71	207	156	119	180	199	227	176	211	58	13	92	119	
169	19	76	77	105	95	113	25	2	125	117	108	24	151	130	247	84	12	166	44	135	214	243	29	71	33	97	181	90	142	78	243	
113	54	83	64	82	236	162	83	232	136	187	108	6	210	228	48	180	45	78	32	5	35	160	78	48	156	35	186	73	34	107	151	
73	1	160	171	53	120	121	28	231	85	79	148	139	231	251	222	96	138	170	156	15	16	190	129	134	245	146	5	182	214	173	84	
223	180	114	112	131	223	19	51	247	238	159	191	74	253	86	116	183	181	253	177	252	105	189	222	219	95	101	215	167	36	60	87	
202	168	98	19	129	216	121	7	61	85	103	149	139	134	198	220	34	168	172	28	30	156	183	228	143	241	16	67	162	133	206	86	
123	51	246	228	63	86	216	120	251	232	180	173	108	254	215	54	150	183	245	181	156	107	162	204	219	95	123	255	199	165	39	95	
15	41	6	129	224	164	169	192	172	17	203	197	157	194	201	220	236	9	139	222	19	144	66	96	132	137	170	192	136	23	171	176	
190	31	246	254	191	118	222	222	153	202	188	39	108	126	191	47	207	243	253	243	172	235	43	234	235	251	238	147	199	247	38	95	
15	61	228	115	180	191	223	157	95	249	53	191	219	61	151	45	31	91	149	63	186	240	109	156	110	219	101	228	231	253	214	113	
177	55	17	33	61	175	130	89	201	236	185	109	134	136	215	132	152	32	76	33	239	33	200	159	176	212	43	190	72	46	83	215	
86	78	138	172	8	36	14	98	4	198	200	197	181	230	115	88	221	225	57	167	72	3	210	104	208	167	234	184	24	115	51	90	
123	212	246	252	61	86	216	62	219	217	159	173	108	255	182	118	215	245	253	165	140	75	171	221	219	255	255	158	22	164	117	95	
24	151	90	101	246	11	127	255	52	44	126	230	115	35	138	80	55	222	7	110	248	184	37	63	110	143	37	196	109	210	196	185	
115	78	10	188	68	36	222	38	160	134	218	143	225	234	51	90	204	231	245	231	76	7	210	43	240	167	250	137	13	115	58	90	
207	241	252	119	118	22	121	152	59	249	21	167	217	255	223	98	151	93	181	221	135	80	239	209	78	249	237	228	167	166	81	117	
32	9	109	79	108	235	227	242	6	236	252	162	48	45	181	36	72	104	55	75	0	186	97	61	69	14	240	129	85	251	118	249	
24	151	90	225	246	139	127	255	52	45	126	230	119	35	170	0	55	154	7	168	242	184	37	127	238	143	52	196	237	130	173	185	
130	189	144	155	241	173	188	207	30	27	88	16	172	254	104	8	183	27	179	17	50	220	26	247	45	22	30	238	144	76	129	155	
3	207	2	140	148	145	142	231	68	64	88	199	32	8	178	192	72	98	18	197	199	136	4	189	32	36	142	192	28	28	184	28	
50	65	66	172	20	2	106	96	45	160	251	10	75	10	37	80	122	205	95	226	72	179	65	204	178	236	130	144	101	187	98	0	
169	247	43	67	241	93	183	117	164	93	255	181	24	151	206	245	236	26	223	142	247	151	248	131	119	73	166	227	75	150	238	247	
2	157	146	153	253	133	184	239	158	27	88	18	172	254	32	64	207	59	179	145	114	88	2	247	13	22	158	234	16	76	161	155	
89	205	202	175	180	146	110	191	70	73	94	231	241	42	186	192	114	238	63	141	223	152	197	191	238	111	190	192	60	142	248	29	
53	95	117	79	174	11	239	188	68	234	254	230	243	104	149	38	94	214	62	106	201	176	109	168	36	46	231	144	119	251	212	237	
2	152	18	153	117	141	184	231	30	9	82	34	172	222	32	64	255	59	179	17	18	152	2	215	13	22	154	194	20	8	161	155	
25	94	93	191	46	169	154	242	13	66	88	231	191	109	161	64	110	243	159	71	197	168	71	189	214	239	106	136	61	251	25	217	
122	240	240	88	107	249	208	70	219	117	180	29	42	156	94	188	138	171	239	20	158	111	246	241	19	89	16	123	215	13	206	86	
250	58	244	118	75	212	80	66	251	253	181	191	10	159	70	126	229	213	253	145	158	111	190	224	27	123	83	251	227	5	110	95	
102	188	178	212	237	44	188	195	251	219	176	57	140	254	125	11	175	119	255	17	178	99	130	194	155	126	95	254	132	124	163	211	
31	33	236	229	182	26	251	152	116	224	87	130	217	109	159	42	62	93	149	255	145	240	173	200	110	235	239	132	231	247	113	241	
107	72	227	222	109	208	236	126	69	74	248	226	40	243	181	228	122	234	182	200	193	46	102	251	54	126	146	138	31	222	112	173	
58	146	180	220	43	87	92	123	159	250	148	53	78	127	54	127	199	145	253	37	172	79	123	221	147	91	221	151	150	108	52	95	
105	54	121	77	122	244	59	25	42	76	253	228	188	198	206	112	86	57	254	44	131	2	231	91	102	61	34	168	30	134	35	245	
44	62	26	91	205	220	103	208	237	79	246	68	42	8	31	211	232	170	206	0	255	185	113	99	55	5	176	65	203	64	108	223	
15	188	240	245	62	145	216	185	91	248	20	171	253	127	223	33	23	123	213	181	166	120	239	221	238	223	239	174	247	164	67	221	
185	57	79	27	195	252	69	215	45	95	126	21	42	22	142	220	96	170	134	78	95	184	115	161	87	225	50	195	123	95	238	127	
76	211	114	153	211	216	49	151	247	85	238	167	175	199	171	253	50	170	138	16	86	144	246	177	134	241	16	83	182	156	141	92	
122	180	242	244	127	94	184	127	187	235	22	47	44	253	246	54	183	53	245	33	164	75	162	223	123	127	57	191	6	164	87	223	
30	203	96	25	129	249	121	147	183	85	70	149	169	198	218	204	105	34	234	220	94	144	119	181	135	217	154	65	178	148	221	84	
91	148	246	252	61	150	216	187	187	217	246	33	76	254	190	39	159	245	253	181	190	111	163	207	27	255	223	206	199	164	97	87	
117	51	81	76	112	0	23	93	121	72	241	236	110	86	140	252	222	185	132	228	159	2	96	221	176	252	34	186	88	179	226	213	
15	185	246	243	244	155	248	176	223	249	118	170	249	125	215	45	62	245	247	221	176	248	47	252	78	219	229	192	231	174	80	241	
131	119	59	0	60	255	135	117	252	236	156	237	150	212	166	165	190	32	206	111	225	33	164	94	176	17	35	190	76	156	145	117	
233	122	42	11	237	125	181	87	68	110	95	61	158	157	147	174	76	14	238	15	213	60	247	160	87	97	48	155	74	93	220	255	
91	184	244	252	61	20	218	184	219	217	148	35	109	127	159	110	214	213	253	245	174	105	235	233	155	255	223	158	215	164	112	95	
75	86	42	104	41	125	153	222	164	110	158	173	155	157	131	104	206	16	223	4	141	7	101	144	215	125	48	159	222	223	45	123	
159	176	246	116	54	30	248	240	251	251	52	169	79	255	254	55	183	253	213	181	228	253	172	200	202	223	125	166	231	164	99	223	
75	50	116	109	43	119	88	26	15	125	94	173	159	157	150	46	134	21	253	69	142	192	227	213	195	249	104	219	86	197	5	119	
219	114	118	69	99	119	185	92	99	253	119	189	11	159	198	191	166	29	245	228	141	214	183	149	83	249	113	175	107	132	47	247	
53	90	139	174	208	70	79	88	48	78	240	229	147	39	35	25	92	217	134	226	141	131	80	104	240	133	174	152	249	115	46	211	
191	51	106	107	185	245	121	85	165	77	247	189	27	31	143	255	236	155	221	246	159	147	249	128	83	249	160	211	235	135	238	119	
157	255	14	163	131	253	111	209	37	126	95	151	25	7	91	213	96	138	223	206	95	149	53	176	247	65	170	197	42	87	156	82	
171	51	122	107	233	213	61	85	165	109	87	181	25	157	254	116	198	29	247	29	213	155	241	128	87	249	32	235	6	134	246	247	
95	176	242	116	119	149	88	121	59	200	215	175	110	253	214	117	182	189	181	221	188	223	162	204	219	95	109	234	7	164	103	119	
169	87	127	75	235	127	183	85	140	110	127	246	24	148	174	246	100	28	230	46	213	181	177	146	119	105	32	247	91	31	207	247	
43	240	244	253	52	23	216	249	95	249	52	161	237	127	159	45	159	25	213	189	166	112	109	221	202	223	125	182	215	164	67	223	
27	24	40	107	43	253	115	82	101	110	222	39	58	28	215	236	228	179	255	71	141	157	113	177	215	221	48	147	58	159	28	127	
70	24	182	220	237	36	188	219	187	90	176	185	236	255	125	27	135	119	255	129	176	103	130	224	147	126	95	186	134	116	35	211	
91	144	244	239	110	26	125	188	123	113	95	162	89	63	158	122	55	213	181	238	212	88	237	213	70	255	245	132	55	182	208	121	
48	83	14	164	116	143	82	116	197	237	114	103	71	105	178	144	216	164	7	101	220	177	1	12	226	215	33	131	127	190	218	147	
136	134	84	153	233	57	109	187	175	22	12	149	173	227	235	223	7	10	138	172	98	0	2	211	230	209	71	44	190	244	9	248	
42	173	83	216	211	241	50	111	59	65	120	170	40	246	228	244	123	187	130	128	23	27	166	215	62	84	26	235	183	4	174	191	
56	137	98	236	84	147	78	120	213	0	254	2	107	201	181	96	120	172	23	234	200	179	36	157	114	237	163	128	119	170	112	140	
53	19	25	172	164	14	214	125	93	77	241	109	194	56	174	89	220	141	4	99	221	163	68	12	176	182	254	222	216	59	250	87	
171	113	118	105	61	151	217	93	207	233	245	181	29	157	214	39	134	61	245	29	196	203	227	208	99	249	40	210	70	132	230	255	
186	191	2	189	229	134	95	247	157	14	92	151	12	167	34	69	237	239	135	167	120	156	16	255	244	50	222	134	54	124	148	82	
109	158	138	146	205	92	229	211	232	95	214	29	158	32	91	207	201	10	206	15	241	58	240	98	245	21	246	201	202	124	254	243	
171	23	123	140	242	123	29	119	57	204	253	252	158	38	170	181	22	183	214	44	181	155	100	78	240	57	32	208	76	196	143	245	
3	207	2	140	20	145	142	231	68	0	88	199	32	8	178	192	72	34	18	197	198	168	4	189	32	32	142	128	29	28	184	12	
56	133	102	237	220	18	238	245	197	129	254	2	89	233	176	96	120	230	63	234	216	187	37	172	122	239	166	192	183	254	240	136	
3	143	2	140	148	129	142	231	4	4	88	199	32	42	50	192	72	34	131	197	214	136	4	253	32	36	142	193	28	12	184	12	
130	181	146	153	245	173	188	207	30	59	88	16	140	250	104	72	183	27	51	17	50	88	11	247	45	22	31	230	144	72	129	139	
62	91	99	71	54	91	167	184	76	232	90	234	211	60	149	164	62	92	151	107	201	176	109	172	36	76	37	134	103	191	84	125	
253	31	187	130	245	118	19	210	16	77	188	127	30	52	163	244	109	210	142	95	187	43	113	226	251	5	34	214	139	253	246	113	
251	49	118	228	63	150	216	88	251	232	181	173	44	158	215	63	134	189	245	149	158	111	162	204	91	121	59	250	71	132	99	95	
219	49	100	229	110	155	120	25	171	232	86	175	217	223	215	98	54	189	253	221	198	244	231	216	70	249	169	164	39	164	80	245	
87	51	89	37	114	58	58	56	41	232	123	231	93	78	143	240	54	253	148	230	197	144	229	204	150	253	43	130	45	179	11	85	
123	56	244	204	61	54	216	26	75	249	189	169	44	159	150	118	198	149	253	133	142	67	163	221	211	249	171	190	22	133	115	119	
25	223	91	239	242	139	126	254	52	96	126	231	125	39	162	80	55	255	151	238	241	152	13	127	110	239	36	192	63	146	169	153	
136	139	214	88	233	52	181	223	255	158	116	96	141	131	231	223	71	26	166	24	194	76	34	208	6	217	87	47	146	244	109	173	
57	223	94	103	242	11	127	255	52	96	126	231	123	39	130	81	54	198	7	238	241	184	13	63	126	239	36	128	109	242	202	153	
19	197	234	175	98	2	246	239	0	75	88	231	113	122	190	64	251	103	181	165	76	152	5	47	118	47	254	131	45	118	250	155	
62	73	102	239	22	2	238	248	117	128	246	2	75	107	53	81	122	229	31	235	200	179	13	236	178	255	231	132	103	186	112	0	
191	246	58	99	169	93	191	245	229	95	183	181	155	93	190	231	239	19	223	39	255	39	120	167	243	217	102	215	79	222	174	247	
2	156	146	153	252	165	184	239	30	27	88	50	172	190	32	64	199	59	147	145	50	88	2	247	13	22	154	234	148	72	161	137	
2	152	18	153	118	135	184	71	30	9	80	34	172	158	32	64	254	57	147	17	2	152	2	213	13	22	154	194	20	8	33	155	
56	9	98	236	84	147	234	113	197	0	246	2	99	201	180	96	120	168	23	232	200	187	36	157	114	237	162	136	119	170	112	140	
35	206	66	204	103	144	190	103	89	75	124	231	40	154	182	244	250	171	178	133	199	154	134	199	54	60	158	139	31	30	248	141	
250	49	244	88	75	253	208	83	235	93	180	143	10	156	87	63	174	155	255	145	158	107	246	209	19	89	16	251	247	4	78	95	
114	112	180	80	111	253	152	83	171	125	180	63	46	156	86	58	174	187	255	17	134	111	178	209	27	88	24	251	199	4	247	215	
88	205	102	238	156	146	238	253	229	128	254	2	121	235	176	96	120	230	127	234	216	171	45	237	126	237	166	196	55	158	240	8	
122	49	228	80	75	244	80	19	171	125	180	63	10	158	70	127	236	191	253	145	158	71	242	193	83	121	216	251	195	4	102	87	
2	188	176	153	127	229	184	103	30	27	80	19	172	190	100	0	205	59	179	129	178	126	82	247	13	22	154	234	144	12	181	219	
218	146	38	184	13	252	81	23	239	92	158	21	170	141	118	207	233	160	253	17	142	105	183	193	147	113	208	23	162	140	92	94	
98	144	244	252	46	23	216	58	143	249	176	41	204	190	52	123	199	245	255	1	128	75	107	208	154	218	91	190	150	164	97	95	
10	140	86	216	251	240	184	103	157	27	126	178	44	174	166	239	239	51	147	128	53	221	2	255	30	118	218	195	146	196	173	157	
66	172	116	216	124	3	248	170	143	186	176	10	140	110	21	91	143	177	127	33	226	109	75	221	142	90	223	254	148	172	81	9	
186	144	118	57	79	220	177	19	237	94	118	55	43	222	134	247	233	56	231	20	151	168	118	145	71	241	50	203	227	4	111	255	
122	146	116	25	67	221	49	19	167	95	246	183	43	222	230	247	103	186	166	144	158	26	118	209	87	113	16	227	243	132	44	255	
90	176	242	244	118	144	248	127	187	201	116	187	45	255	244	34	182	189	181	165	144	107	162	205	154	255	219	238	7	164	243	213	
95	178	32	81	1	213	121	83	167	93	214	149	186	222	123	252	237	154	191	148	159	26	115	145	223	81	154	199	178	132	44	95	
75	49	116	252	124	182	216	31	223	217	157	177	141	159	150	124	198	181	253	149	158	111	227	213	74	251	251	222	23	132	224	87	
25	27	91	175	118	169	107	242	6	64	88	231	63	239	179	96	126	235	22	207	141	184	37	189	246	237	42	136	61	187	33	249	
98	132	244	212	124	43	248	42	155	185	48	10	236	47	117	64	191	21	55	49	162	109	9	223	30	222	219	246	151	172	81	9	
15	178	242	17	135	221	49	19	231	95	86	55	171	221	199	238	99	26	239	17	150	188	246	128	207	81	20	239	230	204	92	223	
155	170	144	89	41	181	24	87	31	191	116	52	172	174	230	221	199	43	134	28	150	120	162	208	138	217	82	171	146	196	237	223	
75	94	248	104	250	127	95	150	45	111	222	189	157	61	151	124	134	23	223	15	161	3	101	170	119	253	52	159	246	223	4	123	
162	240	246	212	36	22	216	120	59	216	245	177	13	223	212	57	158	189	181	181	128	231	166	205	10	122	219	206	71	164	99	213	
111	58	42	144	97	213	113	112	165	78	150	173	56	55	131	255	108	176	223	156	189	139	113	136	87	77	240	211	170	164	126	127	
187	245	118	107	173	149	220	85	237	105	247	181	31	159	158	39	134	29	221	63	254	165	227	194	227	249	40	210	71	150	231	247	
17	219	122	79	118	138	239	188	108	64	126	230	113	33	180	100	54	246	62	238	193	185	45	109	116	46	38	128	125	178	225	185	
25	148	48	105	47	92	177	240	197	79	118	39	143	188	235	230	237	24	222	37	167	52	245	131	199	253	34	183	251	12	29	255	
2	240	244	196	60	31	216	125	159	249	179	43	204	30	148	41	190	21	223	37	128	225	41	221	154	94	219	150	87	134	67	95	
93	146	122	64	34	95	177	240	108	108	183	175	26	180	239	105	126	148	222	38	213	35	37	128	90	77	34	255	219	174	109	245	
122	49	246	244	118	146	248	56	107	208	117	171	109	223	212	50	182	253	181	213	130	242	174	205	202	251	235	234	39	167	99	209	
239	49	118	234	239	151	216	81	107	232	245	185	12	158	150	57	142	189	245	151	214	239	227	212	147	121	90	250	71	135	227	87	
191	179	100	113	171	221	125	245	165	94	244	189	26	95	222	63	238	147	223	247	223	54	114	210	223	217	100	207	99	148	238	215	
47	27	233	140	112	86	25	88	37	204	245	237	152	23	131	61	94	152	222	254	141	131	101	72	214	29	226	152	158	182	46	241	
235	112	244	237	60	54	88	24	11	248	95	169	255	159	159	114	214	221	189	253	142	80	239	153	198	249	169	158	54	183	80	83	
53	19	95	172	116	15	83	112	109	72	243	237	87	92	170	16	190	129	6	103	205	178	37	12	144	148	32	194	108	171	104	209	
77	51	123	64	34	223	187	112	236	236	151	236	159	220	146	33	30	48	222	111	213	35	36	140	226	89	98	184	78	142	45	117	
158	105	228	247	36	155	248	56	47	240	54	130	235	79	213	38	190	241	253	220	202	252	103	237	78	219	229	192	103	174	64	209	
39	83	121	45	114	18	155	24	105	72	112	228	215	78	143	116	94	153	20	110	205	178	101	92	132	252	42	166	124	162	3	245	
75	49	105	77	58	24	155	28	104	108	189	228	189	23	159	112	22	29	223	238	147	0	229	93	102	125	43	184	94	183	3	241	
123	129	244	237	118	26	122	152	107	113	127	130	89	47	220	114	54	221	53	236	142	176	237	209	102	253	163	164	39	166	82	209	
17	203	75	173	246	154	110	245	103	105	90	231	113	248	178	224	118	174	54	237	215	184	5	255	62	45	174	192	61	158	248	13	
57	223	79	111	114	10	111	252	33	224	126	231	123	111	177	241	62	239	22	238	205	186	45	45	118	239	101	128	111	179	98	217	
115	223	195	174	246	18	206	253	68	224	90	231	115	120	177	224	126	238	22	239	205	186	205	173	180	45	175	132	61	254	248	13	
29	112	252	225	54	58	249	25	101	224	95	163	217	31	223	34	62	221	255	253	200	240	229	204	206	249	171	132	39	167	113	241	
34	188	82	216	211	241	176	71	31	65	124	179	40	190	102	180	251	187	130	144	23	26	6	247	30	20	26	235	223	4	174	158	
2	180	148	153	245	173	184	207	30	59	88	48	140	190	96	8	183	27	51	17	50	88	3	215	13	22	31	238	144	72	161	139	
3	207	0	140	148	145	142	231	4	64	88	199	32	8	178	192	72	34	18	197	198	136	4	189	32	32	142	128	28	28	184	12	
74	139	99	152	243	176	184	231	191	5	74	163	44	174	244	212	231	59	163	149	150	26	166	247	31	52	154	235	150	4	165	239	
29	83	121	37	114	10	250	24	108	232	127	231	223	77	153	128	54	157	151	111	193	176	5	76	102	109	33	132	111	190	67	241	
74	143	163	216	211	240	184	231	191	5	90	242	44	174	244	204	231	59	163	145	146	24	162	247	31	54	154	203	151	4	173	239	
19	203	67	137	118	146	238	245	101	65	90	230	57	200	182	228	126	170	22	237	215	186	4	253	62	44	166	192	63	142	248	157	
43	219	99	204	86	144	170	214	79	64	88	230	40	162	181	228	126	234	150	204	195	186	36	253	54	44	170	138	63	158	113	189	
58	1	230	229	22	10	232	88	109	160	243	2	75	11	53	82	122	205	55	227	200	176	133	200	146	249	202	132	103	170	112	128	
27	97	112	229	38	26	122	24	101	224	215	130	219	15	149	32	62	149	127	254	200	176	229	204	198	253	163	132	39	167	113	113	
98	48	52	208	111	245	184	83	171	121	176	59	12	156	86	59	174	153	255	145	150	111	242	209	23	88	26	251	199	4	103	223	
66	56	246	216	108	132	248	75	139	153	176	56	140	158	84	26	206	149	255	145	130	111	130	192	158	56	91	254	132	132	35	137	
114	48	50	208	105	244	152	23	171	93	180	61	40	158	70	122	236	185	253	145	142	79	242	192	19	120	218	251	131	4	118	95	
66	24	244	236	108	0	216	74	139	185	176	56	140	158	116	90	206	181	255	17	130	107	194	192	154	120	91	186	212	132	35	9	
90	33	112	109	44	25	218	56	109	192	118	130	235	15	212	34	62	157	125	238	202	32	231	221	198	217	161	140	103	134	80	81	
66	8	244	148	108	11	184	47	143	179	16	26	172	170	116	75	167	181	127	1	128	105	2	208	28	26	91	186	148	40	1	9	
26	152	102	121	11	220	176	19	175	93	180	183	170	156	38	127	174	177	253	17	158	173	50	209	131	121	90	211	83	4	39	95	
18	176	54	217	43	149	152	83	173	89	150	187	44	29	22	43	166	179	255	17	134	239	35	193	147	122	90	210	71	4	39	95	
118	192	228	231	36	11	74	56	15	176	187	10	107	75	84	18	127	229	55	210	200	244	203	249	158	216	199	240	103	170	80	0	
2	160	246	252	124	130	248	31	187	145	176	146	140	143	84	3	174	189	127	129	154	235	130	213	130	120	219	254	7	132	227	137	
107	184	112	217	109	149	216	19	15	121	244	57	12	158	214	124	198	61	245	149	158	154	225	208	31	121	154	250	150	132	99	95	
2	184	144	153	127	165	184	199	30	57	80	18	172	158	96	72	207	59	179	17	50	124	83	247	13	22	26	226	144	12	129	155	
98	0	246	244	118	171	248	11	159	177	179	26	238	202	116	10	255	165	63	177	130	101	10	221	30	30	219	180	181	169	81	9	
126	49	116	237	126	146	90	24	139	224	117	171	77	159	149	118	70	189	245	255	130	50	231	216	198	249	169	174	55	150	82	209	
182	33	116	237	108	2	216	24	107	128	249	130	237	79	85	16	254	157	117	243	154	230	195	205	130	248	139	214	39	135	115	129	
2	48	118	208	44	183	216	83	127	123	246	177	12	159	212	41	142	157	247	133	144	231	163	208	18	216	218	130	71	132	99	85	
158	48	118	224	46	19	216	89	207	105	183	187	79	223	188	34	174	149	253	173	200	161	39	208	146	217	137	150	103	132	193	85	
242	64	244	252	100	10	248	12	27	176	240	10	239	202	116	91	254	237	55	225	138	102	202	221	158	250	219	188	53	168	83	137	
19	219	67	138	118	147	238	245	77	64	90	230	57	202	180	228	126	171	22	237	215	154	4	253	62	12	174	192	63	142	185	157	
107	18	230	97	105	85	121	112	165	92	182	165	57	31	214	127	206	16	223	140	141	3	97	128	87	217	242	139	6	164	118	255	
89	146	122	96	34	95	185	112	101	124	151	175	159	29	186	96	126	157	223	37	141	163	37	128	210	249	98	183	119	172	37	113	
2	144	18	153	118	133	184	67	30	9	80	34	172	158	32	64	238	57	179	145	2	152	2	213	4	20	154	194	20	8	33	137	
121	19	127	96	34	87	153	80	96	204	247	236	223	30	179	112	94	157	150	253	205	178	101	140	218	201	43	196	79	174	45	113	
51	219	67	140	246	146	238	245	65	224	88	230	113	232	177	224	126	238	22	239	197	186	44	173	52	44	173	132	61	190	248	157	
3	207	2	140	20	145	142	231	4	64	88	199	32	40	178	192	72	34	18	197	214	136	4	189	32	32	142	128	28	28	184	12	
92	205	98	238	156	146	206	252	101	0	222	2	123	235	176	97	120	230	31	235	216	171	45	253	250	237	167	208	55	187	240	40	
26	178	244	89	47	220	48	19	239	93	118	183	170	156	214	110	167	153	255	17	158	108	246	192	207	89	48	239	247	12	4	95	
170	190	176	216	75	245	152	71	219	255	180	31	172	158	102	143	207	187	131	145	182	111	242	194	31	90	90	251	131	76	45	223	
10	26	102	88	73	253	120	87	175	93	52	181	168	158	118	95	228	185	151	145	150	13	54	209	79	89	210	235	210	4	77	223	
61	83	97	173	118	11	107	56	5	64	115	231	95	77	155	52	62	129	22	239	197	176	101	140	228	237	32	132	127	175	64	113	
73	113	120	105	46	27	217	56	100	72	213	172	219	29	146	32	22	145	223	237	193	34	101	156	198	217	106	152	102	167	67	113	
91	49	104	229	54	18	251	48	104	224	87	166	221	15	155	96	54	157	151	239	193	144	165	204	214	105	170	132	39	166	35	241	
166	120	112	200	236	149	220	81	105	106	245	187	12	158	212	57	142	185	255	159	208	39	227	242	146	88	138	250	71	149	243	215	
121	201	106	238	22	18	79	244	97	192	254	138	123	111	179	112	126	237	21	238	201	147	44	237	242	237	167	128	39	179	98	104	
29	83	75	197	118	10	238	120	36	224	127	231	89	79	185	128	62	236	23	238	201	176	5	76	114	45	161	132	111	187	107	241	
191	186	112	241	109	220	216	243	173	90	180	61	14	222	214	63	239	177	223	149	222	43	98	192	223	217	174	223	71	164	102	215	
194	184	182	152	109	240	184	71	239	93	150	59	44	140	118	95	163	35	235	21	22	111	162	209	31	112	90	235	150	4	109	95	
47	18	112	241	113	220	185	48	169	204	180	173	191	93	215	127	206	49	223	53	133	74	96	204	79	219	99	243	134	172	71	255	
2	156	50	153	117	199	184	103	30	73	90	147	172	158	32	64	239	59	147	145	18	152	16	223	13	22	154	195	148	12	53	219	
91	113	104	69	50	27	251	56	104	96	117	174	217	31	159	112	54	157	85	238	129	144	109	220	198	233	171	180	55	166	67	241	
2	176	22	153	108	173	184	71	143	25	112	50	172	158	116	72	239	59	119	145	18	28	66	209	12	24	154	234	148	8	33	137	
34	48	50	216	109	253	184	83	171	89	176	63	140	156	118	11	236	177	223	145	146	47	242	209	23	88	218	251	215	12	7	223	
98	50	50	144	109	220	184	67	171	89	176	61	172	158	102	27	204	185	255	145	146	79	178	209	23	24	218	251	131	4	23	223	
130	186	178	152	199	241	184	71	191	87	64	55	44	158	102	72	231	59	163	145	22	94	178	211	31	22	26	107	148	68	175	206	
98	48	244	216	108	133	184	67	139	57	176	56	172	158	84	26	206	53	255	17	146	79	194	192	150	56	26	250	4	12	3	155	
3	219	66	140	214	146	174	245	5	64	92	231	41	134	182	100	126	234	23	239	197	154	4	237	62	44	174	128	63	190	185	221	
130	144	182	152	75	245	184	71	191	95	80	19	172	158	102	75	237	59	163	149	54	127	178	209	31	50	218	75	209	4	173	223	
194	24	54	216	105	252	184	83	175	89	178	55	172	156	118	11	174	177	255	145	134	15	242	209	23	120	90	219	87	4	39	95	
35	176	116	217	43	157	152	19	175	89	148	177	172	158	214	123	206	25	255	145	150	13	98	209	143	120	154	250	22	4	23	223	
3	135	32	140	148	145	140	167	4	68	88	231	32	40	182	192	76	3	147	197	212	8	4	221	40	32	142	193	29	12	184	92	
66	0	246	208	100	139	248	75	95	177	178	10	140	138	116	72	238	133	63	145	146	111	131	208	22	58	155	236	149	136	81	129	
26	48	240	225	45	157	184	83	239	89	150	163	14	156	214	42	174	145	255	145	142	57	227	192	147	89	90	210	199	132	37	95	
3	143	2	140	20	129	142	231	4	4	88	199	32	8	50	192	72	34	131	197	214	136	4	189	32	36	138	193	28	12	184	12	
55	91	99	143	118	146	235	112	64	192	83	230	81	72	177	228	126	236	22	239	193	178	36	204	52	40	171	192	45	191	114	245	
43	50	240	209	41	220	248	19	175	89	244	181	136	159	214	127	238	25	255	149	142	88	242	192	7	89	218	235	87	132	118	223	
114	0	116	236	110	10	248	72	139	48	240	10	207	202	124	91	254	141	55	161	136	115	130	208	150	248	219	188	53	136	83	129	
50	0	98	201	84	130	232	64	205	1	242	2	40	138	52	64	106	169	23	129	136	187	0	197	22	40	154	192	53	136	112	136	
90	48	116	233	44	19	216	24	77	120	246	171	143	31	148	43	142	149	223	165	136	178	229	208	130	249	138	206	103	164	97	85	
54	32	116	237	46	138	216	72	171	160	176	2	207	10	21	2	254	165	127	177	136	225	67	220	150	248	139	212	101	170	115	129	
123	16	242	240	109	156	248	114	233	216	180	43	140	158	214	59	238	177	223	133	132	111	226	192	159	217	218	250	71	132	115	223	
59	81	106	100	50	27	217	80	96	232	246	172	155	31	183	48	94	157	151	236	205	146	101	140	194	233	170	144	103	166	67	241	
114	33	96	229	100	11	104	24	11	160	242	10	107	75	85	82	122	141	55	224	200	178	195	217	150	249	131	164	103	170	112	0	
25	1	104	109	54	27	235	120	101	96	215	138	91	13	155	100	62	156	23	239	201	176	101	220	214	237	163	132	119	163	82	113	
25	33	106	229	54	18	251	80	101	224	247	130	89	13	159	96	126	156	31	239	200	178	229	204	86	233	162	132	39	167	114	225	
2	0	82	136	118	129	184	64	12	0	80	2	172	138	48	64	238	169	19	161	2	51	0	221	20	16	138	168	21	8	49	137	
58	0	98	229	6	10	232	80	109	160	243	2	75	11	53	64	122	141	55	225	200	176	69	200	150	253	138	132	103	170	112	128	
49	72	107	206	84	129	203	112	68	64	212	66	49	201	181	100	104	168	23	207	201	170	36	189	112	40	162	136	53	139	112	232	
35	219	99	204	86	147	174	247	77	65	88	230	40	138	180	228	126	43	146	197	199	186	36	253	50	44	138	138	31	158	249	157	
66	160	54	144	108	137	248	67	143	57	176	26	140	138	116	11	238	153	127	145	130	111	130	209	156	24	155	238	20	8	33	137	
57	219	99	204	86	147	238	244	68	224	90	230	113	232	181	228	126	236	22	239	205	186	44	173	52	44	165	128	127	186	240	253	
57	201	107	110	86	2	111	240	97	192	254	130	123	239	179	112	126	236	22	238	201	179	44	45	242	237	165	128	103	179	114	248	
2	173	50	153	211	241	184	71	30	5	120	163	44	158	38	0	235	59	131	145	22	154	4	255	46	20	154	235	213	76	173	222	
17	219	99	200	86	147	238	245	69	64	90	230	57	200	180	228	126	168	22	239	199	186	36	253	48	44	166	192	61	154	240	189	
2	184	16	153	117	173	184	71	158	25	80	50	172	158	32	72	205	59	147	17	50	252	82	247	13	22	26	226	144	12	129	155	
124	201	106	238	20	147	78	244	69	128	254	2	123	203	176	80	120	236	31	234	200	171	44	253	242	237	167	144	55	186	112	8	
58	65	98	236	22	2	202	120	101	128	247	2	75	9	177	80	122	141	31	235	200	179	5	204	242	233	162	128	103	170	112	0	
3	203	32	140	4	145	142	165	68	64	80	199	32	40	182	228	72	98	146	205	197	8	36	189	34	40	142	128	29	28	216	92	
2	32	18	153	108	137	184	67	175	17	80	26	140	138	112	74	238	41	127	145	2	46	194	209	140	16	26	232	20	8	33	137	
3	201	3	140	20	144	142	101	68	64	82	70	32	72	180	228	72	32	18	207	197	168	4	253	32	40	138	128	29	28	56	12	
2	0	82	136	118	129	184	64	12	0	208	2	172	138	48	64	110	169	19	161	2	179	0	221	20	16	138	168	21	8	49	136	
66	32	150	149	108	137	184	67	174	49	48	24	172	138	112	75	230	45	127	145	2	111	194	209	4	48	90	168	20	8	33	137	
2	143	98	152	215	240	184	103	30	5	88	163	44	174	54	192	239	59	131	129	22	154	6	215	58	52	154	203	149	68	189	222	
194	176	182	152	111	205	184	67	175	89	16	49	172	158	100	75	206	51	255	17	146	77	146	209	23	16	218	235	148	4	7	219	
2	189	50	153	211	225	176	103	30	5	72	163	172	190	38	64	235	59	147	145	22	154	18	223	45	20	26	107	149	68	165	223	
66	0	214	145	126	137	184	67	175	49	146	2	140	138	112	75	234	5	127	17	2	233	131	208	156	50	90	232	133	8	33	137	
34	48	112	193	44	20	248	80	237	89	180	163	140	30	212	43	238	145	255	149	130	43	227	192	22	88	154	250	71	132	115	215	
50	32	116	233	110	11	248	72	171	49	176	10	143	138	116	90	238	141	127	161	136	163	195	208	150	248	218	188	53	136	115	129	
66	48	244	208	109	140	248	82	233	89	176	57	140	159	84	11	206	145	255	145	130	111	194	192	151	88	218	186	6	4	35	219	
57	0	96	229	38	27	216	24	101	224	247	138	155	13	149	48	126	148	29	236	200	178	101	140	214	249	160	144	103	174	82	113	
114	32	68	237	92	11	72	72	13	160	176	10	11	10	21	18	122	133	127	224	8	51	193	220	150	248	131	180	101	170	114	0	
50	33	64	229	12	11	200	72	43	160	179	10	75	10	29	80	122	141	127	224	72	179	193	221	150	232	131	180	101	170	114	128	
57	201	107	110	84	130	79	240	229	64	246	2	115	203	179	112	120	236	22	238	201	179	44	45	114	237	161	136	119	187	114	232	
61	64	106	229	86	19	107	120	101	224	247	138	91	13	187	48	126	140	23	238	201	179	37	140	210	237	161	132	103	171	114	224	
2	156	50	153	211	225	176	103	30	5	72	179	172	158	38	64	235	59	147	145	22	154	18	223	45	20	26	75	149	12	165	222	
114	65	98	229	20	10	104	112	101	160	242	2	75	11	21	80	122	132	127	224	200	179	193	204	146	233	131	148	103	171	114	0	
2	152	146	153	117	173	184	7	30	9	80	16	172	158	32	72	199	59	147	17	50	156	82	215	13	22	26	194	144	8	129	155	
58	1	98	237	84	10	234	80	101	160	246	2	11	9	180	80	122	141	31	233	200	179	5	204	210	233	162	132	103	170	112	0	
3	143	66	136	214	147	174	231	12	4	88	231	40	138	182	196	110	43	147	197	214	186	4	253	42	12	142	195	31	140	249	221	
57	201	106	238	84	147	75	240	197	64	246	2	115	201	177	112	120	232	23	234	200	179	44	189	242	237	163	128	55	155	112	40	
53	72	107	207	86	146	235	112	68	64	87	198	113	76	181	100	126	232	22	239	201	178	44	253	112	40	170	128	63	187	112	245	
2	176	18	153	108	141	184	71	143	25	112	50	172	158	116	75	206	57	95	145	18	8	66	209	4	24	154	234	148	8	33	137	
130	48	182	152	109	237	184	67	143	89	80	59	172	158	100	11	238	57	215	145	130	94	146	209	5	24	218	235	144	12	39	219	
53	72	99	206	86	130	235	112	68	192	87	198	113	76	181	100	126	236	23	239	201	178	44	236	116	40	163	128	45	187	112	249	
49	8	107	206	84	130	203	112	68	0	215	66	49	201	181	96	88	168	23	234	201	179	36	13	80	169	162	128	117	171	112	168	
2	180	34	152	215	241	184	71	158	85	88	179	44	188	118	8	233	59	147	145	22	152	50	215	31	22	154	235	149	76	189	222	
58	65	98	237	20	2	74	112	69	128	246	2	75	9	181	64	122	133	31	235	200	179	5	204	210	233	162	132	103	170	112	0	
61	64	107	229	86	2	235	112	100	192	119	198	81	79	185	112	126	172	23	238	201	178	37	140	114	233	163	132	111	163	112	240	
