香奈儿炫亮魅力唇膏	158 - VIREVOLTANTE	https://i.chanel.cn/fnbv3/image/full/shades/rouge-allure-_-158-virevoltante-35g.0160158_S.jpg	https://i.chanel.cn/fnbv3/image/full/chanel__com_type1/skus_full/rouge-allure-_-158-virevoltante-35g.3145891601589.jpg
105	40	189	245	44	62	73	22	233	234	246	72	159	61	147	122	196	228	125	12	137	252	241	136	199	251	112	144	194	248	82	121	
167	0	226	208	68	34	168	64	89	211	115	151	8	142	119	105	126	141	51	181	164	247	134	192	22	42	218	140	133	109	113	212	
109	21	253	103	36	111	111	24	117	234	127	76	211	117	153	50	30	212	124	106	169	176	249	42	199	255	97	148	104	251	66	49	
205	120	187	241	165	190	73	23	249	235	182	92	159	191	83	122	197	165	125	28	153	252	241	130	207	253	117	80	130	232	194	121	
134	0	130	156	68	162	168	64	22	130	81	18	104	202	49	72	120	41	19	131	32	182	2	202	16	38	155	136	149	41	48	128	
66	189	187	242	147	228	49	231	186	81	10	17	188	183	64	82	167	119	121	145	51	73	154	103	249	148	30	106	128	0	165	123	
137	180	147	245	48	174	105	51	116	139	122	116	183	179	128	96	54	62	22	8	177	184	145	15	196	174	50	128	72	224	3	169	
47	150	231	77	247	51	234	250	93	203	125	230	72	104	189	164	127	78	18	173	165	176	45	206	46	62	213	134	223	238	120	181	
38	37	249	229	252	43	238	248	75	224	184	203	211	109	93	2	250	205	87	111	232	243	201	200	62	156	133	180	69	251	82	144	
153	89	122	199	118	2	255	117	52	192	118	162	121	31	178	96	126	188	23	238	225	184	37	78	118	169	162	128	103	178	225	249	
220	16	182	254	169	252	80	19	171	27	167	24	158	191	68	91	165	55	253	16	50	77	179	192	219	251	86	91	194	64	231	19	
129	168	50	91	85	165	169	71	94	21	100	20	184	151	52	108	233	58	2	28	179	188	50	247	77	158	18	66	219	8	225	184	
188	73	106	100	118	11	107	112	101	160	254	10	83	73	177	16	122	236	23	234	200	179	96	14	118	237	161	128	103	187	114	160	
201	17	191	245	36	60	121	23	237	203	118	92	191	191	19	123	132	39	124	12	169	248	241	136	199	251	112	144	74	200	67	121	
25	53	19	229	52	143	97	55	116	169	90	100	183	51	128	224	54	62	28	8	209	152	17	14	237	207	52	0	42	200	129	41	
89	93	21	101	180	14	71	55	101	168	174	68	247	51	145	245	68	38	92	108	201	152	113	28	165	248	36	16	42	176	64	41	
220	252	149	243	181	111	87	191	86	59	143	120	223	49	72	99	19	86	109	56	58	237	201	55	233	215	53	116	226	216	149	35	
0	204	2	154	84	131	170	230	22	1	90	2	104	202	32	64	121	106	2	208	98	190	8	255	40	6	159	64	21	10	48	136	
134	32	130	145	70	162	184	64	28	130	83	146	76	206	113	72	126	61	51	145	32	246	130	194	16	34	155	136	133	105	49	128	
49	66	111	77	68	82	237	117	69	198	246	198	51	8	183	109	106	164	38	236	205	191	101	140	86	42	224	0	119	168	116	236	
39	94	99	206	124	178	235	248	79	64	121	230	121	225	189	228	94	104	22	238	131	163	46	255	48	62	163	136	95	255	112	245	
2	141	2	158	84	162	170	99	148	128	91	2	104	234	48	64	120	43	19	131	48	186	10	239	48	38	138	136	21	106	176	128	
105	176	184	88	205	141	113	214	121	45	100	29	50	209	2	16	129	174	66	28	2	56	242	2	95	189	20	104	202	136	194	250	
252	253	221	231	190	107	87	172	122	234	63	42	119	121	203	51	179	86	236	99	121	241	169	46	253	231	101	23	228	123	159	43	
53	42	57	80	172	157	80	80	235	188	180	72	51	200	85	56	137	176	68	24	142	97	122	48	147	217	37	113	192	25	78	39	
80	162	123	104	58	80	49	232	244	24	246	160	157	215	168	112	55	157	238	160	34	195	175	85	211	163	43	141	33	128	39	163	
45	115	96	7	84	31	206	184	97	228	239	205	211	76	159	148	28	204	66	111	205	178	253	44	38	77	133	20	111	191	90	212	
32	236	130	138	84	131	170	230	22	1	120	2	104	200	48	64	121	106	2	209	98	190	8	255	56	6	151	64	85	11	48	136	
72	35	88	37	48	10	122	48	33	12	124	173	207	35	130	146	150	197	205	108	12	208	193	12	230	241	32	129	106	134	10	19	
74	254	218	102	242	168	126	215	51	66	124	237	61	215	192	16	55	255	151	128	130	158	128	107	118	165	36	169	47	210	174	155	
89	184	30	176	170	236	81	210	234	87	38	57	127	215	66	122	167	183	124	0	31	73	179	49	211	225	50	11	168	64	47	91	
156	255	183	127	154	98	55	252	54	174	239	112	253	247	137	116	117	95	238	226	112	211	235	127	253	231	111	140	162	243	165	225	
183	255	238	23	222	59	182	252	118	234	251	231	209	124	159	160	127	126	246	231	253	244	109	46	46	103	239	134	237	255	249	213	
220	238	255	94	154	240	62	254	182	150	206	179	249	231	233	123	119	255	239	210	112	207	175	127	127	231	255	205	167	243	165	123	
39	7	226	29	213	177	190	67	95	71	125	135	104	232	183	136	248	43	147	5	150	178	6	219	38	28	139	171	221	127	251	198	
246	252	246	94	219	241	150	239	251	215	253	186	104	254	238	63	239	255	234	130	191	111	238	243	58	126	87	63	247	117	238	215	
157	237	254	183	181	59	246	173	127	226	91	21	255	104	155	160	179	103	126	111	245	244	93	174	238	255	103	21	238	255	153	4	
141	237	215	87	178	122	174	173	126	226	123	240	217	98	157	245	51	126	238	106	245	240	175	255	46	255	103	4	207	243	203	165	
246	238	215	254	234	241	87	238	179	150	248	250	111	239	237	159	191	251	239	130	122	111	170	255	186	214	85	187	229	241	166	173	
238	239	132	190	248	167	79	254	187	190	248	253	232	231	15	21	221	239	239	230	248	207	203	255	248	182	223	188	202	245	166	217	
134	255	247	85	242	202	191	246	190	206	126	228	124	247	165	36	39	119	255	194	241	217	45	127	45	62	39	130	231	241	167	249	
94	58	83	244	235	200	48	88	171	168	102	233	12	215	193	218	38	245	238	144	5	81	130	192	214	177	39	139	162	196	47	3	
19	32	231	69	83	90	237	96	57	226	114	194	73	39	148	188	62	220	18	142	1	242	165	200	5	42	81	128	103	228	103	244	
35	116	101	69	85	15	235	176	125	224	102	198	209	101	149	37	92	92	82	110	225	240	125	206	37	30	193	4	79	190	82	180	
92	175	157	231	174	91	87	168	91	190	60	40	199	117	195	54	51	84	236	98	108	113	235	42	251	199	101	55	226	251	15	103	
149	74	127	125	44	26	237	184	228	82	243	230	243	72	189	235	122	196	110	239	233	165	47	61	132	235	227	132	125	185	113	32	
252	94	94	126	32	46	86	180	53	14	246	237	115	67	161	89	84	244	4	98	104	246	73	63	242	235	97	145	58	249	108	11	
85	169	153	195	178	70	43	152	42	224	142	192	213	246	197	116	54	85	124	252	145	24	189	98	188	172	47	196	136	163	129	48	
93	46	152	180	173	12	84	150	186	186	2	89	215	185	81	26	145	102	125	31	172	89	217	2	223	255	117	53	160	120	90	10	
98	104	237	84	200	104	21	39	170	182	162	153	50	166	69	91	129	247	105	128	104	79	226	40	87	162	221	51	129	112	214	122	
162	133	4	153	233	161	28	47	158	31	72	53	164	178	42	66	201	11	187	133	54	12	66	211	4	52	154	251	152	76	152	219	
77	225	189	99	40	30	107	184	102	245	39	0	247	71	218	114	16	68	104	94	139	64	255	17	207	201	37	116	32	162	64	96	
181	100	121	46	26	103	139	104	84	70	233	11	243	88	27	49	91	137	82	239	236	39	124	31	209	141	35	60	113	115	35	192	
69	160	149	163	172	13	161	136	106	185	3	88	215	49	72	10	145	69	104	89	19	120	203	0	205	154	127	116	200	10	129	33	
248	36	140	228	9	14	76	43	33	178	166	25	83	35	80	27	200	196	125	168	104	79	193	8	211	235	213	61	33	224	94	10	
41	48	19	88	73	221	144	75	198	97	228	8	186	208	36	172	200	50	234	17	5	107	250	16	19	89	17	59	91	12	107	190	
51	48	55	65	77	95	160	66	94	104	242	106	82	156	132	164	252	28	242	1	133	243	113	208	21	26	1	50	67	8	74	165	
24	34	91	64	106	65	48	88	161	40	116	171	12	151	164	20	46	157	199	128	0	211	130	64	86	161	33	171	99	128	46	131	
3	18	117	69	34	27	169	16	109	96	114	230	204	6	132	164	38	21	106	72	129	240	53	72	4	58	3	130	71	128	5	181	
114	98	96	56	105	1	73	72	163	12	176	233	11	199	4	148	204	149	237	198	72	71	202	208	144	240	139	187	115	134	38	97	
50	34	91	120	106	209	16	72	171	12	176	170	15	223	164	148	174	177	198	194	8	103	138	80	147	208	1	187	101	131	38	39	
3	35	87	69	48	90	170	0	125	64	122	224	201	2	148	244	50	13	102	200	129	240	165	192	4	254	3	2	71	130	75	165	
17	97	76	33	21	27	226	0	109	96	250	69	207	8	146	160	186	13	108	125	141	240	213	200	166	253	3	17	109	6	75	6	
51	113	122	94	95	213	147	104	123	64	237	10	122	220	38	180	186	187	210	106	199	35	190	255	51	93	1	47	83	38	110	230	
13	228	148	186	173	189	50	152	222	59	61	88	222	211	105	140	151	27	234	30	54	100	90	243	207	223	17	126	218	89	137	131	
64	48	121	96	16	77	49	16	32	236	100	108	22	23	64	22	4	60	68	16	3	152	176	0	193	133	32	114	66	0	7	243	
82	162	42	90	42	208	152	200	174	29	196	177	233	206	230	82	71	243	237	129	22	71	174	113	218	97	187	187	20	132	47	231	
48	248	218	50	106	201	49	192	234	240	160	40	54	220	110	50	163	243	66	80	7	107	154	113	25	133	5	59	65	10	15	131	
96	6	211	69	82	14	111	48	121	134	106	196	89	39	149	117	118	204	2	44	161	208	181	78	45	174	134	0	98	162	102	240	
93	34	146	96	177	60	68	147	107	187	162	92	207	162	205	254	167	69	108	28	151	192	169	64	154	249	85	110	138	245	171	5	
108	186	149	214	253	92	97	186	187	185	34	124	234	119	204	246	193	214	236	24	11	72	251	241	31	154	213	126	130	224	198	61	
240	52	189	100	77	127	208	107	211	254	176	57	74	60	68	59	137	149	236	33	172	103	243	136	91	219	81	63	65	104	70	119	
101	216	213	84	233	124	100	151	251	179	166	248	210	55	205	255	197	214	232	58	185	122	251	160	63	250	85	86	138	249	200	52	
221	111	218	166	146	6	110	212	113	192	235	71	95	194	115	80	118	237	12	254	237	151	156	106	248	229	167	8	41	243	170	16	
25	207	42	87	85	158	110	246	245	140	126	69	107	233	54	208	48	238	198	206	228	185	4	111	119	239	38	1	99	214	235	206	
164	193	77	187	204	3	173	249	30	178	209	210	209	194	121	73	127	221	55	251	97	118	75	86	28	42	239	204	29	57	241	160	
27	111	106	197	86	146	235	118	100	192	94	226	57	12	177	32	126	236	23	253	133	153	36	236	118	45	174	128	39	247	113	233	
26	73	114	236	54	130	126	116	37	0	250	130	63	143	49	80	126	185	149	226	200	147	4	204	242	237	162	128	55	178	97	9	
255	77	39	38	149	118	79	183	225	230	143	4	89	127	19	182	89	228	89	238	253	131	188	142	251	255	141	4	43	247	250	116	
132	176	159	179	54	143	169	152	190	153	19	242	213	211	249	104	183	17	127	89	179	197	11	80	140	142	59	196	140	137	33	33	
2	140	98	155	214	163	170	231	30	67	90	147	44	238	52	64	127	171	19	149	178	186	4	255	60	14	158	192	149	12	177	200	
130	140	2	159	84	162	170	99	180	130	91	18	108	234	48	64	122	47	19	161	48	186	2	239	24	38	139	128	21	106	49	128	
236	237	17	254	237	68	71	188	145	138	173	8	242	243	73	247	209	246	124	106	73	70	250	47	255	255	197	59	2	115	214	43	
214	233	246	183	174	0	254	237	171	178	146	146	237	110	93	75	167	215	127	195	242	93	143	225	188	218	223	198	37	180	161	25	
10	223	18	159	255	153	182	238	31	5	88	227	172	250	166	196	247	123	167	65	70	184	67	255	46	86	30	195	22	92	141	143	
218	180	182	250	139	228	20	71	191	83	225	49	44	255	108	91	167	179	251	144	50	79	146	243	219	243	94	75	146	68	167	91	
166	106	172	209	236	73	237	204	158	254	20	187	148	141	215	11	201	73	127	95	198	118	227	208	70	24	255	189	148	248	85	216	
220	253	185	99	170	123	86	236	91	250	61	40	215	117	201	59	179	86	108	98	116	117	169	58	255	195	101	55	242	123	133	99	
130	190	242	146	235	245	184	199	187	127	145	191	140	222	126	9	175	59	215	145	178	79	186	211	31	22	223	239	133	68	167	215	
164	188	223	178	234	249	182	239	250	179	184	58	110	254	238	59	171	251	230	19	54	111	170	123	57	135	117	123	209	121	143	143	
169	71	94	255	116	158	105	53	245	10	119	118	187	19	176	117	110	170	22	106	233	188	100	175	102	251	176	128	127	136	106	169	
155	191	19	171	179	141	62	247	62	73	88	125	173	210	194	176	190	107	20	213	247	26	136	55	168	213	46	234	56	4	171	221	
236	223	215	71	211	126	111	188	123	162	111	208	105	103	141	245	119	94	34	234	241	244	189	238	47	190	69	4	227	243	230	164	
180	252	189	191	234	233	183	238	222	127	104	57	246	248	107	121	179	123	34	3	118	125	170	59	253	135	119	63	208	121	135	203	
124	253	245	71	238	91	215	248	91	186	63	42	86	125	205	175	179	84	236	98	97	113	169	42	127	223	101	55	103	251	198	103	
2	201	38	143	94	131	168	101	142	0	80	2	172	202	48	64	110	41	59	193	194	152	3	253	36	48	154	192	21	10	33	136	
2	140	66	159	212	131	170	231	22	3	90	18	44	234	48	64	123	43	19	129	50	152	0	255	60	38	158	192	149	76	177	136	
35	32	112	141	124	137	232	67	109	105	114	151	140	10	22	10	234	133	95	133	132	188	197	196	22	124	154	194	77	12	107	141	
252	205	199	94	209	110	111	252	53	194	111	92	91	231	41	213	117	246	34	238	121	215	57	46	63	174	197	4	171	251	228	112	
58	34	110	173	108	11	232	91	14	164	250	135	157	142	114	64	110	141	255	133	128	184	67	208	212	225	186	160	53	8	113	216	
18	74	78	165	34	146	184	87	172	4	82	231	45	142	182	64	38	45	191	197	132	153	5	200	150	97	186	129	37	132	45	221	
185	191	26	59	242	173	182	247	22	8	120	253	191	219	32	129	191	123	135	100	246	186	8	63	238	193	46	233	121	200	171	155	
164	245	103	90	213	143	239	252	228	80	101	199	80	205	60	53	124	216	19	254	243	163	62	125	107	8	133	76	91	155	242	240	
34	204	98	154	95	209	154	224	158	4	72	131	41	204	55	192	90	185	147	195	70	174	94	255	53	4	138	43	53	15	61	222	
4	120	223	253	110	4	168	216	62	153	80	226	149	255	121	75	118	89	63	221	131	225	139	113	12	46	255	172	157	49	33	177	
139	136	131	153	36	240	248	7	126	89	82	119	188	158	182	237	227	43	63	157	151	220	7	241	140	126	250	194	156	4	185	93	
34	61	162	152	255	180	184	70	139	9	88	35	44	158	101	160	236	59	147	145	150	26	130	243	31	20	154	235	149	68	63	207	
3	140	2	156	209	244	168	103	156	73	74	23	168	170	54	196	233	43	147	133	55	152	18	255	47	62	154	195	155	68	185	158	
220	151	213	97	186	107	87	187	229	191	175	124	215	51	128	119	35	150	76	58	57	225	105	30	234	223	101	84	234	249	192	33	
41	217	105	197	116	159	239	181	76	104	94	70	179	29	182	228	94	108	23	109	193	184	101	189	102	125	164	176	94	190	208	249	
98	51	72	101	48	26	122	56	33	168	180	237	79	35	194	22	22	196	205	236	12	208	209	204	230	245	161	145	46	134	74	147	
43	96	37	69	29	31	206	40	118	160	226	68	203	8	20	164	220	76	122	239	237	240	117	156	39	251	139	16	75	46	90	164	
88	34	127	101	40	2	9	24	54	60	234	225	203	7	128	208	118	213	237	128	136	209	233	29	192	231	35	133	96	130	36	97	
125	94	94	174	160	46	87	184	49	142	234	109	87	119	35	89	212	231	36	102	141	147	88	44	240	239	97	16	248	251	2	113	
19	32	239	77	74	83	168	72	116	224	242	226	89	190	180	160	122	221	114	137	5	243	167	64	22	169	139	131	101	32	107	132	
85	41	139	166	240	70	111	212	112	200	74	64	241	242	209	112	114	239	20	252	205	218	172	104	188	172	175	132	168	178	35	44	
84	167	251	102	226	75	118	248	115	162	58	234	87	245	193	48	55	220	100	34	100	115	173	42	250	134	101	37	224	250	7	35	
82	50	91	160	98	208	56	80	169	128	226	233	77	199	224	240	38	189	235	144	4	211	130	64	158	225	15	139	35	128	47	149	
85	44	154	166	246	42	102	143	122	163	10	108	214	240	193	16	179	239	108	17	5	112	137	34	188	132	37	102	172	114	155	11	
69	247	117	71	170	11	167	184	108	178	10	232	215	96	201	35	55	85	104	99	225	228	109	63	172	130	103	116	76	242	3	41	
117	168	190	80	141	189	80	138	239	23	165	24	74	248	111	122	161	194	104	16	22	99	187	112	155	154	85	127	208	73	200	70	
165	196	5	123	76	7	231	248	22	26	240	80	83	113	57	169	89	64	115	238	105	102	91	61	101	138	229	140	89	123	242	160	
252	146	157	46	40	78	87	184	131	254	161	109	214	119	75	91	149	212	108	98	105	71	219	8	249	163	101	60	248	114	6	83	
93	132	156	83	137	95	85	191	231	247	39	28	211	113	74	123	129	70	104	28	62	108	251	16	203	219	85	85	194	232	76	78	
12	172	152	179	237	253	117	154	223	127	44	28	223	225	107	26	147	10	110	26	54	116	122	179	207	223	85	125	218	217	13	194	
130	190	242	147	255	229	184	199	191	127	80	183	140	254	116	8	239	59	151	145	178	95	138	211	28	22	159	235	133	68	167	219	
104	48	189	244	205	109	144	15	91	187	185	57	18	61	68	186	141	151	225	17	25	123	211	130	93	215	80	123	193	72	198	179	
103	168	220	82	233	156	48	166	235	177	38	88	18	182	196	254	197	118	104	24	23	123	186	224	31	58	85	127	194	224	202	12	
84	34	200	36	128	72	101	17	96	198	166	13	211	163	67	90	32	196	108	62	76	64	245	0	211	175	100	25	160	240	78	66	
35	168	113	81	236	221	232	75	203	121	176	216	178	140	212	180	140	58	214	24	159	107	238	241	7	24	21	122	83	136	218	164	
105	184	115	80	235	141	113	83	187	125	100	28	62	151	4	20	39	46	98	28	146	123	178	113	87	56	17	106	66	132	194	225	
88	186	251	176	162	216	48	19	54	65	226	249	127	222	192	240	55	191	237	145	30	91	175	115	222	229	63	203	164	128	167	19	
162	190	114	83	210	143	191	215	57	3	116	246	56	243	164	52	63	255	19	140	178	154	20	239	54	62	20	162	239	208	163	189	
99	17	143	92	73	148	224	8	241	64	226	68	114	242	36	246	216	124	234	200	13	227	246	65	3	186	194	10	88	34	106	148	
36	33	221	197	252	11	239	120	204	176	248	74	211	41	85	3	106	197	95	99	201	243	201	76	124	24	231	180	77	170	82	160	
177	48	40	168	60	63	208	91	65	109	180	221	131	8	22	8	216	128	84	189	156	38	85	144	208	89	176	252	93	140	122	197	
16	34	62	57	42	203	49	72	246	188	241	169	151	198	224	32	55	57	78	1	2	241	46	29	200	131	47	181	112	10	7	163	
82	34	14	124	8	166	152	74	166	133	192	213	193	206	118	66	204	127	233	129	142	75	131	17	211	161	187	153	0	0	63	82	
66	170	14	52	11	152	176	7	174	23	66	177	172	138	66	74	167	39	233	17	22	201	134	97	208	33	26	75	136	4	175	79	
51	245	58	92	91	149	150	232	223	4	236	10	120	216	127	48	249	185	210	99	198	35	186	223	123	93	3	47	81	39	107	167	
1	99	95	69	50	218	170	0	108	96	106	64	222	8	148	224	178	101	106	121	133	176	53	76	164	62	10	0	76	130	73	36	
242	99	73	104	104	1	90	72	131	52	176	169	35	207	196	16	222	145	229	226	14	67	202	81	146	144	169	191	113	130	110	224	
3	96	119	65	2	95	169	0	44	96	242	194	217	134	148	228	46	149	122	204	129	241	37	192	21	58	3	128	67	128	33	116	
58	34	87	73	106	18	184	88	51	4	224	225	9	135	132	148	126	157	195	128	0	211	131	208	22	225	131	171	67	132	46	128	
51	33	18	8	45	95	144	74	206	104	176	72	214	216	54	32	200	1	126	5	141	107	214	144	145	216	11	59	89	12	107	132	
99	185	48	60	13	157	209	203	203	92	164	13	174	216	94	148	137	35	204	13	158	107	218	177	145	88	17	62	90	12	11	70	
130	132	128	153	249	161	60	47	30	31	72	177	172	38	10	193	195	11	171	5	50	24	67	215	12	54	154	235	144	68	133	219	
209	74	111	124	108	26	104	56	213	210	114	246	211	72	177	235	122	164	46	239	233	52	103	95	84	171	227	132	125	185	112	32	
49	74	107	79	68	74	237	116	69	102	127	198	115	41	182	100	122	172	38	142	201	186	117	200	86	47	240	0	127	170	116	248	
239	205	199	95	209	118	230	238	243	219	235	80	106	246	189	247	217	254	226	234	253	247	187	239	43	254	199	14	203	119	234	180	
6	223	118	87	242	166	191	246	190	134	126	230	249	247	165	100	39	127	123	202	224	216	61	111	111	46	103	130	103	243	165	185	
12	104	165	177	236	77	237	23	142	251	80	75	157	143	81	10	201	41	123	29	67	116	195	144	77	209	255	188	148	216	85	184	
38	141	214	157	252	35	188	239	156	128	88	2	172	234	53	67	111	107	19	161	112	251	66	204	60	58	207	136	149	104	241	137	
94	95	140	164	58	18	30	56	164	164	154	231	237	42	3	194	166	229	253	231	236	193	205	174	250	231	239	147	44	119	57	19	
184	76	122	101	118	10	127	112	117	130	118	2	91	9	177	49	122	236	23	234	232	180	37	14	114	233	32	128	103	187	98	160	
133	255	246	39	182	59	238	188	127	226	91	84	239	120	159	228	51	71	238	99	245	240	221	239	174	255	71	7	238	247	201	4	
73	120	186	240	1	252	113	71	251	219	38	24	190	159	98	122	165	59	253	16	3	205	178	194	219	221	22	75	130	64	167	123	
3	141	3	158	149	244	170	103	20	73	75	82	40	250	52	228	249	43	147	129	55	152	34	255	41	54	154	195	19	70	245	238	
109	84	249	103	52	79	111	56	113	234	119	76	211	117	153	50	30	212	124	106	169	180	253	42	199	239	97	148	106	187	66	49	
182	236	253	95	202	241	191	239	254	214	248	187	105	254	205	187	127	255	239	195	124	111	239	123	63	231	255	187	197	113	166	254	
2	140	130	158	148	163	174	199	22	3	90	18	104	234	49	64	121	43	19	129	50	152	8	255	36	38	154	128	149	91	177	136	
201	25	191	244	37	220	113	23	249	91	118	24	190	159	2	122	164	55	125	0	179	237	178	193	199	251	114	10	130	0	135	123	
66	217	162	156	79	208	156	166	143	84	130	175	172	204	118	66	226	243	251	213	70	11	150	241	189	48	222	187	20	28	189	94	
107	91	99	204	111	145	142	121	197	72	216	238	104	204	181	228	94	168	183	239	197	51	230	221	22	62	203	170	95	174	120	157	
166	0	226	220	68	34	168	66	84	131	81	18	8	136	125	72	120	173	51	145	128	246	132	194	20	42	218	140	133	109	113	192	
170	216	34	186	79	197	146	230	158	68	192	3	44	222	38	192	232	187	147	195	70	47	18	255	53	20	154	43	21	29	61	222	
2	172	2	154	84	163	174	230	22	3	88	2	104	234	49	64	121	106	2	131	34	190	8	255	40	6	139	192	149	91	48	136	
38	140	2	158	84	163	170	226	148	1	91	18	104	232	48	64	120	43	19	129	48	186	8	255	56	38	138	200	149	11	112	128	
216	88	191	244	34	204	117	182	185	134	102	8	63	183	33	91	38	245	109	66	64	197	178	106	209	163	112	9	32	241	37	123	
88	88	179	244	98	104	117	150	169	134	102	40	62	183	97	126	34	116	109	66	65	213	178	106	209	182	80	10	34	241	39	43	
18	65	114	142	62	129	190	101	141	0	209	130	236	206	56	64	126	185	31	227	194	3	2	221	176	52	138	152	53	30	161	137	
43	73	105	237	60	150	207	188	69	104	84	198	177	13	151	224	92	228	21	239	201	176	101	173	102	249	162	148	63	191	80	121	
133	255	255	95	254	63	182	254	254	250	123	114	237	248	189	167	191	127	238	99	245	245	175	255	62	255	103	6	229	115	235	133	
255	93	231	118	149	118	79	183	113	202	142	20	123	125	23	183	217	230	157	174	253	206	253	174	235	255	197	154	175	246	250	118	
3	61	178	216	255	180	184	86	139	73	124	35	44	190	247	32	206	59	151	145	134	43	162	239	63	92	154	234	215	84	99	223	
34	11	162	158	207	241	190	195	158	69	88	163	172	236	119	8	201	123	179	133	22	58	110	243	21	20	154	171	213	111	53	222	
225	252	213	94	253	255	71	191	91	59	46	120	110	115	140	247	147	214	96	42	115	92	251	255	63	190	85	126	146	217	202	45	
154	85	122	239	118	18	127	117	53	66	119	163	121	95	186	97	126	185	151	238	232	150	44	207	118	235	170	128	39	182	228	251	
210	65	82	174	54	128	94	100	45	0	210	130	47	206	61	80	126	185	159	227	72	135	0	207	176	249	138	136	53	146	33	9	
220	239	239	127	154	34	111	190	54	166	235	213	225	231	9	80	127	255	237	242	248	214	239	63	239	231	239	133	165	243	164	112	
198	201	214	148	238	0	188	229	175	178	146	2	236	234	121	75	239	199	127	225	96	77	139	205	188	18	207	132	4	48	161	9	
28	223	239	111	178	6	127	188	55	174	239	165	65	103	137	84	119	222	237	234	104	208	105	46	238	239	231	132	163	243	164	113	
141	239	172	63	156	55	158	254	86	250	221	215	241	232	91	33	93	111	118	239	253	246	207	63	236	207	239	189	253	251	187	128	
37	64	73	189	236	3	237	184	22	176	82	66	213	67	249	105	91	76	54	235	65	242	75	16	204	138	255	164	60	184	113	160	
47	235	96	78	248	147	207	252	83	236	253	237	99	237	159	180	94	232	151	238	223	186	236	191	62	28	165	184	127	191	254	253	
156	255	190	191	178	107	55	252	118	182	253	187	255	230	235	32	55	123	238	99	114	253	47	63	232	199	111	53	244	123	133	163	
230	238	204	92	216	161	79	239	187	183	252	221	225	230	70	27	207	247	239	150	58	79	202	127	62	183	223	249	245	240	174	248	
92	223	80	238	170	9	23	184	27	166	15	239	111	101	137	214	55	215	236	98	64	49	139	63	252	231	101	55	102	251	141	49	
138	223	86	159	247	153	182	239	31	5	88	231	172	238	36	196	230	123	135	65	102	184	7	255	190	118	30	195	22	28	173	141	
220	255	251	230	242	107	55	252	123	166	63	234	127	245	201	48	55	246	228	98	116	115	173	46	255	135	101	39	231	251	135	43	
124	247	245	71	238	91	183	248	75	174	191	106	79	125	205	182	191	212	228	98	193	115	169	168	123	207	101	55	103	251	199	165	
222	176	182	250	169	236	80	19	171	27	167	24	142	255	76	91	165	151	253	16	50	79	146	192	219	251	82	123	194	64	167	19	
210	188	182	186	139	228	54	199	191	23	169	49	172	254	104	91	167	179	251	147	50	79	154	243	155	242	94	75	144	68	167	155	
253	109	66	182	208	6	78	246	113	202	234	69	115	227	51	209	120	238	20	238	237	154	156	46	248	239	167	136	41	243	234	24	
39	67	226	28	213	145	182	77	95	197	124	135	72	232	126	128	216	107	130	21	148	186	6	194	62	60	158	107	221	126	251	198	
233	56	186	245	165	188	81	23	249	235	246	24	191	189	83	122	128	54	125	28	185	252	240	130	199	255	112	144	194	192	210	123	
66	217	166	152	143	209	188	199	142	85	146	167	236	188	118	74	237	51	251	129	86	9	19	241	31	16	222	203	149	28	189	94	
134	0	130	156	68	162	168	64	22	131	81	18	96	202	49	72	120	41	19	145	32	182	2	202	16	38	155	136	149	107	48	128	
134	32	130	153	68	162	168	64	52	131	81	18	72	202	49	72	123	41	51	145	0	214	2	194	0	6	155	128	133	105	49	128	
99	143	98	140	127	177	250	99	29	68	92	175	40	200	182	196	222	171	147	133	198	58	6	255	54	60	138	171	31	14	120	223	
33	168	122	80	235	157	177	67	235	49	116	26	60	211	164	180	39	62	114	12	18	251	178	113	23	40	17	106	67	0	227	161	
64	2	76	101	96	6	107	16	53	36	110	197	197	39	0	80	86	157	107	140	136	208	241	64	229	183	139	0	32	130	36	112	
212	137	88	250	131	200	95	167	57	7	71	27	143	63	104	88	227	151	57	146	90	28	154	247	219	247	218	73	176	1	133	66	
99	115	73	37	96	10	122	56	41	96	234	205	195	11	6	16	150	205	85	228	204	208	193	76	166	188	128	128	8	130	74	83	
115	7	105	228	116	11	206	117	77	160	186	202	83	9	148	48	254	164	95	239	201	171	69	204	182	188	162	144	101	138	114	9	
163	173	90	67	242	166	174	246	56	136	122	214	113	227	180	16	62	107	19	172	33	154	16	111	108	142	175	128	9	194	227	152	
188	76	126	231	102	42	126	116	113	130	126	2	91	43	177	89	126	236	23	234	168	180	1	174	246	239	98	128	103	251	96	137	
19	50	215	37	18	14	42	64	60	172	226	228	205	6	132	208	54	85	108	165	161	208	37	78	132	230	43	128	41	32	35	181	
97	160	56	58	14	193	144	200	194	208	160	9	178	216	118	34	201	227	122	129	14	99	222	113	208	41	143	63	93	8	123	134	
35	91	99	79	70	151	231	116	69	72	123	230	112	156	180	228	124	188	54	207	201	186	100	237	52	44	162	128	127	143	240	253	
41	89	122	229	53	159	255	182	77	200	118	42	63	29	183	164	134	112	149	79	193	184	36	173	99	249	36	128	118	188	88	125	
2	140	146	155	150	162	186	231	62	129	90	146	44	238	48	64	127	59	19	145	50	152	10	255	44	38	158	192	148	64	177	153	
51	68	165	37	60	95	194	32	95	232	146	12	210	56	148	162	216	68	124	111	173	225	121	158	161	254	201	146	72	58	80	100	
246	221	253	95	151	114	87	175	81	199	142	50	115	125	22	119	243	246	253	35	253	233	253	174	251	255	213	19	231	244	214	126	
130	137	150	157	252	131	188	103	28	144	82	18	172	42	48	67	234	43	19	129	112	248	67	204	44	50	222	192	21	40	177	137	
253	89	223	174	176	14	87	184	33	236	235	101	87	115	35	82	246	228	44	102	25	147	57	40	242	237	101	20	169	179	96	115	
130	134	84	153	58	136	56	47	30	23	72	245	172	34	130	64	199	11	163	5	118	28	67	215	12	54	186	195	148	68	157	139	
71	83	165	133	44	30	175	48	239	232	155	198	208	108	221	238	70	101	124	207	197	65	255	192	132	62	207	150	12	127	17	117	
34	153	160	158	223	225	186	207	142	85	88	171	172	188	103	0	201	123	147	193	18	58	210	241	61	20	154	171	149	77	149	218	
49	48	29	73	41	95	144	73	206	96	178	72	150	152	20	36	200	21	106	1	141	235	243	16	145	184	11	59	88	8	75	142	
35	50	72	169	106	13	184	72	42	36	100	143	149	130	2	16	238	13	83	12	4	214	208	16	212	161	171	40	12	0	27	144	
66	200	150	149	110	2	188	111	174	178	210	2	172	170	112	67	239	37	63	129	64	93	131	193	188	50	223	140	4	48	161	137	
81	119	2	160	85	14	99	116	117	32	202	79	79	136	50	84	248	141	106	229	204	179	149	206	176	52	2	2	107	134	112	14	
33	107	93	229	108	11	239	57	204	160	122	74	213	1	208	2	106	228	126	107	193	186	195	12	108	136	175	164	76	170	81	169	
255	55	121	98	163	127	95	81	233	254	189	189	75	93	207	191	39	213	213	126	229	103	188	138	122	217	101	183	239	247	78	245	
124	169	232	32	188	205	81	143	35	245	164	141	151	13	90	18	137	132	65	85	30	104	248	17	251	213	5	125	224	136	222	82	
221	107	123	103	48	198	111	244	96	168	86	96	241	83	144	112	50	236	20	250	201	146	172	46	249	173	175	128	32	179	230	33	
61	109	67	38	244	134	78	246	113	202	254	68	115	115	179	244	121	238	20	238	237	154	76	46	242	239	167	128	46	247	250	217	
74	42	46	188	9	132	89	91	166	141	194	1	198	207	50	74	204	37	105	133	14	75	211	17	209	179	155	25	0	4	52	82	
124	251	241	70	246	91	183	248	107	168	191	234	95	125	221	166	62	220	228	99	193	179	173	168	58	205	37	182	103	187	199	165	
225	6	249	77	100	42	105	26	117	226	126	246	147	33	145	120	123	172	38	12	169	244	229	10	68	174	112	132	253	233	80	33	
112	39	243	85	114	75	183	104	123	162	98	234	71	241	196	54	55	252	96	96	32	242	141	78	60	38	69	38	101	170	71	164	
51	34	71	33	48	39	168	74	54	164	234	197	65	6	4	144	252	157	71	164	44	208	81	78	144	198	171	128	65	0	35	180	
12	233	51	122	253	221	243	238	251	21	40	9	46	204	116	176	137	123	195	81	66	107	186	245	123	93	23	107	210	28	119	234	
0	34	53	185	42	139	1	88	55	180	235	232	199	199	128	4	63	185	110	128	10	240	79	93	204	130	1	36	118	138	37	32	
126	219	108	101	50	10	127	184	37	228	254	229	219	103	139	84	118	212	125	238	200	144	205	76	238	239	167	132	47	182	96	113	
99	1	207	77	41	90	130	9	254	0	235	0	210	242	164	242	216	108	122	8	13	163	251	93	3	62	130	26	88	42	122	134	
204	239	237	127	153	34	79	190	55	182	239	144	233	231	9	85	95	255	239	250	120	214	251	127	127	182	199	132	227	243	166	112	
141	238	190	127	232	181	190	238	254	211	250	80	233	232	127	171	255	111	234	135	246	239	143	127	62	255	87	9	193	241	235	140	
213	253	174	62	221	62	118	238	247	251	255	23	114	248	31	99	253	230	110	247	254	247	159	127	254	62	87	5	233	247	250	6	
167	237	206	189	248	171	190	231	190	183	76	157	181	226	19	17	203	111	123	78	116	223	218	63	252	167	255	169	140	113	155	218	
112	49	136	100	0	78	65	49	96	196	166	13	211	35	66	82	80	196	104	12	8	64	241	0	215	165	68	16	104	162	70	82	
195	254	144	147	58	152	58	174	63	127	18	245	172	6	194	199	167	71	237	85	231	76	207	247	172	80	63	250	12	5	11	93	
116	168	188	48	141	237	85	142	235	247	160	25	14	184	71	26	129	67	232	16	22	107	178	16	219	219	85	127	208	117	199	70	
181	173	210	163	214	11	102	207	58	160	40	89	87	226	65	16	51	110	0	124	115	216	140	46	188	4	5	100	168	242	210	136	
85	67	209	69	42	15	14	184	38	168	58	236	211	97	193	34	54	68	108	110	193	48	205	24	164	140	37	148	109	243	1	49	
52	86	149	237	164	43	71	184	86	170	185	104	211	113	137	56	89	212	4	42	169	182	73	26	224	134	225	20	240	251	86	33	
44	176	188	241	237	125	113	27	251	255	61	29	158	225	75	14	147	10	110	28	2	100	250	210	207	223	85	124	218	232	71	242	
104	56	184	112	237	109	145	23	91	59	189	56	158	189	68	42	141	159	245	17	27	122	211	130	95	223	80	123	202	72	138	163	
100	168	223	86	194	154	52	235	186	178	32	8	116	242	236	178	51	126	98	16	35	219	154	105	31	170	71	38	193	96	99	160	
206	176	150	248	41	236	80	90	171	27	165	24	142	255	68	95	165	145	255	16	26	111	146	208	219	251	82	127	194	64	39	3	
41	73	104	237	52	30	207	180	69	232	86	134	187	13	151	100	94	236	149	110	201	184	101	173	102	249	164	144	55	191	80	249	
154	223	94	191	118	153	52	231	159	4	82	231	173	202	34	193	231	59	175	1	102	156	6	255	182	119	62	139	52	12	173	139	
34	249	48	186	77	197	148	230	158	21	208	3	172	158	38	5	204	59	147	193	70	43	82	245	161	80	154	59	17	28	61	222	
253	80	121	103	52	14	111	184	113	232	247	104	211	85	153	112	126	212	124	106	201	180	253	44	231	235	97	148	103	187	66	33	
152	68	114	238	118	2	126	116	53	130	251	2	111	75	41	81	126	169	23	226	232	151	0	206	178	233	162	128	103	242	96	137	
182	197	82	174	30	129	206	105	29	0	217	2	111	202	60	64	122	169	31	227	106	7	72	223	176	252	138	152	53	42	240	0	
66	217	162	152	143	213	188	231	143	93	146	163	172	190	102	66	229	51	187	129	86	11	178	241	189	48	222	251	20	28	181	95	
52	249	105	72	94	71	199	248	70	168	180	106	83	213	253	36	124	216	23	234	203	39	122	61	113	136	165	188	127	187	86	177	
228	255	216	87	211	251	183	238	250	182	45	124	108	242	204	183	55	126	226	98	113	125	188	127	62	46	69	55	203	115	207	175	
88	92	187	244	3	228	117	150	177	134	238	9	62	183	99	90	160	247	233	194	64	207	178	106	211	231	82	9	32	113	39	122	
156	255	247	191	154	235	55	254	55	182	239	250	239	231	41	69	63	255	238	226	120	255	79	127	253	134	85	52	246	251	165	33	
15	221	102	95	178	134	175	246	60	138	126	198	249	227	181	68	127	127	51	206	225	152	27	111	110	174	239	128	15	243	225	176	
3	132	2	154	85	244	186	234	30	73	73	83	232	254	62	228	249	43	147	149	55	142	10	247	9	54	154	203	145	7	185	198	
39	251	225	75	219	145	158	237	83	229	252	239	40	236	214	180	95	235	147	220	215	58	236	255	62	28	141	255	95	150	218	220	
140	81	61	235	236	77	181	216	206	56	48	8	182	151	105	27	164	89	91	67	67	37	186	49	69	137	114	60	80	91	7	187	
45	237	172	191	188	47	238	252	86	250	223	69	243	232	27	33	221	111	123	239	221	240	223	61	237	255	239	52	220	251	216	210	
247	205	199	95	185	126	198	238	255	218	235	16	226	250	173	247	217	126	126	106	125	231	251	255	43	254	215	31	216	123	234	134	
57	201	112	225	116	159	222	182	77	104	54	10	171	9	181	36	174	160	23	106	204	184	96	188	246	217	36	176	119	188	80	141	
197	64	235	119	36	44	233	16	124	90	119	84	211	5	153	107	102	36	54	14	161	244	109	34	196	251	114	128	204	249	81	113	
244	253	247	86	214	123	183	238	123	178	127	58	106	241	237	55	51	254	98	122	112	247	174	110	59	174	69	46	227	251	231	165	
74	188	178	254	11	252	48	7	189	19	102	16	188	191	100	122	167	51	251	16	18	77	146	227	219	247	90	75	130	68	167	27	
66	153	146	156	235	196	60	7	143	89	154	33	172	190	96	66	198	51	191	129	82	11	146	241	181	112	158	251	16	4	165	91	
2	141	2	158	148	163	174	231	22	3	90	2	104	226	33	64	121	107	19	144	50	152	8	255	40	38	158	192	148	90	176	136	
236	85	191	238	207	109	183	255	136	190	184	10	125	255	105	3	175	83	99	99	80	35	186	42	117	129	111	60	81	123	167	251	
72	149	59	97	177	204	117	55	41	73	110	20	158	183	32	112	166	63	21	16	19	152	176	68	239	253	54	66	200	0	133	59	
43	31	99	206	247	177	174	101	77	72	121	238	104	200	180	228	94	170	146	239	213	186	36	255	54	60	130	138	95	223	248	181	
102	168	231	95	248	2	111	184	55	180	230	160	97	231	141	85	95	252	107	234	88	210	203	253	126	254	199	132	166	178	102	48	
195	118	229	29	250	174	175	30	254	218	90	244	245	246	208	102	23	127	63	175	163	84	191	95	44	58	111	168	28	245	129	245	
9	107	17	229	108	9	239	48	100	168	122	64	247	3	208	99	78	108	110	110	193	176	197	8	228	169	167	160	12	186	81	168	
127	51	99	77	16	22	75	56	39	164	238	196	91	71	157	212	118	156	125	236	201	144	245	14	254	237	167	148	111	162	96	56	
87	65	161	135	36	28	206	32	107	232	155	206	223	236	221	230	214	101	124	239	205	1	253	192	160	124	143	156	12	55	17	117	
71	73	237	71	44	78	239	48	204	234	159	66	208	124	149	102	74	100	122	79	193	161	255	192	5	62	231	144	69	187	81	101	
2	172	146	155	214	162	186	231	62	1	90	146	44	238	48	64	127	59	19	145	50	156	0	255	44	38	158	192	149	64	177	137	
82	1	71	65	82	14	107	16	53	36	106	135	65	7	0	84	118	140	107	204	0	208	209	72	117	170	131	0	34	130	0	32	
25	95	91	231	178	70	111	117	52	202	250	98	117	119	161	113	54	255	20	234	233	145	45	46	225	175	175	128	32	242	163	169	
16	168	94	88	202	128	176	79	170	145	224	18	32	211	68	18	43	191	98	136	18	235	146	97	30	40	19	104	201	128	235	136	
3	159	16	189	48	172	24	55	30	75	88	245	164	162	162	192	199	43	135	5	247	136	66	223	172	54	58	202	24	196	153	29	
34	177	176	136	223	197	184	207	11	73	88	43	172	190	108	0	205	27	147	145	146	58	210	241	61	20	158	235	213	14	151	219	
17	32	79	45	74	2	104	72	54	160	226	193	85	131	0	16	126	221	98	133	12	210	133	72	148	162	139	0	97	128	35	128	
120	160	40	186	13	193	145	200	198	148	128	11	183	217	90	2	201	227	107	1	14	99	219	49	209	129	143	61	84	8	62	194	
80	66	53	69	46	75	194	32	108	168	186	104	214	56	133	34	18	84	124	99	137	240	69	12	132	174	97	18	68	59	85	37	
1	49	1	165	112	15	235	48	40	232	106	77	213	23	16	16	148	77	91	111	193	144	241	12	229	156	43	32	8	35	3	240	
81	48	23	40	111	201	144	75	79	32	226	42	166	152	4	36	170	189	106	1	5	123	215	208	148	48	27	58	121	8	3	14	
42	233	104	94	93	209	82	200	131	4	237	138	42	205	39	20	72	186	211	66	78	43	218	183	115	213	128	59	115	143	126	158	
215	52	255	84	171	95	93	121	169	254	181	189	75	124	222	63	167	149	213	38	253	101	188	192	219	91	69	183	103	228	7	119	
96	185	105	96	84	79	65	51	34	228	172	9	19	29	82	16	8	156	81	24	74	122	240	4	207	141	5	117	97	128	86	250	
250	169	25	250	9	213	90	136	131	49	164	8	175	215	72	246	201	146	249	208	74	11	218	177	155	213	129	127	50	0	14	42	
253	89	254	166	58	14	83	184	177	236	182	44	95	87	131	115	126	228	124	110	233	199	185	44	250	233	101	148	106	179	98	115	
220	121	127	103	34	14	95	184	101	172	182	100	91	83	137	115	54	212	93	234	233	229	57	44	243	233	103	148	43	179	102	49	
17	10	5	37	16	7	104	103	52	160	98	213	211	34	0	0	252	141	36	173	185	216	81	28	148	166	186	0	105	0	32	8	
99	32	14	156	13	208	192	104	207	128	129	8	226	216	52	242	216	177	122	97	78	99	206	89	149	48	139	59	80	10	122	6	
17	32	76	161	18	11	104	91	52	160	74	197	215	3	0	64	114	12	63	45	5	216	69	30	196	142	187	192	44	128	17	136	
0	2	85	201	74	11	41	11	62	164	226	192	192	3	132	84	94	156	106	168	16	176	69	92	4	6	1	0	80	136	4	160	
113	0	83	77	58	90	130	73	110	32	234	96	210	210	164	112	242	28	106	32	5	163	199	90	16	44	3	19	85	10	105	4	
40	233	179	122	221	221	176	238	219	21	44	9	174	221	116	132	137	59	195	81	2	107	154	247	111	85	22	107	210	28	223	250	
100	168	158	114	201	153	176	194	206	177	160	24	34	232	102	18	169	119	234	16	6	107	138	49	25	131	93	127	209	8	143	142	
5	175	190	63	173	183	238	238	254	154	242	1	234	232	125	171	217	111	106	207	252	235	155	121	189	255	95	9	192	115	235	142	
32	102	213	69	82	15	174	40	48	178	162	200	211	33	16	19	63	84	74	106	96	240	93	78	108	130	101	20	105	226	67	160	
106	170	150	92	201	168	144	135	171	31	160	25	42	230	68	158	129	115	232	0	22	75	194	161	25	242	84	123	194	76	206	14	
45	86	149	101	184	47	71	184	84	170	186	76	215	33	129	159	29	212	76	106	169	160	89	30	164	134	101	52	234	251	82	49	
53	111	80	37	242	10	70	59	112	162	104	236	87	33	129	112	86	204	4	110	233	146	69	14	180	166	37	148	44	250	66	161	
105	51	113	68	112	78	67	48	97	200	226	76	83	21	193	118	84	220	100	108	201	178	241	8	197	184	32	0	74	162	70	113	
64	161	214	84	72	128	160	75	186	144	160	0	240	242	76	50	145	127	104	128	18	203	138	105	9	186	87	58	65	32	35	132	
44	52	188	241	237	61	113	27	107	255	61	29	158	241	78	30	153	10	239	28	18	100	251	210	207	221	113	62	218	108	71	243	
61	223	195	63	214	150	103	246	113	202	126	102	115	115	179	244	126	238	22	238	237	186	108	47	118	239	165	128	47	247	250	237	
104	177	152	243	237	125	149	23	75	191	189	24	158	57	78	46	143	31	238	17	18	122	243	130	79	221	20	123	202	72	143	131	
88	4	70	161	22	34	72	16	37	32	215	2	223	11	57	72	118	133	61	169	40	149	1	142	210	239	170	132	38	128	32	0	
28	253	222	119	147	123	183	238	114	186	251	10	123	248	205	177	59	255	228	242	121	243	187	47	185	239	101	37	233	115	239	160	
6	219	130	155	233	161	184	206	158	29	80	181	172	218	106	200	195	43	179	213	22	76	74	241	12	18	154	235	144	29	189	207	
125	235	242	70	118	27	255	248	99	228	127	170	107	233	223	180	62	220	230	106	197	179	173	238	122	237	37	44	103	191	110	165	
5	150	253	253	182	6	239	186	90	202	95	230	221	127	176	96	23	125	53	239	161	216	45	78	104	175	239	132	189	227	1	121	
205	255	222	86	219	119	183	254	250	254	175	252	120	246	207	183	55	255	226	226	245	207	191	127	127	47	117	111	203	115	239	253	
141	237	206	181	178	171	110	247	62	230	90	229	255	227	179	64	115	111	127	15	112	216	13	111	236	239	239	128	172	244	137	211	
190	141	64	172	84	131	78	248	21	2	248	10	75	75	57	81	122	233	23	226	120	167	72	191	178	239	227	140	55	187	112	128	
113	5	105	228	52	11	202	97	77	32	250	202	83	9	148	0	122	140	29	239	201	186	69	140	176	172	162	16	109	138	114	40	
10	142	94	191	86	177	184	103	31	15	90	247	45	234	34	192	254	59	167	129	230	156	7	223	150	103	186	131	61	204	41	159	
2	192	150	157	100	130	188	39	28	27	82	18	172	170	48	65	239	43	51	129	112	220	67	197	12	50	222	130	4	8	177	137	
57	89	114	228	36	159	254	182	73	200	118	42	59	29	183	36	174	240	21	77	204	184	36	173	227	249	32	144	119	188	80	111	
187	213	109	205	214	18	207	63	84	98	222	230	81	36	150	101	94	204	23	237	233	154	101	158	100	47	238	132	63	188	240	252	
156	120	153	251	131	203	23	220	23	131	197	51	223	215	105	72	243	89	173	82	42	244	91	50	201	199	23	87	178	27	5	51	
2	192	146	149	110	128	188	39	62	161	90	2	172	170	112	64	238	47	59	129	64	216	131	193	4	54	222	128	4	24	161	137	
34	234	96	155	126	153	154	194	158	20	80	171	164	204	55	0	143	43	131	71	70	46	78	255	4	20	26	187	85	29	31	205	
101	236	166	158	253	142	118	236	255	255	242	13	98	248	63	91	249	231	122	215	252	235	155	255	124	62	199	10	200	127	242	70	
93	89	62	110	170	79	95	184	228	200	158	40	255	127	187	115	118	245	125	227	237	3	61	44	242	235	111	153	60	243	41	91	
151	16	231	197	38	34	233	89	33	226	83	246	93	39	185	111	62	149	55	174	161	148	165	200	148	40	235	132	47	227	49	177	
188	68	118	231	230	42	126	244	113	130	127	2	75	107	61	89	126	236	6	234	168	180	1	206	242	239	98	128	231	243	98	137	
2	132	34	137	20	163	170	99	84	1	91	18	72	136	56	64	121	43	19	177	146	186	1	223	44	36	154	192	149	74	176	128	
221	93	127	231	34	94	95	176	36	174	158	100	219	119	129	115	54	244	125	234	233	129	57	44	243	235	231	144	46	243	39	57	
38	183	144	138	237	57	188	239	142	191	24	253	172	232	238	131	143	75	211	55	214	75	202	243	44	16	127	191	156	94	153	223	
0	168	94	89	74	131	160	71	246	17	226	82	177	194	0	0	107	47	98	136	2	250	199	113	68	42	51	64	105	0	227	136	
114	168	18	90	73	149	64	202	171	148	160	9	42	195	100	150	233	227	234	128	10	107	138	113	19	144	151	59	81	4	106	142	
222	74	238	36	6	50	106	80	225	164	247	231	73	171	183	91	38	229	173	238	140	245	132	232	210	233	227	129	39	247	127	69	
87	77	163	166	53	92	207	32	73	232	219	74	219	252	213	230	208	236	60	239	205	176	253	170	176	124	175	152	12	63	81	100	
16	32	22	60	11	143	160	72	238	176	226	11	67	200	100	130	169	109	106	1	4	227	142	16	17	224	3	63	81	8	75	134	
34	177	176	202	245	165	186	79	11	105	89	171	12	189	124	0	159	27	151	17	146	58	200	209	63	28	159	238	150	78	147	211	
16	32	20	173	14	11	64	8	94	160	194	3	199	136	16	64	216	77	106	1	12	240	79	18	132	166	11	17	116	10	16	2	
253	80	127	230	42	78	95	184	161	254	182	44	91	87	131	123	118	245	124	234	105	199	185	172	243	235	225	148	43	179	98	115	
109	85	149	101	169	78	71	184	97	250	42	76	214	53	1	255	17	212	108	122	121	240	249	12	173	250	69	20	202	251	66	49	
49	135	192	69	18	10	78	43	114	160	106	192	67	35	128	148	56	204	32	238	72	152	205	31	44	174	37	4	97	226	74	128	
98	179	248	18	235	249	181	15	219	95	53	189	174	252	78	26	143	27	230	20	150	106	242	99	78	22	84	123	192	76	207	215	
76	181	184	227	253	125	241	27	91	253	61	29	159	61	78	10	147	31	207	24	19	120	251	210	207	221	53	127	218	74	199	243	
28	249	222	103	23	91	215	248	119	164	255	130	219	104	155	160	59	253	236	226	73	240	125	60	232	231	101	21	239	50	47	50	
17	10	210	69	82	10	40	119	118	161	98	210	83	35	128	80	58	204	34	140	32	252	69	14	12	174	113	0	97	168	96	136	
248	225	184	40	153	200	83	205	99	21	165	25	6	209	74	16	145	138	200	112	90	107	202	19	251	209	21	125	194	2	206	66	
64	19	21	101	52	14	163	48	108	40	122	104	215	32	129	224	150	85	110	106	129	176	193	76	164	166	98	16	64	171	1	33	
106	233	56	88	217	221	21	231	131	61	172	24	42	159	70	52	201	187	195	16	94	106	242	181	123	221	20	123	210	12	198	238	
114	33	70	65	16	10	106	64	61	32	226	129	65	3	4	84	112	140	107	236	8	209	193	88	180	170	131	0	33	130	99	160	
1	14	209	69	54	42	226	23	124	161	122	240	243	33	128	64	114	46	44	8	177	184	69	14	36	174	50	0	108	160	81	169	
33	34	4	169	72	7	104	79	22	161	226	65	145	3	16	80	72	140	106	140	8	222	67	28	68	162	155	0	48	128	114	136	
127	150	252	81	235	124	89	154	43	119	47	189	78	38	206	191	167	135	236	52	183	68	191	208	158	251	81	247	235	197	143	87	
66	178	249	19	234	109	185	75	58	247	49	189	188	60	94	27	167	27	211	21	150	124	247	66	93	30	124	174	197	68	135	251	
42	177	56	248	253	221	245	239	219	93	60	24	190	221	78	36	137	26	215	17	211	106	250	183	111	221	21	123	210	8	214	251	
50	32	2	136	9	3	232	72	167	36	136	11	130	195	32	148	120	172	75	172	8	3	130	88	145	176	139	58	113	10	50	162	
17	40	19	185	78	139	160	71	110	33	98	90	55	152	0	40	42	189	106	1	2	254	197	17	149	160	18	50	65	8	3	140	
248	168	24	120	25	221	80	106	131	16	160	8	187	211	64	177	200	185	200	128	78	14	210	31	211	217	129	61	50	0	74	10	
29	233	190	63	159	75	246	232	126	244	251	7	238	248	27	193	251	111	110	103	205	241	219	61	188	231	111	7	249	51	105	143	
3	134	2	157	116	183	168	103	31	11	90	215	172	234	188	196	255	43	151	141	183	152	5	223	4	118	154	194	156	76	185	157	
156	121	144	251	131	77	87	220	23	178	228	2	31	211	97	109	119	218	157	90	74	241	155	160	243	208	69	62	50	251	160	35	
242	252	253	95	22	74	83	174	123	103	162	58	115	125	28	112	115	213	125	209	235	236	125	127	121	46	245	80	101	144	214	122	
253	89	255	238	58	78	95	184	225	204	182	40	127	119	163	115	118	245	125	234	233	199	185	44	243	235	103	156	38	179	38	123	
2	145	178	157	101	196	184	71	62	89	80	51	172	158	52	64	230	59	179	129	130	24	146	209	5	52	154	203	20	4	181	219	
45	101	64	101	81	7	110	112	49	160	249	202	83	3	16	148	92	204	6	238	72	178	193	14	116	140	129	36	107	166	114	160	
170	88	20	190	79	197	146	194	159	22	192	147	172	222	33	201	200	115	155	195	98	15	82	251	145	50	154	59	20	61	61	26	
221	255	190	95	251	247	183	255	114	254	252	188	120	254	135	183	191	127	230	226	247	127	191	127	124	239	127	173	219	117	175	255	
63	251	227	78	87	213	242	252	123	204	125	110	104	220	255	180	62	232	150	223	199	187	174	255	58	109	37	235	111	191	122	253	
102	227	207	79	88	75	107	232	46	164	111	128	97	199	140	80	122	252	107	234	64	210	203	61	63	237	231	133	33	179	102	176	
163	251	98	154	79	208	188	230	25	69	84	167	40	206	118	197	238	251	147	199	198	10	182	241	54	16	222	171	23	29	189	222	
121	223	115	95	246	154	79	255	117	74	126	230	123	117	181	244	126	254	22	234	233	186	109	191	250	239	39	128	63	251	226	253	
143	239	198	181	246	138	111	247	191	238	94	231	237	227	179	212	51	238	63	78	244	216	13	255	254	103	39	129	46	244	189	201	
204	236	18	184	248	96	15	234	186	22	168	24	221	227	41	81	243	211	75	178	34	71	138	127	249	167	47	125	144	113	39	34	
40	181	185	105	189	125	113	31	63	125	189	29	159	61	76	72	157	26	255	28	155	120	251	147	207	223	53	116	218	72	213	115	
186	13	100	237	182	3	76	123	21	162	248	2	11	43	49	65	122	173	23	161	232	190	65	158	178	251	227	132	55	236	112	136	
125	253	254	191	223	203	183	238	254	214	250	111	246	248	27	195	123	110	106	115	245	251	223	63	252	39	103	31	237	125	251	203	
158	122	214	188	42	160	26	72	191	156	213	167	108	207	227	95	102	121	175	211	6	71	142	248	210	97	107	171	55	167	45	211	
90	4	82	165	22	42	104	19	37	33	250	2	15	35	0	88	114	133	61	160	24	147	1	206	146	237	178	128	167	192	96	0	
188	68	246	228	198	34	110	120	117	130	247	18	91	107	57	89	122	204	6	170	168	183	1	138	242	235	230	128	231	249	98	128	
52	255	222	95	219	83	183	236	126	247	231	38	104	242	175	245	127	255	162	226	119	242	255	127	60	38	71	39	217	115	175	229	
113	65	73	172	84	11	111	105	64	160	168	202	211	1	144	16	122	164	74	238	73	163	69	12	180	164	162	48	61	186	114	40	
41	181	189	227	188	127	113	31	63	121	61	24	151	61	74	56	151	159	127	24	155	120	251	21	207	223	53	245	240	202	197	243	
2	132	2	137	20	162	170	99	20	1	91	18	72	234	56	64	121	42	2	177	50	152	0	223	40	38	154	192	148	10	176	128	
55	255	106	78	124	151	238	249	82	76	253	238	105	204	183	176	220	234	150	230	207	178	108	255	54	77	165	173	95	183	250	213	
77	1	17	101	48	14	174	48	44	8	123	68	223	51	129	196	22	68	108	110	1	176	209	12	164	253	34	0	74	163	1	33	
63	223	230	149	246	154	111	246	55	206	94	231	105	231	183	244	55	238	183	206	245	216	165	255	126	111	231	129	47	245	253	253	
58	62	142	182	134	175	156	134	58	171	218	235	54	61	1	25	237	255	255	129	44	219	65	45	216	39	254	145	141	121	27	11	
38	164	224	195	246	185	250	90	11	225	125	139	136	236	220	40	191	27	23	157	146	58	236	210	14	28	155	238	215	207	83	213	
252	90	255	254	40	78	95	248	233	254	182	104	95	95	139	123	230	245	253	234	232	71	251	40	211	235	227	156	36	179	38	115	
220	46	20	173	187	99	31	251	149	174	140	61	205	35	3	215	99	103	205	170	56	79	201	190	250	215	207	63	178	245	175	131	
253	88	127	230	42	78	95	184	161	238	182	170	95	87	131	123	118	245	125	234	233	199	169	232	211	235	231	144	37	179	102	115	
157	255	190	189	223	255	183	254	246	254	222	47	254	253	147	231	127	254	238	83	255	251	255	255	252	103	103	191	255	125	191	251	
220	81	127	101	42	78	95	56	37	206	182	164	123	119	129	123	54	245	125	234	233	197	185	200	243	235	229	144	46	243	102	113	
89	23	87	101	50	14	110	48	100	136	126	228	223	115	128	245	54	116	92	110	193	144	5	12	164	239	97	128	46	242	3	49	
3	134	66	155	118	179	168	67	31	1	83	243	172	202	178	200	255	43	163	133	54	158	7	223	6	54	154	195	157	140	169	132	
34	221	34	154	207	212	188	231	155	85	88	167	44	222	126	65	239	59	147	129	214	26	178	245	55	48	222	235	21	28	183	223	
114	42	2	24	73	129	160	78	174	144	160	73	32	194	68	146	200	235	106	128	14	75	202	17	149	160	155	59	25	0	106	142	
156	228	148	199	191	60	86	254	65	190	252	58	111	115	200	183	127	222	204	106	120	127	170	171	187	221	69	47	98	254	174	173	
80	32	22	173	14	11	98	72	86	160	202	75	70	128	32	192	112	204	106	1	0	241	143	16	148	38	1	16	112	10	9	0	
73	102	196	5	56	10	102	32	36	160	234	64	209	35	128	214	120	68	104	234	104	209	197	12	164	175	227	16	65	162	91	32	
90	5	82	225	150	42	106	23	53	1	250	18	15	43	0	88	114	143	29	176	26	154	1	198	154	253	154	196	167	192	224	0	
38	182	144	152	248	9	186	234	138	63	16	253	172	238	234	2	207	91	207	53	54	78	202	243	12	22	223	255	148	76	13	223	
232	28	117	246	95	250	163	186	49	163	190	56	249	117	25	182	27	247	241	235	41	102	249	191	93	255	155	16	231	231	87	184	
60	127	78	111	153	95	239	252	39	172	255	132	251	199	139	208	120	252	238	226	73	179	251	63	255	237	167	149	107	179	238	240	
46	28	134	158	79	240	184	64	141	134	201	163	204	206	33	206	203	57	171	131	4	131	82	200	149	118	202	11	150	127	61	150	
82	4	66	160	20	34	104	87	45	3	218	18	143	10	32	72	122	133	31	176	24	145	1	194	144	228	154	148	165	201	241	8	
109	113	145	69	233	31	70	152	107	234	43	72	210	48	77	190	145	76	112	106	193	112	249	0	39	158	69	52	202	243	202	164	
10	177	177	49	235	109	181	143	26	87	48	189	188	188	78	138	135	27	211	21	146	106	242	243	77	87	94	111	199	76	135	243	
109	177	249	227	252	125	113	153	123	253	61	60	223	61	74	58	159	31	95	56	147	112	249	194	207	221	53	124	204	203	199	243	
108	177	185	99	249	125	81	25	107	253	61	56	154	63	78	62	145	27	196	16	151	122	249	144	79	221	21	127	194	66	198	247	
40	249	57	90	253	221	213	239	207	125	172	8	170	28	70	176	137	27	195	17	222	42	114	181	111	221	20	123	83	12	198	238	
178	12	86	189	182	43	252	103	29	162	218	18	175	42	48	65	239	175	31	129	104	191	65	206	180	246	218	128	52	104	177	137	
106	233	16	58	25	145	18	192	143	148	161	9	174	210	101	148	200	59	202	66	78	11	202	253	153	212	9	59	18	7	46	14	
17	10	192	117	16	170	104	55	116	33	226	212	243	35	144	80	88	174	32	140	57	156	69	15	132	174	176	64	105	136	96	168	
14	176	161	177	203	109	185	91	58	123	17	217	157	191	88	143	175	31	243	149	147	116	144	194	93	87	91	230	199	69	135	179	
87	48	239	80	203	126	121	27	171	255	167	157	72	46	95	59	167	149	253	182	188	87	189	66	91	62	85	247	225	245	102	119	
164	225	49	65	221	79	65	169	67	240	164	8	146	85	76	53	153	152	64	120	123	102	122	20	77	152	5	124	82	8	86	226	
209	217	31	253	48	206	69	55	164	8	194	64	183	19	32	115	96	54	125	104	105	137	49	45	225	171	98	16	32	176	161	42	
32	40	4	141	72	139	96	79	6	161	98	0	48	131	16	88	72	44	98	12	0	220	67	28	4	34	144	0	16	136	82	136	
120	40	16	56	29	233	80	107	163	20	160	9	46	217	65	148	136	168	201	0	14	35	194	157	209	208	1	59	82	12	86	10	
45	177	185	243	253	253	241	155	75	125	61	60	158	93	78	40	159	27	87	17	147	106	251	145	79	221	53	255	202	138	199	243	
1	10	86	113	22	138	96	23	116	33	66	224	243	0	144	104	114	46	40	24	27	184	69	13	132	166	50	64	108	136	65	40	
19	189	122	12	211	209	150	111	127	65	252	166	44	248	166	160	58	187	134	129	87	187	22	127	50	5	14	43	125	6	171	143	
165	242	251	90	108	173	249	216	255	91	117	92	30	217	252	60	189	24	86	90	131	103	186	241	87	24	115	238	216	139	99	225	
34	238	24	90	93	213	214	200	211	44	228	8	96	200	110	180	217	250	194	194	78	99	234	123	63	29	133	63	81	58	110	134	
131	130	138	153	116	167	168	71	30	11	81	215	132	202	180	200	255	41	18	157	182	156	71	215	12	54	186	198	156	8	185	133	
34	157	34	155	207	213	188	239	30	85	88	147	172	252	126	65	255	27	147	129	214	26	58	245	45	16	158	239	21	76	181	222	
252	82	127	228	106	78	127	184	41	238	246	238	127	119	131	123	118	213	125	234	233	215	249	202	215	235	231	144	37	243	102	115	
120	96	82	44	85	91	70	104	117	36	234	8	74	129	0	148	120	140	226	226	72	178	209	222	180	244	1	43	107	46	106	4	
6	132	2	139	20	163	170	66	22	1	91	18	72	234	56	64	121	43	19	177	18	184	9	223	8	38	138	196	149	11	48	128	
205	81	95	69	34	78	111	48	105	234	54	236	223	55	129	127	54	212	124	106	225	212	181	72	230	251	101	128	42	179	67	49	
48	42	6	29	9	203	161	78	118	164	194	4	224	130	2	208	104	110	106	0	9	217	199	48	148	34	155	1	25	0	126	136	
95	48	142	180	171	120	89	19	179	255	151	189	207	55	203	222	39	199	253	156	29	65	171	192	218	243	125	215	174	228	174	87	
118	245	164	6	203	87	150	232	11	238	168	47	74	124	79	158	157	213	249	115	204	99	251	106	57	30	77	191	195	118	94	87	
45	177	113	227	253	109	241	25	91	121	61	60	222	93	222	44	159	26	87	57	147	112	249	214	79	220	37	246	206	142	215	243	
45	181	113	227	253	109	241	153	79	121	61	122	222	93	220	60	63	154	87	56	147	112	249	214	79	220	37	246	206	142	199	243	
131	250	136	146	252	41	184	206	158	253	17	253	140	170	210	10	135	75	211	21	166	77	138	243	12	22	127	254	156	173	139	221	
79	186	134	26	169	213	19	170	190	221	134	173	236	246	202	166	133	115	232	21	7	73	171	115	201	23	125	219	138	100	13	125	
222	63	21	151	171	225	95	231	133	238	142	183	238	167	195	215	231	231	236	166	125	223	233	238	186	214	197	179	178	245	132	125	
88	17	134	45	27	91	34	8	54	228	206	142	67	224	2	212	48	236	234	128	45	211	221	29	189	39	69	21	106	46	44	112	
109	52	249	97	241	127	115	24	107	251	61	56	222	63	207	62	151	92	212	58	145	112	249	192	79	221	33	246	202	227	71	247	
109	52	145	65	97	127	115	152	107	250	61	104	222	21	207	190	149	92	212	58	129	116	249	0	79	221	37	182	202	227	70	177	
92	112	249	101	98	110	123	152	57	238	55	44	223	63	199	122	183	221	125	250	137	212	185	66	215	255	103	165	230	243	71	115	
188	244	244	95	63	122	82	238	91	183	252	58	74	106	206	182	251	212	196	40	44	127	189	239	187	255	85	127	250	252	110	143	
1	135	65	203	52	162	234	51	84	1	91	246	241	34	184	224	94	42	22	141	157	184	69	159	140	46	186	192	189	138	121	141	
39	96	224	83	86	49	250	200	91	227	125	154	8	204	223	44	63	217	19	159	134	54	172	194	14	28	159	172	199	223	115	196	
167	98	115	90	108	13	232	216	239	26	113	92	218	200	253	175	158	72	86	126	195	118	206	240	20	24	99	236	221	187	83	165	
114	4	66	161	148	34	106	71	61	1	251	18	15	42	32	80	122	143	31	176	24	155	1	194	182	236	154	192	165	200	240	8	
197	28	247	215	236	36	175	52	233	251	119	118	252	247	253	111	231	126	54	138	225	252	170	226	36	58	119	168	142	243	225	165	
110	25	146	142	207	208	146	65	143	132	201	131	172	254	99	206	202	185	187	209	4	3	218	224	147	116	138	27	150	47	61	150	
110	52	175	242	237	116	248	83	171	187	159	92	220	255	93	62	173	23	247	153	145	103	186	194	93	95	255	238	207	101	251	243	
230	127	176	154	236	161	156	207	155	63	153	191	236	204	79	9	207	115	247	19	118	99	202	247	52	18	255	251	148	95	151	211	
2	156	178	150	246	136	188	103	189	11	82	178	172	190	32	65	231	51	159	129	240	153	0	239	180	54	222	130	132	76	161	137	
237	124	213	255	95	255	242	154	115	43	246	58	251	85	153	188	95	212	252	217	171	246	121	191	23	255	145	147	247	213	90	173	
10	175	51	186	215	245	177	231	191	93	88	19	44	237	118	132	177	43	131	21	18	58	34	247	125	86	22	235	211	76	247	251	
220	76	158	252	11	96	17	2	176	158	134	49	127	247	35	91	226	245	237	66	40	199	130	40	211	227	122	27	160	113	37	99	
162	171	96	158	71	145	190	105	95	70	85	175	40	204	254	4	250	43	147	135	198	58	238	251	54	28	158	171	87	14	253	206	
2	141	2	154	149	167	174	231	22	1	74	2	104	234	48	64	121	107	19	145	50	152	24	255	41	38	158	64	16	74	176	136	
66	190	150	154	251	165	184	79	191	59	145	49	140	182	96	91	199	31	255	144	50	75	203	242	157	182	222	250	144	68	167	155	
61	127	106	111	185	127	127	252	37	236	255	36	91	255	139	244	252	254	238	234	205	179	249	191	243	253	167	149	107	247	238	115	
27	223	99	221	182	150	239	246	117	74	254	230	121	110	183	228	127	238	190	204	237	184	101	255	126	127	182	128	127	244	248	125	
33	201	67	143	118	202	230	244	65	232	94	98	112	81	180	116	122	236	22	111	197	186	100	237	118	40	164	128	103	186	122	205	
215	126	247	150	187	217	95	247	189	206	222	191	108	230	167	215	231	231	239	134	253	221	238	238	190	54	221	211	134	245	134	125	
4	12	2	138	20	163	170	64	20	1	91	18	64	202	40	64	121	40	2	176	50	180	8	223	40	38	138	64	148	11	48	128	
153	133	98	99	214	58	233	183	117	67	126	18	27	41	148	96	127	142	23	152	188	184	37	230	126	239	182	196	231	192	240	168	
197	220	255	213	238	36	175	246	122	155	114	118	112	243	253	107	127	127	55	206	177	244	170	99	108	46	231	172	141	241	225	161	
34	173	96	154	215	241	186	234	95	117	88	187	168	236	126	0	249	27	147	197	86	58	110	247	31	20	159	239	85	76	119	222	
246	252	213	92	251	211	22	231	187	255	176	253	42	254	198	247	231	253	238	134	253	79	250	238	59	126	85	251	219	52	238	95	
231	71	102	74	236	25	238	232	201	146	185	202	67	232	253	183	122	192	86	111	204	35	78	232	54	24	229	188	125	251	218	132	
1	134	2	153	116	167	170	83	94	9	90	86	148	130	184	224	221	43	18	157	183	156	69	87	12	46	186	196	156	8	57	137	
3	156	19	201	212	231	171	67	94	73	90	66	180	150	160	224	127	27	18	153	147	184	17	223	45	4	186	64	156	74	177	184	
134	238	141	155	232	169	46	190	30	51	89	245	245	226	232	64	23	75	51	159	179	92	79	115	236	6	191	228	156	195	129	185	
134	247	145	186	248	169	190	207	158	191	25	255	228	230	201	11	159	123	75	23	114	64	202	247	44	22	127	252	156	217	131	145	
255	60	246	95	127	251	114	154	247	191	246	58	235	217	143	253	251	252	252	152	174	247	237	187	151	255	145	151	247	213	78	143	
34	156	32	154	95	241	186	234	159	87	88	187	44	252	126	1	249	27	147	133	22	58	62	247	31	20	219	239	21	13	117	222	
118	13	194	227	212	34	106	71	57	1	251	18	11	42	36	80	123	143	23	144	58	154	1	230	186	236	158	192	165	203	240	0	
120	217	56	238	117	197	95	247	3	13	124	11	62	191	34	80	216	187	135	64	74	11	154	177	115	253	128	43	49	154	228	235	
180	66	64	187	94	163	202	72	86	37	65	147	193	192	186	200	122	168	2	223	46	182	79	183	148	6	154	65	53	139	56	128	
2	152	178	158	118	132	184	230	188	11	80	50	172	254	32	67	231	59	155	129	162	205	2	231	28	54	90	202	148	4	33	137	
220	82	255	228	46	78	127	48	57	238	246	231	255	127	131	123	118	245	125	230	201	215	169	202	211	235	239	144	39	243	39	115	
74	178	236	144	170	48	124	159	187	255	150	253	140	174	222	62	167	215	253	145	150	73	167	194	158	119	252	247	134	212	143	95	
205	82	255	69	98	90	127	48	41	206	118	236	223	23	129	127	54	213	253	234	193	212	177	202	230	251	101	128	46	179	6	113	
106	190	90	90	121	221	18	202	155	28	172	45	46	216	102	148	137	186	194	0	6	107	234	181	58	85	1	59	90	12	78	223	
195	190	133	147	170	168	188	135	190	179	26	247	172	34	208	207	167	71	123	149	183	92	143	243	140	18	223	230	140	84	137	29	
122	15	228	5	19	90	71	40	113	230	238	175	74	44	150	215	88	228	236	226	172	242	237	12	58	39	229	149	103	230	94	86	
109	48	241	69	113	127	123	24	107	234	63	108	223	63	199	190	151	93	212	122	129	240	253	202	79	221	33	166	202	247	71	245	
92	118	249	229	96	110	123	24	41	238	255	172	223	63	195	122	55	221	125	234	129	214	249	202	215	253	99	164	231	243	103	243	
73	7	86	69	52	26	110	48	125	174	126	228	203	32	150	245	50	68	108	110	236	176	101	14	38	255	101	128	110	230	74	5	
106	186	152	26	251	217	16	134	171	125	188	189	174	215	198	150	135	251	236	20	6	75	234	115	190	85	53	251	210	132	143	95	
10	168	162	152	255	241	176	207	159	95	116	179	44	205	118	140	171	27	147	17	51	110	130	247	31	22	26	239	211	4	255	254	
184	5	110	236	212	19	206	127	85	162	255	26	83	233	188	32	120	172	23	40	248	179	37	142	114	239	161	132	119	234	240	128	
47	183	241	193	245	127	235	217	127	233	61	110	218	93	221	188	63	156	214	62	147	50	237	210	31	92	37	230	207	207	214	245	
