香奈儿可可小姐唇膏水亮系列	122 - CORAIL RADIEUX	https://i.chanel.cn/fnbv3/image/full/shades/rouge-coco-shine--122-corail-radieux-3g.0173422_S.jpg	https://i.chanel.cn/fnbv3/image/full/chanel__com_type1/skus_full/rouge-coco-shine--122-corail-radieux-3g.3145891734225.jpg
130	157	61	211	244	237	185	183	190	95	27	115	148	30	108	96	231	27	23	149	246	28	122	119	111	30	190	194	148	0	133	255	
200	89	23	212	41	220	52	39	185	90	166	24	190	183	32	255	160	55	248	64	97	77	146	105	177	178	94	27	10	48	143	59	
210	216	23	252	43	192	53	231	188	22	66	179	44	151	32	79	162	115	235	192	96	205	162	239	241	162	94	139	2	16	165	107	
222	216	24	250	161	140	94	181	185	26	22	57	255	223	104	89	231	255	189	194	106	76	138	247	219	243	126	234	18	144	133	27	
2	148	186	152	211	225	176	67	143	21	76	51	140	158	102	72	227	59	131	145	18	27	2	209	95	21	26	107	144	76	165	195	
220	124	186	254	97	100	95	222	187	26	116	49	127	255	41	123	215	253	181	2	42	70	186	235	195	255	119	171	146	241	39	251	
237	115	185	103	36	31	87	29	107	234	183	76	219	25	89	58	156	68	124	110	201	244	249	8	231	217	101	52	74	250	210	115	
130	0	38	154	92	131	168	64	150	1	211	18	104	202	48	73	120	41	19	177	162	183	2	221	16	34	139	200	21	8	48	128	
144	17	46	237	78	71	167	120	86	128	198	2	208	211	32	64	120	204	59	234	96	183	91	94	117	163	139	0	49	40	49	162	
9	29	127	115	180	159	239	180	116	200	126	64	251	221	177	100	22	42	22	108	241	184	49	175	111	223	36	192	70	138	113	105	
25	156	35	62	177	214	107	182	53	77	238	20	249	247	178	244	81	174	188	140	253	152	57	191	235	255	182	192	58	132	168	126	
61	205	105	109	52	22	79	176	81	234	94	198	211	45	147	228	92	236	53	238	233	176	229	175	102	239	229	132	111	255	112	113	
24	77	6	236	21	198	79	231	165	128	206	3	127	167	49	64	96	231	25	239	72	137	17	175	243	239	142	17	35	182	176	74	
61	68	99	69	118	58	235	80	81	194	123	198	81	96	181	237	126	236	22	238	161	178	36	206	20	46	226	128	111	255	112	165	
57	20	223	233	52	38	97	19	117	75	111	86	19	51	176	104	121	142	54	28	185	156	113	142	199	239	178	64	186	200	112	48	
188	148	50	96	181	127	87	255	91	107	191	24	94	125	44	52	189	151	213	40	184	175	56	159	251	223	5	119	210	238	196	115	
64	184	157	117	168	76	81	55	170	243	162	24	182	55	64	58	129	119	104	24	9	105	243	0	201	187	85	52	200	96	71	42	
41	244	121	97	244	239	111	191	127	107	126	28	219	117	152	48	159	26	86	56	187	188	121	31	111	223	53	228	210	216	198	249	
109	55	61	101	52	14	127	56	105	232	127	108	215	121	137	51	150	68	124	110	201	240	233	12	231	251	101	148	72	227	66	113	
80	56	63	240	9	237	81	7	170	21	166	24	182	151	0	120	161	55	121	0	18	105	178	17	195	241	18	123	128	0	7	122	
40	157	184	251	241	197	31	255	27	73	125	49	189	247	40	112	215	59	151	0	82	26	250	183	231	253	48	235	146	194	135	251	
24	93	75	165	146	134	111	247	164	196	206	135	127	39	33	64	118	247	157	237	104	153	49	175	241	231	142	0	39	242	165	120	
239	187	101	83	238	29	188	180	201	125	52	239	136	44	222	175	142	83	215	223	215	106	238	224	14	88	220	239	207	215	223	253	
27	141	42	188	149	199	238	103	212	65	202	3	185	188	50	96	232	171	19	133	126	139	20	255	233	111	154	65	17	12	184	202	
78	187	58	186	233	237	25	223	159	95	92	185	188	255	106	8	151	59	183	17	22	10	26	183	207	215	57	235	146	13	133	91	
3	135	98	139	245	179	234	251	95	105	91	231	72	104	190	228	127	138	146	189	150	186	13	223	62	28	138	198	159	142	249	197	
185	20	159	233	52	111	97	91	85	75	119	86	151	145	32	104	89	156	54	40	57	180	49	158	193	239	50	68	250	200	112	177	
134	221	186	222	248	228	158	239	159	95	221	37	116	254	47	96	215	123	51	195	246	11	58	255	51	54	14	155	16	83	165	223	
24	133	57	251	149	229	85	175	22	5	204	16	191	117	42	96	217	26	155	9	58	168	115	191	235	231	150	81	146	8	244	234	
2	176	180	153	219	197	176	79	158	125	17	55	140	158	106	73	229	27	187	145	22	77	26	213	29	18	222	239	144	4	173	215	
32	193	121	104	116	205	111	252	103	12	124	0	51	21	184	112	126	152	22	104	203	58	40	61	119	173	32	108	117	154	230	233	
6	12	2	158	212	163	174	226	190	130	90	2	108	234	49	64	123	107	19	131	32	155	10	255	60	38	143	136	149	122	49	128	
120	189	123	102	112	92	87	113	113	200	124	8	63	255	0	48	190	250	149	106	200	58	176	47	243	205	32	168	98	226	98	235	
33	93	121	71	244	15	239	117	84	232	124	70	115	117	181	32	94	234	22	110	225	184	117	46	103	141	165	128	125	250	82	249	
210	184	159	186	139	192	49	199	175	21	128	51	44	255	96	75	163	115	187	145	82	79	154	225	217	243	94	75	144	4	165	122	
73	184	159	242	161	236	49	87	169	25	102	20	190	183	32	123	164	51	253	16	19	201	146	225	203	249	86	74	138	64	163	43	
144	221	31	190	60	199	71	180	132	8	210	64	247	81	32	65	200	112	12	107	107	169	91	61	225	161	166	16	16	26	176	43	
2	44	226	157	214	131	174	226	188	130	218	130	108	238	53	64	127	235	19	177	160	187	8	239	60	46	143	136	149	126	49	200	
10	149	58	248	191	245	185	103	158	29	28	51	172	191	38	64	237	59	159	145	178	9	50	215	235	87	158	203	144	76	173	251	
210	92	158	188	107	224	53	198	185	158	214	179	44	183	33	95	167	117	239	194	96	79	162	234	209	162	122	139	32	113	37	235	
130	146	154	185	50	160	48	11	30	13	67	179	172	151	42	72	247	27	163	17	50	156	67	215	133	54	26	195	148	12	37	203	
165	97	105	65	84	79	107	56	112	224	101	76	83	17	145	48	88	140	22	110	201	182	125	14	101	141	161	4	105	187	82	176	
26	143	74	156	18	162	57	103	181	7	222	179	45	167	162	68	102	187	143	133	56	153	4	207	242	103	186	131	39	196	189	74	
124	224	248	106	205	93	83	232	115	164	172	8	83	241	73	48	153	220	96	90	10	99	250	51	251	221	5	125	226	251	86	34	
2	176	150	154	43	196	176	71	174	29	80	49	172	214	104	66	167	51	255	16	18	73	146	213	141	48	90	203	16	4	165	91	
212	68	47	173	12	98	69	40	180	134	135	18	83	87	41	75	120	196	125	234	104	197	113	14	209	163	235	21	32	121	52	98	
168	164	141	251	221	229	225	15	22	19	73	16	181	243	104	104	217	26	51	25	51	126	123	23	205	135	154	108	144	72	148	170	
32	205	41	187	180	197	143	247	6	73	88	67	181	253	48	64	200	43	19	221	219	170	82	63	237	12	174	232	16	10	245	250	
2	166	166	153	243	178	184	7	191	159	82	183	172	174	102	207	231	63	171	149	54	220	135	215	12	54	218	195	134	68	173	223	
6	50	60	137	111	9	184	72	14	61	81	183	140	142	122	73	255	25	163	149	134	118	79	209	20	16	90	239	149	13	13	215	
120	120	25	96	8	205	65	16	226	96	162	8	151	151	65	58	128	180	76	88	9	35	240	0	209	233	32	120	64	129	70	34	
11	158	31	249	176	156	57	55	191	81	70	212	189	183	164	97	167	59	183	156	179	152	50	215	206	255	58	192	154	128	129	185	
112	81	185	100	20	79	71	48	100	224	238	8	211	21	64	112	144	220	104	106	73	176	241	8	245	237	37	16	64	58	70	34	
124	161	189	116	141	77	87	168	227	180	164	8	211	245	72	50	153	212	104	122	74	99	251	16	251	219	69	125	226	122	198	34	
34	13	226	222	85	135	174	106	86	130	88	2	104	232	53	64	120	235	19	163	226	187	26	255	53	46	143	8	149	122	112	136	
2	210	180	154	75	197	176	79	158	93	64	51	172	222	106	73	229	27	171	145	22	75	210	213	29	16	218	235	144	4	165	219	
61	239	208	69	244	27	110	238	119	162	254	72	67	96	149	180	59	204	70	110	108	186	77	30	46	206	5	20	239	248	74	140	
11	154	23	253	112	148	57	55	254	89	86	116	188	183	160	101	134	59	190	0	151	216	34	245	78	247	122	202	26	128	161	189	
152	89	23	252	29	215	86	182	197	8	198	2	187	155	33	195	200	226	157	201	104	141	82	173	227	243	206	19	50	28	124	10	
6	173	130	155	196	2	174	231	20	130	88	2	0	170	120	65	121	106	34	211	82	250	154	224	57	0	222	4	21	120	240	136	
137	221	55	113	176	205	245	55	236	77	114	48	191	23	2	33	132	51	94	73	242	184	113	109	237	248	62	192	64	0	131	251	
8	133	60	235	180	135	75	63	6	13	220	0	183	119	170	64	220	26	31	8	90	168	97	63	233	205	170	208	16	138	180	105	
120	40	58	112	29	253	81	71	243	5	172	24	63	147	64	24	161	186	204	16	26	107	146	1	219	253	16	123	226	0	206	42	
68	184	159	245	168	236	113	155	174	185	34	88	215	183	64	122	165	119	124	24	19	81	155	0	205	179	55	84	136	224	131	51	
51	135	107	140	86	146	239	120	84	64	223	198	113	104	190	100	126	236	22	239	217	187	44	221	48	44	171	128	125	170	112	244	
60	36	249	108	85	95	83	88	115	164	237	8	91	241	83	52	89	252	18	106	8	50	248	154	127	221	5	61	115	171	70	226	
35	151	112	154	253	181	186	239	95	93	93	55	104	238	62	68	255	11	147	149	182	58	110	247	63	30	158	235	151	78	253	207	
38	77	2	158	84	131	170	96	148	128	219	2	96	232	49	64	120	232	19	227	96	179	10	255	48	38	139	136	21	59	112	128	
2	219	30	152	115	144	184	199	158	29	84	183	172	142	38	64	231	59	151	145	70	137	2	247	118	55	186	203	20	20	173	223	
248	96	185	100	77	79	83	8	115	164	164	8	91	81	64	50	152	212	120	106	72	98	251	27	251	221	5	61	98	178	70	98	
131	134	32	25	245	251	184	239	95	119	92	151	168	168	190	132	155	11	130	21	182	188	47	215	46	22	159	103	215	12	221	204	
130	64	166	145	70	2	168	71	60	83	210	147	140	142	124	75	111	13	63	149	160	213	5	192	4	10	218	196	149	29	177	192	
2	222	66	157	242	144	186	231	156	5	90	247	172	170	166	192	231	107	151	133	182	153	6	255	46	38	190	195	156	4	169	223	
105	96	121	108	69	79	91	24	113	228	236	8	91	23	1	48	88	220	55	106	8	182	241	10	215	253	1	32	98	171	70	226	
255	75	71	222	110	18	79	189	133	24	215	230	107	231	189	247	126	228	255	238	233	67	47	237	50	122	229	152	55	191	240	125	
0	141	130	155	212	131	174	230	22	1	90	2	104	234	32	64	121	106	2	144	50	186	8	255	60	6	159	64	149	74	176	136	
33	145	113	203	244	207	239	125	79	105	125	226	25	29	188	36	30	26	23	125	211	184	108	221	110	28	165	228	127	138	208	241	
10	134	164	155	249	181	184	175	159	31	84	149	172	239	30	196	205	11	171	133	54	74	83	247	14	119	222	235	146	4	173	223	
1	207	75	207	118	135	239	240	84	76	94	230	113	225	176	100	126	106	18	238	193	184	45	63	108	44	167	192	125	138	112	233	
47	167	98	17	245	251	246	103	91	229	125	147	8	40	222	132	185	10	131	21	182	186	36	222	46	95	21	103	215	204	222	198	
35	133	41	171	220	229	139	111	94	73	89	23	177	252	62	96	217	11	19	157	159	42	126	23	109	29	186	104	221	10	240	218	
37	180	148	155	237	189	224	207	223	123	161	28	158	248	94	175	201	10	122	29	55	110	218	209	13	154	87	126	218	72	219	150	
195	185	101	215	110	24	188	176	169	244	21	191	232	60	222	175	174	115	247	207	229	100	238	245	14	24	223	234	79	164	31	221	
2	237	138	147	196	2	174	231	20	147	90	2	16	170	120	65	121	74	19	227	80	250	10	226	60	0	254	132	133	122	177	136	
79	56	131	190	237	213	206	192	175	200	154	73	44	250	119	244	217	225	255	135	141	3	138	232	185	86	143	187	138	118	58	71	
31	75	226	141	114	147	239	104	23	164	198	131	105	106	183	196	126	237	35	237	124	210	109	254	62	111	143	129	183	182	120	196	
19	207	66	159	246	147	174	230	95	8	88	231	41	232	183	196	126	235	23	207	230	184	12	255	52	46	174	128	61	223	185	140	
10	207	148	157	251	241	188	239	31	31	88	179	172	191	38	192	199	27	167	129	118	88	66	247	46	118	158	171	150	92	173	203	
40	173	56	122	221	245	211	239	215	21	236	8	34	249	124	164	217	186	131	24	26	42	122	183	107	221	149	123	211	74	214	170	
56	189	46	41	145	247	147	71	198	77	188	39	35	204	34	0	248	43	204	49	190	171	53	61	251	229	42	113	241	78	238	223	
123	157	97	126	157	116	95	191	81	202	254	4	122	125	22	244	217	230	157	137	249	170	113	175	235	255	148	155	103	100	254	126	
221	91	111	175	46	14	79	184	229	250	150	230	255	67	155	243	118	228	125	238	233	197	77	172	242	235	239	148	46	182	56	113	
160	4	6	154	92	131	162	96	150	1	113	18	96	202	48	64	88	40	2	17	50	182	2	223	16	6	131	72	21	10	48	128	
60	205	96	14	223	83	198	236	87	230	236	143	99	104	63	132	121	238	2	239	108	163	125	191	58	103	133	61	247	255	92	196	
49	148	142	255	220	135	231	252	86	130	198	6	113	243	40	97	121	238	42	168	40	243	91	63	253	175	247	0	185	104	112	170	
22	74	66	142	74	144	186	64	140	132	209	231	45	202	51	192	110	169	159	199	132	131	6	236	144	32	138	139	29	39	41	213	
183	33	102	129	70	51	168	64	13	80	211	131	8	140	127	105	126	137	23	245	132	183	36	192	22	8	202	132	21	141	113	196	
79	189	130	130	169	245	30	192	175	200	154	109	236	250	119	212	217	235	255	135	15	11	138	241	186	84	143	187	138	118	59	215	
50	249	59	234	215	197	159	245	15	9	184	107	60	223	52	0	254	187	151	209	219	43	16	253	249	20	142	250	93	30	183	187	
49	4	107	77	84	163	235	121	84	192	127	98	113	97	180	100	122	172	22	172	185	178	37	31	116	46	163	128	117	170	112	224	
9	220	57	89	244	223	239	190	95	107	126	116	187	61	188	100	223	90	54	72	243	184	121	255	111	223	54	192	210	216	197	249	
202	189	60	186	170	205	29	189	151	220	148	189	255	253	34	3	134	51	255	99	250	73	58	189	251	211	109	251	54	140	133	123	
159	30	198	159	6	50	170	82	28	194	219	247	105	234	183	204	127	237	191	167	165	149	13	234	16	102	235	128	175	247	57	213	
27	141	106	191	149	150	190	231	212	64	74	135	57	238	54	96	124	171	147	197	223	153	52	255	243	111	142	64	61	14	185	220	
61	223	106	111	182	131	207	248	68	72	249	230	115	104	187	32	126	235	22	239	223	179	44	61	248	205	175	128	125	187	241	145	
35	158	114	26	114	155	30	248	223	206	252	167	238	204	174	100	223	251	158	6	231	179	108	255	34	126	23	219	94	142	108	95	
32	21	25	229	112	207	115	51	48	40	122	72	151	19	0	48	148	188	21	40	137	184	81	14	229	173	32	64	40	128	66	187	
44	173	56	106	221	245	210	207	67	37	237	8	34	249	124	48	217	218	131	88	26	43	250	183	123	221	133	127	211	75	222	170	
134	225	130	147	196	1	172	204	22	176	81	18	8	138	121	9	123	75	19	211	66	240	139	224	12	0	223	164	21	89	177	128	
11	156	63	252	48	212	57	55	191	75	102	48	188	183	164	245	135	59	23	8	179	136	50	223	207	255	26	194	26	128	161	121	
0	173	10	151	212	134	175	238	22	129	74	2	113	234	120	64	121	110	51	195	114	250	152	239	125	7	223	76	5	122	177	136	
38	65	98	158	93	135	170	96	212	128	219	2	104	200	53	64	120	232	19	227	192	179	30	254	53	46	139	8	21	63	112	128	
2	173	10	159	212	166	174	231	22	128	72	2	113	234	112	65	121	106	51	195	82	250	154	107	61	5	207	0	5	122	241	136	
38	77	2	158	85	135	170	96	148	0	217	2	96	232	49	64	120	104	19	227	96	179	26	255	49	38	139	8	21	59	112	128	
144	20	30	253	77	135	181	122	150	162	198	6	80	243	32	65	120	252	123	168	104	243	27	92	245	163	195	0	24	8	48	162	
253	99	192	226	173	13	78	152	67	184	177	77	203	73	93	154	216	196	76	126	204	99	219	176	186	217	165	60	94	255	90	0	
80	128	190	182	10	232	49	103	172	23	199	49	188	247	42	90	163	51	233	1	50	201	130	97	217	163	90	67	128	0	165	106	
2	140	10	155	84	131	170	230	30	1	82	146	117	206	48	64	127	43	51	129	34	154	10	255	124	39	191	136	21	8	177	136	
220	4	220	181	141	106	69	11	37	183	131	145	207	43	3	91	99	133	237	160	60	213	199	128	194	243	218	21	166	225	4	2	
34	140	34	158	93	199	174	238	214	0	200	2	104	248	52	64	249	234	19	131	34	187	26	255	61	46	143	9	81	90	112	138	
2	12	98	159	85	135	174	98	150	130	202	2	104	238	52	64	121	235	19	161	162	187	22	255	61	46	142	0	21	110	113	136	
30	221	49	174	155	197	159	252	150	92	201	3	124	254	41	64	253	91	19	227	106	3	58	191	241	166	175	190	17	123	165	243	
0	141	10	155	212	131	170	230	22	1	90	2	113	234	48	64	121	42	51	145	34	186	11	255	108	39	191	192	149	10	177	136	
54	253	170	154	248	229	151	239	159	255	156	47	116	252	111	0	157	123	83	115	254	75	58	191	59	22	13	255	208	123	150	215	
202	219	62	188	235	197	29	189	149	222	84	191	127	255	34	75	134	241	255	99	240	79	58	189	243	243	125	251	54	172	149	123	
24	141	42	254	149	198	79	39	148	5	206	19	187	183	50	68	200	162	25	137	122	137	112	191	227	231	158	65	50	76	180	106	
72	184	149	117	137	205	85	23	243	179	162	24	190	183	64	182	129	118	104	24	9	105	243	2	201	247	85	112	194	96	199	42	
7	183	96	195	247	183	170	218	95	97	89	198	8	104	188	164	63	11	18	189	151	184	61	222	46	28	139	230	223	207	121	149	
8	189	248	251	241	245	127	255	31	25	125	48	189	247	232	112	151	59	151	24	211	152	58	183	111	221	52	238	146	202	135	251	
252	148	178	240	181	127	86	123	123	235	191	24	94	125	44	52	191	151	213	56	184	191	57	222	251	223	117	247	211	108	199	55	
109	180	148	145	237	189	240	75	207	123	161	28	158	248	94	175	137	3	122	29	55	111	218	209	157	154	87	126	218	72	219	134	
158	62	202	179	146	178	56	83	54	135	83	247	77	238	227	200	119	239	191	149	180	213	141	194	222	103	191	197	173	229	169	209	
39	134	98	131	213	179	170	202	94	69	95	231	72	232	190	196	255	139	147	181	150	186	12	222	62	28	138	199	149	207	121	196	
220	4	204	181	141	106	64	11	177	182	135	19	207	35	11	91	99	196	237	160	40	197	197	2	211	227	211	21	164	241	60	2	
173	176	157	251	221	237	97	153	86	115	5	16	212	213	72	105	217	26	50	24	51	116	123	19	205	131	147	124	152	73	213	242	
169	77	111	109	116	30	111	182	116	234	94	198	241	45	147	96	86	236	53	110	237	176	229	174	102	239	164	128	47	255	88	249	
109	55	61	103	52	14	127	56	105	232	127	76	215	49	129	50	150	68	124	110	201	176	233	14	231	255	101	148	72	227	66	113	
41	244	121	97	244	239	119	191	119	235	127	24	211	117	216	48	31	158	86	56	187	248	121	31	239	223	53	228	226	202	198	241	
109	115	185	103	36	31	87	152	107	232	191	76	219	25	89	50	156	204	124	110	201	240	249	8	231	217	37	52	74	186	82	115	
60	221	51	174	219	68	159	252	150	206	217	99	124	246	41	64	252	251	19	227	106	3	58	63	241	166	175	158	16	115	165	243	
2	18	157	185	42	3	56	72	30	29	81	247	204	199	40	73	246	25	171	144	2	84	11	209	133	50	122	231	16	9	37	147	
108	169	181	68	201	93	67	170	99	177	172	8	154	181	65	54	137	212	104	88	75	106	251	17	127	220	5	127	194	104	70	98	
57	173	194	5	213	91	228	239	119	230	238	138	35	40	22	148	121	238	98	12	108	186	117	63	62	239	21	5	227	124	222	204	
54	82	18	130	111	65	154	200	143	172	177	171	76	206	111	10	254	145	207	227	64	35	10	208	145	16	139	191	85	63	55	211	
137	221	127	127	244	158	111	183	116	72	126	64	251	221	176	224	22	42	54	110	225	184	37	191	103	255	36	128	118	154	240	105	
123	148	244	127	151	126	85	191	91	75	254	30	122	125	30	244	209	214	181	13	191	248	113	191	251	255	148	211	247	204	222	127	
3	221	35	143	244	150	174	167	92	72	90	230	232	108	180	228	118	111	18	237	247	152	53	239	44	62	142	130	12	94	177	253	
2	144	52	153	75	197	176	207	142	93	192	183	172	158	106	73	229	27	187	145	22	15	210	209	13	48	154	235	16	4	165	219	
240	217	21	254	45	141	84	189	213	26	146	116	230	25	32	71	196	178	108	96	111	109	83	189	163	242	84	26	24	24	16	15	
87	92	227	212	102	178	170	82	249	194	90	230	57	174	181	238	38	109	62	207	133	145	164	234	22	44	234	130	175	245	33	253	
255	75	71	222	110	18	110	248	133	218	247	238	105	231	189	247	110	228	254	238	233	199	175	237	50	122	229	152	63	191	112	245	
2	0	6	153	20	131	168	64	132	17	211	2	72	202	56	73	120	45	59	161	0	183	3	221	20	34	218	196	21	9	49	128	
218	126	182	254	41	118	93	222	187	154	116	49	127	255	33	91	151	253	181	2	170	70	186	251	195	255	127	191	146	245	39	123	
88	40	59	112	9	205	81	0	162	53	166	8	150	151	65	122	128	52	104	88	26	9	178	16	209	161	16	121	98	3	6	98	
57	20	95	229	180	110	97	51	117	73	238	80	19	49	128	120	241	158	54	24	187	184	113	135	223	239	178	64	170	200	240	56	
167	99	233	194	204	5	206	216	138	240	153	207	81	204	93	42	223	217	19	247	204	38	222	240	55	8	141	188	125	251	82	208	
10	151	62	248	187	165	185	103	158	29	92	51	172	191	34	64	231	19	159	145	50	9	2	215	235	215	190	203	144	8	173	11	
32	189	57	171	180	141	199	191	94	9	88	64	183	57	16	0	201	26	19	93	211	56	91	63	237	140	190	240	92	10	209	169	
10	178	132	187	249	153	185	15	31	61	21	181	172	78	78	201	207	11	255	21	22	76	91	213	14	83	222	255	158	12	153	223	
105	121	49	101	113	79	103	48	99	232	110	72	182	17	0	48	16	252	68	104	73	186	241	31	229	188	37	48	74	170	66	50	
236	149	112	238	189	63	214	255	219	59	189	24	206	249	60	50	157	150	95	40	248	35	168	223	187	223	69	62	82	250	210	7	
120	168	58	112	85	221	80	71	235	13	108	24	46	155	96	144	128	186	196	16	26	58	146	147	219	245	16	107	194	0	206	10	
14	190	184	250	249	237	57	223	159	255	93	189	189	255	106	8	135	59	183	17	146	26	186	243	207	215	61	239	150	205	135	243	
18	219	10	154	122	129	186	230	159	5	80	231	44	142	166	64	230	59	151	193	70	139	2	255	48	36	186	139	21	20	173	159	
13	133	89	235	180	235	75	153	22	33	77	18	215	85	136	32	91	26	18	56	27	176	121	23	205	141	163	116	180	203	144	224	
222	220	144	254	33	140	94	158	187	26	180	57	239	255	105	88	183	253	189	2	98	69	138	243	243	255	127	190	18	244	3	27	
38	182	226	152	253	241	184	202	31	95	92	179	12	204	126	8	251	155	147	149	182	126	122	247	31	22	159	239	151	77	245	215	
80	177	27	225	170	202	49	23	174	41	42	40	151	151	64	114	166	23	109	16	3	153	177	0	217	165	54	80	160	0	135	59	
130	160	160	145	213	249	176	199	30	117	68	151	136	140	126	140	137	11	131	21	54	252	62	215	14	22	159	103	215	12	221	222	
57	221	122	119	52	158	95	180	81	200	126	32	251	121	183	116	30	238	20	106	233	188	100	175	226	255	100	128	103	186	80	105	
3	219	2	155	87	145	186	230	159	9	88	231	172	202	38	196	254	43	131	197	198	154	22	253	36	52	138	203	30	30	57	143	
134	64	230	209	198	35	168	198	28	51	82	18	140	10	117	75	111	9	59	145	162	244	5	192	4	10	218	196	149	93	177	136	
166	176	162	17	215	253	176	67	31	215	85	151	136	188	118	140	201	59	147	149	182	252	118	210	15	22	222	227	199	76	159	214	
187	156	99	127	177	246	91	183	119	69	70	20	187	215	178	244	209	170	188	156	191	156	119	191	235	255	150	195	186	132	252	126	
210	30	215	212	34	224	49	66	191	134	118	177	44	183	225	223	39	127	175	144	32	221	162	106	18	166	122	139	166	113	37	107	
41	223	106	79	118	131	239	248	84	76	127	230	113	193	178	96	126	104	18	238	193	184	45	63	110	173	161	192	127	139	112	233	
131	112	228	213	110	17	188	24	203	219	20	183	172	222	214	47	175	121	247	135	198	100	238	209	6	26	219	174	71	180	83	245	
19	159	67	158	22	146	174	246	156	64	90	231	105	230	182	228	126	235	23	207	245	137	46	255	48	38	170	136	61	167	49	221	
2	180	50	184	211	225	177	66	143	5	76	51	12	159	100	88	227	59	131	17	18	27	48	215	217	212	26	107	144	76	37	243	
200	216	55	254	33	204	53	182	253	94	118	16	190	151	32	127	132	115	127	74	224	109	50	247	229	186	82	10	82	16	133	123	
52	21	123	225	246	10	111	113	112	32	127	162	17	23	184	48	62	156	23	170	209	178	37	78	118	173	34	132	103	226	226	177	
41	97	113	77	77	95	231	104	83	224	100	8	26	17	21	180	88	204	82	106	201	50	251	217	55	152	129	44	83	190	82	228	
33	197	97	75	244	219	239	125	69	96	121	66	83	17	188	180	122	138	22	232	219	186	109	221	60	12	164	68	127	138	240	164	
41	191	123	101	116	47	111	247	113	72	124	100	115	113	144	48	62	250	22	106	249	186	48	47	103	141	32	160	107	234	194	185	
91	77	46	174	19	214	95	231	165	196	206	131	127	103	51	84	96	247	217	238	72	137	49	239	243	233	142	1	35	182	160	122	
33	29	107	71	244	47	239	117	85	232	126	102	115	97	180	36	94	106	22	110	225	184	101	46	100	14	165	128	127	250	208	237	
27	141	42	190	149	198	79	103	148	65	206	3	251	255	50	64	232	171	27	205	120	137	48	191	241	239	154	1	50	70	180	74	
90	170	158	186	43	128	176	71	174	29	222	163	173	175	34	66	167	51	237	129	22	201	2	241	208	231	58	139	36	4	173	11	
35	158	234	30	122	155	190	240	159	70	120	167	108	236	182	112	255	251	151	5	166	186	110	255	62	62	15	138	93	174	37	213	
210	184	159	250	11	192	49	199	175	19	192	51	60	215	96	123	163	243	235	144	3	79	186	225	217	177	94	75	128	0	167	58	
184	159	46	56	159	215	209	117	196	92	182	55	127	61	34	3	236	179	207	113	254	235	113	61	251	99	106	211	113	12	188	91	
106	187	192	186	249	149	94	214	139	77	252	173	175	235	66	148	222	235	151	213	142	10	210	251	190	213	158	171	158	214	122	223	
76	28	183	214	69	236	49	82	249	222	103	16	124	247	97	127	161	117	251	10	32	229	178	234	81	50	82	10	130	117	37	115	
146	138	238	190	74	224	185	207	150	23	208	179	109	239	226	75	103	243	175	145	50	79	142	241	216	35	255	139	181	68	165	219	
7	185	100	195	238	25	188	244	201	113	20	167	136	12	222	47	174	83	215	223	215	120	238	224	14	24	222	238	199	223	219	253	
17	148	158	255	92	135	99	248	118	128	198	6	113	243	40	65	121	238	42	168	40	243	91	63	125	175	231	0	57	40	112	162	
61	221	103	239	62	131	207	248	197	72	251	230	115	105	185	101	126	224	94	239	233	161	13	189	248	204	167	144	127	187	112	49	
9	149	249	89	244	223	239	190	95	107	126	84	191	61	188	100	223	90	22	24	243	184	113	247	111	223	54	228	218	216	209	249	
9	95	19	245	112	142	110	118	61	136	122	96	188	179	160	244	166	127	22	8	193	152	0	239	164	254	50	128	10	144	41	185	
34	140	2	158	93	197	162	230	150	1	200	2	160	248	48	64	217	106	51	129	34	187	26	255	57	54	158	11	16	72	244	138	
231	148	242	252	245	63	214	255	91	123	181	56	78	121	60	49	159	151	213	41	188	107	40	223	187	255	85	246	210	108	211	7	
190	221	21	174	155	71	31	252	22	234	216	98	124	247	41	197	220	91	157	227	105	3	27	191	249	231	175	190	50	127	165	179	
8	191	57	251	248	247	187	255	158	89	125	48	189	247	168	96	215	59	151	24	179	152	122	191	111	221	38	228	210	202	133	251	
46	178	120	169	109	25	217	73	15	61	181	189	142	29	78	142	207	1	223	53	158	35	107	209	222	217	137	255	214	14	94	215	
150	190	243	81	242	251	49	67	191	191	115	242	12	247	228	252	55	63	238	16	50	221	170	66	30	134	127	199	226	192	165	231	
16	173	10	191	212	231	175	231	22	130	72	2	113	251	48	64	249	106	51	129	122	186	26	63	249	167	143	65	17	106	241	138	
255	83	71	206	110	18	238	120	205	218	247	238	107	224	189	247	126	228	254	238	237	231	47	204	50	123	231	158	63	191	120	53	
2	65	134	137	4	3	168	77	172	17	210	2	140	138	56	72	106	141	59	145	16	145	3	208	20	32	154	196	149	11	177	128	
109	119	57	103	52	14	127	56	105	232	127	76	215	123	137	48	148	84	124	110	201	176	249	14	231	255	37	132	72	179	66	113	
216	6	196	181	173	106	69	7	169	183	131	145	207	35	66	91	227	135	108	48	56	197	195	128	144	242	82	21	130	116	197	66	
165	112	157	147	108	45	129	152	206	123	161	92	214	208	73	47	201	8	122	94	147	102	251	48	141	24	211	124	152	11	81	36	
38	77	2	158	85	133	174	96	150	8	217	2	96	202	49	64	216	234	51	195	66	171	26	255	49	54	138	8	17	59	112	130	
16	140	10	191	20	131	235	246	22	1	222	2	113	235	32	64	121	106	6	168	42	153	9	63	232	167	175	128	53	10	49	136	
89	95	203	37	18	146	111	182	52	196	206	228	123	39	147	244	54	228	172	236	201	152	37	46	232	231	165	128	47	182	44	120	
41	163	81	69	116	31	98	63	123	168	120	76	146	0	212	180	156	12	70	108	135	186	196	31	46	28	37	164	75	142	90	173	
16	12	11	191	20	131	171	112	22	0	90	2	117	235	48	64	122	107	55	137	42	152	9	63	228	167	171	128	53	138	49	168	
148	93	47	188	12	70	71	248	148	202	210	66	247	85	57	99	216	116	125	107	105	167	25	47	241	163	239	144	48	59	52	35	
233	56	113	64	93	221	64	64	75	104	165	8	26	152	86	180	136	172	208	92	143	39	240	150	19	93	1	63	75	15	90	6	
38	110	226	154	215	243	186	194	158	71	81	179	40	204	119	72	251	41	147	149	6	150	46	242	28	22	159	235	149	95	61	214	
136	148	123	249	245	236	113	55	125	13	110	48	189	55	32	113	227	51	142	16	51	184	48	215	207	255	18	67	146	0	229	43	
13	176	150	145	237	253	176	75	223	115	49	24	158	184	110	175	163	27	250	17	55	125	154	209	159	26	87	111	218	72	137	135	
16	173	139	190	212	199	167	254	150	129	76	2	241	251	48	64	217	106	19	203	122	250	24	63	249	135	191	72	144	122	176	170	
80	27	123	229	50	200	59	55	44	13	90	225	183	39	128	80	38	119	109	192	64	152	161	45	228	229	46	128	32	128	133	123	
165	105	139	160	204	7	230	192	130	224	40	78	16	209	113	8	88	236	2	255	73	51	152	48	61	136	143	60	73	123	82	128	
60	89	114	238	87	83	94	248	65	128	124	42	123	93	177	16	126	248	149	226	72	179	24	172	243	201	165	129	119	187	116	139	
250	218	62	188	107	85	29	125	149	126	214	191	127	223	34	75	199	245	255	67	236	79	51	181	211	243	121	155	54	188	180	91	
2	248	22	153	75	197	176	207	142	93	80	53	172	158	106	72	228	59	187	145	2	15	210	241	5	48	26	235	16	4	37	219	
3	221	107	79	214	198	175	183	92	72	94	194	112	117	180	100	126	106	18	239	225	184	61	255	109	46	166	128	21	186	245	253	
137	93	111	95	116	158	239	183	116	202	94	228	249	245	178	97	86	110	55	110	229	152	37	175	102	111	230	128	14	246	241	249	
250	120	182	252	41	54	92	222	59	155	244	49	110	255	101	95	151	253	181	2	170	199	170	251	211	255	113	190	146	245	39	91	
137	221	127	127	116	158	127	183	117	72	126	96	251	125	178	224	86	42	54	110	225	184	37	191	103	255	36	128	118	154	240	105	
0	24	30	253	78	135	53	123	86	34	198	6	144	179	34	64	120	60	106	136	32	251	83	28	85	163	211	0	56	8	56	170	
84	5	139	165	132	102	101	67	50	167	75	18	23	163	97	74	121	126	33	152	24	146	177	2	217	167	182	5	128	96	164	226	
48	249	234	29	87	223	228	103	86	229	230	15	34	44	54	0	104	174	226	129	108	187	117	63	63	38	148	19	97	12	244	222	
253	103	72	102	140	47	78	184	65	162	173	207	83	105	89	147	25	196	77	110	108	103	221	42	242	205	165	53	111	251	90	2	
70	2	148	183	172	44	125	135	175	191	147	17	207	42	74	91	131	71	108	21	54	73	195	224	140	242	126	215	128	84	129	15	
97	173	177	64	221	93	212	143	107	225	172	8	154	56	87	182	137	206	248	28	159	42	240	146	47	93	5	127	202	110	218	78	
14	190	248	251	248	253	123	159	159	253	92	189	189	255	234	24	151	59	151	16	146	88	234	243	207	221	61	237	150	197	135	243	
3	219	2	155	95	149	190	230	14	73	88	231	172	202	38	196	238	43	131	197	199	154	22	253	36	20	142	235	31	30	185	159	
88	169	190	116	235	200	53	39	171	173	46	41	46	183	66	86	162	183	237	16	0	73	130	64	251	247	84	123	162	64	143	107	
46	189	187	184	248	231	159	239	158	239	152	109	244	252	101	0	157	123	83	53	242	75	26	63	105	22	173	254	208	120	151	251	
6	0	148	145	164	160	184	130	190	17	82	146	172	174	121	74	231	11	59	145	18	216	67	208	12	18	218	196	148	69	49	129	
27	151	195	161	150	178	46	247	53	225	90	247	77	174	186	196	119	207	159	189	183	153	5	206	188	102	191	196	173	198	185	85	
130	170	166	153	213	249	176	199	94	119	84	151	168	140	126	12	171	11	131	21	182	124	38	247	14	22	154	103	213	12	157	222	
19	143	67	157	116	147	238	103	87	8	90	198	33	232	180	196	126	170	22	141	231	184	5	255	52	46	174	128	61	204	185	140	
90	130	142	190	139	176	24	111	166	21	203	245	237	238	42	194	231	179	237	133	30	75	131	197	218	247	218	219	20	4	173	27	
94	52	254	244	211	98	49	75	177	151	199	19	76	247	106	95	113	159	171	176	48	211	179	194	95	38	223	71	163	96	165	242	
18	219	66	158	26	144	186	246	158	4	88	231	45	206	163	192	110	171	151	199	198	139	6	255	176	102	186	139	61	149	57	157	
35	28	107	159	94	131	187	98	30	68	82	135	116	238	54	96	255	251	51	133	166	186	62	255	119	46	170	136	117	42	49	209	
35	189	104	72	221	159	202	255	75	96	188	13	34	168	86	180	216	138	82	125	143	43	244	159	63	93	133	126	91	142	90	220	
251	148	240	127	181	254	80	191	95	73	118	22	106	125	30	124	245	222	181	25	191	252	123	183	251	255	148	211	247	140	222	127	
86	30	218	178	242	162	58	83	52	135	223	247	77	231	162	80	55	191	167	148	176	221	12	78	250	167	191	193	175	230	175	81	
42	178	36	155	105	153	184	141	15	61	21	181	140	142	78	204	207	27	239	21	22	94	203	209	14	81	154	255	146	12	133	223	
158	221	21	170	185	213	14	252	135	56	141	64	124	247	41	228	213	83	157	234	107	3	26	191	185	215	15	190	26	247	169	49	
57	223	106	79	118	147	107	248	84	76	127	166	113	193	178	32	126	232	22	238	200	176	45	63	110	173	161	128	127	139	120	225	
178	249	43	188	26	199	149	239	22	204	208	103	48	158	36	64	220	188	63	209	202	219	115	29	121	34	175	147	57	56	116	218	
187	156	109	123	149	244	89	159	119	87	100	20	187	191	22	252	81	10	181	156	191	220	119	191	207	255	148	195	190	196	252	127	
55	77	237	212	214	35	206	239	81	170	184	203	113	109	181	35	123	247	23	239	252	250	76	238	126	14	237	180	245	249	210	136	
38	188	160	152	253	241	184	207	31	119	80	183	140	254	119	72	255	27	179	145	182	126	122	215	31	22	159	239	149	76	181	223	
24	213	122	225	246	2	127	253	32	97	126	162	89	63	184	48	62	221	23	236	241	144	37	206	126	205	166	196	167	146	226	241	
22	215	107	225	246	66	251	253	48	229	95	183	89	31	190	96	63	157	23	188	209	144	45	206	126	175	175	196	167	178	180	241	
250	219	46	188	207	221	85	117	133	94	214	191	111	29	34	75	236	179	255	231	252	111	115	189	211	227	248	219	115	12	188	91	
10	151	30	184	187	133	24	231	143	29	92	51	172	191	34	64	231	51	159	145	118	11	2	215	251	245	30	203	16	4	173	75	
41	181	121	113	244	239	109	191	127	239	126	120	155	55	212	48	63	158	118	24	251	248	113	86	111	223	53	196	194	200	198	241	
163	239	108	13	124	27	206	232	84	232	244	231	227	72	150	161	88	200	70	239	236	162	69	31	38	73	165	149	93	188	88	132	
45	77	234	101	116	18	79	180	81	202	126	134	123	45	151	224	94	236	53	238	233	176	101	174	102	239	165	128	103	255	112	124	
24	213	126	225	242	2	127	252	33	32	126	162	25	31	184	49	126	153	23	234	192	176	37	76	118	201	38	196	103	146	226	185	
33	189	123	71	244	175	111	247	113	64	124	4	115	113	144	48	62	250	22	44	177	186	48	47	111	143	32	64	105	234	194	185	
3	159	67	141	118	135	238	119	92	72	90	198	176	168	180	228	126	42	22	141	209	184	69	223	36	46	186	128	61	136	241	173	
82	184	219	248	43	224	49	71	174	151	168	179	44	215	96	90	163	187	235	144	18	79	162	243	217	133	27	171	177	64	167	187	
18	138	206	189	30	162	168	95	22	135	222	247	105	234	178	72	127	239	191	149	158	219	7	253	220	103	251	193	189	204	184	221	
45	165	99	75	213	155	226	121	69	97	121	70	88	80	188	180	120	138	22	252	147	186	109	220	62	28	129	68	255	142	240	164	
82	155	22	190	11	148	56	103	175	21	194	199	173	138	34	198	230	179	233	133	78	73	146	237	176	242	90	139	10	4	169	30	
34	172	162	154	93	197	178	230	222	13	232	26	160	248	52	64	201	234	19	1	42	43	26	255	57	22	159	107	81	8	244	138	
33	203	107	75	118	147	171	240	86	68	125	134	112	197	183	96	126	40	18	238	195	184	44	127	102	13	161	128	117	139	116	232	
179	54	102	12	107	51	144	122	85	174	241	255	66	200	167	133	221	172	198	35	236	247	69	158	18	6	33	183	95	109	126	151	
169	253	87	69	114	159	230	119	121	104	114	100	58	16	132	181	38	60	86	104	225	188	53	79	38	216	32	130	111	128	75	173	
171	119	97	5	116	91	235	123	81	232	120	238	3	12	150	180	30	140	198	237	237	182	101	158	46	92	161	180	111	174	86	253	
229	98	145	130	172	109	199	136	75	250	177	72	214	80	221	191	217	64	126	126	205	103	235	176	141	216	69	62	208	123	83	5	
208	123	90	174	50	136	59	48	188	4	70	165	183	199	162	80	38	253	13	70	226	156	144	111	224	165	42	136	40	131	39	123	
36	134	244	87	238	35	208	43	83	55	177	251	66	105	204	15	91	214	231	48	58	110	79	147	14	26	85	119	247	234	212	135	
34	188	164	153	253	229	184	71	31	127	88	183	172	190	118	8	239	59	147	145	54	122	83	247	31	22	159	235	149	76	181	223	
245	253	136	182	141	204	87	165	146	246	139	29	247	248	91	82	129	102	121	87	127	69	218	34	233	213	141	60	8	123	152	82	
71	171	148	178	169	44	125	143	235	159	131	93	238	226	74	91	133	71	108	21	22	73	155	225	205	146	95	126	136	81	131	11	
97	184	160	82	85	221	208	7	123	231	36	29	162	185	86	60	137	174	113	29	159	122	240	146	79	221	21	123	203	108	90	94	
90	165	242	70	115	248	49	71	171	133	175	40	46	247	236	180	162	179	236	16	18	11	162	227	27	244	16	123	227	2	199	47	
58	253	35	164	25	199	151	247	20	234	154	106	54	181	32	132	141	127	209	33	105	139	81	158	249	199	61	178	91	124	148	187	
253	101	76	37	140	27	70	168	1	226	168	77	211	105	89	147	25	196	76	110	109	102	221	10	178	201	101	52	109	251	90	18	
70	162	148	179	169	44	93	143	171	191	130	21	174	226	74	90	133	71	108	29	18	73	203	224	205	242	95	126	128	64	129	75	
2	12	107	191	86	135	187	96	30	64	90	135	245	239	52	64	127	251	19	141	163	154	62	127	117	47	171	136	53	10	49	240	
91	151	74	164	210	178	46	247	52	227	218	247	77	231	186	208	119	175	151	189	253	153	13	206	250	103	175	196	175	198	171	153	
130	182	243	209	242	249	176	207	159	63	114	242	12	254	236	237	55	27	166	16	50	124	46	211	28	134	62	231	246	72	133	175	
109	117	121	101	116	14	127	56	105	232	127	76	211	115	137	48	22	220	84	110	201	176	249	14	231	253	37	132	72	178	66	113	
24	141	14	175	20	131	79	248	20	0	222	2	115	107	32	64	120	238	31	234	8	145	9	63	240	231	171	144	53	170	33	0	
24	157	11	255	149	199	71	254	22	130	206	0	247	243	32	96	217	110	34	202	123	187	57	63	233	231	167	64	16	122	180	170	
127	67	230	204	111	18	238	120	233	194	246	238	105	202	183	247	126	228	254	239	205	99	167	200	18	123	203	159	47	190	122	21	
143	207	148	220	189	149	94	191	159	178	12	32	237	243	227	197	23	99	188	40	118	73	10	255	170	223	15	127	146	244	137	13	
130	65	134	137	140	2	168	68	174	1	210	18	8	138	120	72	104	133	63	209	18	145	1	192	20	32	154	196	21	28	177	136	
3	205	103	207	212	214	175	167	92	64	90	66	240	124	180	229	122	106	18	237	241	184	61	255	45	62	142	130	29	30	241	236	
202	157	30	252	123	196	61	103	143	31	108	49	172	183	34	81	231	51	139	0	114	9	18	247	227	241	90	11	18	64	165	139	
16	140	43	191	84	199	235	230	22	1	74	2	113	255	48	64	249	235	19	137	35	186	26	63	253	175	175	72	17	10	113	234	
184	220	37	189	21	198	129	118	20	232	194	71	50	53	0	196	104	252	153	193	105	191	81	159	249	230	157	18	51	28	84	250	
24	5	26	173	22	130	107	120	52	0	222	2	247	99	48	64	126	237	31	232	40	145	9	31	224	231	170	128	53	170	49	160	
11	143	99	201	215	179	170	119	77	1	126	230	40	32	180	228	122	42	130	188	147	184	37	253	46	28	130	194	215	142	240	173	
194	92	150	252	42	38	92	222	187	187	176	57	238	255	101	91	151	253	189	5	32	71	138	251	146	254	95	190	150	245	35	27	
39	164	129	128	205	109	203	202	27	243	136	24	150	244	93	174	217	91	123	31	27	102	219	210	141	30	159	126	152	121	210	178	
84	12	255	229	132	106	71	128	228	182	143	3	215	99	25	75	99	212	109	186	24	193	201	32	209	227	231	21	164	251	116	98	
94	130	136	170	11	160	89	152	167	29	141	177	207	231	106	90	119	147	237	144	26	7	203	211	218	247	186	221	178	135	44	67	
26	213	104	229	118	19	126	252	33	96	124	163	61	31	153	17	62	215	151	238	232	152	45	237	254	201	174	132	55	147	36	217	
2	184	20	153	107	197	184	207	142	89	80	53	172	158	104	72	199	27	187	145	2	15	210	209	5	48	26	235	16	4	165	219	
189	105	73	227	148	79	207	216	6	160	137	2	215	81	89	160	88	76	25	126	105	180	93	26	229	137	173	52	61	251	80	160	
6	128	148	153	180	168	184	3	190	17	82	18	140	138	112	72	231	11	59	145	18	216	3	209	12	50	218	196	148	0	161	129	
63	15	230	156	22	178	234	82	148	132	218	231	33	232	183	204	110	236	63	207	140	155	4	174	16	46	170	128	167	253	120	212	
62	99	120	224	47	27	91	88	11	188	181	175	15	13	223	16	190	149	223	119	140	35	237	144	219	217	41	255	119	143	87	119	
166	148	246	240	245	47	214	251	123	187	177	56	78	121	60	24	159	151	215	49	176	239	9	214	187	222	85	246	198	232	195	3	
3	219	2	139	95	149	190	231	143	73	88	231	172	202	54	196	238	43	147	197	199	26	22	253	44	20	142	235	29	30	185	159	
34	168	148	154	253	197	144	207	158	25	224	24	164	216	100	0	201	58	179	17	18	106	82	183	13	22	30	123	208	8	212	138	
2	0	180	145	164	169	184	2	158	145	82	18	140	138	113	74	231	43	51	145	146	216	3	208	12	18	218	196	148	73	1	137	
137	221	126	127	244	150	255	191	84	72	126	32	249	253	186	96	86	58	22	106	243	184	111	191	102	255	38	192	86	138	233	249	
78	162	100	169	107	27	184	73	47	61	21	191	204	206	78	78	247	29	255	149	22	80	235	213	222	81	155	247	150	6	133	215	
9	189	120	251	248	191	187	191	222	17	124	176	189	255	168	32	23	59	151	24	179	152	122	191	111	221	53	232	214	202	197	243	
43	170	224	121	85	159	201	95	83	229	116	141	3	13	86	20	221	168	147	29	142	58	244	159	79	95	145	125	247	140	94	220	
38	104	162	155	87	241	186	192	30	71	81	179	168	204	55	72	219	59	147	145	6	158	46	251	12	22	159	171	149	95	53	222	
161	78	12	13	44	31	206	58	92	234	182	76	211	8	151	161	204	100	126	111	237	244	69	30	166	91	225	144	92	185	88	141	
0	24	30	253	78	207	49	71	134	33	230	2	176	147	34	64	104	188	106	136	16	251	83	16	85	163	146	1	57	8	40	138	
41	189	249	113	244	239	237	63	127	235	126	92	155	55	148	52	31	158	118	24	179	248	113	95	111	223	53	196	202	200	198	249	
250	216	182	188	43	85	28	119	159	126	214	191	110	191	34	75	239	181	253	131	236	223	51	241	211	243	248	155	54	124	164	95	
177	6	70	13	199	59	228	75	85	174	243	114	66	40	151	173	121	140	134	161	188	182	69	142	22	6	240	23	247	124	250	132	
148	158	243	81	242	251	176	103	127	191	115	242	12	254	228	236	55	63	166	16	50	252	175	86	60	6	119	199	230	192	165	167	
3	135	67	141	116	179	232	111	87	9	90	214	160	40	180	196	122	170	6	141	247	186	69	223	36	62	186	128	29	204	241	140	
46	168	240	88	255	241	186	203	91	245	125	186	8	158	230	188	111	155	147	144	147	58	238	242	31	92	145	239	215	205	238	246	
34	168	48	218	205	197	144	199	223	29	240	24	164	216	116	0	201	58	179	1	18	107	90	243	31	20	158	123	80	12	246	138	
75	16	245	213	109	124	104	23	105	123	242	112	156	62	212	255	230	149	252	12	133	252	231	192	150	250	114	130	142	228	73	61	
123	83	103	204	47	19	238	120	197	192	246	238	107	73	181	231	126	164	254	238	201	163	39	221	50	122	193	144	127	174	112	53	
94	48	183	212	203	100	177	75	171	151	239	18	76	247	108	222	249	191	235	144	16	195	178	192	27	54	87	75	131	102	167	246	
187	148	244	127	189	252	88	159	95	91	246	23	106	125	30	125	253	159	181	29	190	252	123	247	75	127	148	215	247	204	212	127	
83	135	67	129	150	178	110	247	53	225	218	198	89	38	186	228	119	207	31	253	221	153	37	239	184	110	175	196	173	214	177	93	
18	92	194	188	90	208	28	71	148	134	202	163	45	150	163	192	110	187	155	129	76	143	6	234	176	36	158	139	37	244	44	222	
2	184	176	147	255	229	184	198	30	127	81	55	172	190	118	8	239	59	147	145	182	126	90	247	15	22	158	227	148	76	149	223	
198	60	246	248	248	175	218	75	187	139	177	56	206	250	101	24	191	247	255	17	176	239	10	238	158	158	87	250	192	225	3	1	
229	4	205	197	64	38	77	186	17	178	102	222	209	35	153	127	87	196	48	174	105	214	93	26	4	142	229	36	188	240	64	32	
220	97	188	226	143	89	22	200	203	180	133	10	78	216	75	42	161	213	248	115	78	103	171	176	219	193	77	63	246	127	93	38	
3	170	162	153	215	179	184	71	94	71	92	183	172	136	118	236	251	43	146	149	150	188	4	215	14	22	154	195	157	12	185	206	
236	237	165	182	181	108	71	183	50	254	14	29	247	117	89	27	145	110	21	47	121	92	248	47	237	223	117	116	138	125	214	122	
88	5	94	172	22	2	78	56	37	128	222	2	91	99	48	65	114	228	93	234	104	129	9	140	242	235	163	144	54	170	112	0	
45	106	129	176	237	53	76	223	19	250	176	77	143	169	81	155	221	204	54	60	143	114	219	144	142	223	213	60	218	124	90	129	
43	114	242	88	111	245	184	206	219	95	116	63	44	220	127	172	255	27	147	149	134	119	178	211	31	28	23	239	215	92	111	223	
186	29	7	21	23	223	34	102	149	224	202	11	34	181	33	133	104	246	203	65	105	185	16	175	179	98	192	19	99	44	28	62	
203	201	244	220	189	219	92	175	223	148	4	24	174	226	230	245	3	34	232	28	102	76	118	223	170	223	85	123	150	164	141	76	
237	241	58	74	201	252	115	216	235	85	109	8	94	209	111	190	160	72	226	90	7	39	186	49	87	249	0	107	74	23	202	198	
68	170	149	176	169	140	89	139	171	189	128	77	174	163	74	94	133	71	109	29	18	73	219	193	137	240	95	126	128	4	3	107	
125	45	204	37	148	75	86	47	49	226	190	13	83	57	3	19	25	196	68	46	109	250	213	14	250	235	101	53	111	248	90	26	
194	60	182	252	105	167	88	222	59	171	176	56	236	255	37	89	247	255	255	145	162	199	130	234	147	254	95	186	146	245	35	27	
27	151	75	165	210	178	110	247	52	97	218	231	89	231	186	208	127	239	151	173	253	153	5	255	122	111	175	196	47	214	171	217	
2	48	180	209	237	165	184	67	142	89	80	51	140	158	116	10	135	59	179	17	146	120	130	208	13	24	90	234	148	76	129	211	
208	118	59	164	50	230	121	114	48	206	70	189	23	151	163	81	182	189	21	173	232	151	160	14	240	161	42	136	40	160	39	115	
51	55	108	5	122	51	186	123	84	226	223	255	81	12	150	160	94	141	214	167	173	178	101	158	38	79	169	182	127	206	218	213	
123	65	103	204	45	19	234	120	197	192	254	206	75	72	180	231	126	164	254	238	201	163	39	220	178	120	195	152	127	174	120	36	
109	109	149	164	173	127	68	191	65	234	184	72	223	40	83	187	153	196	108	110	77	114	201	136	190	219	101	60	202	254	90	69	
131	205	103	95	212	198	175	167	92	65	94	2	240	120	180	101	120	122	18	233	241	184	61	255	45	62	142	64	85	24	245	236	
2	184	22	153	107	133	56	199	142	25	80	49	172	158	96	74	199	59	187	145	2	15	130	241	5	48	26	234	16	4	37	219	
94	162	96	233	107	89	56	72	175	53	149	171	140	143	76	94	254	157	255	240	18	3	203	209	223	81	139	255	183	15	5	83	
92	163	149	161	173	12	76	157	171	189	170	77	207	99	72	218	131	199	109	84	26	65	203	32	139	213	127	126	130	243	135	67	
32	168	20	155	237	201	144	207	159	61	32	56	172	156	72	8	201	27	235	17	18	106	194	245	141	18	30	123	208	8	133	139	
166	148	246	240	245	175	248	251	123	187	179	56	78	249	116	56	191	151	247	17	176	239	9	214	155	222	85	214	198	200	195	7	
18	150	242	217	242	155	185	255	63	55	86	246	45	174	172	76	55	27	135	144	178	156	37	247	60	134	62	199	183	136	165	189	
24	12	35	191	84	199	171	81	22	64	74	2	245	255	48	96	120	187	19	141	35	178	25	191	245	239	171	0	53	10	49	242	
75	16	247	213	101	124	248	23	233	91	114	116	172	158	212	255	166	61	254	9	133	220	243	192	6	120	122	130	142	132	195	61	
37	85	121	101	116	14	111	56	113	232	127	76	211	51	153	48	30	204	22	110	201	176	121	14	103	173	37	132	104	187	66	241	
2	160	148	145	172	169	184	3	190	17	82	18	140	138	112	73	231	11	59	145	18	88	131	209	12	16	154	196	148	0	129	129	
60	99	107	224	38	91	91	88	1	164	181	171	11	13	223	16	126	149	213	242	200	51	101	156	243	201	161	181	103	175	86	115	
50	219	10	168	119	149	158	229	14	13	216	135	172	202	34	192	254	43	135	197	86	11	16	253	250	85	142	235	29	14	185	155	
41	189	125	113	244	239	109	55	127	107	126	88	187	55	148	52	143	62	118	24	179	248	113	215	111	223	52	192	194	200	199	249	
250	94	166	189	47	252	28	214	159	95	214	183	46	189	103	75	239	255	189	129	172	223	242	227	147	243	218	139	182	124	53	95	
123	65	106	204	46	18	234	120	233	192	255	238	75	136	183	246	126	164	252	239	205	163	165	200	146	249	234	153	47	174	120	21	
32	225	112	235	252	9	204	173	79	57	185	24	226	72	92	0	217	138	95	33	218	42	75	149	174	220	149	124	84	138	208	137	
89	197	103	199	118	26	239	188	104	96	90	198	89	44	157	231	126	196	54	239	225	176	37	204	52	42	238	132	47	187	113	125	
214	201	2	131	4	0	170	196	44	16	146	2	136	138	113	72	106	133	31	211	74	5	129	224	148	32	138	196	21	19	49	8	
176	141	117	123	215	239	106	167	119	49	106	18	123	59	28	112	57	138	0	152	123	184	89	191	175	222	20	65	251	130	194	10	
3	134	65	141	116	179	168	111	23	1	90	247	160	40	180	196	123	139	2	133	55	154	69	223	12	54	154	193	157	12	184	140	
42	178	228	153	125	153	184	95	31	61	84	191	140	14	86	12	239	13	247	149	150	88	71	213	14	83	154	231	150	140	29	223	
173	213	90	74	205	61	231	216	232	82	45	28	88	208	127	182	185	66	82	122	247	39	186	115	119	29	5	44	219	123	235	166	
19	141	107	199	150	18	239	247	100	96	222	198	81	46	188	100	126	206	31	239	217	153	45	239	184	46	174	196	45	210	240	124	
56	157	19	254	149	199	71	190	23	137	206	64	247	243	32	100	217	122	44	74	123	168	89	63	233	254	5	80	58	106	240	42	
161	140	103	91	213	255	227	247	127	67	114	82	242	48	148	164	89	42	18	24	179	184	117	255	45	158	150	64	219	200	208	172	
110	48	179	222	201	244	144	75	139	139	233	0	204	254	109	254	221	59	187	144	31	67	186	194	155	246	31	123	146	103	175	119	
9	141	125	251	253	255	255	191	95	65	108	144	253	255	184	97	23	59	147	24	179	184	127	191	111	223	23	96	214	202	193	184	
43	56	242	88	207	245	184	206	91	255	244	31	8	156	119	172	239	155	146	145	134	127	182	242	31	92	154	235	223	93	127	223	
8	8	222	255	48	202	112	7	228	1	103	160	179	147	32	112	98	62	42	128	31	152	69	13	198	167	114	1	40	136	72	138	
6	248	178	155	255	253	184	199	159	95	81	55	172	222	126	8	239	59	179	145	182	124	122	243	13	22	158	235	149	12	181	223	
87	24	151	165	170	6	57	4	239	244	138	231	223	50	67	74	167	69	108	145	149	73	183	192	216	246	79	22	172	102	33	95	
102	156	246	216	244	175	248	235	123	59	179	56	206	248	52	24	191	183	127	17	178	239	9	215	158	190	87	222	196	200	227	129	
238	253	187	246	165	125	87	190	251	254	140	56	110	245	73	63	145	218	221	106	123	71	170	171	251	215	69	191	130	253	214	99	
213	124	122	178	162	162	63	182	48	79	71	189	87	55	11	121	55	255	21	163	252	214	25	46	241	227	122	128	164	209	167	115	
59	36	104	5	138	51	143	79	20	231	223	175	217	44	151	45	95	143	87	175	189	242	69	158	100	14	249	148	255	253	154	213	
194	60	150	156	248	167	184	198	187	155	176	56	172	254	37	89	247	119	255	145	34	207	130	235	158	190	95	154	148	113	35	155	
246	253	187	246	181	124	87	190	185	250	12	56	102	247	201	63	145	218	221	106	123	71	168	171	251	219	69	191	130	253	214	115	
22	72	80	171	2	40	122	64	45	0	113	2	47	2	33	88	126	153	23	194	10	150	1	216	150	217	138	128	181	243	99	0	
2	176	166	153	207	213	184	71	142	89	80	55	172	156	102	9	141	59	179	17	146	92	178	209	13	16	218	235	148	12	181	223	
230	169	232	69	108	25	201	201	75	244	188	143	129	41	215	22	73	196	103	28	72	106	255	130	78	157	197	61	205	234	90	252	
198	44	214	152	248	171	250	74	187	139	176	24	236	234	101	25	183	247	127	144	48	111	130	254	156	30	95	250	196	65	35	137	
60	133	96	235	252	11	206	249	79	49	189	10	203	73	92	0	91	136	23	59	218	50	77	149	254	221	165	244	119	139	208	128	
130	168	162	153	79	241	184	71	158	85	64	151	172	140	114	9	233	43	147	149	22	92	50	209	5	16	218	107	148	12	53	222	
210	233	2	131	68	0	238	224	45	0	147	2	8	10	113	65	106	137	31	195	74	23	1	192	148	128	138	132	21	27	49	8	
171	184	22	216	57	157	16	35	159	29	196	56	174	217	42	165	133	58	251	17	118	207	66	183	139	115	24	91	82	12	154	7	
103	116	99	82	229	189	231	148	121	94	109	92	202	236	159	189	157	74	84	126	251	246	120	165	39	90	68	122	202	255	210	244	
82	178	156	119	27	243	17	39	158	181	71	176	228	182	14	107	197	63	233	144	62	216	251	61	203	231	218	83	128	0	141	123	
138	177	180	217	157	221	113	63	127	125	20	21	170	30	70	181	160	130	236	144	118	76	247	247	143	81	208	115	50	4	204	94	
225	102	225	69	85	30	234	58	83	164	119	94	67	8	212	182	88	236	224	56	233	254	245	158	15	125	129	52	103	172	86	236	
3	201	39	219	149	214	167	167	222	81	82	66	224	120	180	229	200	98	58	73	243	184	55	253	45	58	158	66	87	12	241	236	
2	152	22	153	105	133	56	71	142	25	80	48	172	150	96	74	198	59	187	144	2	15	130	209	5	48	26	234	16	4	33	155	
233	32	220	71	109	14	82	48	235	233	63	88	254	57	82	150	128	228	125	76	129	124	201	138	78	251	113	49	74	174	90	11	
105	8	220	39	108	74	69	48	225	234	182	41	251	49	18	183	8	228	236	40	108	248	193	12	206	251	117	17	98	174	90	75	
249	41	228	69	69	91	69	41	83	228	182	15	67	49	151	150	24	228	100	108	73	250	241	142	94	254	197	21	111	172	82	122	
123	1	106	236	47	18	90	120	65	192	254	143	75	8	183	112	126	133	221	239	205	163	133	204	146	237	138	157	63	174	122	84	
212	179	145	161	59	12	64	152	43	253	160	109	142	3	72	146	167	69	108	92	3	77	219	83	153	212	47	126	128	36	3	121	
61	21	123	100	86	83	91	120	65	224	255	170	83	93	187	48	126	188	23	234	201	178	52	140	115	205	161	133	111	187	118	241	
34	177	20	155	239	201	176	207	159	53	96	56	172	156	104	72	139	27	227	17	18	120	202	241	13	18	30	123	208	8	133	139	
216	69	70	236	28	10	78	57	37	0	214	2	95	99	48	83	114	229	125	234	104	129	1	141	242	235	227	144	38	178	96	0	
27	141	67	164	210	146	110	247	52	64	218	199	121	238	184	240	127	239	23	239	253	155	45	255	58	110	175	196	47	246	184	221	
59	219	10	170	23	149	158	229	140	64	216	199	173	202	50	128	252	171	151	197	206	11	16	253	186	85	142	251	28	30	185	158	
37	97	121	69	116	15	111	56	113	232	127	76	211	33	153	52	90	204	22	110	201	176	125	14	103	172	33	4	111	187	66	177	
2	160	148	145	164	169	168	3	174	17	82	18	140	138	112	74	227	11	59	17	18	216	67	208	12	16	218	192	148	8	129	137	
18	158	114	217	242	163	187	255	62	37	94	247	45	175	166	68	55	187	135	148	178	152	5	255	124	38	62	192	191	196	173	157	
35	114	178	154	111	245	184	79	219	255	117	63	44	220	126	172	255	27	147	149	134	103	186	210	31	28	223	175	215	92	255	223	
161	168	247	89	213	255	224	207	94	99	112	82	242	56	148	172	217	58	50	24	179	248	119	191	13	94	22	66	219	72	210	236	
1	189	123	81	244	239	109	55	127	107	126	88	183	55	148	48	135	62	118	24	179	248	113	127	111	223	54	192	192	200	199	249	
3	142	64	153	116	163	168	3	30	1	91	247	160	42	180	192	91	43	2	149	22	152	69	223	12	38	154	192	156	12	185	140	
51	144	244	249	189	189	216	223	127	123	247	51	78	253	158	120	255	155	183	21	158	248	107	215	159	126	215	246	215	204	240	95	
75	114	181	217	101	220	184	23	235	89	114	116	172	158	212	254	230	59	254	25	151	92	242	193	7	120	90	234	142	132	131	189	
10	186	100	145	109	157	184	82	15	61	84	183	140	15	86	8	238	9	247	149	150	88	71	209	14	81	186	231	30	12	25	219	
166	242	240	154	109	245	184	77	219	95	117	59	44	220	127	12	255	57	147	21	134	103	186	211	31	28	95	239	215	76	239	215	
5	88	249	199	102	26	239	56	104	226	127	162	121	45	149	102	54	92	22	234	193	180	173	202	102	173	103	128	101	243	81	225	
3	42	92	145	108	157	184	2	175	61	84	167	172	142	86	12	142	41	247	85	134	60	66	241	70	88	26	235	28	141	25	157	
82	72	2	131	4	0	236	64	45	34	147	2	12	10	113	65	106	137	31	195	74	23	1	192	148	0	138	176	21	26	49	128	
2	251	16	152	75	141	176	207	158	53	112	171	172	142	110	0	175	27	227	81	82	122	154	241	29	16	30	107	80	12	143	155	
34	217	16	155	109	201	176	207	142	29	96	32	172	222	96	64	200	27	234	65	82	42	194	241	13	16	26	123	80	8	133	139	
2	243	20	155	111	201	176	207	143	53	96	59	172	158	104	64	171	27	227	17	82	121	10	241	29	16	30	127	208	8	133	203	
194	60	150	156	250	164	184	198	191	155	210	48	172	254	37	89	231	127	255	145	50	207	130	227	28	62	222	138	148	64	163	155	
169	88	99	79	118	151	239	240	85	192	118	70	120	84	181	164	126	104	18	238	225	182	52	239	37	46	162	128	127	191	112	253	
166	168	246	216	252	175	248	199	127	59	242	26	206	252	116	8	191	63	127	17	178	255	11	247	158	30	95	214	212	200	163	129	
181	51	91	96	228	99	67	208	32	236	189	236	83	213	203	24	158	204	84	126	153	178	168	0	200	137	161	236	237	227	114	241	
90	152	174	52	19	243	25	162	54	117	198	189	235	238	14	89	183	191	237	0	62	201	51	181	218	231	219	209	168	4	141	82	
28	182	254	176	226	110	125	187	48	22	108	189	159	119	11	27	55	219	213	176	120	212	18	6	239	227	117	133	168	240	142	243	
194	240	177	147	58	205	59	24	234	241	3	92	188	151	64	118	7	117	121	80	147	69	251	114	205	144	27	122	8	131	7	121	
67	240	179	216	105	156	184	7	235	89	112	80	172	158	100	239	230	59	59	29	135	76	178	225	13	120	26	234	140	4	131	189	
19	158	66	155	210	163	170	246	62	65	90	231	125	238	182	196	119	235	151	157	183	152	13	255	126	46	190	192	191	132	169	221	
216	65	86	236	6	10	76	61	49	162	246	2	75	43	48	83	114	197	125	234	104	159	193	206	242	235	230	128	39	176	224	8	
130	176	182	153	239	229	184	71	142	89	80	19	172	158	100	11	173	59	179	145	146	92	146	209	13	16	26	234	144	12	165	219	
249	108	235	68	93	127	209	42	83	228	231	26	82	156	86	51	216	252	112	44	109	254	249	142	127	170	85	53	107	40	86	94	
39	57	224	7	206	123	207	150	70	229	91	143	209	40	151	140	90	207	55	159	157	154	109	160	100	79	220	145	237	255	146	212	
123	4	98	172	23	18	90	120	65	68	255	143	75	136	55	80	122	172	149	173	204	163	20	142	210	237	128	153	127	174	122	70	
2	152	22	153	105	165	184	71	142	25	80	48	172	150	96	72	198	59	179	144	2	28	2	241	5	16	26	234	16	0	33	155	
66	44	214	156	248	171	184	199	191	139	240	16	172	250	101	89	167	127	127	16	50	239	130	254	156	62	95	234	196	65	163	137	
60	165	96	225	220	43	202	248	71	160	189	10	91	73	221	16	121	204	23	122	154	50	77	150	254	205	165	244	247	171	82	128	
116	125	189	244	206	65	20	239	170	182	168	47	22	189	69	27	167	247	105	35	96	107	218	72	185	2	101	62	128	112	6	59	
27	141	67	174	214	146	110	246	52	64	218	199	121	238	176	240	127	239	23	239	253	155	45	255	56	46	174	128	45	246	185	220	
130	162	162	155	71	241	176	67	30	87	81	179	172	204	126	8	251	43	131	149	54	252	46	211	13	22	154	235	148	12	189	206	
240	108	233	70	124	123	211	33	83	164	183	187	115	29	214	19	8	228	108	74	104	126	237	42	115	233	37	49	101	171	86	106	
22	64	80	161	2	40	122	80	41	0	241	2	15	10	5	88	126	153	23	226	8	18	0	200	146	217	138	128	53	243	35	129	
109	173	252	85	228	30	84	187	235	179	46	8	223	113	204	63	151	86	116	40	114	200	250	33	239	223	85	119	166	248	194	36	
2	160	20	153	236	169	184	7	174	25	82	16	140	138	112	72	199	27	59	145	18	92	131	209	12	16	26	234	148	0	129	137	
37	113	97	69	116	31	239	248	117	224	122	78	88	8	149	164	120	204	18	238	193	178	125	204	36	60	133	4	111	191	114	180	
9	134	2	153	52	174	168	55	94	9	91	84	188	162	184	224	209	42	6	29	183	184	1	215	12	55	186	192	152	12	217	141	
50	143	42	171	150	135	223	245	4	5	92	135	37	15	34	64	92	171	7	229	90	152	0	191	225	197	170	193	53	138	180	250	
37	251	174	99	228	31	239	188	105	95	125	76	243	124	159	58	157	74	86	127	223	176	126	32	47	95	101	196	192	251	218	229	
75	201	5	168	157	213	132	165	206	81	138	67	174	152	52	224	192	35	186	197	223	9	87	181	169	113	142	83	28	14	185	76	
249	214	127	239	38	10	95	61	81	74	95	230	119	99	168	113	118	212	181	106	233	148	45	15	242	235	100	144	62	186	146	25	
134	184	178	155	255	237	184	195	158	27	81	51	172	222	108	72	239	59	179	145	162	92	90	243	13	22	158	234	148	76	165	211	
81	137	254	76	226	30	117	255	233	156	126	0	62	59	151	114	166	166	124	8	208	171	35	72	123	239	101	7	224	240	226	43	
109	137	231	69	197	253	229	167	239	69	110	8	187	232	191	118	59	226	98	28	151	184	54	64	111	126	84	64	206	246	219	204	
130	242	18	154	91	205	176	238	143	53	104	27	172	220	104	0	175	59	235	17	66	47	26	247	29	16	26	127	80	12	133	139	
232	198	8	191	60	47	67	189	23	62	135	28	247	35	24	81	209	198	45	46	104	6	217	63	237	242	241	124	26	139	208	10	
60	101	234	96	212	59	227	216	87	160	252	10	91	105	213	32	120	204	23	250	136	178	109	142	122	205	165	180	231	251	82	160	
162	252	16	155	127	201	176	238	143	17	96	58	172	222	108	64	203	59	235	1	66	47	194	247	53	16	26	123	16	24	5	139	
51	141	99	142	212	146	239	247	116	64	218	198	113	230	180	100	126	238	22	239	249	155	45	255	56	46	174	128	45	182	240	252	
130	172	150	153	250	169	184	199	191	139	112	16	172	234	96	73	167	107	127	145	50	253	2	255	28	54	30	202	132	64	163	137	
47	117	67	77	85	31	238	120	93	232	248	70	72	200	181	164	120	204	146	111	197	178	125	222	54	60	131	162	95	191	122	148	
6	120	146	154	75	197	184	196	142	93	81	183	172	222	104	75	204	59	147	211	18	79	154	241	21	16	218	235	144	31	165	211	
100	103	250	116	244	40	231	198	248	174	122	9	215	233	77	27	185	110	69	98	16	241	128	32	245	168	101	57	192	121	215	227	
2	184	162	155	79	229	176	196	158	85	65	179	172	222	106	9	237	59	179	211	22	94	154	241	5	16	218	107	148	15	53	210	
173	203	227	97	180	13	239	184	107	204	62	9	211	205	215	48	152	64	119	127	198	41	101	35	109	28	165	148	197	186	86	225	
189	74	106	110	68	198	107	112	84	198	117	134	115	205	179	113	120	168	23	238	232	182	60	14	83	233	160	128	119	171	116	240	
216	129	86	237	102	10	126	53	61	34	246	2	123	43	48	80	114	231	61	234	88	159	193	239	246	255	242	128	38	160	224	8	
60	219	157	104	234	79	84	255	43	209	40	77	23	63	97	146	134	209	247	80	81	11	18	24	251	215	69	124	248	184	135	187	
127	187	225	134	213	21	238	215	7	101	222	207	8	172	94	132	124	238	243	221	157	58	245	224	63	60	140	250	191	255	242	252	
2	24	22	153	105	165	184	66	142	25	80	48	172	150	96	74	198	59	147	144	2	12	2	241	5	16	26	234	16	0	33	155	
153	106	239	55	36	10	167	21	112	202	83	247	241	104	213	43	54	101	53	111	229	244	199	42	228	47	127	128	76	120	241	201	
184	207	44	171	20	135	79	253	20	4	220	135	49	71	42	65	92	171	7	238	122	152	113	191	225	129	170	208	48	138	180	250	
65	89	189	111	44	124	5	172	204	122	170	104	246	48	143	107	129	68	108	98	205	97	251	1	129	255	117	30	80	122	85	111	
3	135	42	139	212	151	190	103	76	69	88	199	160	8	190	192	252	43	19	229	214	184	4	223	44	28	142	195	29	14	249	220	
245	73	137	54	173	108	71	24	242	202	130	77	247	240	67	122	192	228	108	77	141	71	243	34	209	253	229	56	136	121	90	90	
9	134	22	139	181	183	224	119	92	9	79	86	172	18	58	228	245	10	154	29	151	184	17	223	173	127	26	66	154	14	185	5	
113	60	53	87	205	255	196	103	83	234	251	90	114	60	84	171	201	254	112	3	233	254	249	172	87	106	85	58	75	91	210	190	
85	100	17	176	145	236	78	134	186	242	170	8	191	210	73	187	177	223	88	250	91	80	144	100	177	193	31	104	40	81	131	32	
90	9	157	165	193	102	92	119	35	243	72	9	61	63	16	90	165	191	245	149	29	218	19	12	219	199	220	132	168	96	38	218	
189	246	127	97	160	95	85	216	240	254	183	252	223	87	202	187	191	148	220	122	253	247	105	18	234	201	101	245	110	181	206	243	
18	64	2	128	4	0	238	64	13	34	155	2	136	10	113	64	104	137	31	227	72	147	1	192	144	128	138	160	5	42	49	128	
211	223	30	60	186	166	92	167	173	28	234	117	167	2	39	82	231	167	108	132	108	143	3	127	178	242	106	83	8	48	169	15	
2	106	20	147	108	137	184	0	175	21	80	133	172	138	84	10	206	41	83	85	6	28	66	241	4	24	26	235	20	13	17	143	
