香奈儿可可小姐唇膏	444 - 嘉柏丽尔	https://i.chanel.cn/fnbv3/image/full/shades/rouge-coco-_-444--35g.0172444_S.jpg	https://i.chanel.cn/fnbv3/image/full/chanel__com_type1/skus_full/rouge-coco-_-444--35g.3145891724448.jpg
66	156	253	211	248	231	57	159	143	121	30	126	188	87	160	100	7	51	31	152	179	76	107	253	237	158	189	200	150	192	133	121	
64	57	155	228	8	204	97	18	170	232	162	8	182	151	64	50	128	53	120	72	65	8	242	0	193	160	48	56	64	0	7	42	
112	49	185	100	28	79	83	40	96	164	174	8	210	55	64	48	144	212	108	106	8	32	249	12	241	173	33	48	64	42	70	34	
212	92	31	254	12	70	71	56	132	142	195	2	119	87	33	67	248	244	125	234	105	199	59	46	241	163	227	16	48	59	52	34	
184	149	20	255	189	149	84	191	133	9	220	64	247	115	40	65	200	50	157	104	122	169	83	189	235	249	164	217	18	140	248	43	
104	40	185	116	205	221	85	23	226	166	164	8	51	177	65	58	200	190	96	8	8	107	242	0	211	203	84	57	226	200	70	106	
80	56	159	245	42	204	117	17	174	234	162	72	215	247	64	114	167	117	124	8	1	65	187	2	201	167	101	20	8	98	7	51	
2	162	164	153	221	177	184	71	158	21	64	151	172	174	118	72	193	11	187	149	22	72	130	213	12	18	218	239	148	12	189	222	
10	186	194	187	230	177	184	199	31	93	80	247	172	238	242	136	255	59	151	145	150	218	14	243	30	87	190	235	157	76	173	223	
36	177	121	99	244	207	99	125	103	45	125	10	147	149	216	48	90	154	6	120	219	186	120	21	109	141	37	108	247	138	198	224	
187	211	96	173	118	17	255	117	85	68	84	167	57	12	182	36	126	137	151	239	205	186	36	223	102	73	170	160	127	158	252	221	
11	158	210	155	182	179	186	247	30	71	90	247	173	238	180	196	127	59	151	149	183	152	6	255	44	70	190	194	191	196	185	221	
162	89	180	218	109	141	220	74	207	24	240	8	174	217	117	91	204	170	31	67	202	42	82	241	135	216	210	58	82	25	112	139	
230	72	102	150	70	162	234	64	169	192	211	135	72	206	53	75	110	245	19	231	128	215	134	200	16	40	202	136	133	55	49	208	
27	141	111	207	214	179	239	247	84	64	94	198	113	110	176	96	126	234	23	237	249	152	45	255	124	47	174	192	191	234	240	249	
125	207	110	238	54	147	78	248	133	200	223	230	107	227	179	224	126	226	189	238	204	139	45	189	242	233	167	144	63	191	120	93	
29	79	74	238	54	131	107	120	4	8	223	230	113	231	179	96	126	253	31	238	201	145	45	63	240	239	171	128	61	171	56	49	
35	121	98	202	125	149	250	196	207	73	84	35	40	156	247	32	238	57	151	197	134	50	38	249	55	24	138	170	87	31	113	223	
39	134	98	139	247	177	186	202	30	13	89	167	40	200	190	128	255	43	147	149	150	186	12	255	14	20	138	235	213	79	125	197	
41	181	97	67	212	223	235	121	69	97	121	66	16	17	188	164	120	138	18	120	211	186	124	221	44	12	161	228	127	142	208	180	
26	158	222	189	178	186	186	247	62	7	90	247	109	234	178	192	119	111	175	149	182	221	5	255	190	103	62	195	172	196	169	29	
168	164	25	251	157	237	81	15	86	23	77	16	182	241	104	104	217	26	2	24	58	124	123	23	205	135	154	109	144	72	149	170	
40	157	121	117	244	207	109	183	125	109	126	56	187	53	146	48	15	254	87	8	241	184	113	63	111	255	52	192	66	216	198	249	
41	67	107	71	116	11	103	56	117	224	126	204	115	65	145	52	122	236	22	110	201	178	109	45	102	172	37	128	111	186	82	160	
42	56	115	249	113	204	123	18	59	72	116	104	188	151	4	52	134	61	23	8	129	156	176	242	71	252	48	130	74	129	71	187	
19	159	99	159	178	178	174	247	61	65	90	230	105	110	182	228	127	239	23	173	181	152	5	255	60	46	174	192	191	198	169	221	
2	186	158	185	243	224	57	199	190	31	86	177	172	183	98	72	227	59	175	16	18	216	2	247	206	247	126	203	144	68	165	219	
56	105	120	236	60	215	214	252	195	172	188	11	51	201	115	128	88	248	135	104	76	43	208	189	243	205	165	57	119	186	92	138	
19	159	99	155	182	163	171	247	30	65	90	231	121	238	182	228	127	43	23	189	151	152	45	255	44	46	174	192	189	206	177	253	
124	161	185	96	205	77	83	144	99	164	166	8	27	53	64	50	153	220	112	88	8	114	248	0	91	205	5	53	98	162	70	98	
45	181	145	65	112	15	102	184	123	168	122	76	222	115	192	180	150	92	86	122	129	176	217	94	47	156	37	36	74	162	66	161	
98	58	253	254	124	13	249	104	139	184	176	238	254	252	212	18	207	247	255	17	171	99	202	253	222	26	111	186	69	44	19	177	
200	88	191	116	32	78	117	55	248	138	38	24	191	183	1	123	160	118	124	8	97	253	178	8	231	251	118	0	64	112	199	59	
8	151	60	235	189	159	85	191	6	9	220	32	255	113	168	192	208	18	157	40	218	168	73	157	235	253	52	212	18	138	152	43	
26	143	122	252	51	209	185	103	141	4	254	163	44	143	38	64	238	187	143	128	66	137	32	223	242	229	154	139	55	4	37	219	
124	160	184	96	205	125	83	200	99	181	173	24	19	249	72	58	153	220	192	24	26	99	250	18	251	221	5	125	194	251	214	162	
72	184	29	113	0	207	81	55	238	49	38	24	151	23	0	48	129	54	104	8	33	232	179	21	205	235	84	80	64	0	135	42	
165	71	4	15	124	31	198	184	84	232	243	76	243	72	159	161	92	68	86	111	237	182	93	63	38	88	33	16	93	187	90	133	
34	182	112	210	247	245	184	103	31	109	120	63	12	156	118	0	239	187	151	149	182	62	112	215	31	28	154	235	215	12	215	215	
137	155	43	217	116	141	105	119	92	73	84	70	181	149	176	96	204	42	22	12	211	184	96	223	103	29	178	192	26	136	241	249	
2	168	22	152	75	193	176	71	174	21	192	177	172	150	32	66	231	59	235	128	18	75	130	241	145	48	26	75	16	4	165	203	
49	67	99	77	84	27	239	120	101	224	242	74	83	64	148	165	122	204	22	238	201	178	109	28	54	168	165	132	111	186	114	164	
2	170	6	152	75	129	184	71	158	21	192	177	172	142	98	72	207	59	171	133	22	75	2	245	5	50	154	235	16	4	173	206	
19	204	107	205	86	146	235	118	116	64	94	198	49	142	180	100	126	168	22	207	225	185	36	239	116	44	170	192	61	136	113	253	
72	60	157	117	145	78	97	55	112	249	34	24	151	55	64	59	129	118	104	24	49	248	241	12	205	235	117	16	192	96	135	42	
166	72	162	158	76	163	170	64	212	2	81	2	96	200	49	72	120	40	19	195	128	182	2	234	16	36	202	136	85	43	112	128	
41	249	121	97	244	143	111	53	109	104	126	72	243	17	148	48	156	30	86	104	209	184	97	13	103	221	36	192	67	154	194	169	
72	56	157	101	32	110	97	23	56	235	98	24	150	55	0	122	129	54	120	24	1	216	241	0	197	171	118	0	200	96	131	58	
35	155	67	141	116	147	168	119	76	64	120	230	185	142	180	228	78	40	18	205	199	186	100	221	36	56	170	128	95	140	241	253	
212	92	31	254	12	70	71	56	148	138	199	18	119	87	41	99	88	244	125	106	105	199	57	46	241	163	227	16	48	59	52	34	
66	153	26	156	121	132	56	39	141	72	210	39	172	146	38	80	230	177	191	132	70	139	18	221	148	48	154	139	24	12	41	27	
0	72	130	158	12	160	42	66	148	128	80	2	40	194	33	73	104	104	51	194	0	190	2	232	0	32	202	8	20	57	48	136	
168	180	157	251	221	237	161	11	22	115	69	16	148	245	72	105	217	26	50	24	51	124	123	23	205	135	146	124	144	72	149	162	
6	96	162	137	84	163	170	64	86	1	83	18	8	202	57	64	121	41	19	145	162	182	4	222	12	6	154	192	149	11	49	128	
3	128	239	149	86	70	169	232	62	160	194	2	244	103	48	96	123	221	59	173	33	208	121	76	93	42	207	0	5	40	49	160	
24	4	220	225	180	42	123	23	36	35	94	146	151	7	184	72	103	145	31	152	58	156	65	130	198	207	182	196	180	192	161	9	
20	28	158	255	220	135	103	248	86	130	198	2	81	243	33	64	121	110	42	170	120	242	91	63	253	171	231	0	57	120	112	162	
130	232	122	155	108	169	184	198	190	19	80	146	189	206	116	9	239	43	119	145	162	92	130	241	68	27	250	232	20	9	49	137	
50	195	98	172	126	147	218	97	77	69	216	231	44	136	54	64	254	169	135	229	204	171	4	221	48	36	138	203	125	142	57	221	
18	139	2	142	91	129	190	101	140	4	216	175	44	238	34	68	110	187	139	197	86	139	6	253	176	36	138	187	20	14	173	223	
18	201	98	204	86	128	248	100	141	0	216	130	40	206	52	64	110	169	23	225	194	139	2	221	52	40	138	136	21	12	113	136	
124	120	59	226	45	253	83	200	203	236	181	8	14	223	99	56	168	153	223	114	11	39	250	240	219	209	5	127	194	27	71	115	
61	120	233	99	37	127	83	152	65	236	55	10	91	93	223	42	24	212	213	122	141	242	125	168	75	201	37	53	231	191	94	115	
26	8	106	188	7	210	184	103	148	70	90	163	45	172	50	192	106	187	179	129	68	157	20	207	86	103	218	131	55	12	61	218	
130	133	130	153	196	163	172	199	30	3	90	18	8	170	48	72	121	11	2	145	50	186	3	194	60	6	158	196	149	88	241	136	
56	65	106	101	116	10	109	119	100	128	254	2	19	1	145	112	122	172	6	232	200	176	37	12	118	237	164	128	103	184	114	168	
34	168	50	153	117	141	184	198	94	9	112	2	172	152	52	0	220	59	19	81	130	56	2	245	13	28	26	234	208	8	115	139	
90	81	82	189	50	138	124	119	173	0	83	162	173	143	36	64	230	191	159	128	64	153	0	205	182	253	154	130	38	128	161	25	
130	184	185	243	166	101	189	223	27	123	20	247	188	191	208	40	143	91	31	157	147	220	235	243	205	148	191	224	166	192	133	249	
6	201	6	154	204	131	174	228	148	128	218	2	72	234	121	65	120	234	51	227	64	179	10	224	52	32	207	136	21	123	241	136	
34	137	2	137	92	131	168	102	4	1	216	2	168	138	48	64	120	170	19	209	2	186	67	221	60	36	138	200	85	10	48	136	
27	64	106	236	86	162	107	112	36	64	223	130	121	143	178	112	126	189	23	239	200	145	36	205	210	237	170	128	37	131	49	241	
92	176	184	254	169	100	91	216	171	190	181	8	255	255	75	26	183	85	253	82	10	67	186	241	219	217	111	255	128	243	39	99	
220	212	188	254	173	76	127	168	175	158	150	19	255	255	107	75	247	215	253	243	122	69	187	241	235	243	239	31	148	115	173	67	
88	9	74	236	22	130	106	112	165	128	223	2	123	203	48	64	126	173	61	235	72	187	128	205	242	237	162	128	37	162	112	8	
2	145	34	152	102	128	188	103	141	65	81	183	172	142	62	64	238	19	159	133	210	137	2	213	180	48	154	202	21	4	161	217	
2	185	50	155	117	141	176	103	30	9	88	2	172	154	32	0	236	59	19	17	146	184	16	255	45	20	26	98	16	8	145	139	
120	105	106	228	20	130	107	112	225	128	254	2	115	131	177	80	122	236	21	234	200	187	160	12	242	237	166	128	37	178	114	40	
2	129	38	153	86	130	168	103	28	1	83	18	172	138	56	64	122	43	27	129	210	152	3	213	4	48	154	192	21	8	177	136	
162	65	70	137	76	129	232	64	13	16	112	2	8	138	116	73	106	169	55	145	2	182	2	208	20	40	202	200	21	8	113	128	
59	159	66	156	247	147	174	119	221	64	216	231	105	232	180	196	126	171	134	165	199	187	6	255	50	126	142	138	127	142	249	157	
241	82	71	237	38	14	111	56	100	106	243	230	83	3	145	113	126	132	60	238	233	150	101	12	180	170	224	128	45	187	112	49	
26	207	66	190	119	147	190	231	157	4	216	231	109	234	38	192	254	107	135	197	102	171	14	255	50	119	142	139	63	94	185	143	
34	157	18	188	213	196	148	103	157	13	232	1	38	178	38	192	200	59	130	1	94	171	18	255	177	182	154	75	16	12	172	142	
11	14	123	221	112	134	249	114	188	72	118	66	185	143	180	96	110	57	23	140	225	156	32	207	71	175	186	128	87	128	33	249	
4	156	30	254	220	135	167	248	150	138	198	18	112	243	32	65	121	126	43	170	112	243	27	63	125	167	247	0	144	120	176	162	
18	203	95	156	27	193	185	103	140	4	90	163	44	143	162	64	110	51	175	128	64	137	34	253	112	36	186	139	53	12	37	251	
83	221	19	188	53	204	116	119	253	8	202	6	190	155	32	192	224	59	31	65	71	187	16	255	177	245	26	10	24	8	33	11	
19	13	99	221	86	147	171	119	212	64	218	198	49	172	180	228	110	170	23	173	225	187	36	239	48	44	170	128	63	140	113	252	
34	240	50	217	119	197	184	199	31	73	120	51	172	158	124	0	255	27	147	145	210	62	16	215	45	28	154	239	213	12	149	219	
27	28	58	252	117	132	121	119	189	8	126	3	61	159	32	80	236	59	23	140	192	155	16	207	243	253	186	128	50	128	105	171	
130	137	66	153	86	131	168	103	30	0	208	2	172	138	52	64	106	169	19	193	66	186	2	221	20	40	154	200	21	8	49	136	
50	129	102	143	84	131	170	96	140	0	241	2	104	202	52	64	122	169	23	161	208	187	0	221	20	42	138	192	21	10	113	136	
189	68	105	229	116	6	75	56	85	234	247	82	211	79	153	113	92	204	23	238	233	182	109	142	231	249	163	132	39	171	112	241	
138	172	42	154	125	213	184	231	159	29	84	21	172	175	54	196	205	59	147	149	54	30	18	247	79	119	154	235	146	12	61	222	
167	197	237	205	124	18	79	185	86	91	221	214	209	44	156	97	94	204	63	239	233	48	237	159	100	47	239	132	61	251	208	244	
53	233	123	202	84	196	199	252	70	132	252	2	115	209	181	100	120	248	22	234	203	58	126	189	121	140	165	40	119	186	116	168	
0	48	158	187	40	173	185	18	190	57	87	49	181	159	64	73	230	59	127	17	18	220	195	113	197	177	122	192	128	1	1	179	
33	233	67	201	85	157	227	244	71	65	124	78	48	128	180	180	120	168	2	220	151	58	116	245	62	28	128	104	127	142	114	252	
43	175	225	201	213	149	170	239	79	201	88	198	104	232	252	164	221	106	146	157	151	58	28	255	46	28	143	238	223	14	250	140	
58	153	122	238	83	211	27	100	5	4	124	162	57	159	34	96	126	187	147	192	74	154	52	253	114	229	170	195	55	138	36	250	
124	49	249	96	11	79	83	216	35	236	188	41	95	31	67	58	252	213	253	242	8	67	249	16	219	201	165	191	227	243	6	115	
2	152	50	154	87	213	178	67	157	65	121	19	44	220	54	32	250	57	147	145	22	190	50	255	23	28	26	107	85	12	181	214	
17	79	66	206	22	130	110	112	212	0	219	230	113	194	177	228	126	232	14	238	200	145	13	191	176	174	170	128	63	187	120	12	
34	136	98	201	86	131	234	96	93	1	113	2	40	200	60	0	126	137	23	225	146	186	4	221	30	28	138	192	85	11	113	128	
0	140	2	158	212	131	174	226	150	128	90	2	104	234	33	64	121	106	51	194	96	179	10	255	52	38	143	8	21	106	49	136	
104	56	189	116	9	77	85	58	227	182	166	8	246	55	65	123	129	246	104	10	9	97	251	56	195	187	69	56	64	120	70	34	
62	5	98	236	85	46	234	120	69	160	251	2	75	169	60	80	120	205	23	227	136	179	21	206	179	236	131	4	103	171	114	128	
95	113	102	198	205	85	253	248	137	244	157	15	72	190	127	47	174	197	243	239	205	83	190	224	119	89	207	175	15	247	183	246	
92	208	156	188	173	76	95	168	175	190	150	1	223	255	107	90	243	215	237	98	72	69	155	209	251	243	111	125	176	115	45	67	
6	205	2	158	204	131	174	228	148	128	216	2	104	234	57	65	120	106	2	227	64	243	10	232	52	32	207	140	21	123	241	136	
138	184	249	243	166	168	125	151	31	123	20	182	189	31	192	42	7	91	31	156	179	92	233	243	204	159	191	224	164	216	133	121	
56	73	82	229	118	10	120	119	41	160	118	2	59	11	17	80	42	172	68	8	72	184	1	204	246	233	50	128	103	176	98	137	
42	184	34	152	109	213	176	70	159	29	212	21	172	156	118	205	200	59	147	149	6	46	82	241	71	81	154	235	82	12	125	222	
42	178	56	185	109	221	185	143	159	29	84	61	172	159	110	205	205	27	183	21	22	106	194	245	79	81	154	251	18	12	157	223	
19	159	71	143	150	178	174	247	125	64	218	230	121	238	182	228	127	239	62	173	245	153	37	255	56	46	174	192	191	198	185	125	
18	203	78	188	18	128	61	103	180	4	82	163	45	167	162	64	102	187	175	128	66	153	38	253	240	39	250	131	53	132	37	233	
10	154	58	249	251	193	185	199	190	29	84	179	172	223	226	64	231	59	191	145	18	217	2	247	222	215	190	203	20	12	165	235	
88	168	63	246	11	204	17	103	166	29	174	24	190	183	32	82	161	51	109	0	0	9	178	21	209	231	80	27	32	0	135	106	
26	69	98	236	86	130	250	113	229	0	254	130	105	207	52	68	126	185	23	233	232	179	4	207	242	237	170	128	55	166	112	136	
173	68	105	237	116	46	75	56	85	234	247	80	211	77	145	121	88	236	22	238	233	246	105	14	199	251	225	148	119	251	112	225	
169	73	121	109	116	15	79	184	84	232	246	72	243	1	145	49	88	236	22	106	233	182	105	62	231	233	161	176	113	187	82	233	
216	124	190	116	35	236	117	23	185	134	38	24	190	191	65	91	163	119	253	0	96	205	178	106	211	227	84	11	226	112	167	43	
2	137	2	137	84	129	168	103	22	1	208	2	168	138	48	65	104	169	19	193	66	186	67	221	20	48	154	200	21	8	113	136	
173	205	237	205	124	22	79	184	84	106	92	198	209	45	147	229	92	204	53	239	233	48	237	191	102	111	231	148	55	251	208	112	
18	65	66	140	68	128	168	103	140	0	208	2	40	138	48	64	110	169	23	193	66	139	2	221	20	32	138	136	21	8	49	136	
31	12	106	236	86	34	123	80	36	66	223	131	89	15	179	104	118	185	23	239	128	147	36	206	82	237	170	128	53	243	33	241	
50	131	98	168	86	131	218	104	5	4	208	167	43	136	54	192	126	169	151	229	206	171	4	221	176	36	138	203	53	14	124	221	
18	139	34	142	91	209	154	97	140	5	216	171	44	206	42	196	254	187	143	229	86	11	6	253	176	36	138	219	21	14	37	223	
34	8	102	201	86	131	232	64	77	1	240	2	8	136	53	72	122	169	19	161	146	179	0	221	20	8	138	196	85	9	113	128	
67	24	27	188	121	212	184	71	140	73	82	99	172	150	32	192	230	57	179	129	5	155	18	205	21	48	154	139	24	12	41	159	
4	152	158	255	220	7	165	248	150	138	198	6	240	243	40	65	121	254	107	40	32	243	91	61	93	163	231	8	152	104	49	162	
37	176	157	219	204	237	161	152	94	123	5	24	212	209	72	105	209	26	122	24	51	102	251	17	77	147	91	124	152	73	149	178	
220	84	191	254	13	102	85	24	180	190	135	19	83	119	41	91	120	244	109	34	40	231	59	10	209	227	225	21	32	123	116	114	
72	56	27	98	9	204	65	21	160	1	38	8	182	151	64	114	128	60	104	8	3	9	178	1	193	225	16	56	0	2	7	42	
233	249	113	69	117	79	99	184	115	232	104	72	18	17	128	52	24	220	86	104	233	178	241	31	101	156	1	52	74	170	66	176	
34	93	48	238	109	141	214	252	207	59	184	8	174	153	61	3	200	91	95	65	194	43	90	241	183	216	16	190	82	91	80	139	
2	170	22	152	75	193	184	71	158	21	64	145	172	142	98	72	197	59	171	133	22	77	2	241	13	50	154	235	16	4	165	218	
104	41	185	116	77	221	81	7	227	165	164	8	50	149	68	62	136	190	98	8	24	122	242	16	79	157	80	57	66	8	198	106	
12	165	89	235	180	171	67	153	70	53	13	0	215	113	216	32	83	26	30	56	26	48	105	23	205	205	33	116	182	203	212	160	
80	49	155	229	50	74	17	23	34	169	234	40	215	151	128	112	54	149	109	16	9	153	161	4	249	165	36	144	32	130	135	51	
1	191	19	69	112	142	98	178	125	168	126	100	190	179	132	244	182	124	22	120	193	152	128	110	46	252	37	132	74	162	75	161	
248	133	20	239	189	29	84	189	197	25	165	48	247	115	136	247	196	18	108	40	122	9	75	157	226	249	96	83	50	142	216	43	
134	72	130	158	4	160	170	64	148	130	81	2	96	202	49	72	120	104	19	195	0	182	2	232	0	32	138	136	21	59	48	136	
90	1	98	174	22	130	106	112	165	0	211	2	109	203	48	64	122	173	31	227	136	147	0	205	146	229	170	128	39	131	48	0	
173	199	100	47	52	27	206	184	85	172	250	239	195	104	159	133	24	204	70	111	236	176	77	31	100	88	165	180	117	190	88	196	
108	169	177	68	205	125	85	138	75	180	164	8	154	181	69	62	153	214	96	26	11	98	250	48	79	220	69	63	194	249	86	98	
134	64	6	153	84	131	168	64	22	19	83	18	8	202	57	73	121	41	19	145	34	214	0	222	8	6	154	192	149	9	48	128	
2	132	130	153	212	163	172	231	54	3	90	18	8	170	96	64	121	107	34	144	50	254	1	231	60	6	158	196	149	88	177	136	
72	56	183	119	145	238	113	23	224	177	38	24	190	183	64	254	129	54	104	24	49	200	241	8	201	243	84	16	130	64	135	42	
220	4	159	245	143	106	85	10	176	182	135	19	211	39	9	91	97	212	233	162	40	197	209	0	211	227	211	21	160	121	116	66	
229	112	149	131	236	45	193	152	78	249	177	92	214	208	73	47	141	72	126	126	131	103	219	112	141	152	97	124	216	59	83	161	
20	148	158	255	204	135	117	216	86	162	198	6	83	243	42	65	121	126	42	8	40	243	91	61	245	163	231	0	184	120	120	162	
2	12	66	157	84	131	170	104	22	0	218	2	104	234	48	64	121	235	51	161	32	187	10	255	52	38	139	136	21	42	113	128	
49	65	99	77	84	27	238	120	68	224	242	206	83	72	149	164	120	204	22	239	205	178	109	29	52	40	165	148	125	186	112	164	
35	131	97	141	94	147	168	119	68	65	80	198	177	136	180	228	110	168	18	205	223	186	101	221	36	40	170	192	125	140	121	156	
130	136	50	155	117	141	184	102	30	9	80	18	172	138	52	64	200	43	19	65	130	188	2	255	5	28	154	226	20	8	113	137	
60	120	251	102	37	95	87	220	65	236	180	10	91	93	91	56	186	248	149	122	73	178	56	168	243	217	37	53	103	187	86	243	
37	121	107	71	228	94	239	188	64	232	86	78	113	85	159	38	60	108	22	111	193	176	253	40	101	41	165	132	109	187	208	249	
34	56	114	211	246	179	184	71	95	105	113	179	8	28	244	40	238	59	151	149	146	190	36	244	14	24	154	226	215	140	241	221	
19	12	107	205	86	130	235	114	116	64	94	198	49	143	180	100	110	172	23	207	225	185	36	239	116	46	170	128	61	130	113	252	
34	225	50	203	116	141	184	196	206	25	112	2	172	136	116	0	202	41	19	81	130	58	2	245	44	24	10	234	85	10	81	137	
8	61	19	229	115	238	59	82	61	72	74	96	28	247	33	116	182	61	23	64	1	153	16	238	245	180	42	130	34	35	39	179	
18	209	114	190	34	128	188	103	173	73	210	183	172	158	44	64	230	19	159	133	194	9	2	213	176	112	154	138	20	4	161	217	
137	152	59	249	116	141	113	119	92	73	118	84	188	145	48	96	228	58	22	8	211	188	48	223	71	189	50	0	26	136	113	171	
2	192	50	153	102	128	188	103	172	81	83	147	172	142	56	64	238	27	31	133	210	9	3	213	180	48	154	138	20	4	161	217	
34	193	66	136	92	131	170	77	6	1	216	2	32	138	48	64	104	168	2	209	66	187	67	221	52	32	138	200	21	10	240	136	
18	15	123	252	51	192	185	103	173	4	218	163	44	143	38	64	238	187	143	128	66	139	32	221	242	229	154	139	53	4	37	123	
59	159	67	140	119	179	170	103	93	64	218	231	105	232	180	196	126	171	150	165	247	187	4	223	48	126	138	194	63	142	185	157	
81	82	249	229	36	46	105	16	96	74	114	100	211	55	145	122	102	212	60	46	137	180	245	72	196	168	98	128	44	241	64	113	
245	67	70	204	38	2	110	120	100	136	243	230	81	66	185	245	126	164	62	238	233	147	5	76	48	168	226	132	63	187	120	5	
34	157	18	152	217	196	180	103	156	13	104	17	172	150	34	196	200	59	130	1	86	43	18	247	185	52	154	75	16	12	173	222	
26	143	66	190	87	147	190	231	157	4	216	167	44	234	54	192	254	235	135	133	118	139	6	255	114	119	142	139	63	78	185	143	
2	129	22	153	116	131	184	103	30	17	83	18	140	138	48	64	107	11	19	145	82	184	65	213	4	54	154	192	20	8	177	128	
41	241	121	99	116	143	239	53	101	104	126	72	211	25	144	48	30	12	86	104	217	184	97	15	111	221	32	192	65	138	194	169	
99	170	253	190	108	137	217	248	175	184	176	238	255	235	220	18	239	247	127	29	139	99	203	253	220	219	111	188	76	136	3	161	
2	158	222	185	178	130	57	199	190	29	86	179	172	231	162	64	231	59	175	16	50	216	2	247	254	247	62	195	180	4	173	203	
41	227	99	77	116	138	239	248	117	96	126	198	80	65	188	180	122	236	22	238	193	178	109	221	54	60	33	4	111	186	114	164	
8	221	58	121	244	205	125	183	253	77	126	16	190	183	34	112	135	59	87	8	242	184	50	127	111	255	54	192	194	208	207	251	
19	13	107	206	22	146	239	114	196	64	95	194	49	172	182	101	110	170	23	239	225	185	36	239	114	45	170	128	53	138	112	248	
82	29	27	252	51	192	177	103	172	0	202	34	60	150	32	96	226	59	138	128	64	139	2	205	145	160	26	11	16	0	37	59	
105	97	185	64	85	93	99	80	123	224	100	8	26	21	84	52	24	220	82	88	65	50	240	192	111	156	5	32	67	136	70	226	
127	93	34	254	221	212	223	242	201	202	188	10	58	125	55	166	200	226	223	203	237	43	242	238	115	127	142	155	71	127	246	119	
55	75	98	142	30	3	206	248	4	196	219	207	99	200	187	64	126	236	31	239	204	131	13	189	48	40	175	152	61	190	112	212	
2	216	146	154	227	197	184	198	158	25	80	51	172	222	96	72	229	59	147	145	2	30	18	241	5	20	26	235	144	28	165	219	
124	49	249	228	42	79	91	88	35	236	180	41	95	31	67	50	220	213	221	242	8	83	249	8	243	201	165	179	99	163	6	115	
128	172	159	187	108	169	169	210	62	27	81	82	181	203	113	73	239	43	63	145	34	220	202	115	196	133	250	168	148	65	33	169	
35	171	160	139	245	145	186	205	79	13	92	167	168	200	126	132	221	11	147	149	150	58	206	241	46	20	143	239	213	14	123	206	
162	65	66	137	76	33	232	71	141	16	113	18	136	138	116	75	106	137	23	147	48	182	66	192	20	24	218	200	21	25	241	128	
195	190	151	153	234	161	169	71	190	27	66	244	164	166	224	79	231	59	106	148	51	77	131	83	140	50	94	202	136	64	161	61	
34	134	98	137	119	241	186	74	31	5	121	163	12	206	54	0	254	57	147	145	150	186	36	215	7	20	154	235	213	14	53	215	
128	144	154	251	48	236	113	18	190	25	87	48	183	215	40	72	135	59	125	16	50	220	19	55	205	239	58	192	128	1	5	51	
188	241	121	96	209	207	83	253	99	41	37	8	23	151	72	48	152	152	85	120	91	58	248	21	127	205	37	125	114	138	198	178	
239	125	38	214	221	212	254	244	225	202	157	15	72	253	119	38	236	245	223	239	237	35	186	238	123	95	207	190	7	247	246	246	
45	53	241	67	212	111	227	90	99	161	125	74	19	181	221	52	120	154	6	56	147	186	252	66	125	140	33	100	231	203	70	160	
32	233	120	110	84	207	199	125	70	164	124	10	51	217	178	32	88	186	6	104	202	58	112	61	127	141	165	56	117	154	212	168	
199	156	156	179	169	60	188	135	186	155	131	84	156	58	64	235	167	87	120	17	55	77	155	226	141	179	94	66	136	80	137	15	
56	153	82	174	83	207	82	101	39	13	120	11	47	191	34	208	250	187	135	64	94	186	16	189	251	245	0	67	115	14	172	139	
39	54	226	139	245	183	170	202	95	201	121	198	8	200	255	164	249	10	146	189	151	178	92	222	62	28	143	230	223	79	120	132	
76	130	188	179	172	40	124	143	170	191	151	49	207	43	90	91	135	87	253	29	62	77	203	224	202	243	126	213	134	209	141	11	
253	101	81	228	172	11	78	152	67	250	185	77	211	73	217	147	154	196	76	126	109	102	201	138	178	217	101	60	106	251	90	0	
70	134	148	183	172	40	125	135	171	63	131	17	143	34	74	91	131	71	109	21	54	77	195	224	204	242	94	87	128	209	133	11	
88	176	178	86	11	200	85	39	171	141	175	40	46	247	64	54	163	54	237	0	0	73	162	97	219	247	84	91	66	2	134	42	
48	237	104	1	215	203	198	226	86	164	174	139	3	40	23	0	56	236	195	237	92	186	69	62	127	7	133	117	101	60	94	202	
97	188	249	68	205	221	196	7	107	225	172	8	146	184	86	182	137	166	112	28	143	42	240	146	47	93	21	127	202	110	218	78	
17	117	83	69	114	158	38	113	125	168	123	100	92	19	164	244	54	61	22	106	225	145	17	78	38	172	39	134	42	34	163	181	
29	104	153	225	132	79	99	200	86	224	5	10	211	209	105	40	57	204	2	122	11	52	121	16	205	133	133	52	241	59	84	160	
161	209	121	103	116	15	111	53	117	104	119	88	211	17	152	49	94	12	86	106	225	188	97	15	103	153	32	192	100	138	194	161	
208	91	248	229	50	136	59	54	40	4	110	237	183	39	130	80	38	247	109	64	64	152	161	47	228	229	42	128	36	130	7	123	
252	133	116	107	189	27	82	185	71	49	167	24	195	65	8	213	82	130	76	122	122	32	73	149	234	219	65	85	50	139	220	34	
105	40	49	64	93	221	65	67	235	97	172	8	42	145	84	180	136	188	210	24	19	43	240	145	23	220	16	123	194	14	70	110	
88	32	58	114	43	232	17	7	161	29	167	57	46	151	66	94	162	183	237	16	26	13	162	65	211	245	16	91	162	0	39	107	
220	4	197	183	173	106	69	7	33	183	131	145	207	35	75	219	195	199	237	16	56	197	195	128	202	243	84	85	162	245	132	66	
245	97	145	162	173	13	70	200	203	250	177	92	215	72	93	159	153	196	76	127	109	103	202	144	152	216	101	62	72	59	90	5	
45	121	123	71	100	94	255	244	64	232	126	14	115	93	151	32	60	252	23	110	201	176	61	40	103	141	37	0	111	186	208	249	
60	121	123	102	101	95	87	220	65	232	116	10	123	93	33	48	188	248	149	106	201	178	120	168	243	201	37	53	107	187	70	243	
26	158	94	191	178	130	58	247	62	5	94	247	109	231	162	64	119	63	175	149	182	152	5	255	254	231	190	195	61	132	173	217	
38	205	2	158	220	131	174	228	148	128	218	2	104	234	49	65	120	106	19	227	64	187	10	237	60	32	207	8	21	123	240	136	
8	157	58	127	244	205	255	183	253	77	126	0	190	189	166	112	133	122	23	8	242	184	50	127	111	255	54	64	66	208	199	251	
19	141	99	203	150	147	239	247	84	65	218	198	121	238	180	100	127	234	23	253	179	153	45	255	60	46	174	192	189	142	177	253	
42	242	56	232	109	221	153	15	143	29	180	57	172	157	126	134	204	27	223	17	198	42	98	209	71	89	154	255	22	12	221	255	
164	64	130	158	76	128	170	72	148	128	81	2	96	202	57	73	120	104	51	195	2	183	10	233	16	32	202	8	21	59	48	128	
16	144	158	253	78	15	49	218	86	48	230	6	243	243	34	64	121	92	106	8	8	243	91	29	93	163	103	4	56	40	104	130	
155	90	66	188	2	146	168	118	180	64	82	231	45	142	182	192	110	169	191	197	197	157	4	237	176	98	186	128	61	148	57	221	
2	140	2	159	84	131	170	234	22	0	90	2	104	234	32	64	121	106	51	160	32	187	10	255	60	38	139	128	21	42	113	136	
134	68	6	153	20	163	168	66	20	19	83	18	72	74	57	73	121	41	19	177	34	244	1	222	4	6	218	196	149	9	49	128	
88	124	190	244	171	232	21	71	185	151	230	57	175	191	67	91	163	247	237	16	42	79	178	227	211	243	86	11	162	112	167	75	
24	156	123	252	83	224	49	103	173	65	110	34	60	159	32	96	226	187	147	128	3	185	48	221	243	229	18	3	55	0	37	187	
25	5	110	236	86	146	235	113	116	64	127	130	121	111	182	97	126	172	23	172	232	177	36	207	114	239	162	128	39	162	112	225	
118	69	98	142	204	2	238	104	129	194	217	131	72	238	61	67	126	225	23	231	200	131	142	202	50	40	207	136	5	119	114	208	
34	25	114	211	230	145	184	71	205	81	117	179	136	140	124	40	238	27	151	149	146	188	38	240	14	24	154	194	215	140	241	221	
155	159	104	179	246	50	184	183	25	117	30	183	13	47	214	41	103	139	151	149	181	216	37	230	78	75	254	194	175	205	149	221	
28	140	248	227	242	169	121	151	55	49	94	146	191	47	80	72	119	155	191	153	178	152	9	231	254	207	62	192	166	208	129	9	
2	0	6	137	84	163	168	67	140	0	242	2	136	136	49	72	104	169	27	129	18	179	1	221	20	32	138	192	21	8	113	128	
35	223	99	135	244	30	239	181	64	232	90	230	241	108	148	164	126	238	22	239	213	144	109	238	36	60	175	128	15	254	208	253	
40	217	122	203	86	193	179	240	68	4	84	34	48	221	182	96	126	56	147	202	194	186	56	253	103	9	162	105	119	139	117	186	
34	73	66	137	76	129	168	101	132	0	208	2	168	138	48	65	106	169	19	193	64	186	66	213	52	48	154	136	21	8	241	136	
162	233	96	139	116	137	234	101	205	0	113	10	168	136	124	0	74	169	23	67	218	58	64	245	52	24	138	232	85	10	209	128	
66	208	18	154	98	128	184	70	173	25	80	163	172	158	56	64	230	51	159	133	66	9	2	225	148	48	154	138	20	20	33	217	
18	129	6	140	28	130	168	96	132	0	210	2	72	202	48	64	120	160	46	161	24	163	3	221	144	32	138	200	21	11	48	128	
16	16	158	221	28	143	33	122	246	180	198	6	208	243	32	66	121	116	106	136	40	243	91	28	93	162	199	0	24	40	112	162	
176	193	66	136	92	131	202	101	5	0	208	2	0	8	48	64	104	136	31	225	74	175	64	221	52	0	138	120	21	10	240	136	
2	138	6	153	203	193	56	199	158	21	64	145	172	142	98	72	197	59	171	149	22	79	18	241	13	50	154	235	144	4	173	218	
221	19	110	236	54	18	74	120	165	232	223	230	91	75	186	97	126	164	61	238	237	145	37	140	242	233	226	148	63	174	120	81	
146	90	78	188	18	130	57	119	180	4	214	231	45	167	162	81	102	187	175	133	224	159	6	207	240	103	250	129	53	164	37	89	
53	69	67	12	84	19	206	120	68	224	251	198	83	72	183	224	120	236	22	239	205	179	45	29	48	44	163	148	125	186	120	148	
162	213	52	255	109	173	246	236	207	59	184	8	174	248	125	3	202	67	95	67	194	47	74	241	39	152	16	190	80	91	209	139	
65	16	187	229	160	108	121	19	168	77	118	116	151	55	129	122	6	53	61	24	145	148	176	64	199	169	114	128	128	225	37	115	
9	157	121	219	242	168	123	183	122	1	126	48	185	55	200	112	55	58	55	152	179	152	233	119	110	175	54	192	182	192	195	169	
2	128	22	153	22	131	168	39	30	17	83	18	172	10	32	65	106	11	51	128	82	152	67	213	4	50	154	192	20	8	177	136	
210	1	66	172	20	130	232	97	5	0	211	2	13	138	48	64	122	173	31	161	8	135	1	205	144	224	138	136	53	40	49	0	
34	180	16	153	249	237	176	15	31	31	120	57	172	156	102	204	207	27	131	17	54	44	82	215	15	86	26	127	210	76	141	223	
130	200	50	155	101	141	184	228	156	25	80	18	172	216	52	9	202	43	19	65	194	188	2	245	5	24	154	234	20	8	241	139	
26	143	66	190	87	179	186	103	157	4	218	231	108	234	54	192	254	171	135	133	116	155	6	255	50	119	138	139	63	14	185	142	
210	88	31	180	35	194	53	103	173	130	98	50	60	147	32	113	226	181	31	128	97	157	16	202	241	242	90	3	8	0	163	43	
146	90	78	188	2	130	185	119	188	7	86	247	45	135	162	73	102	187	175	132	192	157	6	237	208	163	250	129	37	148	45	217	
2	128	50	155	244	129	184	71	94	25	81	146	140	158	124	8	255	27	147	145	210	188	2	213	12	28	154	226	20	12	177	145	
153	13	110	206	84	146	239	113	212	64	95	2	121	235	180	97	122	170	23	234	233	185	36	237	114	43	162	128	55	170	112	224	
173	77	237	207	244	26	239	180	84	234	94	198	211	37	147	231	94	236	63	239	233	148	109	174	102	111	239	148	39	255	80	253	
14	252	184	179	166	168	191	151	26	251	28	179	189	127	218	42	167	123	157	149	146	92	235	243	206	207	63	224	164	208	133	251	
92	208	156	164	169	76	94	152	171	190	174	9	223	255	75	82	243	213	237	98	76	65	219	144	251	243	111	127	160	114	45	67	
119	109	235	196	212	15	206	230	80	162	186	79	82	41	85	3	185	228	83	239	232	119	212	46	61	14	197	52	77	121	210	136	
173	76	61	117	100	47	73	50	85	234	119	88	211	17	145	123	205	228	86	46	233	244	113	14	199	251	225	144	66	249	80	225	
26	158	90	185	114	129	184	215	159	13	86	247	173	207	162	64	103	59	183	129	38	152	6	255	254	231	186	195	52	132	173	155	
24	73	82	229	54	136	120	86	169	128	114	2	47	11	33	80	166	185	21	192	64	184	0	236	150	249	50	130	103	144	67	9	
130	140	138	153	212	163	170	231	30	3	90	18	32	170	48	64	121	107	19	145	50	222	1	255	28	6	158	192	149	72	177	136	
158	5	122	233	198	34	121	81	53	66	95	147	89	15	185	121	126	157	23	172	248	147	37	206	210	233	170	132	183	224	161	209	
35	185	65	73	85	151	162	205	79	97	120	70	40	152	244	164	216	10	146	93	151	186	124	253	46	28	131	102	223	14	216	140	
97	34	121	189	108	137	249	88	62	248	176	236	255	203	208	16	223	253	127	141	131	114	207	81	220	217	47	184	12	136	3	177	
80	91	251	165	18	10	127	48	48	164	66	231	87	39	1	82	54	213	61	238	200	208	177	76	245	165	47	132	36	179	37	121	
56	157	58	252	213	212	148	103	213	13	236	19	42	185	38	192	200	58	131	0	120	171	18	159	115	247	146	75	83	72	252	138	
220	88	95	238	50	195	75	48	5	72	215	226	119	87	161	224	118	180	29	234	73	133	57	29	243	225	161	144	54	171	36	49	
26	58	66	176	67	147	120	66	191	132	246	175	45	207	102	148	239	169	255	133	140	203	154	234	218	215	143	139	47	132	47	215	
124	112	120	225	120	79	91	16	33	172	189	40	95	31	3	48	222	221	221	106	72	146	249	8	247	205	33	177	99	163	70	115	
42	147	121	233	109	89	217	89	15	125	181	187	143	29	222	164	207	145	223	49	222	34	105	213	215	217	169	255	87	142	214	247	
2	12	6	159	84	131	170	98	22	0	90	2	96	234	32	64	120	106	34	128	32	187	10	255	52	38	139	128	21	42	49	128	
134	137	98	211	230	145	188	199	205	81	17	147	168	140	124	10	239	27	151	149	210	60	38	224	46	24	158	234	213	140	241	217	
147	205	98	207	54	146	222	181	21	64	222	131	105	14	190	96	126	179	151	239	236	154	36	239	50	126	138	128	55	158	240	93	
153	5	110	204	84	146	239	113	212	64	223	2	121	235	180	97	122	162	23	234	248	179	36	207	114	235	226	128	55	170	240	224	
155	157	96	179	166	145	188	183	155	95	17	183	173	110	246	33	231	179	151	135	246	76	44	247	170	95	254	234	39	204	149	95	
161	196	125	103	116	15	101	53	124	106	119	88	211	81	152	49	30	4	94	106	233	180	105	15	231	187	96	192	64	138	194	161	
254	149	178	254	255	127	150	255	219	123	189	58	78	253	44	52	191	211	247	33	248	47	58	223	59	223	85	255	211	126	230	23	
141	157	124	91	242	186	251	191	62	105	124	176	253	119	176	112	23	123	23	24	179	152	45	255	110	159	39	224	150	195	193	185	
36	205	2	158	221	135	174	236	148	128	90	2	104	234	49	65	248	234	51	227	64	187	26	255	57	52	143	8	17	122	176	136	
249	19	110	236	38	22	94	56	101	72	247	231	91	11	191	115	126	132	189	238	204	147	101	140	242	235	226	148	47	174	120	81	
2	154	38	153	203	197	56	199	158	29	64	149	172	142	34	72	197	59	171	145	18	75	18	245	13	50	154	235	144	4	165	219	
226	213	50	222	253	173	246	239	207	59	185	56	238	248	108	2	175	115	95	3	242	35	10	243	63	156	7	190	80	122	195	139	
2	201	34	155	100	129	168	100	140	16	80	2	172	138	60	65	234	43	19	195	194	184	66	245	36	24	138	200	21	24	241	136	
210	0	66	168	150	2	236	71	45	0	210	18	13	138	48	64	106	141	31	161	88	159	0	198	176	224	154	196	53	0	176	0	
38	77	66	142	76	1	134	232	134	18	217	10	96	232	57	67	88	200	19	227	66	35	10	185	48	32	139	188	85	123	112	128	
253	101	213	164	172	91	70	168	65	250	184	72	211	41	217	155	153	196	76	110	109	102	201	138	178	217	101	52	106	255	90	0	
90	124	190	246	139	224	20	71	187	159	166	57	175	191	67	91	167	243	237	144	58	75	130	225	219	243	94	27	162	84	167	91	
92	162	149	179	172	40	109	135	171	191	131	177	207	35	74	91	131	199	109	21	26	73	203	224	140	242	126	213	128	213	135	64	
92	240	179	90	3	252	82	192	251	17	229	24	110	215	108	252	179	154	232	88	19	39	186	241	147	253	16	123	226	3	238	38	
49	109	139	228	212	15	239	230	80	162	74	78	113	41	53	0	184	238	19	239	65	187	144	46	61	142	141	32	73	122	82	136	
173	28	61	119	100	47	113	50	252	250	119	88	247	49	145	123	133	116	126	42	161	244	113	40	199	251	112	16	64	249	66	233	
173	79	70	37	52	139	238	33	116	164	107	137	195	104	146	0	26	44	74	111	108	176	13	30	228	62	5	1	100	174	88	64	
253	101	213	164	172	95	70	136	65	250	177	72	223	105	217	155	153	196	76	110	109	103	201	8	178	217	101	60	74	255	90	0	
91	15	71	190	22	178	106	115	188	65	218	199	125	238	179	192	102	167	191	141	181	153	4	239	176	110	170	128	173	197	57	93	
92	130	197	179	173	104	68	143	41	183	171	177	207	39	72	219	195	199	237	16	26	64	203	160	138	243	116	85	162	245	132	114	
33	221	123	71	244	78	239	181	64	232	126	70	115	125	149	32	28	126	22	110	193	176	121	44	103	173	37	128	111	186	208	249	
121	49	51	66	65	221	80	64	225	65	109	8	62	215	8	180	176	56	192	74	67	51	178	129	147	217	0	43	98	7	78	38	
97	184	232	115	69	221	81	23	115	229	101	29	34	152	86	52	153	174	80	28	159	122	240	146	79	92	16	123	203	12	90	222	
2	128	54	155	228	129	184	199	222	25	81	146	140	206	124	9	239	27	19	145	210	188	10	245	12	24	154	230	148	8	177	137	
32	126	127	117	98	235	49	48	185	174	127	236	247	71	129	25	22	60	70	42	224	212	32	12	69	178	97	0	98	163	7	241	
41	49	104	99	101	157	80	17	97	228	109	12	59	24	86	180	152	168	80	78	205	58	244	152	71	217	1	48	75	142	90	222	
193	126	122	182	50	140	123	48	184	196	70	173	247	199	130	81	54	253	125	71	224	156	144	47	224	225	42	136	44	163	3	91	
178	197	66	136	92	131	206	109	5	0	241	2	2	8	52	64	120	136	23	227	120	171	64	223	176	136	138	248	53	10	240	128	
33	237	137	182	220	45	198	231	24	130	168	76	178	96	81	1	217	98	2	13	105	106	210	47	45	150	212	56	216	120	210	152	
131	158	134	157	247	178	184	7	31	219	82	247	236	232	182	205	247	111	179	149	182	220	71	247	12	54	222	195	159	76	185	157	
97	167	129	190	220	45	196	175	26	178	168	77	242	96	21	19	221	234	2	45	121	106	218	47	44	158	212	56	217	120	210	152	
2	192	22	155	100	129	168	199	158	17	83	18	140	138	56	65	235	11	51	145	82	156	67	213	4	16	154	192	20	8	177	136	
30	27	218	186	146	160	58	83	172	5	94	231	45	239	163	72	102	59	191	213	146	153	6	232	210	229	170	128	173	199	41	153	
82	73	82	182	34	136	120	70	173	128	114	2	47	138	33	80	166	187	78	64	0	185	0	236	150	240	26	128	64	129	35	9	
2	216	18	154	106	128	184	70	142	25	208	163	172	222	40	74	230	51	159	197	2	11	2	241	148	48	154	138	20	20	33	217	
19	141	107	207	150	147	239	247	84	65	222	194	113	238	180	100	126	234	31	237	251	187	45	255	120	46	174	192	61	138	240	252	
28	157	120	243	246	169	122	151	63	1	126	178	253	103	72	80	55	187	23	152	178	152	9	255	238	207	183	196	182	194	129	153	
0	24	158	221	78	15	33	91	118	180	230	6	208	243	32	66	121	108	106	8	0	249	211	29	93	170	87	4	56	40	96	170	
16	140	138	187	148	163	170	247	22	3	218	18	49	170	32	64	121	43	6	144	58	156	1	63	232	167	190	192	181	72	177	136	
198	188	146	186	249	172	62	142	187	27	185	56	236	254	109	90	199	247	255	147	50	79	138	243	191	244	31	250	144	83	163	19	
124	49	152	228	57	79	90	24	43	172	188	9	223	31	67	18	146	221	253	114	72	67	217	156	251	253	37	61	98	163	78	3	
26	158	90	187	114	130	186	247	62	5	94	247	109	207	162	64	127	59	183	133	166	153	4	255	254	231	186	131	61	132	169	153	
0	16	30	205	78	15	33	91	102	164	230	6	144	147	32	64	104	156	106	8	8	251	211	16	85	170	147	0	56	8	96	170	
43	175	67	78	119	155	166	232	77	64	248	238	104	200	188	164	122	168	146	238	199	179	108	255	62	60	131	170	95	142	122	165	
27	158	94	191	178	130	58	247	61	69	94	247	109	231	162	64	119	239	175	133	166	153	5	255	254	103	190	192	61	132	169	217	
137	205	125	95	244	154	239	183	124	66	126	80	251	97	146	101	22	106	62	110	225	188	101	239	102	63	100	128	102	250	209	233	
49	69	107	12	84	19	207	120	68	192	251	206	115	72	183	96	120	172	22	239	205	179	45	29	48	44	161	148	125	171	120	212	
155	26	194	190	2	176	42	82	181	66	82	231	45	142	179	200	102	171	159	199	133	157	4	235	146	99	186	128	45	133	57	221	
38	34	226	201	117	51	184	74	95	15	121	151	8	140	127	8	253	9	147	149	134	182	100	210	23	28	154	175	215	95	116	198	
147	74	71	188	18	178	170	86	180	66	210	199	45	138	179	200	110	173	191	205	173	159	4	239	144	102	186	128	45	149	57	93	
91	12	71	188	22	178	106	118	181	194	218	199	57	174	177	225	110	231	63	141	173	153	4	238	176	110	186	128	45	229	56	92	
8	157	58	122	240	205	125	247	255	79	126	0	190	183	34	80	133	123	215	8	242	184	50	119	111	255	54	67	194	208	207	251	
120	80	123	236	34	66	75	56	37	72	207	226	91	87	168	244	118	180	61	234	73	151	49	140	211	237	160	144	54	162	100	113	
76	163	188	227	168	8	95	156	34	189	143	57	223	99	90	90	151	87	125	223	26	64	203	32	202	223	111	253	160	179	135	99	
238	124	181	229	237	111	68	158	75	250	160	89	218	57	85	187	137	212	125	35	233	102	217	128	175	218	197	62	202	125	210	50	
88	113	152	164	40	78	90	24	35	172	182	9	223	191	66	82	215	213	237	114	72	67	219	152	251	245	103	61	32	178	14	3	
38	225	82	200	252	141	250	205	171	8	56	8	140	202	109	16	158	139	87	82	18	35	138	240	60	28	15	238	208	27	195	129	
109	28	189	119	172	110	117	19	236	251	55	24	255	57	1	123	133	118	125	10	177	244	243	0	199	251	112	16	192	233	66	35	
133	212	125	119	36	15	109	60	124	122	119	112	215	83	136	59	22	20	126	42	225	244	105	13	199	187	96	132	64	176	66	161	
90	184	190	254	139	224	20	199	187	159	164	57	175	255	66	26	167	179	237	144	58	75	130	225	219	243	94	59	130	84	167	75	
2	13	2	159	84	131	170	96	22	0	218	2	104	234	48	64	120	106	51	161	32	179	10	255	52	38	139	128	21	42	113	128	
102	162	212	67	14	43	144	136	75	63	179	255	202	104	76	142	221	213	234	178	58	103	207	211	14	22	81	127	213	171	76	4	
76	163	149	179	168	72	76	141	171	189	170	217	207	103	73	218	129	71	237	84	27	72	203	160	141	244	127	252	128	87	135	113	
35	142	67	152	86	163	234	99	21	1	218	231	96	234	180	196	126	171	22	149	158	186	69	255	60	54	138	194	189	14	56	204	
2	152	22	155	251	197	56	199	190	93	64	181	172	158	34	72	197	59	187	145	18	216	18	245	13	50	218	203	144	4	165	219	
109	110	149	164	173	127	68	170	75	250	184	72	223	40	91	187	137	196	204	110	77	102	235	8	165	219	101	61	194	253	74	69	
33	119	97	71	117	159	239	52	121	236	127	12	242	4	150	52	28	172	70	110	201	176	125	190	39	28	0	48	75	159	86	252	
3	159	103	141	244	182	175	183	92	73	90	230	224	108	180	228	127	110	18	173	181	184	37	239	44	62	142	194	141	206	241	253	
252	237	163	182	181	108	71	181	177	254	15	25	255	245	91	147	145	70	93	111	121	69	184	34	249	223	101	124	130	127	214	115	
4	81	87	101	98	110	111	16	168	198	111	165	221	103	137	92	54	53	65	110	1	144	48	76	68	190	97	4	106	243	7	241	
16	50	30	35	226	110	53	85	48	111	119	189	23	55	3	25	166	157	85	38	48	217	17	12	215	163	112	128	232	209	167	211	
237	113	105	67	93	253	243	148	225	101	109	29	186	141	94	182	136	46	210	94	151	54	250	34	103	89	0	104	74	159	214	242	
33	205	107	71	244	15	239	183	68	232	126	70	243	116	180	100	88	238	22	110	209	184	125	175	101	44	165	128	77	250	208	253	
237	110	149	165	237	63	69	154	75	250	48	72	143	48	67	187	137	196	100	126	237	118	233	128	165	219	69	60	194	253	90	101	
76	162	149	176	173	76	73	143	171	189	170	93	143	35	72	218	129	71	237	20	26	73	203	192	137	244	127	254	128	68	135	105	
137	205	124	95	244	154	239	191	124	66	126	16	251	105	150	101	55	110	62	110	241	188	109	239	102	255	102	128	102	254	209	233	
40	189	123	111	244	79	119	247	96	136	124	8	115	117	16	48	28	250	22	106	216	186	120	47	103	205	37	0	99	250	198	235	
105	56	149	100	109	79	84	51	75	250	50	72	222	57	81	187	137	212	117	33	73	122	217	136	143	219	85	54	202	120	90	11	
2	132	150	153	150	162	168	35	62	19	82	18	204	42	32	73	99	15	51	144	50	216	3	215	12	54	218	192	148	72	177	0	
141	157	124	251	242	179	127	191	63	9	126	176	253	127	168	116	55	123	151	90	242	152	107	255	110	223	39	192	182	210	193	185	
64	57	28	77	10	143	33	87	102	37	230	6	178	147	0	64	104	188	106	8	24	187	211	16	85	172	18	16	121	8	96	170	
242	149	180	254	255	127	222	255	91	123	189	58	78	253	44	49	191	215	255	33	254	111	59	223	59	254	85	255	211	108	229	31	
2	216	50	154	108	132	184	204	142	25	80	163	172	222	56	75	238	17	159	197	130	7	10	241	20	48	154	170	20	23	33	219	
176	205	66	170	212	131	206	237	21	0	240	2	3	8	52	65	120	136	23	227	120	171	64	191	176	200	138	80	53	155	240	136	
198	213	186	254	252	173	254	239	223	59	184	56	252	248	108	3	175	115	95	35	242	43	138	255	61	159	47	190	80	122	195	139	
52	72	98	142	92	3	206	232	215	32	177	10	98	232	61	64	88	224	31	227	232	35	10	189	48	46	203	60	117	59	112	128	
200	162	152	224	40	140	89	155	170	189	132	89	159	147	64	18	135	21	125	24	26	77	203	19	203	221	61	253	130	128	7	11	
210	110	69	181	10	19	142	170	148	178	146	226	237	2	145	199	98	229	253	235	105	205	77	254	176	226	235	149	39	53	25	44	
2	192	22	155	36	129	168	135	142	17	83	18	172	202	56	64	227	11	59	145	66	156	75	245	4	16	154	192	20	8	177	137	
155	196	110	204	148	18	239	246	212	66	214	146	89	111	190	97	127	228	63	239	249	159	37	206	114	43	234	192	55	168	240	104	
62	179	120	225	246	123	219	80	11	60	181	187	15	13	214	28	63	153	223	176	152	50	101	212	223	217	33	247	247	143	70	243	
2	200	54	155	236	137	184	197	206	25	81	18	140	204	120	9	239	27	19	145	210	188	10	241	12	16	154	238	148	8	177	129	
105	57	177	101	77	94	84	49	99	232	42	72	218	57	81	178	136	228	117	9	205	122	209	8	207	221	69	54	202	106	90	11	
57	69	107	76	84	19	207	120	68	192	255	78	115	72	187	96	120	168	22	111	205	179	37	29	112	45	161	144	127	171	112	228	
8	157	58	122	241	205	255	247	191	93	124	0	190	191	38	80	165	59	151	8	242	185	50	127	111	255	54	75	82	64	239	251	
27	141	67	191	22	147	234	247	21	65	218	199	121	238	176	228	127	235	31	173	167	153	44	255	184	110	174	192	63	142	177	221	
160	221	186	254	252	45	254	239	142	138	184	42	244	248	61	67	219	99	95	33	240	47	202	255	125	159	239	184	212	122	211	139	
32	141	2	158	221	133	174	230	150	10	216	2	224	250	48	64	217	106	19	195	114	171	90	255	57	54	143	8	16	122	176	138	
17	141	111	206	148	146	239	246	212	64	222	66	113	233	180	100	120	234	31	238	249	187	45	255	120	47	167	192	53	170	240	232	
253	83	106	236	38	22	95	56	101	76	247	231	91	11	191	81	126	132	61	238	204	147	101	140	242	233	224	132	47	175	120	81	
178	205	98	238	86	130	238	181	93	66	218	130	105	47	60	96	110	243	23	227	232	139	4	239	50	126	138	128	55	158	176	76	
146	68	2	137	132	0	236	71	13	1	211	18	136	10	48	64	104	131	31	145	88	159	1	214	180	32	154	192	21	24	177	8	
34	205	98	138	108	129	238	229	141	16	216	2	172	202	60	65	234	163	23	195	194	43	66	245	52	56	138	136	21	26	241	136	
163	221	38	206	125	149	222	236	205	88	153	3	108	220	63	98	238	241	151	231	228	35	42	253	51	24	138	186	23	31	113	223	
131	205	96	178	166	128	254	167	157	83	25	147	173	108	124	97	239	179	31	135	246	12	14	243	188	92	222	234	21	204	177	221	
2	208	32	154	109	133	184	204	142	89	145	163	172	220	126	11	206	17	159	199	134	3	10	241	21	16	154	190	20	30	53	219	
59	175	98	10	95	147	154	232	95	64	252	239	106	232	190	164	250	171	150	231	206	171	14	255	58	92	139	251	95	14	122	198	
80	16	30	205	11	143	33	87	230	37	238	14	178	147	32	66	104	180	106	8	10	171	211	81	213	164	18	24	24	10	33	42	
211	208	71	149	18	130	41	244	189	82	210	247	93	14	186	109	119	213	63	247	229	221	37	255	152	34	250	198	61	133	33	125	
139	142	198	157	228	182	232	151	63	83	82	215	169	170	182	205	127	47	55	157	183	220	71	255	14	62	254	192	159	196	249	157	
131	138	162	155	95	177	184	207	30	69	80	179	172	200	54	204	251	43	147	149	54	190	38	247	12	22	154	235	149	12	189	206	
131	76	7	151	13	150	238	180	212	130	130	70	224	64	21	135	200	100	104	238	105	229	91	175	160	250	222	16	10	25	120	28	
2	152	22	155	91	196	56	199	158	93	64	53	172	214	34	72	197	59	179	145	18	216	18	245	5	50	154	203	16	4	165	219	
57	69	106	76	84	147	207	120	68	64	221	142	115	77	179	224	120	168	22	111	201	163	45	159	242	45	161	152	119	174	112	224	
120	176	188	126	137	244	84	79	163	31	165	25	175	255	72	26	137	147	237	144	26	75	250	209	219	243	86	123	226	64	167	91	
77	16	189	255	172	108	117	27	234	219	183	16	222	117	73	122	133	23	125	24	145	97	251	64	203	251	119	92	192	225	197	115	
2	13	2	159	84	131	174	96	22	0	218	2	104	234	48	64	120	106	51	131	32	187	10	255	52	38	139	128	21	42	49	128	
205	84	61	117	44	46	125	184	236	122	55	112	215	87	137	123	135	84	124	42	225	229	123	4	199	251	97	148	64	241	67	33	
2	132	148	153	182	170	184	7	62	19	82	18	140	42	48	73	231	15	51	145	50	216	67	215	12	54	218	192	148	72	161	9	
17	141	111	206	148	146	239	247	212	64	222	2	113	233	180	100	120	238	31	239	233	187	44	255	122	47	167	192	53	170	240	104	
136	49	92	79	24	203	35	5	230	37	231	16	179	19	2	80	64	36	106	8	3	188	83	55	69	172	16	80	120	138	64	170	
63	175	34	138	223	147	154	232	223	4	220	175	106	232	62	132	251	235	135	247	206	43	14	255	58	84	143	255	95	14	123	206	
105	105	240	71	117	30	203	52	107	172	127	12	250	57	212	22	16	236	117	76	201	248	193	136	110	124	1	176	75	175	82	45	
33	173	121	79	244	239	231	191	112	11	124	24	243	49	148	48	25	122	6	40	177	188	113	63	111	143	52	64	227	202	198	168	
161	140	97	141	244	190	238	183	85	194	90	214	241	104	180	228	91	238	22	173	181	188	117	175	44	62	174	128	63	236	208	252	
196	187	145	161	184	12	96	153	171	249	136	109	143	70	200	150	165	69	236	92	139	77	203	83	157	208	47	254	136	38	3	121	
108	41	204	69	237	91	69	41	67	230	190	41	67	49	215	22	25	228	100	44	72	122	205	136	126	223	69	53	239	254	90	74	
35	107	104	7	244	31	238	52	85	104	127	237	211	12	159	176	92	172	214	238	253	186	101	62	38	29	160	144	79	159	218	213	
216	52	122	177	34	104	61	51	48	95	86	189	31	55	11	57	55	155	221	165	184	220	144	2	215	227	122	129	172	96	15	123	
2	192	16	154	108	129	184	200	143	24	145	130	172	206	121	75	238	17	31	195	2	7	10	241	20	16	138	170	20	31	49	137	
182	141	102	234	84	3	206	250	85	2	250	18	67	41	60	65	120	136	23	227	248	191	9	191	186	202	136	192	119	202	112	136	
109	244	143	246	229	126	71	191	179	251	28	120	119	117	201	191	145	70	85	46	121	208	186	47	235	223	117	244	170	253	222	251	
136	0	94	103	24	203	113	5	164	97	231	16	243	147	2	80	72	54	106	0	2	184	83	39	69	165	16	65	104	138	68	10	
35	159	111	79	244	6	175	183	84	200	94	198	112	100	180	101	126	110	18	236	241	184	53	239	108	46	166	128	93	234	240	253	
2	192	22	155	108	129	168	196	142	17	81	2	172	202	120	72	227	9	59	193	66	20	74	241	4	16	154	236	20	10	49	137	
184	140	110	255	68	50	206	250	85	2	214	18	89	43	180	65	121	198	55	171	232	191	37	175	114	239	234	128	55	232	112	136	
62	2	121	225	246	123	219	80	9	236	183	171	11	13	215	184	62	145	151	240	152	178	101	212	222	217	161	247	247	143	86	241	
192	213	190	254	252	45	191	255	158	43	184	56	247	248	40	2	191	83	95	33	240	111	138	127	253	159	127	188	212	120	193	139	
246	245	187	214	181	124	87	190	185	218	140	56	86	245	201	63	145	218	93	122	123	71	186	170	187	219	101	191	130	249	214	119	
35	142	67	137	86	163	170	79	22	1	216	231	160	8	180	192	123	139	3	149	30	186	69	255	20	38	186	192	181	12	48	140	
65	185	149	145	41	140	49	159	170	253	0	124	172	179	192	86	131	71	109	28	19	73	218	81	141	144	127	254	138	0	3	123	
32	157	144	158	253	133	150	230	158	9	216	0	164	248	48	64	201	106	51	65	50	42	90	255	45	22	158	122	144	8	241	139	
92	240	248	176	34	72	21	144	32	95	20	173	31	23	75	27	38	145	213	85	154	82	144	0	211	193	120	173	172	48	7	115	
111	245	35	66	229	189	231	252	233	72	109	12	218	252	31	180	152	74	82	110	211	176	184	229	103	92	4	50	202	127	210	246	
109	41	204	37	236	91	69	51	67	234	190	41	83	49	211	158	9	196	236	44	76	122	201	138	94	223	101	53	203	252	90	74	
253	83	106	228	102	22	95	112	101	100	247	231	91	11	179	113	126	132	149	238	204	147	37	140	242	233	224	132	47	175	120	81	
210	204	2	155	132	128	172	199	12	3	219	18	140	10	40	64	107	131	31	144	114	189	1	243	180	4	158	192	21	88	177	136	
162	205	64	138	124	129	238	229	141	0	25	2	172	72	60	64	106	131	23	227	98	43	72	247	52	28	138	200	85	26	241	136	
198	188	154	158	249	172	62	206	187	147	168	24	236	254	101	91	215	119	251	145	50	79	154	251	189	190	95	126	144	113	35	154	
0	157	58	122	241	205	255	247	191	93	124	16	188	191	38	112	165	59	23	8	242	41	50	127	111	255	54	75	80	64	231	251	
23	71	103	197	54	66	111	112	116	192	222	230	81	6	181	100	126	228	30	238	233	145	37	206	48	174	163	132	45	179	112	117	
52	201	70	142	76	131	198	232	135	160	176	10	98	200	61	0	88	224	23	99	72	35	10	189	176	136	197	60	117	59	112	128	
61	80	105	97	118	123	251	16	68	232	55	170	91	29	215	40	62	156	151	254	129	176	101	136	78	205	161	196	239	187	84	241	
220	70	26	122	177	172	119	154	253	10	103	80	254	211	47	125	181	86	108	106	242	229	155	103	243	255	0	66	226	209	201	35	
124	176	188	250	169	108	81	25	163	125	165	25	223	255	72	26	205	147	237	16	26	107	251	17	219	211	81	127	210	64	134	115	
197	84	189	117	44	46	121	152	236	186	183	80	215	119	137	123	135	85	124	42	161	229	59	0	199	251	97	148	64	241	67	35	
2	13	2	159	84	131	170	96	150	0	91	2	96	234	32	64	120	42	34	128	34	187	10	255	48	38	139	128	21	42	48	136	
2	152	18	155	123	196	56	199	190	93	64	53	172	214	34	72	197	59	179	145	18	220	18	245	5	54	154	203	16	4	165	219	
127	64	106	229	102	18	127	112	97	98	246	135	27	11	151	112	126	133	149	239	204	182	36	200	210	249	202	132	47	174	122	68	
204	116	27	91	153	237	35	132	244	103	231	24	243	211	8	213	80	62	104	90	123	165	249	55	229	169	34	80	66	91	132	98	
170	130	193	169	95	131	168	79	22	1	208	247	169	138	48	200	90	139	131	149	14	186	71	211	4	4	154	109	189	12	56	152	
184	64	94	119	17	234	99	0	245	5	103	16	243	215	10	112	112	54	232	74	42	148	227	39	199	229	32	81	98	129	204	66	
72	186	189	189	42	229	49	22	166	245	6	49	180	215	64	114	133	127	232	16	146	220	243	53	205	231	49	120	0	129	135	123	
240	44	232	87	124	107	195	38	123	230	183	56	243	61	214	19	9	228	100	10	40	126	237	42	94	249	117	49	101	170	86	106	
167	111	104	15	244	91	239	181	85	96	247	157	211	40	159	37	90	238	83	111	253	186	109	46	102	28	132	144	111	191	210	220	
37	217	170	99	244	31	238	188	104	76	126	76	210	248	159	48	156	72	86	127	223	176	120	45	111	221	37	212	200	59	218	228	
90	182	154	176	34	236	88	55	49	83	66	189	191	191	2	89	167	155	221	145	190	92	144	67	219	247	122	233	168	196	15	27	
195	253	145	133	58	108	33	150	170	241	130	124	157	151	64	214	39	119	121	212	115	77	157	114	189	240	15	118	8	49	131	117	
113	44	233	101	93	91	211	32	83	230	175	10	82	60	86	50	89	236	96	44	77	126	253	10	127	140	197	53	97	106	86	250	
210	182	130	178	41	228	24	2	187	83	129	157	141	142	72	91	135	27	217	149	183	79	154	210	153	244	26	255	136	69	47	94	
109	173	252	119	166	30	85	191	121	179	46	24	223	113	77	59	23	86	112	58	112	216	251	45	239	251	85	118	162	240	210	162	
116	189	189	116	202	79	22	255	171	186	168	104	86	125	69	27	133	215	73	34	104	99	154	9	251	194	85	62	0	112	6	59	
194	204	16	155	198	128	174	231	156	19	155	18	172	106	120	65	107	163	31	131	98	13	74	243	188	22	222	136	148	88	177	136	
76	48	189	113	169	108	85	27	234	251	183	16	222	119	72	122	133	23	125	24	147	97	251	0	203	251	119	92	194	96	197	51	
35	140	97	223	212	191	238	191	85	99	90	86	243	56	156	228	121	206	18	173	189	188	117	191	44	62	148	192	223	204	208	188	
178	132	70	189	4	34	206	99	21	2	250	18	107	104	52	65	121	166	23	163	104	182	1	143	146	239	250	128	53	232	112	128	
161	132	241	81	244	239	231	191	127	43	118	16	243	49	156	52	25	30	6	24	179	188	113	31	109	158	52	68	195	200	198	168	
130	138	162	155	95	241	184	207	158	85	80	179	172	204	62	72	249	43	147	149	54	190	78	243	28	22	154	107	149	12	189	222	
64	188	188	240	248	175	189	239	190	171	184	25	252	254	100	24	191	119	123	17	48	75	218	127	253	159	127	126	208	64	167	155	
51	141	111	206	20	130	239	246	212	64	222	66	113	234	180	100	120	234	31	239	233	187	44	255	248	46	174	192	53	138	240	108	
34	249	16	159	125	141	144	238	158	57	120	8	174	216	96	64	201	74	127	81	66	42	75	247	45	22	30	250	80	8	209	139	
120	176	56	250	169	229	89	95	131	29	165	25	31	223	74	26	205	147	253	144	26	75	250	145	219	217	144	127	210	128	198	98	
93	149	178	88	163	126	119	186	109	89	110	0	222	243	45	253	181	90	92	58	147	161	186	104	251	255	69	78	218	243	227	35	
109	193	123	67	244	190	102	180	121	73	110	72	219	97	157	244	16	78	86	110	145	176	172	111	39	125	36	0	194	211	210	228	
36	124	25	120	232	237	84	254	27	58	184	108	183	119	1	153	139	251	68	34	121	98	80	53	179	211	117	58	216	121	130	179	
185	69	106	76	84	147	207	120	84	192	253	10	115	233	191	100	88	168	22	111	233	179	44	159	114	109	161	144	119	171	112	224	
166	205	96	154	212	129	238	228	205	2	217	2	232	104	60	65	121	227	23	227	248	46	72	255	52	30	142	208	21	27	240	136	
60	0	123	225	118	123	251	80	97	228	247	171	27	13	159	56	62	157	151	242	137	178	37	140	222	221	160	197	231	143	84	240	
144	189	156	191	188	15	183	255	142	171	188	24	247	255	40	66	231	87	127	33	112	43	219	63	249	239	63	124	80	120	133	155	
2	12	2	158	84	131	170	99	150	0	91	2	104	234	32	64	120	42	2	128	34	154	2	255	48	38	139	128	21	42	48	128	
109	192	12	187	44	15	67	188	22	61	133	13	215	97	90	81	209	4	108	111	72	72	219	53	205	243	117	92	24	43	80	10	
2	152	18	155	123	196	56	207	190	89	80	49	172	214	40	72	199	59	179	144	18	216	26	245	5	50	26	203	144	4	165	219	
109	133	235	89	197	124	103	143	117	67	238	8	179	240	159	124	25	202	104	56	95	178	246	35	103	255	20	0	226	240	210	228	
124	176	184	120	169	109	81	152	35	61	165	24	223	255	72	58	141	151	253	16	26	99	251	17	219	217	113	125	210	193	70	115	
84	203	254	72	164	124	117	175	237	28	110	8	83	241	191	122	177	70	108	40	18	161	171	1	251	255	100	77	240	242	230	96	
220	206	122	121	128	232	117	215	180	22	230	16	131	135	35	93	33	26	236	24	122	141	163	23	227	225	52	93	242	208	228	106	
45	141	235	65	213	127	103	135	125	65	110	8	211	224	159	52	89	202	82	92	151	184	116	66	47	124	132	64	235	252	218	212	
167	253	101	71	213	79	239	164	85	96	194	31	211	12	30	165	88	238	83	239	249	254	117	174	101	10	141	80	111	189	214	244	
52	253	145	232	157	71	70	216	86	176	168	72	86	83	65	164	89	216	74	122	75	35	89	18	185	132	5	126	248	123	2	32	
82	188	149	184	17	228	89	39	187	83	202	25	190	62	80	89	165	187	221	149	27	74	146	197	153	246	218	106	128	68	167	90	
81	172	17	176	144	236	12	7	58	243	138	8	191	150	64	187	161	191	120	156	91	88	145	68	185	224	31	120	136	80	131	40	
112	125	241	103	93	111	199	109	83	224	169	74	114	61	68	48	217	254	112	10	73	250	217	46	109	140	5	50	97	107	214	186	
252	1	174	68	141	126	197	131	226	187	166	24	211	176	85	254	1	196	104	24	24	225	227	2	219	239	197	21	195	121	246	38	
48	155	151	188	235	205	17	102	169	217	96	105	182	183	32	27	132	187	69	0	89	75	18	56	153	210	92	58	208	0	7	251	
92	175	5	161	184	175	67	152	6	189	130	77	215	33	73	11	145	68	109	125	56	64	73	20	236	198	109	116	160	123	148	82	
108	39	185	103	180	45	231	5	66	173	185	9	243	233	88	2	152	238	69	114	24	240	200	40	237	156	37	49	64	123	214	226	
200	232	188	241	139	228	57	151	166	53	6	17	189	151	64	122	167	55	249	144	18	77	179	19	207	231	58	89	160	0	133	122	
87	160	177	178	9	229	25	200	187	87	129	25	156	254	72	91	165	147	89	151	59	71	186	241	217	210	219	254	128	3	39	114	
152	175	14	185	139	249	53	199	166	87	76	181	175	135	99	72	231	43	235	21	78	141	2	51	238	225	62	105	178	84	173	218	
186	161	0	169	95	131	128	79	22	49	212	151	137	139	98	201	104	137	131	149	31	62	81	145	148	65	186	125	63	12	56	154	
37	233	233	99	244	203	239	180	98	109	126	8	243	205	223	48	24	204	87	127	219	176	252	40	111	156	165	224	101	187	214	224	
69	137	250	72	228	92	119	157	107	141	110	0	87	241	247	112	176	70	116	120	211	56	163	1	123	253	37	77	192	178	230	97	
49	141	110	206	148	130	239	246	212	64	222	2	113	233	180	96	120	238	31	234	233	187	44	191	114	47	167	128	53	170	240	40	
76	16	188	117	40	110	113	24	234	186	183	24	223	119	9	123	133	84	124	42	169	229	251	0	199	251	97	20	192	225	67	35	
152	207	14	187	139	248	117	199	183	22	206	181	175	131	99	88	227	43	237	20	110	157	3	50	230	225	54	65	178	84	173	74	
2	176	160	153	79	241	176	207	158	85	80	151	172	220	122	73	249	11	179	149	22	90	114	209	29	16	219	111	149	12	181	222	
108	52	31	120	137	125	5	248	244	122	228	72	214	247	9	253	89	26	76	56	59	211	240	20	241	243	103	126	210	120	135	115	
67	64	210	164	101	28	248	66	233	0	226	67	141	138	53	126	234	165	27	205	4	181	148	192	151	120	138	3	12	52	107	134	
60	65	107	229	86	90	251	80	69	224	247	130	91	29	191	40	122	156	151	234	9	179	53	136	83	201	161	133	103	187	116	226	
112	120	151	184	40	207	21	230	188	122	224	104	150	183	65	89	133	249	78	64	89	75	112	56	177	146	126	62	208	120	7	123	
