香奈儿可可小姐唇膏水亮系列	54 - 卡柏男孩	https://i.chanel.cn/fnbv3/image/full/shades/rouge-coco-shine--54--3g.0173540_S.jpg	https://i.chanel.cn/fnbv3/image/full/chanel__com_type1/skus_full/rouge-coco-shine--54--3g.3145891735406.jpg
120	224	185	100	93	79	83	136	99	180	164	8	83	17	64	50	88	212	120	88	8	99	251	24	251	217	5	61	98	162	70	34	
113	209	185	100	20	77	71	184	100	96	238	8	243	87	0	112	144	220	108	106	73	48	249	8	229	237	37	20	64	58	70	34	
2	237	138	131	196	2	174	239	20	147	90	2	0	170	120	65	121	78	51	227	80	250	138	226	56	0	222	68	133	122	240	136	
16	205	43	174	20	199	207	244	132	72	216	67	245	223	48	64	220	107	31	239	75	139	24	61	225	164	174	192	17	26	177	250	
212	76	15	174	12	70	79	120	180	130	195	2	119	87	49	67	112	244	121	239	105	133	25	44	241	163	235	16	48	187	52	34	
8	132	57	171	180	229	139	31	22	5	93	0	183	117	184	64	93	26	23	25	19	184	105	23	237	133	186	124	148	202	149	232	
120	40	58	112	29	253	81	71	243	5	172	24	63	155	64	56	137	186	204	24	26	107	178	1	219	253	16	123	226	136	206	42	
2	219	30	152	115	128	184	199	158	29	84	183	172	142	34	64	231	59	183	145	102	137	2	247	120	54	186	203	20	20	173	223	
35	133	41	171	212	197	201	111	22	73	217	7	177	252	58	96	216	11	19	133	222	42	122	23	109	13	186	200	21	10	240	250	
69	184	157	245	168	76	101	147	46	186	34	72	215	55	64	114	133	93	124	8	1	88	243	0	197	187	101	48	136	112	3	51	
128	221	29	191	60	199	71	180	148	8	216	64	247	117	32	65	216	114	31	106	107	169	88	61	233	161	166	80	16	26	144	43	
233	207	111	205	116	158	239	182	116	234	94	196	241	38	178	96	94	108	63	206	233	152	101	111	100	47	238	128	28	178	208	249	
57	20	207	233	20	46	97	19	117	75	78	86	19	55	176	104	113	142	54	156	187	156	113	198	207	239	178	64	170	200	112	48	
2	173	2	155	212	131	170	230	30	1	88	2	108	234	48	64	123	107	19	129	50	186	10	255	60	6	159	192	149	74	177	136	
35	135	98	139	245	179	234	251	95	105	91	199	72	8	190	228	127	138	146	189	151	184	13	223	46	28	138	198	31	142	249	149	
237	176	148	211	237	189	224	219	223	123	177	28	158	248	92	175	137	2	122	28	183	103	219	209	141	154	87	126	218	72	219	134	
184	217	21	188	29	215	86	182	133	8	144	68	182	51	32	199	200	242	204	64	104	169	83	189	227	241	196	27	58	28	240	27	
121	120	25	96	40	205	65	16	160	224	160	8	151	23	65	48	0	180	92	120	9	35	240	8	193	137	32	56	104	179	70	58	
68	56	157	117	136	79	65	159	234	243	162	24	150	55	65	58	129	118	104	24	25	105	243	0	201	187	85	52	200	96	7	58	
54	221	96	138	223	81	150	236	23	116	141	139	96	220	127	132	89	218	211	227	110	35	126	191	51	69	141	63	119	127	220	214	
165	180	157	251	221	237	129	11	30	27	65	16	212	247	72	105	217	26	58	24	51	110	251	23	77	150	219	124	144	72	144	160	
220	68	47	229	12	98	77	40	116	182	135	18	87	51	25	107	112	212	109	171	104	197	113	10	209	227	235	21	32	113	52	34	
24	141	57	251	149	229	85	175	22	5	204	16	191	117	34	64	217	26	155	9	122	168	115	191	235	231	150	81	146	8	180	106	
152	28	46	189	93	199	179	120	22	128	198	3	80	243	32	64	121	124	59	168	34	243	91	31	125	163	143	5	57	40	56	178	
2	173	230	151	214	128	238	231	43	112	88	131	104	238	94	0	111	239	51	199	226	122	141	255	60	46	143	224	133	86	243	216	
10	154	23	153	112	148	57	119	254	89	86	100	188	183	160	101	198	59	186	0	151	152	34	245	76	243	122	202	26	0	165	191	
40	157	184	250	249	229	31	223	19	77	124	33	188	255	40	80	215	59	151	0	18	154	120	183	239	253	40	239	146	74	166	251	
2	140	42	155	214	131	186	198	30	1	88	146	172	206	48	64	127	107	19	145	162	186	10	255	60	6	159	200	149	12	177	137	
137	221	111	247	244	158	111	182	84	200	126	102	251	125	177	96	86	106	54	110	241	184	37	191	103	239	36	192	126	154	80	249	
130	157	57	154	252	229	191	183	159	95	29	53	188	254	110	64	135	59	23	147	246	12	58	247	111	30	30	239	148	66	133	223	
61	221	106	110	182	151	79	252	85	200	126	102	123	97	187	240	126	232	20	238	201	178	45	63	250	205	165	128	127	190	120	121	
38	77	2	158	92	131	170	96	148	128	217	2	104	234	49	64	120	233	51	195	96	179	10	255	48	38	139	136	21	59	112	128	
2	176	164	155	75	193	184	207	158	21	192	179	172	158	106	73	193	27	171	145	22	79	82	213	29	50	218	235	16	4	173	222	
185	20	31	249	52	111	65	91	87	75	247	84	151	145	32	104	89	156	30	40	41	180	49	30	193	239	48	68	250	136	112	177	
78	190	184	178	185	237	24	159	159	127	28	189	188	255	106	8	135	59	247	17	146	72	154	243	207	215	63	251	150	77	133	91	
2	18	188	153	111	61	184	72	30	61	81	183	140	142	122	73	255	25	163	149	150	116	95	209	20	16	26	231	156	13	45	215	
3	159	130	159	247	178	188	39	28	99	90	247	172	42	182	196	247	47	179	133	183	152	5	239	44	54	158	195	142	68	185	157	
253	223	103	206	124	7	79	248	133	76	215	230	123	97	185	199	126	228	127	238	233	163	61	189	176	106	229	144	63	191	240	121	
109	115	185	101	36	31	87	24	107	234	183	76	219	25	89	58	148	68	124	126	201	244	249	8	231	217	101	52	74	251	82	115	
10	152	23	188	83	196	177	71	190	89	70	34	188	151	32	109	224	59	163	128	3	137	50	221	213	243	90	203	18	0	37	187	
33	29	25	101	116	143	99	51	96	40	122	76	183	23	0	48	28	188	21	40	169	184	81	15	229	173	32	64	104	130	66	185	
124	121	115	226	49	221	87	252	105	104	188	40	63	223	107	48	190	185	213	114	75	35	184	189	243	221	5	123	115	146	134	115	
11	150	93	249	178	188	57	55	62	81	70	212	189	39	128	113	39	59	62	156	179	152	55	215	78	255	58	192	154	128	129	185	
2	148	186	152	211	225	176	67	143	21	72	51	140	158	102	72	227	59	139	145	18	27	2	209	159	20	26	107	144	76	165	199	
130	0	102	152	92	131	168	64	148	0	211	2	72	202	56	73	120	41	19	177	162	183	2	220	20	34	138	192	21	8	49	128	
146	0	102	137	78	130	184	64	140	16	211	131	204	142	60	73	126	185	63	245	128	151	7	212	148	42	218	132	21	15	49	208	
104	32	121	237	85	95	91	24	113	164	237	8	91	23	0	48	88	156	117	40	8	50	241	14	215	253	1	33	98	138	70	98	
25	156	35	127	177	246	75	183	53	71	238	20	251	247	178	244	85	174	156	140	189	152	53	191	235	255	148	192	170	196	168	126	
82	152	187	186	139	224	49	199	175	87	192	51	44	223	32	75	231	51	187	145	18	15	146	225	217	243	94	75	144	68	165	122	
94	249	123	234	187	205	91	204	43	140	188	41	143	223	64	48	182	185	221	242	75	3	184	249	243	213	15	187	34	18	167	115	
175	251	228	83	239	81	189	148	203	95	52	191	136	140	223	175	143	27	151	223	215	126	238	240	6	88	222	234	223	221	223	221	
218	74	254	188	106	224	61	198	188	150	210	179	44	183	35	75	230	117	239	195	96	207	130	234	208	34	122	139	36	117	37	123	
251	157	225	127	157	246	95	191	113	202	254	20	123	61	22	244	217	230	189	141	185	170	113	175	235	255	148	211	63	196	254	126	
39	176	233	155	236	109	136	200	90	115	17	127	208	220	92	40	221	137	51	55	150	118	254	209	77	24	187	252	213	11	86	214	
165	97	105	65	84	15	107	120	112	224	116	76	83	81	145	48	88	140	22	110	233	182	125	14	101	136	161	4	105	187	82	176	
27	141	42	190	151	214	190	231	148	64	202	135	57	174	50	64	124	171	19	197	221	153	52	255	241	109	138	0	61	22	185	216	
201	89	151	84	41	220	52	39	233	218	166	24	190	179	33	255	160	119	120	64	97	77	146	105	181	242	86	26	10	48	139	59	
34	135	96	154	253	245	186	239	223	93	89	55	232	236	62	68	255	11	131	149	150	58	110	247	63	30	158	235	149	78	253	207	
10	146	164	155	249	149	184	175	159	31	84	149	172	238	30	196	205	11	187	149	54	74	83	247	79	119	222	235	154	4	169	223	
43	158	114	26	50	147	30	244	223	78	246	167	238	236	174	100	223	251	142	6	166	179	110	255	34	126	23	139	94	204	108	95	
77	87	61	101	52	14	127	56	104	232	127	76	223	51	129	114	150	212	124	110	233	176	233	14	231	255	33	132	72	179	66	113	
2	178	180	152	251	229	184	203	158	93	17	53	140	158	106	74	197	27	187	145	22	75	154	209	13	18	218	239	144	4	173	215	
203	187	100	22	110	156	188	184	203	254	21	255	172	124	222	175	134	113	247	199	229	100	174	241	14	26	223	191	79	164	31	213	
174	52	226	17	215	249	177	67	91	247	85	151	8	188	87	140	217	59	147	149	182	254	118	210	15	22	159	99	199	77	223	214	
2	222	70	157	178	144	190	231	156	5	90	247	172	170	166	192	231	43	151	133	182	153	6	255	46	38	190	195	156	4	169	223	
130	173	138	147	196	2	174	231	20	146	90	2	0	170	120	65	121	106	34	195	82	250	154	224	57	0	222	4	21	122	176	136	
130	64	102	145	70	2	168	69	156	83	210	147	140	142	60	75	126	13	59	149	160	245	5	192	20	10	218	196	149	28	177	192	
41	175	208	69	240	27	110	254	115	160	126	72	83	35	148	180	59	206	70	110	105	184	69	62	46	254	37	4	235	240	74	168	
130	10	134	152	105	225	184	67	158	21	64	179	172	142	34	72	206	59	163	145	6	207	2	241	4	50	154	203	148	13	45	206	
189	93	122	234	116	31	87	252	85	104	125	14	123	89	187	48	94	184	23	110	201	178	120	191	115	201	33	32	127	187	82	243	
34	13	98	158	85	135	174	106	86	130	216	2	104	234	52	64	120	235	19	227	226	187	30	255	53	46	143	0	21	122	113	136	
130	164	160	153	213	241	176	71	31	119	69	151	136	172	126	140	137	11	163	149	54	252	127	215	15	22	159	103	151	12	157	214	
130	146	152	185	50	161	48	11	30	13	83	179	172	151	42	72	247	27	163	17	50	156	67	215	197	54	26	195	148	12	37	195	
210	88	23	252	75	192	53	230	188	22	194	51	44	151	33	95	166	119	251	192	96	205	162	235	241	162	94	139	32	16	37	107	
60	165	248	104	93	95	67	232	83	164	236	8	123	209	86	52	89	200	18	122	74	50	248	155	123	221	5	61	115	170	86	226	
41	244	121	97	244	239	111	191	127	107	126	24	219	117	152	48	159	26	86	56	187	188	121	31	239	223	53	228	210	216	198	249	
2	157	191	158	248	228	159	239	158	95	93	53	244	254	46	64	135	123	55	3	246	11	58	247	35	54	126	171	16	83	165	223	
159	30	198	191	2	178	186	82	188	198	211	247	109	238	179	201	127	237	191	135	164	213	6	234	144	103	250	129	173	245	57	213	
252	148	50	224	181	127	87	251	249	107	191	24	94	125	44	52	189	151	221	42	248	47	56	222	251	223	5	119	210	238	198	51	
124	161	189	100	141	77	87	168	227	181	164	8	83	245	72	50	153	212	104	88	10	99	251	16	219	223	69	125	226	42	70	34	
169	16	122	249	100	188	249	82	93	75	116	18	27	157	117	120	204	8	23	28	130	182	112	128	71	217	50	136	211	137	114	241	
130	173	138	135	214	32	174	238	190	179	88	130	52	174	112	1	127	207	51	195	114	251	136	247	60	6	223	228	133	122	177	136	
239	48	181	240	173	109	208	202	235	251	177	24	158	189	77	191	137	85	253	17	59	103	218	208	155	219	81	127	202	105	75	179	
41	149	113	203	244	207	239	125	71	105	125	226	25	29	188	36	30	26	23	252	211	184	124	221	110	28	165	228	127	138	208	177	
55	78	103	76	68	18	238	112	85	194	250	198	81	72	181	228	126	236	22	239	237	183	37	238	50	46	226	128	109	191	120	148	
66	240	150	154	107	197	176	71	174	29	64	49	172	214	104	66	164	59	251	16	18	75	146	213	157	48	90	235	16	4	165	219	
202	88	158	240	41	220	48	6	169	159	166	17	190	159	98	219	165	53	249	16	6	77	146	224	219	243	90	75	130	0	45	91	
152	16	187	241	4	111	241	82	86	75	118	50	159	29	96	104	233	29	23	145	59	244	49	194	213	199	250	64	241	8	117	242	
221	4	189	181	168	42	125	27	168	179	7	177	221	63	89	107	167	87	125	133	176	196	227	64	197	243	250	148	132	225	129	97	
173	180	164	27	237	189	224	155	95	123	161	92	210	232	94	207	217	10	122	29	183	124	219	19	15	26	85	124	218	76	218	212	
10	149	187	249	180	229	185	71	158	29	92	51	188	191	50	104	199	27	151	145	182	8	34	215	207	95	186	235	148	72	165	235	
34	13	98	222	85	147	238	106	85	0	250	2	104	232	52	64	122	235	19	195	224	187	60	239	55	46	142	8	85	254	112	136	
2	13	98	156	212	131	174	98	158	130	218	130	104	238	53	64	126	235	19	163	224	187	22	255	52	46	143	128	21	126	113	200	
6	205	2	158	213	135	174	226	150	128	74	2	96	234	49	64	121	106	2	195	34	186	26	255	57	38	143	8	21	122	48	136	
220	124	184	254	33	100	95	158	187	27	116	49	255	255	41	91	151	249	149	2	42	70	186	235	195	255	119	171	146	241	39	123	
80	184	59	240	9	237	17	7	170	21	166	24	182	159	64	56	161	51	121	16	18	105	178	17	219	241	18	123	128	0	135	106	
223	4	230	230	134	50	238	89	53	194	215	146	89	239	191	107	126	197	61	251	188	247	173	202	210	235	239	132	167	247	113	64	
221	91	110	175	46	10	79	184	229	250	150	230	255	67	155	243	118	228	125	238	233	197	77	172	242	235	231	148	46	182	120	113	
95	56	130	166	233	213	202	64	175	200	154	77	76	250	119	244	249	233	255	149	13	131	138	224	154	86	143	187	138	118	59	70	
3	0	111	205	70	198	233	72	62	0	194	134	213	203	52	96	122	237	59	141	1	211	95	92	85	42	139	0	45	8	113	160	
200	155	62	186	171	199	29	189	150	252	148	189	254	253	34	3	134	179	255	99	252	75	58	189	251	195	109	251	22	12	133	123	
2	152	150	153	83	224	176	71	190	21	74	179	172	190	32	72	231	63	171	145	18	153	34	213	13	54	90	195	144	68	37	235	
151	33	102	129	70	51	184	72	13	80	211	131	8	140	255	105	126	137	23	181	132	183	36	192	22	8	202	132	21	141	113	212	
30	79	98	157	82	147	238	104	55	164	198	131	105	238	183	196	123	237	35	239	108	210	109	255	62	103	143	1	55	182	108	196	
184	159	46	40	159	247	147	127	212	92	188	39	99	76	34	1	232	163	206	113	190	235	117	61	251	193	42	81	113	76	236	91	
53	156	142	255	220	135	231	248	86	130	230	6	113	243	40	97	121	238	42	168	40	243	91	63	253	175	231	0	185	104	112	162	
137	217	63	121	177	205	181	55	252	89	114	16	190	31	34	97	132	51	94	65	243	168	50	125	229	249	62	64	80	0	133	251	
41	156	57	89	244	255	239	190	95	111	126	116	187	61	188	100	223	90	22	8	163	188	121	191	111	223	54	196	218	216	197	249	
39	176	168	11	221	253	192	200	95	125	61	31	144	220	95	44	217	8	19	29	151	102	127	146	15	28	145	255	221	15	88	214	
3	166	96	17	245	249	176	199	95	119	84	151	168	136	254	132	187	11	131	21	182	252	47	247	14	22	158	103	215	12	221	206	
186	124	190	252	41	118	93	222	187	218	116	49	127	255	33	123	215	125	181	2	170	71	186	187	195	251	125	191	146	245	39	251	
24	141	42	254	149	198	77	39	21	5	206	17	187	183	50	64	217	170	25	141	122	139	115	191	227	247	154	89	50	76	180	106	
222	220	144	254	33	140	94	158	187	26	52	57	255	255	105	89	183	249	189	2	106	69	138	251	243	255	127	190	18	244	7	27	
222	60	247	84	98	232	49	66	191	158	98	48	44	247	225	223	163	127	239	16	32	221	162	106	147	162	122	131	162	113	39	171	
253	148	246	240	181	127	87	123	123	251	183	24	94	125	46	53	191	151	245	56	184	255	57	222	251	223	117	215	211	108	228	119	
2	12	98	158	85	135	174	98	150	130	202	2	104	238	52	64	120	235	19	161	34	187	22	255	53	46	142	0	21	78	113	136	
16	24	30	253	93	199	161	122	22	32	198	2	208	211	32	65	120	188	59	136	32	251	83	92	213	163	203	0	57	8	57	162	
236	149	242	254	189	63	214	255	219	107	189	24	78	249	60	54	157	214	223	40	248	35	184	223	187	223	69	190	210	238	194	7	
80	128	190	190	11	224	49	71	174	23	71	49	188	247	40	90	163	51	233	1	18	201	130	97	217	163	90	75	128	0	165	106	
34	140	34	158	93	199	174	238	214	0	200	2	104	248	52	64	249	234	19	131	34	187	26	255	61	46	139	9	81	90	112	138	
220	6	148	181	165	42	124	3	172	183	131	145	207	43	91	91	227	135	237	33	60	212	195	128	198	243	122	21	166	224	141	2	
2	176	36	153	203	213	176	207	158	125	81	183	140	158	106	73	229	27	187	145	22	79	90	209	13	16	218	239	144	12	189	223	
15	183	97	195	247	183	170	218	95	105	89	230	136	72	188	164	126	11	18	189	151	184	109	222	46	28	139	230	223	207	121	149	
237	176	148	209	237	253	240	75	223	123	161	28	158	184	76	191	137	3	122	25	55	109	218	208	159	154	87	126	218	73	203	134	
229	240	149	155	108	45	193	152	78	121	177	92	214	210	201	43	217	72	110	94	147	102	219	80	141	16	251	124	152	11	18	161	
0	173	10	151	212	166	174	231	22	128	72	2	113	234	112	65	121	106	51	131	82	250	154	107	61	5	207	8	5	106	177	136	
137	77	111	223	116	158	239	183	116	202	94	196	241	229	179	96	86	110	62	111	225	152	37	47	102	47	238	128	14	186	240	249	
167	112	165	210	205	109	193	200	203	243	177	88	214	220	93	43	201	192	123	87	43	103	218	176	29	24	205	126	217	59	82	178	
255	75	71	222	111	18	78	248	133	154	247	238	105	227	189	247	110	228	254	238	233	199	175	237	50	122	229	152	63	191	112	181	
220	4	206	181	13	106	65	8	180	182	135	19	199	35	11	91	113	196	233	162	40	197	193	8	211	227	209	21	160	249	116	2	
45	160	153	251	157	237	65	27	86	115	69	16	215	213	72	104	217	26	50	24	51	124	123	19	205	143	147	108	144	72	212	226	
2	0	38	137	68	163	168	65	12	17	211	2	8	202	56	73	122	41	59	177	130	181	3	212	20	34	218	196	21	12	49	128	
169	99	65	77	84	31	238	120	85	232	240	78	115	64	148	181	92	204	22	110	233	182	125	159	36	24	165	160	95	190	82	164	
7	21	243	69	246	34	235	80	121	192	127	230	89	39	181	108	126	252	22	254	177	176	44	202	22	46	227	132	239	227	113	245	
109	119	125	101	52	14	127	56	105	232	127	76	223	49	137	50	150	212	124	110	201	176	233	12	231	253	101	148	72	243	66	115	
25	148	95	241	148	238	97	55	117	73	110	82	49	51	128	121	225	158	22	24	187	152	113	199	207	239	178	64	170	200	240	56	
32	189	9	171	180	141	199	191	94	9	88	96	183	57	16	0	217	58	19	93	211	56	91	63	237	156	190	248	220	138	209	169	
88	162	158	184	43	232	16	3	175	29	167	57	175	151	106	91	163	147	237	16	18	77	130	17	219	225	122	123	178	0	141	3	
7	134	98	139	245	179	170	202	94	77	95	231	72	232	190	196	125	11	147	157	150	186	13	223	62	28	138	199	159	207	120	197	
105	121	49	101	113	79	99	56	99	232	110	72	146	17	0	48	16	220	68	104	73	186	241	31	237	188	37	52	74	170	66	50	
251	148	241	127	151	126	81	191	83	75	254	22	123	125	30	245	241	222	181	29	191	248	115	191	251	255	148	211	255	204	220	127	
118	82	82	170	111	65	218	72	137	172	177	171	78	222	109	2	254	145	223	227	72	35	8	216	49	16	139	191	117	63	118	211	
40	168	58	112	85	253	113	71	243	13	108	8	42	155	96	16	137	186	194	16	26	58	146	147	223	253	16	107	226	8	78	138	
3	157	3	143	245	150	174	167	28	73	90	230	236	108	180	228	119	107	19	237	247	152	53	255	44	62	158	194	12	92	185	221	
2	176	36	152	75	193	176	207	158	85	64	179	172	158	106	73	205	59	163	145	6	79	82	241	21	48	218	235	16	4	173	222	
13	133	25	235	188	235	75	57	6	37	77	0	215	87	152	96	83	26	26	56	27	176	105	21	237	205	163	116	180	138	213	224	
53	5	99	69	118	50	239	113	117	194	123	198	89	36	189	164	122	172	22	174	177	176	36	206	36	46	162	132	239	235	112	164	
80	48	155	229	34	72	49	23	174	137	42	40	183	183	64	112	167	55	109	0	1	137	177	0	217	165	54	16	32	0	135	59	
14	190	184	250	249	237	57	223	31	93	92	189	189	255	106	8	151	59	151	17	146	26	154	179	207	213	61	235	150	207	135	251	
72	56	151	117	137	205	81	7	226	179	162	24	190	183	64	190	129	54	104	24	25	105	243	2	201	247	85	112	194	64	199	42	
38	180	226	152	255	241	186	203	159	87	88	183	140	236	126	72	251	27	147	149	54	58	122	247	31	22	155	239	149	77	245	214	
6	77	2	158	85	135	174	96	150	128	217	2	96	234	49	64	120	104	51	195	98	187	26	255	49	38	138	8	21	59	48	128	
54	253	170	154	217	247	150	239	151	255	156	47	98	252	111	0	221	250	211	243	254	99	122	191	59	6	141	255	209	127	190	215	
88	171	30	182	42	200	48	71	174	29	158	179	175	191	98	82	162	51	237	1	18	201	130	97	208	231	58	203	32	0	173	75	
0	140	10	155	212	131	170	238	22	1	90	2	113	234	48	64	121	106	19	145	34	186	10	255	108	39	191	192	149	10	177	136	
62	221	51	174	250	197	159	252	150	72	217	99	124	254	41	64	213	123	19	227	98	3	58	63	121	166	175	154	16	115	165	251	
234	219	62	188	235	197	29	125	149	254	214	191	127	253	34	75	198	245	255	99	252	79	50	189	211	243	125	187	54	60	148	91	
37	96	233	171	236	37	139	216	14	113	81	207	209	205	125	8	221	9	19	255	131	50	95	49	76	12	171	236	157	27	80	176	
18	219	2	154	122	129	186	230	158	5	80	231	44	142	166	64	230	59	151	193	70	139	2	255	48	38	186	139	21	20	173	159	
0	173	10	151	212	134	175	238	22	129	74	2	113	234	112	64	121	110	51	195	114	250	153	239	125	7	223	68	133	122	241	136	
230	92	31	156	12	228	68	34	212	154	194	88	246	211	37	91	200	244	105	194	105	71	146	106	145	178	210	26	0	121	116	42	
42	178	132	155	249	153	185	143	31	61	85	181	236	110	78	205	215	11	255	21	54	92	75	213	78	87	222	255	158	4	157	223	
6	64	166	147	70	34	168	198	62	115	82	18	140	10	61	75	111	9	59	145	162	212	7	224	4	26	218	196	149	93	177	136	
2	219	2	155	95	145	190	230	159	13	88	231	172	202	38	196	238	43	131	197	70	154	2	253	38	52	154	235	31	30	185	143	
38	48	164	145	207	245	176	66	159	255	84	183	140	188	87	47	141	27	179	149	150	120	114	192	15	22	219	235	135	77	31	215	
198	180	247	208	235	233	177	67	187	191	49	58	140	255	76	175	163	31	231	17	50	117	170	208	29	146	95	255	198	64	135	163	
41	97	113	73	77	95	227	88	83	224	100	8	26	17	20	180	88	140	18	106	201	50	121	220	23	152	1	40	83	139	82	228	
50	249	238	157	95	215	206	232	23	228	196	135	97	238	54	64	121	252	163	225	110	219	117	191	59	38	143	193	53	60	124	222	
41	223	107	207	118	131	235	240	84	76	95	230	113	193	176	96	126	104	18	238	193	184	45	63	108	45	163	192	127	139	112	233	
131	112	228	213	108	21	188	26	139	251	20	191	140	220	214	47	143	121	247	135	199	100	174	209	6	26	219	174	135	244	87	247	
109	115	185	103	36	31	87	24	107	232	191	76	219	29	89	50	156	196	124	126	201	240	249	8	231	221	37	52	74	187	82	115	
184	155	46	56	137	215	149	117	196	92	150	191	123	124	34	3	236	179	239	97	252	235	51	61	251	67	104	219	115	12	188	91	
57	173	194	13	213	91	230	239	119	228	238	138	35	40	22	132	121	238	98	169	108	186	117	63	62	239	21	21	103	172	220	204	
173	184	132	17	205	189	224	146	255	251	160	92	158	184	86	191	137	38	122	29	183	109	219	48	143	26	81	126	218	77	91	198	
19	159	67	158	22	146	174	246	156	64	90	231	105	230	182	228	126	235	23	207	229	137	46	255	48	38	170	136	61	135	49	221	
41	193	97	75	244	219	239	125	69	64	121	66	83	17	188	180	126	138	22	238	219	186	109	221	60	12	164	68	127	138	240	173	
39	70	12	135	12	54	236	56	4	158	147	215	195	72	31	207	93	196	125	175	204	196	95	132	130	123	250	148	13	255	120	68	
31	19	235	225	242	98	123	89	48	228	95	247	89	63	154	104	54	157	21	190	145	144	45	202	126	47	175	196	165	227	164	241	
155	156	97	127	177	246	91	183	119	67	230	21	187	255	146	244	213	42	189	156	191	220	119	191	235	255	148	67	190	196	248	126	
247	111	233	196	222	51	222	248	17	230	188	175	83	108	223	55	95	212	87	239	236	103	108	234	58	30	229	190	247	255	214	213	
154	156	51	220	19	214	49	103	181	71	206	183	44	183	36	84	100	179	171	128	49	143	50	207	211	231	154	67	51	4	37	122	
159	54	194	183	178	178	40	83	53	199	91	247	77	238	251	200	119	239	191	181	180	213	141	202	154	103	191	196	173	231	185	85	
41	245	121	113	244	207	127	191	127	111	126	28	219	117	220	48	31	158	86	56	243	184	121	31	111	223	53	228	218	216	198	249	
35	158	234	30	122	155	190	240	159	70	120	167	108	236	182	112	255	251	151	133	166	186	110	255	62	62	15	138	85	238	37	213	
11	156	55	252	51	196	57	55	191	75	70	48	188	183	164	116	167	59	151	128	51	137	50	247	203	255	58	202	18	0	165	121	
200	220	62	254	9	196	53	246	189	94	102	16	252	215	35	107	165	113	123	66	96	205	50	239	209	178	90	11	18	81	37	123	
210	184	155	250	131	228	49	199	185	19	96	16	62	223	96	123	167	51	251	16	51	207	146	225	219	241	94	75	136	0	167	59	
18	222	66	152	50	144	186	246	158	65	80	231	44	142	166	196	230	43	151	197	231	141	6	255	32	38	186	203	28	4	185	157	
107	59	130	186	125	149	90	70	143	200	216	237	174	218	102	148	204	235	151	213	142	11	210	241	186	213	142	187	30	6	122	223	
253	89	103	94	44	26	78	184	245	250	182	238	123	72	157	247	126	228	124	238	237	231	127	237	178	250	229	148	111	189	120	53	
56	253	123	226	179	221	95	245	33	196	252	8	63	95	32	48	190	185	149	98	73	58	56	191	243	221	37	59	115	146	230	123	
42	151	208	153	255	185	188	239	31	31	92	247	172	174	110	196	207	27	183	17	118	74	71	247	46	87	158	239	150	92	157	223	
254	4	230	228	132	34	238	88	85	130	215	2	89	235	189	107	122	197	63	251	184	247	141	202	210	235	239	196	167	255	112	64	
3	142	71	159	180	178	234	183	92	107	90	230	233	104	180	228	127	238	54	173	181	184	69	255	44	126	174	192	191	206	249	221	
7	185	228	211	238	25	188	212	203	124	20	175	172	140	222	47	175	27	247	215	215	104	238	224	14	24	222	234	207	223	211	221	
9	149	249	89	244	207	239	191	95	107	126	84	187	61	188	100	223	26	22	24	243	184	113	247	111	223	54	228	218	216	209	249	
27	205	46	190	23	214	127	231	164	68	206	131	125	239	50	96	248	227	153	239	108	137	52	239	241	239	142	1	55	22	185	90	
49	148	158	255	92	135	99	248	86	128	230	6	113	243	32	65	121	238	42	168	40	243	91	63	125	175	231	0	57	40	120	162	
47	242	240	82	239	213	188	216	155	222	52	173	44	220	255	63	143	121	151	23	199	118	174	241	79	88	95	175	87	180	87	247	
152	241	88	225	242	2	126	220	41	32	124	162	31	31	168	81	62	153	151	250	74	154	0	236	246	201	174	196	39	146	163	153	
33	163	81	65	116	159	98	63	123	168	124	76	18	0	212	180	28	14	70	124	135	186	197	30	46	92	37	164	75	142	90	173	
89	91	203	37	18	130	43	54	52	196	78	228	113	39	131	208	54	236	44	204	201	152	53	44	232	167	172	128	174	176	32	121	
105	40	96	64	93	221	64	64	75	224	165	12	2	152	86	180	136	172	208	92	143	38	244	150	19	93	1	62	91	15	90	86	
2	176	52	153	235	197	184	71	142	125	81	183	140	158	106	72	197	27	187	145	22	79	90	209	13	16	154	239	144	12	149	223	
80	59	123	229	50	200	59	55	44	13	94	225	183	7	128	80	38	55	109	192	0	152	161	45	228	165	46	128	32	128	133	123	
53	105	139	161	204	79	231	200	6	160	224	74	17	209	113	8	88	232	18	255	73	50	216	48	189	136	143	44	217	59	80	160	
38	188	160	152	253	241	184	207	31	119	80	183	140	156	118	8	235	27	147	145	54	126	123	211	31	22	159	239	149	76	181	223	
220	6	197	181	141	106	68	11	33	183	131	153	207	35	11	219	67	132	236	176	60	197	193	128	210	243	208	21	164	96	164	66	
231	96	149	162	173	13	70	200	203	250	177	92	214	216	93	191	205	192	94	127	239	103	219	144	185	216	69	190	88	123	90	133	
84	4	155	180	132	102	37	67	48	135	203	16	213	179	97	74	113	62	41	152	24	211	176	2	209	166	243	4	128	96	180	226	
105	173	177	64	221	221	80	143	235	225	172	8	154	184	87	182	137	206	248	28	159	43	240	146	47	93	5	127	202	108	218	110	
38	189	171	188	248	199	151	239	158	235	152	109	118	252	101	32	157	123	115	53	250	75	50	63	121	22	61	254	208	120	151	219	
88	43	158	116	171	200	17	103	171	189	46	169	46	183	66	82	162	183	237	16	0	73	130	96	251	243	84	59	162	0	143	107	
70	130	156	183	172	44	125	135	171	191	147	17	142	42	74	91	131	71	109	21	54	77	195	224	204	242	94	211	128	81	137	7	
252	103	72	100	140	15	78	184	65	162	173	207	83	105	89	19	25	196	69	110	236	102	221	10	242	205	165	53	111	251	90	2	
250	218	62	188	107	213	29	127	149	126	214	191	127	253	34	75	207	245	255	3	236	79	51	181	211	243	121	155	54	188	180	91	
0	24	30	253	78	135	49	91	86	32	198	6	144	147	34	64	120	188	106	136	0	251	83	28	85	171	195	0	57	8	48	162	
253	117	237	100	141	31	94	184	81	250	180	29	91	125	93	187	153	196	253	111	236	103	249	138	243	219	197	60	75	253	210	114	
13	176	148	145	237	253	176	75	223	123	33	24	158	184	110	174	161	27	122	17	23	125	154	209	159	26	83	127	218	72	217	134	
255	91	71	206	110	22	238	120	205	202	182	238	107	224	189	247	126	228	254	238	237	231	175	201	178	123	231	156	63	191	120	53	
46	178	112	233	109	25	217	73	15	61	181	173	142	29	94	142	207	129	223	53	158	35	107	209	222	217	137	255	214	14	86	215	
0	173	11	190	212	231	167	246	150	131	72	2	241	251	48	64	217	106	19	203	123	250	26	63	249	135	191	72	144	122	176	170	
3	221	99	207	246	198	175	183	92	72	94	194	112	116	180	100	126	106	18	239	225	184	61	255	37	46	174	128	29	250	241	253	
255	148	246	244	181	63	86	251	123	235	183	56	78	125	60	52	191	215	213	48	188	239	57	222	187	223	85	246	210	236	194	7	
38	73	2	158	93	135	174	96	150	8	217	2	104	202	49	64	216	234	19	195	64	171	26	255	49	54	138	8	17	59	112	138	
34	140	2	158	93	197	178	230	150	1	200	2	160	248	48	64	217	106	51	129	34	187	26	255	57	54	158	11	16	72	244	138	
16	173	138	191	148	231	111	247	22	128	206	2	115	243	32	64	249	107	10	234	122	153	25	63	233	135	143	0	49	122	177	138	
38	110	226	154	87	241	186	194	30	71	81	179	40	204	119	72	251	41	147	149	38	150	46	242	28	22	159	203	149	31	61	214	
109	119	57	101	52	14	127	48	105	232	127	76	215	51	1	48	148	84	124	110	201	176	249	14	231	253	37	132	72	179	66	113	
35	156	107	155	94	131	187	226	30	68	82	135	116	206	54	96	127	251	51	133	166	186	62	255	119	46	175	136	117	42	49	209	
45	181	125	113	244	239	109	191	127	239	126	92	155	55	212	48	63	30	118	24	251	248	113	86	111	223	53	196	194	200	198	241	
14	191	184	250	240	253	123	223	31	221	93	189	189	255	234	24	151	59	151	16	146	24	42	243	207	221	61	239	150	207	135	243	
222	62	218	51	242	162	59	83	189	135	127	247	77	231	226	88	55	191	167	148	176	221	140	78	216	167	191	195	167	229	165	209	
212	68	175	236	12	102	71	24	180	174	195	18	83	119	49	75	112	244	125	235	104	197	49	10	209	163	235	20	33	121	52	98	
2	248	22	152	75	197	176	207	142	93	208	55	172	158	98	74	236	59	187	145	2	11	82	241	21	48	26	235	16	4	37	219	
90	131	142	190	139	176	24	47	166	21	203	183	237	238	42	194	231	131	237	133	30	73	130	197	218	231	250	203	48	6	173	27	
137	93	107	95	116	158	239	55	116	74	94	228	249	229	178	96	86	110	55	110	225	156	37	47	102	47	230	128	14	178	241	249	
83	126	194	148	118	178	170	214	249	194	90	231	57	170	183	238	38	109	31	205	133	157	132	234	48	44	174	128	173	245	57	157	
190	221	21	174	155	70	31	252	21	200	216	98	124	247	41	199	220	215	157	227	105	3	27	191	249	231	175	190	59	127	164	51	
8	159	59	251	248	247	187	255	30	73	125	48	189	215	168	96	215	59	151	24	179	152	58	191	111	221	38	230	146	138	133	251	
2	64	6	137	4	162	168	69	4	17	211	2	72	138	56	72	120	13	59	145	16	145	3	212	20	38	218	196	149	8	177	128	
26	213	120	225	246	2	126	254	41	96	92	167	29	31	152	16	126	219	149	231	200	154	5	204	254	205	174	228	39	150	167	217	
218	220	208	254	32	140	92	158	187	26	180	185	239	255	105	89	183	249	189	130	106	71	138	251	242	255	127	190	22	244	3	27	
200	148	59	248	241	232	121	55	191	21	110	16	188	183	32	100	227	51	143	152	50	24	50	215	239	247	26	67	146	128	165	107	
24	141	10	191	20	131	235	246	22	1	218	2	115	235	32	64	121	107	14	160	42	153	9	63	232	167	175	192	53	10	48	136	
163	231	108	13	60	27	206	232	84	232	244	231	227	72	150	161	88	200	6	239	236	166	69	31	38	73	161	149	93	188	88	132	
48	201	106	29	215	223	228	103	119	229	230	143	34	44	22	0	104	174	226	129	108	187	117	63	63	39	149	3	97	8	254	222	
55	77	237	212	212	35	206	239	81	170	184	203	113	108	149	35	127	247	23	239	236	242	68	238	62	14	229	180	229	248	210	140	
190	124	246	252	41	118	92	222	59	187	244	61	126	255	37	95	151	253	181	0	168	199	186	251	211	255	115	191	146	245	39	91	
35	189	96	72	221	159	202	255	75	224	172	12	34	136	86	180	216	138	82	125	207	43	244	159	63	93	133	126	91	142	90	220	
137	221	127	255	244	150	127	63	84	72	126	96	253	253	186	96	86	58	62	104	243	184	55	191	103	255	38	192	86	138	233	249	
131	170	160	25	119	249	176	198	95	119	84	183	172	136	246	140	187	11	131	21	182	252	46	247	14	22	26	103	215	12	221	206	
6	136	180	147	150	160	168	130	62	17	82	18	172	42	121	75	99	11	59	145	146	216	3	240	12	50	218	196	148	73	49	128	
3	48	180	153	109	181	184	74	158	251	80	179	140	190	247	43	135	27	179	149	134	80	162	192	15	24	219	170	148	92	17	215	
3	219	2	152	95	149	190	230	142	73	88	231	172	202	38	196	238	43	131	197	198	154	2	253	62	20	142	235	29	30	185	159	
19	143	67	141	116	131	238	103	87	0	90	199	41	232	180	196	126	170	22	141	199	152	5	255	52	46	174	128	61	204	185	140	
158	221	21	170	185	197	14	252	135	120	137	64	124	247	41	228	213	83	157	234	107	3	26	191	185	213	15	190	26	119	169	49	
41	207	106	79	118	147	107	240	84	76	127	166	113	193	178	32	126	232	22	238	193	176	45	63	102	13	161	128	127	171	120	233	
202	156	63	220	123	196	57	119	189	15	78	48	60	183	36	116	197	51	157	128	50	139	50	223	115	255	26	139	18	0	37	123	
2	167	150	153	211	240	184	39	190	29	74	179	172	174	102	204	231	63	171	145	22	216	131	215	14	54	222	195	132	68	173	207	
187	144	244	127	151	254	89	191	127	95	118	22	122	125	30	252	245	158	181	25	191	252	123	183	235	255	212	211	247	196	220	127	
38	73	34	222	93	197	230	96	223	8	232	2	32	216	53	0	200	234	19	195	74	43	90	253	49	60	138	42	81	63	112	138	
42	178	44	155	105	153	184	141	15	61	21	181	140	14	78	204	207	27	239	21	22	76	75	209	78	81	154	255	18	12	141	223	
18	223	66	158	26	144	186	246	158	4	88	231	45	206	163	192	110	43	151	199	198	139	6	255	176	38	186	139	61	149	57	157	
202	216	55	222	105	204	53	182	189	94	118	16	172	247	36	255	133	115	251	74	99	109	50	243	135	250	82	10	18	20	165	123	
34	172	178	154	93	197	178	230	222	13	232	26	160	248	52	64	217	122	147	1	42	43	26	255	57	22	159	107	81	8	244	138	
42	162	224	203	251	145	121	223	19	45	124	175	40	143	206	20	127	154	135	156	146	26	232	211	127	93	148	239	119	142	238	251	
78	20	183	222	203	230	177	67	185	223	231	16	76	247	101	127	161	119	251	16	49	195	186	192	91	50	83	11	130	101	39	243	
24	133	13	251	149	245	77	175	23	21	205	16	251	119	56	228	89	154	19	156	58	136	123	183	235	255	154	73	178	12	180	106	
13	188	182	17	237	255	176	67	255	251	35	24	158	184	70	175	161	46	122	17	55	253	154	112	15	26	85	102	202	77	203	134	
82	219	150	190	11	148	56	71	175	21	194	199	173	138	34	198	230	163	233	133	14	73	146	245	176	242	26	139	8	4	169	30	
18	142	206	189	154	162	56	215	150	5	222	231	41	238	178	64	127	239	175	149	158	219	7	255	216	103	254	193	181	196	189	217	
56	253	123	106	211	207	95	253	49	192	252	10	63	95	32	48	254	185	149	226	120	178	56	191	243	205	37	35	99	178	230	251	
33	159	127	79	244	15	239	245	84	104	126	70	115	117	180	36	126	106	22	110	241	176	61	111	101	14	165	128	125	186	240	249	
154	237	112	227	118	2	126	252	1	112	28	131	61	15	19	17	110	155	149	231	202	26	13	253	242	201	174	164	39	151	35	217	
8	159	120	251	248	191	251	191	158	81	125	48	189	255	168	32	151	59	151	24	179	152	106	191	111	221	37	236	214	138	197	243	
166	148	246	240	245	63	214	251	91	187	183	56	78	121	60	56	159	215	247	49	176	239	41	214	155	254	85	214	198	236	195	7	
187	148	244	123	189	255	84	159	127	123	119	22	122	125	30	125	245	158	181	29	191	252	123	151	219	255	212	247	247	204	212	127	
34	217	32	218	125	141	214	238	207	25	184	8	162	152	60	0	201	234	87	65	202	42	82	245	39	92	146	186	80	28	240	139	
34	201	0	155	125	133	196	238	31	25	248	8	166	200	60	0	201	234	95	65	74	42	66	181	165	28	154	186	80	24	240	137	
94	130	136	170	11	160	89	152	167	29	133	177	207	199	106	90	71	145	237	144	26	7	203	243	219	247	186	223	178	135	36	67	
24	157	11	255	149	199	103	254	22	137	206	0	247	243	32	96	217	110	51	202	123	187	57	63	233	231	167	0	16	122	180	170	
24	141	14	175	20	131	75	248	4	0	222	2	243	99	56	64	122	239	31	235	8	145	9	63	240	231	171	144	53	170	33	32	
70	170	156	178	169	44	25	135	171	31	130	29	174	226	75	94	133	71	108	29	22	73	203	224	205	178	94	126	128	64	131	75	
253	101	76	37	172	11	70	168	1	226	168	205	211	41	89	147	25	196	76	110	109	103	221	10	178	201	101	52	109	251	90	18	
2	12	107	187	86	135	171	96	30	64	90	135	245	207	52	96	127	123	19	141	163	154	30	127	117	47	171	136	53	10	49	240	
137	157	126	127	244	150	255	191	84	72	126	32	249	255	186	97	86	58	22	106	247	184	111	191	102	255	38	192	86	138	201	249	
231	120	129	224	141	109	196	138	27	250	160	88	146	57	85	143	217	197	121	51	41	102	219	130	157	218	221	62	216	121	82	182	
90	165	242	70	123	248	49	71	171	133	175	40	46	247	236	180	162	179	236	16	18	11	162	193	27	244	16	123	227	2	135	47	
155	207	150	252	185	151	78	255	159	170	156	104	236	243	161	228	151	123	189	104	115	75	10	191	170	215	15	254	154	188	137	41	
56	221	35	37	21	207	151	103	20	232	202	11	50	61	0	128	104	254	219	65	105	187	81	62	249	230	157	18	99	60	20	250	
97	184	160	82	245	221	208	7	123	231	37	29	162	185	86	60	137	174	112	29	159	122	240	146	79	221	21	123	203	76	90	94	
0	204	106	61	84	218	235	102	252	68	106	1	163	168	54	80	34	106	2	77	36	184	36	111	103	47	18	1	101	136	69	204	
224	22	173	181	192	110	77	23	18	255	66	253	211	37	129	91	69	214	53	188	57	220	225	10	205	166	253	132	160	240	148	113	
41	186	96	115	117	159	193	87	83	229	117	29	43	136	86	180	217	168	146	29	158	186	116	159	79	93	144	97	91	140	90	220	
181	109	9	231	148	15	207	248	20	160	137	74	215	113	81	33	88	76	19	127	105	176	93	42	225	137	175	52	61	251	80	160	
34	168	20	154	253	197	144	207	158	25	224	24	164	216	100	64	201	58	179	17	18	106	82	183	13	22	30	123	208	8	212	138	
130	182	215	209	242	249	176	207	223	59	115	178	12	190	236	236	167	27	166	17	50	125	42	211	28	150	127	231	246	72	133	175	
34	188	160	153	253	245	184	71	31	127	80	183	172	188	118	8	239	59	147	145	54	250	114	243	31	22	159	235	149	76	181	223	
109	117	121	103	116	14	127	56	104	232	127	76	215	55	145	48	22	92	84	110	201	176	241	14	231	253	37	132	72	178	66	113	
129	205	107	79	214	198	239	182	84	68	94	2	112	125	182	100	122	122	18	234	225	184	61	127	101	46	166	128	117	186	244	232	
2	184	20	153	107	197	184	206	142	93	80	53	172	158	98	72	197	27	187	145	2	9	82	241	5	48	26	235	16	4	165	219	
91	183	74	161	210	162	62	247	52	225	95	247	77	231	186	208	55	175	151	188	180	153	12	206	250	103	175	196	173	230	171	145	
150	190	243	83	242	187	189	247	63	39	127	242	77	231	228	92	55	63	166	144	50	221	44	87	60	134	63	199	231	192	165	161	
36	134	212	87	206	35	208	43	83	63	177	251	66	105	204	11	91	214	166	48	58	126	79	151	14	18	85	119	245	232	212	135	
209	91	58	174	50	132	59	48	172	204	70	165	255	199	34	80	182	117	125	199	196	153	144	111	224	229	42	136	44	162	35	91	
131	170	162	153	87	177	184	71	94	71	80	151	172	200	118	204	217	43	131	149	182	190	70	243	12	22	154	235	148	12	189	207	
171	119	97	5	116	91	203	121	85	236	252	238	3	12	150	180	92	140	198	238	237	182	101	158	38	28	161	180	111	174	86	253	
161	253	83	69	118	159	230	118	121	40	118	108	58	16	132	181	54	60	86	104	225	188	53	79	38	232	32	2	75	128	75	173	
146	65	130	137	142	2	168	68	174	17	210	18	140	138	120	72	106	133	63	209	18	153	1	208	148	32	154	196	21	24	177	136	
179	54	70	9	91	59	128	123	85	174	249	255	66	72	167	133	125	136	198	35	236	182	69	30	22	6	33	183	127	108	74	149	
154	233	80	227	98	0	126	252	33	48	116	131	63	15	33	81	110	153	151	246	74	154	0	253	242	201	170	164	39	151	35	153	
200	149	62	252	113	196	57	39	189	31	108	17	172	183	32	80	231	51	139	0	114	9	18	215	235	247	26	75	18	0	165	43	
2	176	180	145	233	165	184	3	142	121	82	49	140	158	96	106	199	27	187	145	146	88	3	209	13	16	155	234	148	4	161	215	
6	128	180	153	180	168	184	11	190	17	82	18	140	138	112	72	231	43	59	145	146	216	3	209	12	18	218	198	148	0	129	129	
18	78	194	156	26	176	142	70	148	196	216	227	33	166	183	196	110	248	191	197	12	143	38	234	48	38	186	137	53	253	60	220	
253	101	213	164	172	63	78	136	75	250	176	72	223	72	217	155	153	196	76	110	109	103	201	136	178	217	101	60	72	255	218	17	
69	170	156	178	168	172	61	151	234	159	3	21	244	226	74	91	133	71	104	29	22	73	154	97	205	178	95	126	136	81	131	11	
3	219	2	139	95	149	190	230	143	73	88	231	172	202	54	196	238	43	147	197	198	155	22	253	44	20	142	235	29	30	185	159	
218	124	182	252	59	38	88	222	187	187	176	57	238	255	37	91	151	255	189	16	162	199	138	250	147	255	95	190	146	245	35	27	
2	48	182	145	237	165	184	67	158	249	80	51	140	158	117	43	135	27	179	17	146	88	130	208	15	24	218	234	132	76	5	223	
62	99	112	224	47	91	91	88	11	188	181	171	15	13	223	20	190	149	223	118	140	35	237	144	219	217	41	255	119	143	86	119	
78	162	108	137	107	25	184	73	47	61	21	191	204	207	78	76	247	29	255	149	22	80	235	213	222	81	155	247	150	14	141	215	
23	61	194	144	246	178	170	210	236	192	90	230	29	138	243	224	38	109	22	255	149	217	132	238	28	44	175	192	173	165	57	149	
41	103	19	67	240	174	103	21	117	72	111	84	183	3	136	244	16	46	6	78	241	176	120	46	36	188	32	64	74	211	194	161	
75	16	245	213	109	124	104	19	105	251	242	124	156	62	212	255	230	149	252	140	133	252	247	192	150	250	114	130	142	228	73	61	
161	78	12	61	44	31	206	58	84	234	182	76	211	8	151	161	204	100	126	111	237	244	69	30	166	91	225	144	92	185	88	141	
0	24	30	249	78	207	49	71	198	33	230	2	176	147	34	64	104	188	106	136	0	187	83	16	85	163	146	1	57	8	56	138	
34	168	48	218	205	197	144	199	223	29	240	24	164	216	100	0	201	58	179	1	18	107	90	243	31	20	158	123	80	12	246	138	
3	135	67	141	116	179	232	111	87	1	90	230	161	40	180	196	122	170	2	141	247	184	69	223	36	62	154	128	29	204	241	140	
166	104	162	154	215	209	186	192	30	199	81	179	40	206	119	72	251	59	147	211	38	158	46	243	29	22	159	171	149	31	53	214	
41	189	249	113	244	239	237	63	127	235	126	92	155	55	148	52	31	158	86	24	187	248	113	95	111	223	53	196	194	200	198	249	
131	170	160	153	87	249	176	199	94	87	84	147	168	140	118	12	249	43	131	21	182	188	38	247	14	22	26	107	215	12	157	206	
43	143	99	201	247	147	235	119	77	1	126	230	40	3	180	228	122	42	146	252	147	184	37	253	46	28	130	194	95	142	240	237	
123	83	103	204	63	19	238	120	197	192	246	238	123	73	181	231	126	164	254	238	201	163	39	221	50	122	227	144	127	174	112	53	
46	184	243	88	219	241	186	202	91	117	124	186	8	254	230	188	255	155	147	144	23	122	254	242	31	92	147	111	215	77	238	246	
127	83	230	204	111	18	238	120	233	202	246	238	105	202	183	247	126	228	254	239	205	35	167	200	50	121	235	159	63	190	122	21	
109	101	121	101	116	78	111	48	113	232	127	72	211	49	153	48	20	204	84	110	201	176	249	14	231	237	37	4	104	187	66	241	
230	156	246	240	252	175	254	235	123	187	177	56	206	248	52	25	159	247	255	17	176	239	10	222	158	158	87	254	196	232	195	1	
198	60	246	248	248	175	218	75	187	139	176	56	206	254	37	25	191	247	255	17	176	239	10	254	158	158	87	250	192	193	35	1	
109	109	149	164	173	127	68	191	65	234	184	72	223	40	83	187	153	196	108	110	77	114	201	136	190	219	101	60	194	254	90	69	
2	160	148	145	228	169	184	3	174	17	82	16	140	138	112	72	231	11	59	145	18	216	131	209	12	16	218	232	148	0	161	129	
186	29	39	53	23	223	98	102	181	224	202	11	34	181	32	133	104	246	235	65	105	185	16	175	177	98	208	19	99	44	84	126	
237	241	58	66	69	253	115	208	235	85	109	28	58	217	126	190	160	10	226	94	135	55	186	49	87	89	0	105	74	151	202	214	
45	106	129	161	237	53	76	223	19	251	48	77	143	41	81	155	221	204	54	60	159	114	219	144	143	223	213	60	218	124	90	131	
3	174	130	153	215	179	186	71	94	65	92	182	168	136	182	228	251	43	146	149	150	188	5	215	14	22	154	195	159	76	185	140	
92	131	157	161	172	104	76	157	171	191	187	125	207	35	73	218	131	199	237	118	24	65	203	0	138	247	117	213	128	243	132	81	
2	184	22	153	107	133	184	199	142	89	80	49	172	158	96	74	199	59	187	145	2	15	2	241	5	48	26	170	16	4	37	219	
220	97	188	226	143	89	22	200	203	180	133	10	78	216	75	42	163	213	232	115	78	103	171	176	219	193	77	63	247	63	93	38	
51	54	108	5	122	51	154	123	84	224	221	239	81	12	150	160	30	141	214	167	173	178	101	158	38	79	169	182	127	238	90	213	
208	118	59	164	50	230	121	114	48	206	70	189	23	151	163	81	182	189	21	173	232	151	160	78	241	161	42	128	40	160	39	115	
32	168	20	155	253	201	144	207	158	61	32	56	172	156	72	8	201	27	235	17	18	104	194	245	141	18	30	123	208	8	133	139	
158	72	80	171	98	8	126	208	45	2	113	130	47	15	41	88	166	153	151	194	72	52	8	249	150	217	98	130	55	179	35	129	
43	240	242	88	79	245	176	206	219	223	244	63	40	220	119	188	255	155	147	145	134	103	178	211	31	92	23	239	215	92	111	223	
18	150	242	217	242	187	185	255	31	55	82	246	45	174	172	68	55	27	167	145	178	152	36	247	60	6	62	199	183	200	165	173	
150	233	96	162	38	1	254	232	9	112	145	139	45	14	85	1	110	137	151	231	232	22	12	253	178	216	206	164	37	191	49	89	
214	193	2	137	28	128	168	196	172	17	210	2	136	138	121	72	106	133	59	209	66	157	1	192	156	32	138	196	20	9	49	8	
105	60	149	117	237	30	84	51	105	186	178	76	223	57	81	155	137	228	125	40	205	120	209	136	199	251	117	54	74	232	90	11	
123	81	106	236	47	18	202	120	225	192	255	238	75	136	183	246	126	165	252	239	205	163	165	204	178	249	234	153	47	174	122	21	
27	135	67	164	210	178	110	247	53	65	218	199	89	238	184	240	127	239	23	237	253	155	37	239	186	110	175	196	47	246	184	221	
24	12	35	191	85	199	171	81	22	64	74	2	253	255	48	96	120	59	19	141	35	186	56	191	245	239	171	0	53	10	49	242	
34	188	176	147	245	237	184	198	31	127	81	55	172	190	118	8	239	59	147	145	54	124	90	243	15	22	154	235	149	76	149	223	
237	21	137	229	232	126	77	31	19	234	143	120	147	55	193	253	85	214	53	62	57	86	241	138	231	251	245	188	186	248	208	49	
3	205	39	95	212	214	175	167	92	64	94	2	240	120	180	101	120	106	18	233	243	184	53	255	45	62	158	64	85	24	245	236	
194	124	146	188	120	166	88	206	187	171	176	56	238	254	37	89	183	247	255	129	32	79	138	251	150	190	95	186	144	245	35	9	
149	89	120	71	102	8	255	56	72	194	119	162	121	61	151	103	54	80	54	234	193	180	173	233	102	169	102	128	101	187	65	233	
253	237	163	182	181	108	71	190	176	254	14	25	247	245	91	19	145	78	93	111	121	92	184	47	249	223	101	60	138	125	214	122	
19	141	99	133	150	146	239	255	101	97	218	198	113	38	188	100	126	207	31	239	217	153	45	255	184	46	174	196	45	214	241	124	
60	99	106	224	54	91	91	88	1	236	181	171	75	13	255	16	126	148	213	242	200	179	36	156	243	201	161	181	103	175	86	115	
88	5	78	173	28	10	78	120	165	128	222	2	123	99	32	81	122	228	93	234	104	129	9	157	242	235	163	144	38	162	112	0	
250	220	182	188	43	228	28	215	159	95	214	191	46	255	39	91	239	255	253	129	172	223	210	227	147	243	218	147	150	124	181	95	
34	225	96	235	252	9	204	189	79	57	185	26	227	72	92	0	217	138	87	33	218	34	75	149	174	220	149	252	85	154	208	129	
41	189	121	113	244	239	109	55	127	105	126	88	187	55	148	52	143	62	86	24	179	248	113	223	111	223	52	192	194	200	199	249	
130	168	162	153	71	241	176	199	94	87	80	147	172	140	118	8	233	43	131	21	22	124	54	243	15	22	154	107	213	12	181	222	
94	162	96	233	107	89	56	72	175	61	149	171	140	143	78	94	254	157	255	241	18	3	235	209	223	81	139	255	151	15	5	83	
70	170	149	176	169	140	1	139	171	189	128	77	174	163	74	94	133	71	108	29	18	73	219	193	201	242	95	126	128	0	7	75	
3	134	65	153	116	163	232	103	95	1	90	246	160	40	180	196	91	42	2	141	151	184	69	223	12	62	154	192	157	140	241	140	
139	201	244	220	189	219	93	47	223	149	4	24	174	226	166	229	131	34	232	12	102	76	102	223	170	223	85	123	18	132	141	76	
50	219	10	168	119	149	158	231	14	13	216	135	172	138	34	64	254	43	135	197	86	11	16	253	250	85	142	251	29	14	185	155	
253	109	205	37	172	75	70	171	49	242	184	169	211	57	211	155	27	196	76	110	109	103	205	10	242	203	101	53	104	248	90	66	
2	48	180	209	237	165	184	67	158	89	80	51	140	156	100	10	143	27	179	17	146	88	130	208	15	24	218	234	132	12	129	219	
56	157	19	255	149	199	71	182	87	137	206	64	247	243	32	100	217	122	12	74	107	168	89	63	233	255	5	16	58	122	240	42	
42	178	236	153	125	153	184	95	31	61	84	255	140	14	86	140	239	13	247	149	150	88	71	213	78	83	186	231	151	140	29	219	
105	35	232	69	116	30	78	57	67	168	62	76	83	41	213	18	156	204	117	44	200	122	209	138	111	189	165	188	235	234	90	9	
9	141	117	251	253	255	251	191	95	65	108	144	253	255	184	97	23	59	147	24	179	184	127	191	111	223	23	97	214	138	193	248	
32	22	183	85	164	111	165	23	253	187	114	112	210	53	133	239	137	22	110	40	177	252	97	64	5	186	116	150	194	248	197	181	
161	235	107	75	86	131	235	240	86	68	116	130	113	197	183	32	120	40	18	206	195	186	44	61	103	13	160	160	119	139	116	232	
176	141	117	123	215	239	106	167	119	33	106	18	123	59	28	112	57	138	17	152	123	184	89	191	175	222	148	65	251	130	194	10	
173	213	90	74	205	125	231	220	233	82	45	28	88	240	127	182	185	66	82	126	243	39	58	114	119	29	5	46	219	123	235	164	
28	64	80	233	118	40	122	80	41	0	113	2	15	75	37	88	190	185	6	242	10	176	0	200	150	217	34	132	247	243	99	129	
59	36	104	13	138	51	143	79	22	231	221	175	217	44	151	45	95	143	87	175	189	242	69	158	70	14	249	180	255	253	154	213	
249	41	228	69	69	91	69	41	83	228	182	143	67	49	151	150	24	228	100	44	104	250	241	142	94	254	69	53	239	174	82	122	
213	124	122	178	226	226	63	214	48	79	71	185	87	55	11	121	55	255	21	163	188	214	56	46	241	227	122	128	164	209	167	115	
213	187	145	161	59	12	64	152	43	253	160	109	142	3	64	146	167	69	108	92	3	77	219	83	153	212	47	126	32	36	3	123	
198	44	214	152	248	171	248	75	187	139	176	24	236	234	37	25	183	247	127	145	48	239	130	254	156	30	95	250	196	65	163	137	
252	253	187	246	165	124	87	190	251	254	140	56	102	245	201	63	145	218	221	106	123	71	170	171	251	219	69	191	130	255	214	99	
60	165	96	235	252	11	206	249	79	49	185	26	75	73	92	16	219	136	87	51	218	50	73	149	190	221	133	244	119	138	208	128	
209	230	14	215	28	151	204	164	212	146	130	84	227	64	28	131	200	230	104	239	237	205	83	47	160	179	222	16	8	24	248	12	
27	141	67	164	210	146	110	247	52	65	218	199	121	238	186	240	127	239	23	237	253	155	5	255	58	46	175	196	45	214	184	221	
246	253	171	246	165	124	87	190	185	250	140	56	102	247	201	63	145	250	221	106	123	71	170	171	251	219	69	191	130	253	214	115	
226	169	232	69	108	27	201	233	75	244	188	142	129	41	215	22	73	196	103	28	8	106	255	130	14	157	197	61	205	234	90	220	
171	184	22	88	57	157	16	51	159	25	197	56	174	217	42	164	197	58	251	1	114	143	66	183	139	115	24	91	82	12	154	7	
111	116	99	82	229	189	231	244	121	94	109	92	202	236	159	189	157	74	84	126	251	242	120	229	39	90	68	122	202	255	210	244	
82	178	156	119	26	243	17	39	158	181	71	177	228	182	78	106	197	63	232	144	30	216	251	53	201	227	250	83	160	0	141	123	
105	41	220	39	101	74	68	49	225	234	183	41	251	57	18	147	8	228	108	40	44	248	193	12	206	251	117	17	98	174	90	75	
194	60	150	220	248	167	184	198	187	155	240	56	172	254	37	89	231	127	255	145	50	207	130	235	154	190	95	154	148	117	35	155	
216	5	94	237	30	2	78	57	37	128	214	2	95	107	48	81	114	229	125	234	104	145	1	140	242	235	227	144	38	178	96	0	
34	177	20	155	239	201	176	207	159	53	96	56	172	158	104	8	139	27	227	17	18	120	202	241	13	18	30	127	208	8	133	139	
130	170	162	153	71	241	184	71	30	85	80	147	172	140	118	73	233	43	131	149	22	252	34	209	13	16	218	235	148	12	181	222	
18	158	114	219	242	171	186	254	30	37	94	247	45	175	166	68	127	187	135	149	178	152	13	255	124	6	62	192	189	204	173	153	
138	177	180	217	157	221	113	63	127	125	20	21	170	30	70	165	160	130	236	144	118	76	247	247	143	81	208	115	50	4	204	94	
37	97	121	71	116	15	111	184	113	232	127	76	211	49	152	52	90	204	22	110	201	176	125	14	103	172	37	4	111	187	66	177	
38	156	246	216	244	175	248	239	127	59	179	56	206	248	52	24	191	191	255	17	178	239	9	247	158	190	87	214	196	200	227	1	
225	38	225	69	85	31	235	58	83	164	119	94	67	8	212	182	88	236	224	40	233	254	245	158	15	125	129	52	103	172	86	236	
2	152	22	153	105	133	184	71	142	25	80	49	172	150	96	74	198	59	179	145	2	28	2	241	5	16	26	234	16	4	33	155	
3	134	1	153	116	171	168	3	94	9	90	246	164	40	180	192	217	42	2	149	183	184	69	215	12	54	186	192	156	8	249	140	
123	2	106	172	39	18	90	120	65	192	254	143	75	8	183	112	126	133	221	239	205	163	149	140	146	237	170	153	63	174	122	84	
210	232	34	131	70	0	174	224	44	48	147	2	44	10	113	65	110	137	31	195	202	23	1	224	148	128	138	164	21	26	49	8	
61	85	123	100	86	67	203	112	64	224	255	170	83	93	185	32	126	252	23	234	201	178	60	140	115	205	161	128	111	187	118	241	
2	160	148	145	164	169	184	3	174	17	82	18	140	138	112	74	227	11	59	17	18	216	3	209	12	18	90	192	148	8	129	137	
59	219	10	170	23	149	158	229	140	64	216	135	173	202	50	128	252	171	151	229	206	139	16	189	242	69	142	251	28	30	185	158	
24	131	159	191	48	154	104	36	53	13	107	0	239	198	40	240	240	63	172	0	28	152	33	45	131	231	112	65	32	131	236	40	
179	144	244	249	173	189	216	223	127	123	246	51	46	253	222	120	239	155	183	21	158	248	235	209	159	122	214	198	215	204	240	95	
2	252	176	155	255	237	184	198	30	123	80	51	172	222	108	72	239	59	147	145	178	94	90	247	13	22	154	235	148	13	181	219	
10	186	100	145	109	153	184	82	15	61	84	183	140	15	214	8	238	9	247	149	150	88	71	213	78	81	186	231	30	140	25	217	
33	189	17	255	189	143	70	190	87	11	232	64	246	241	32	228	209	122	60	8	59	168	123	63	171	254	21	82	154	136	192	41	
215	89	121	199	102	26	239	56	120	226	87	226	249	62	149	103	54	84	52	235	225	180	173	239	100	46	99	128	37	179	81	229	
1	189	121	81	244	207	109	55	127	109	126	88	183	55	148	48	135	62	86	24	243	248	113	127	111	223	54	192	192	200	199	249	
3	201	39	219	149	215	167	167	207	81	82	66	232	120	180	229	200	98	58	201	243	184	55	253	45	58	158	66	85	12	241	236	
166	242	176	154	109	213	184	77	219	95	117	59	44	220	126	12	255	57	147	21	134	103	186	211	31	28	31	239	215	76	239	215	
75	120	177	217	109	220	184	23	235	89	114	116	172	158	212	254	230	59	254	25	151	92	242	193	7	120	90	234	138	132	131	189	
8	8	35	251	21	199	235	80	22	64	71	2	245	215	48	224	120	56	19	137	43	190	50	159	193	255	139	0	50	10	53	242	
202	196	87	144	231	218	108	103	253	71	70	147	12	163	52	221	35	46	163	12	112	221	164	198	63	126	86	67	166	132	253	228	
34	217	16	155	109	201	176	207	142	29	96	32	172	222	104	64	200	27	234	65	82	42	194	241	13	16	26	123	80	8	133	139	
90	184	174	52	19	243	24	162	54	117	198	189	235	238	10	89	183	183	237	0	62	201	83	181	218	231	219	209	170	4	141	82	
216	65	86	236	6	10	76	61	49	162	246	2	91	43	176	83	114	197	125	234	104	159	193	206	242	235	230	128	39	176	224	8	
2	243	20	155	235	201	176	207	143	53	96	59	172	158	104	64	171	27	227	17	82	120	10	241	29	16	30	127	208	8	133	203	
130	162	162	155	71	241	176	71	30	79	81	179	172	204	126	8	249	43	131	149	54	188	46	211	13	22	154	235	148	12	189	206	
28	150	254	177	226	110	125	187	48	22	100	189	159	119	11	27	55	219	213	176	120	212	16	6	239	227	125	133	168	240	143	243	
194	240	177	147	58	205	59	24	234	241	3	92	188	151	64	118	6	119	121	90	147	69	251	115	205	144	27	126	8	131	135	120	
19	158	74	159	210	131	170	247	62	65	94	231	125	239	182	68	119	171	151	141	183	153	13	255	124	46	190	192	191	132	169	153	
249	108	235	68	93	127	209	106	83	230	247	26	82	156	86	51	216	252	114	60	109	255	249	142	123	170	197	53	99	40	86	94	
240	108	233	70	116	123	195	33	91	164	183	185	115	29	214	19	8	228	100	10	104	126	237	42	115	249	37	49	101	171	86	106	
39	45	228	7	196	123	207	151	70	229	91	207	209	40	151	140	90	207	51	159	157	154	109	160	100	78	222	144	237	255	146	220	
60	165	96	225	220	59	202	248	87	160	189	10	91	73	253	16	123	204	23	250	152	50	109	158	254	205	165	244	247	171	80	128	
37	251	174	99	228	31	239	248	233	95	125	76	243	124	159	58	157	74	86	127	223	176	126	32	47	95	101	196	192	251	218	229	
19	141	67	174	210	178	110	247	52	64	218	199	121	238	176	240	127	239	23	239	253	155	45	255	58	46	174	192	45	246	184	220	
37	97	97	77	84	31	239	120	117	224	123	78	88	8	149	164	120	204	18	238	193	178	125	204	36	60	129	4	111	191	114	180	
171	73	99	79	118	151	239	244	92	64	116	70	120	92	181	164	126	104	18	239	193	186	52	237	36	40	162	128	127	191	112	189	
228	125	29	240	206	105	53	206	138	178	128	111	20	213	65	27	167	85	105	115	97	71	154	16	57	128	101	62	0	121	7	179	
2	251	16	152	75	141	176	207	158	53	112	171	172	142	110	0	175	27	163	81	18	122	154	241	29	16	30	123	80	12	143	155	
53	59	91	96	228	35	67	208	32	236	125	236	19	245	195	24	30	236	84	126	137	178	232	40	200	205	161	172	237	243	114	241	
123	4	106	172	23	18	90	120	65	68	255	143	75	8	55	80	122	172	149	239	204	163	20	142	210	237	160	153	127	174	122	70	
187	217	10	170	20	135	222	229	4	68	220	135	53	75	58	64	220	171	151	229	110	139	16	189	240	197	142	217	61	14	184	218	
22	64	80	169	34	0	120	80	45	0	241	2	15	10	37	88	126	185	23	226	8	18	0	200	146	217	138	160	53	243	35	129	
82	104	2	131	4	0	236	64	45	34	147	2	172	10	113	65	106	137	31	195	74	23	1	192	148	0	138	176	21	58	49	128	
2	152	22	152	107	165	184	71	142	25	80	48	172	150	96	74	198	59	147	144	2	13	2	241	5	16	26	234	16	4	33	155	
66	172	214	156	248	171	184	199	191	155	240	16	172	254	36	89	167	127	127	17	50	207	130	254	156	62	95	234	196	64	163	137	
109	173	252	87	246	30	116	191	235	179	46	24	223	113	76	63	23	86	112	40	118	200	235	33	239	223	85	119	166	248	194	164	
3	42	92	145	108	157	184	2	175	61	84	167	172	138	86	12	142	41	247	21	134	60	66	241	70	88	26	227	28	141	25	159	
194	60	150	156	250	165	184	199	191	139	80	176	172	254	33	73	231	127	127	145	50	95	130	255	28	54	94	138	148	64	163	137	
164	169	232	33	172	75	133	201	6	182	168	169	147	57	69	26	73	220	115	17	10	82	203	18	205	132	173	53	213	122	86	226	
2	128	148	145	172	169	184	3	174	17	82	18	140	138	96	74	231	11	59	16	18	216	3	209	12	16	26	192	148	8	129	137	
9	134	2	153	52	174	168	39	92	9	91	84	188	34	184	224	209	42	6	29	183	184	65	215	12	54	186	192	152	12	153	141	
9	189	59	117	244	205	117	183	124	75	126	80	191	55	132	48	135	58	86	8	243	184	112	127	109	191	54	192	192	200	199	185	
75	201	5	168	157	213	148	165	206	81	138	67	174	152	50	224	192	35	185	197	223	9	87	181	169	113	142	83	28	14	185	12	
134	184	178	155	255	237	184	195	158	27	81	51	172	222	108	72	255	59	179	145	162	92	90	243	13	22	158	235	148	76	181	211	
67	240	179	217	97	156	184	7	235	89	112	84	172	158	100	239	230	59	59	25	135	92	178	225	5	120	26	234	136	4	131	189	
166	176	176	216	237	213	188	75	159	223	113	63	140	220	126	10	239	57	147	21	214	118	186	211	31	20	91	175	213	108	167	215	
80	79	126	88	162	172	85	183	253	30	254	0	7	163	167	89	35	183	108	40	126	105	163	93	243	255	116	15	225	240	238	43	
195	159	95	93	106	18	172	182	252	90	118	246	112	178	180	119	102	102	46	110	245	217	39	125	38	42	234	130	52	224	225	45	
232	198	8	191	60	175	67	189	22	62	135	29	247	35	24	81	81	198	45	46	104	4	217	63	237	242	241	124	26	139	80	10	
109	137	231	69	229	253	229	167	239	69	110	8	251	232	191	118	57	226	98	28	149	184	54	64	111	126	84	64	206	246	219	196	
100	103	250	116	244	40	231	198	248	174	122	9	215	233	77	27	185	110	69	98	16	241	128	32	245	168	101	57	64	121	215	227	
162	252	16	155	127	201	176	238	143	17	96	58	172	222	108	64	203	59	235	1	66	47	194	247	53	16	26	123	16	8	5	139	
61	109	106	96	212	59	235	216	87	160	254	10	91	105	213	32	122	204	23	250	136	178	109	138	126	205	165	180	231	251	82	160	
2	24	22	152	105	165	184	66	142	25	80	48	172	150	96	74	198	59	179	144	2	9	2	241	5	16	90	234	16	0	33	155	
130	188	150	152	250	169	184	199	191	155	112	48	172	186	100	72	167	123	127	145	50	223	130	255	28	62	94	202	148	64	163	137	
60	219	157	104	234	79	84	255	43	209	40	77	23	63	97	146	166	209	247	80	81	11	18	24	251	215	69	124	248	184	134	187	
173	203	227	101	180	13	239	184	111	204	62	9	211	205	87	48	152	64	127	127	198	41	101	35	109	28	37	148	197	186	86	225	
153	107	167	183	164	10	165	21	112	202	82	247	241	104	149	43	182	101	53	111	229	244	199	42	228	43	255	128	12	112	243	153	
65	217	189	47	44	124	5	189	204	122	174	104	246	48	143	107	129	68	108	98	205	97	251	1	129	255	117	30	80	122	85	111	
134	120	130	154	79	229	184	196	142	93	81	151	172	222	106	75	204	57	179	211	18	79	154	241	21	16	218	235	144	15	165	211	
3	135	42	139	212	147	186	103	76	69	216	199	160	40	190	192	248	43	147	165	214	186	4	221	46	20	138	195	29	14	249	222	
188	74	107	78	68	199	107	112	84	68	119	134	113	205	179	97	120	168	19	238	233	182	60	60	87	169	160	128	119	171	116	240	
63	187	225	135	213	21	238	215	7	101	222	207	72	172	94	132	124	238	243	221	157	58	253	224	63	44	140	250	191	255	208	252	
229	41	169	52	172	124	71	24	242	202	134	24	242	240	83	122	208	228	124	77	157	99	243	34	209	253	229	56	200	121	82	102	
184	207	44	171	20	135	79	253	20	4	220	135	49	71	42	65	92	171	7	238	122	152	113	191	225	129	170	192	49	138	180	250	
9	134	22	155	181	191	224	119	92	73	95	86	172	2	186	228	245	10	138	29	183	184	17	223	173	127	26	64	154	14	185	133	
113	60	53	87	77	255	196	103	83	234	251	90	114	60	84	171	201	254	112	3	169	254	249	172	87	106	85	58	75	91	210	190	
130	242	18	154	91	205	176	238	143	53	104	27	172	220	104	0	175	59	235	17	66	47	26	247	61	16	26	127	80	12	133	139	
47	117	67	77	85	31	238	120	93	224	248	70	72	200	181	164	120	204	146	239	197	178	125	222	54	60	135	162	95	191	122	148	
85	100	17	176	145	236	78	134	186	242	170	8	191	214	73	187	177	223	88	250	59	80	144	100	177	193	31	120	40	81	131	32	
216	129	86	237	102	10	126	53	61	34	246	2	123	43	48	80	118	231	61	234	88	159	129	239	246	255	242	128	38	160	224	8	
90	137	141	173	193	102	120	119	35	241	72	9	61	63	0	90	165	183	241	149	29	218	19	8	219	199	255	4	168	96	38	218	
19	141	99	142	212	146	239	247	116	64	218	198	113	230	176	100	126	238	22	239	253	155	45	255	56	46	174	128	45	246	240	252	
130	184	162	155	79	225	176	196	158	85	65	183	172	220	106	9	239	59	147	211	22	94	154	241	13	16	218	107	148	15	53	214	
22	1	80	169	178	2	106	64	45	0	177	2	15	10	5	88	126	137	23	242	8	163	1	200	146	216	2	132	241	179	99	1	
18	64	2	128	4	1	238	64	13	34	154	2	172	10	113	64	106	137	31	227	72	147	1	192	144	128	138	160	5	58	49	128	
81	137	254	76	226	30	117	255	233	156	124	0	62	59	135	122	166	166	124	8	208	171	35	72	123	239	101	7	224	240	226	43	
