香奈儿唇笔	57 - 深邃鲜红	https://i.chanel.cn/fnbv3/image/full/shades/le-crayon-levres--57--1g.0188570_S.jpg	https://i.chanel.cn/fnbv3/image/full/chanel__com_type1/skus_full/le-crayon-levres--57--1g.3145891885705.jpg
130	156	22	153	244	173	184	231	62	9	90	50	172	190	32	64	231	59	179	129	50	152	2	247	45	54	26	194	144	72	161	155	
18	143	206	191	182	130	172	239	182	157	218	247	109	234	178	193	123	239	174	129	118	217	7	255	188	38	254	193	165	196	189	9	
24	167	88	101	176	107	119	255	102	172	124	32	147	51	202	16	18	78	5	56	88	184	233	30	238	205	37	229	224	202	206	171	
217	73	71	220	4	134	111	118	165	192	214	198	49	131	177	229	106	226	63	204	105	153	52	237	178	234	230	128	46	184	112	56	
97	33	17	130	77	141	224	65	143	57	177	8	158	152	64	26	168	129	74	29	19	43	82	208	157	144	27	126	88	10	83	130	
125	151	131	78	197	126	103	187	113	46	239	108	66	97	138	212	121	206	36	42	93	178	233	11	54	230	229	12	107	254	246	117	
82	32	82	161	126	137	120	64	45	0	187	10	143	10	84	80	238	145	95	209	10	35	65	208	150	216	10	236	37	2	35	129	
207	90	233	71	98	26	239	176	120	238	118	238	217	46	151	123	54	204	53	238	193	212	173	106	70	43	239	132	47	243	83	241	
33	205	105	77	180	79	103	189	117	228	126	66	115	101	181	116	88	250	22	106	201	184	125	63	101	140	165	0	119	250	244	104	
82	32	82	137	126	136	104	64	173	33	250	2	140	138	112	82	106	141	127	145	10	147	193	192	148	180	138	200	133	2	51	128	
15	114	233	71	102	26	175	152	120	230	94	238	217	12	223	42	63	92	21	239	193	244	173	106	70	13	239	164	239	243	87	241	
3	207	2	140	148	129	142	231	4	4	88	199	32	42	50	64	72	35	19	197	214	136	4	253	40	36	142	192	28	28	184	8	
249	205	98	238	212	18	239	252	85	64	254	2	123	233	182	97	120	230	31	234	236	187	45	175	114	239	166	128	55	190	240	104	
2	213	16	153	245	165	188	207	30	27	88	50	172	222	104	64	255	27	147	17	114	156	67	247	45	22	158	238	144	76	129	155	
139	147	237	159	242	26	173	61	60	73	87	244	253	102	154	96	54	11	55	141	243	156	47	71	228	47	126	192	28	130	163	249	
0	147	190	190	168	128	53	109	236	31	89	113	252	250	40	83	163	51	103	1	214	203	10	101	240	167	126	139	16	82	167	139	
231	222	221	21	168	42	5	178	185	254	54	252	214	38	199	127	71	68	108	126	225	78	239	108	12	58	101	214	12	225	4	117	
189	109	106	70	68	18	111	244	113	194	246	130	123	109	179	49	126	236	23	239	233	179	44	110	242	111	231	128	103	182	242	248	
125	201	208	72	153	30	66	138	67	169	172	8	10	176	199	246	64	212	236	88	94	43	199	160	59	252	5	127	251	185	202	4	
190	183	116	67	183	213	219	249	139	125	189	175	74	93	94	36	157	147	213	113	190	43	120	189	107	93	173	247	199	15	214	215	
82	237	126	252	58	201	60	231	191	5	202	179	173	135	32	80	34	63	127	129	114	73	130	255	244	246	26	139	52	16	167	138	
191	181	40	65	147	255	147	219	83	205	189	63	11	124	223	164	157	154	213	116	191	168	124	158	107	221	37	247	235	207	222	247	
3	135	2	139	212	151	174	103	76	65	88	199	160	0	190	228	252	43	2	245	247	184	68	221	44	20	142	64	93	14	185	140	
168	201	8	188	125	197	214	238	95	9	88	3	182	152	48	192	216	170	151	65	78	58	66	191	165	213	170	41	20	24	252	138	
127	183	244	80	155	95	85	121	83	254	181	61	74	252	206	181	189	148	237	52	252	99	189	159	251	223	69	247	251	110	222	87	
139	126	239	119	98	246	189	54	248	206	118	244	185	61	151	43	39	123	183	142	225	220	38	234	102	107	126	128	111	244	99	249	
124	59	222	101	19	251	65	19	50	229	239	140	75	103	67	156	48	190	232	152	25	210	241	12	219	231	97	5	235	165	46	86	
96	123	138	181	224	168	52	151	170	254	18	237	166	160	67	26	129	111	101	21	4	216	194	32	204	55	125	187	136	120	31	155	
2	220	178	155	211	229	184	198	158	89	88	23	172	190	34	64	237	123	179	145	178	154	18	247	45	22	158	235	144	92	165	219	
95	222	252	126	171	87	31	190	151	126	156	165	123	125	191	231	151	87	189	103	239	65	123	191	107	255	101	151	158	253	140	127	
255	126	252	126	171	116	31	190	251	222	188	189	124	254	223	255	151	247	253	247	253	71	186	234	251	127	109	159	142	245	174	87	
255	101	246	86	233	52	94	135	235	159	174	24	74	226	255	255	163	198	236	222	54	67	174	224	58	123	85	91	130	245	234	70	
89	3	198	53	51	186	105	19	53	165	71	176	207	35	130	220	50	174	236	28	60	216	197	14	198	247	219	193	166	228	24	68	
77	232	197	65	73	28	104	152	107	241	166	76	202	2	222	247	32	196	232	222	15	80	255	225	158	248	69	100	42	167	74	20	
51	59	11	8	152	197	130	72	206	205	248	103	128	138	103	128	200	41	234	209	151	43	246	125	24	32	170	254	217	1	39	223	
47	158	248	127	245	117	95	190	91	127	125	189	125	125	254	177	151	91	151	47	247	90	188	187	111	95	53	239	222	254	206	243	
190	189	112	114	251	253	219	208	27	236	61	173	46	220	215	52	158	123	149	83	159	58	248	190	123	89	45	251	223	143	222	215	
40	112	204	5	93	123	97	30	86	253	110	142	115	37	219	188	89	140	226	56	13	242	245	29	71	71	113	37	250	220	92	122	
127	246	185	114	187	119	95	249	83	255	29	125	90	253	223	180	151	215	245	63	255	85	57	151	123	95	101	247	239	246	14	119	
57	38	84	5	19	123	81	46	117	231	110	156	43	32	130	148	51	198	232	40	44	248	117	143	206	239	16	17	231	196	78	76	
254	189	182	242	185	118	159	249	155	254	157	61	78	253	127	183	151	247	221	179	252	71	184	206	251	95	205	247	135	119	190	119	
211	2	99	72	42	80	161	64	237	68	246	162	9	132	182	246	102	148	238	232	133	167	167	192	18	120	2	139	103	132	45	117	
83	32	238	94	75	208	184	104	235	192	230	162	104	220	190	38	42	241	243	193	6	227	167	237	19	42	75	11	103	38	111	206	
98	2	108	77	88	18	73	24	55	4	230	132	97	7	150	125	94	156	179	140	136	222	247	221	6	122	208	129	119	132	118	108	
26	123	170	122	25	244	27	212	183	77	220	165	168	222	107	252	220	123	181	208	143	130	178	179	195	117	154	139	146	151	46	223	
217	228	238	37	19	90	97	47	115	231	230	150	11	4	146	244	51	140	232	172	124	220	181	14	254	231	85	69	103	132	238	68	
200	33	78	173	216	66	105	75	52	164	226	148	145	131	3	219	104	172	106	184	57	218	213	72	148	161	146	5	41	160	42	136	
190	184	242	50	211	213	154	217	187	223	181	63	76	221	111	29	183	217	213	247	182	71	58	246	27	87	15	255	227	39	175	215	
255	159	190	126	169	84	31	184	147	206	85	189	121	253	255	255	151	115	181	103	237	67	186	171	123	255	117	155	206	247	60	127	
89	14	146	164	80	38	106	19	112	131	234	69	183	163	16	82	112	239	104	172	44	155	209	74	244	164	178	0	168	224	104	8	
126	121	224	22	73	116	95	152	147	244	140	141	107	238	87	159	16	254	181	214	140	67	254	168	147	241	197	187	163	247	62	94	
32	234	154	114	93	141	211	68	138	173	185	9	163	137	70	18	136	106	71	83	66	107	202	32	109	149	52	57	64	10	86	138	
67	122	225	53	162	42	188	23	122	250	82	253	181	44	215	11	135	79	125	5	197	220	197	0	4	34	127	164	140	244	145	93	
224	232	122	82	85	140	211	228	233	13	180	9	34	201	86	16	136	232	68	90	78	47	138	39	123	185	20	123	65	11	222	138	
139	126	237	85	102	30	237	23	120	234	118	246	249	45	151	43	47	127	55	141	225	252	37	74	102	47	252	128	111	240	195	249	
75	94	251	118	114	126	125	55	57	206	126	244	57	63	151	184	55	127	149	140	225	220	164	234	102	255	116	128	238	244	71	249	
77	219	237	87	226	90	191	180	122	221	86	228	253	109	218	171	7	118	183	79	181	216	175	105	78	107	127	128	207	245	139	249	
40	191	88	107	248	201	87	255	162	60	124	40	51	161	194	16	2	154	198	96	90	58	234	53	110	193	36	233	112	138	206	235	
79	187	237	87	230	28	189	180	122	255	86	228	253	109	219	47	7	126	183	95	241	216	175	96	78	43	127	132	206	245	149	249	
2	188	18	155	241	165	184	231	62	27	88	49	172	190	32	64	205	59	147	149	50	220	2	247	45	22	158	234	144	68	161	219	
102	187	17	34	56	169	146	232	170	252	184	237	166	196	205	146	134	103	236	119	135	11	202	53	184	80	41	250	72	7	11	93	
223	127	126	100	166	126	91	48	169	252	55	189	91	31	215	63	38	245	253	254	185	213	173	204	234	249	229	212	167	229	70	113	
143	219	253	115	177	223	191	181	151	255	22	237	253	125	219	173	151	115	245	94	247	216	127	191	111	95	117	243	222	244	141	121	
9	114	172	31	57	255	17	28	158	253	151	165	244	244	203	175	21	36	252	60	135	65	107	29	206	7	253	181	154	46	29	127	
80	114	141	173	9	205	129	76	142	253	129	109	198	192	75	138	216	12	238	85	11	97	219	16	144	0	123	60	88	26	31	121	
68	187	149	241	189	203	3	191	222	185	2	108	198	49	64	70	129	84	108	24	27	248	217	49	173	150	117	118	138	42	133	35	
237	151	189	71	168	127	85	191	114	127	63	124	222	117	202	127	21	86	236	42	241	112	235	19	110	243	101	246	218	254	196	113	
79	158	248	126	235	116	31	187	51	95	94	229	249	253	223	255	151	95	181	135	247	88	175	179	79	127	117	175	222	228	141	127	
239	242	240	102	239	125	221	157	123	127	53	189	95	29	222	62	151	221	245	47	197	116	234	211	71	219	121	191	103	247	199	119	
96	247	149	95	157	78	67	188	67	57	33	76	226	113	200	247	145	70	108	120	123	72	219	61	173	158	117	118	154	10	208	45	
39	52	225	80	245	253	226	74	91	233	121	88	18	188	213	188	153	154	82	56	183	114	252	82	31	28	1	126	223	201	82	180	
169	179	190	29	91	223	177	125	182	221	101	37	126	244	138	181	20	44	226	52	247	219	186	13	75	67	101	207	74	4	47	255	
193	0	195	217	84	204	105	21	49	65	99	80	17	7	8	92	112	140	34	12	35	156	177	71	85	174	144	64	32	128	224	112	
240	69	98	239	68	11	206	236	125	2	251	2	107	107	61	80	122	197	78	226	232	183	73	239	178	254	134	20	103	251	226	136	
1	166	88	75	242	187	186	91	127	65	125	196	153	106	158	244	55	27	18	156	151	184	93	87	46	29	2	102	205	194	235	132	
169	45	81	65	208	159	239	51	112	162	102	216	155	5	144	181	29	190	2	56	225	252	117	14	47	207	21	64	107	168	74	184	
137	190	119	85	116	239	225	55	124	226	115	84	177	37	148	181	31	62	2	8	241	252	117	78	77	142	112	0	74	200	199	184	
190	69	242	239	182	58	126	252	125	130	255	2	107	105	157	116	126	197	23	234	232	182	109	238	246	255	230	128	103	255	224	13	
32	180	250	241	244	239	249	159	58	43	127	56	84	55	206	56	183	159	23	25	50	248	105	86	93	143	55	228	197	64	199	163	
2	188	176	155	245	173	176	71	30	27	89	48	172	190	96	72	197	59	179	17	178	220	211	215	13	22	30	234	144	76	129	155	
125	87	224	14	65	127	71	157	99	106	239	109	114	117	143	116	88	204	228	110	205	50	253	10	119	44	229	60	107	255	214	86	
3	207	2	140	148	129	142	231	68	1	88	199	32	40	50	64	72	34	19	197	214	168	4	253	40	36	142	192	29	28	184	140	
188	49	105	35	212	75	194	49	113	228	229	159	83	77	90	16	88	204	193	127	253	242	253	14	127	5	133	117	229	175	222	210	
214	116	122	252	26	208	154	72	164	4	197	163	33	222	39	80	126	185	217	195	110	7	150	95	210	225	138	155	53	35	47	18	
128	250	251	91	98	237	185	80	63	93	117	245	189	215	232	60	55	59	151	80	146	156	58	241	71	208	18	194	210	129	167	243	
82	157	159	182	139	224	53	231	190	151	202	49	102	247	32	74	225	119	233	16	48	201	146	99	185	182	94	91	128	72	165	122	
108	183	218	225	240	234	115	191	50	175	127	121	215	51	202	16	55	94	71	56	50	186	201	14	252	199	55	229	160	202	143	163	
185	205	106	254	20	146	207	240	212	194	223	130	115	237	179	96	120	236	23	238	233	191	44	175	114	239	163	128	119	187	112	248	
49	161	104	65	92	157	226	72	235	160	185	74	50	216	223	34	184	168	82	213	143	35	222	209	30	28	3	123	77	11	91	134	
239	121	212	92	235	89	148	238	203	242	164	40	42	244	197	191	138	208	226	98	111	107	250	217	58	90	69	63	91	125	74	151	
51	91	103	69	198	26	238	244	101	224	254	231	121	237	181	230	126	228	55	238	201	185	173	232	50	104	229	128	111	254	240	221	
83	48	175	165	46	75	145	0	206	241	146	171	212	156	86	42	166	53	121	5	132	225	247	0	209	41	123	179	4	40	21	87	
136	194	80	113	49	159	96	183	125	45	102	216	175	3	128	212	7	30	204	8	114	188	65	23	174	247	52	65	66	132	203	41	
238	239	228	18	237	249	214	230	203	119	172	153	42	236	94	159	139	194	235	87	214	107	238	241	62	89	85	127	215	223	222	222	
81	189	30	62	147	220	52	103	252	81	202	21	174	178	38	113	162	35	104	5	119	137	146	117	176	231	26	75	8	0	171	30	
128	22	127	243	114	175	121	18	60	87	119	149	189	23	162	25	55	59	23	28	162	220	48	119	71	143	112	192	160	129	7	249	
238	248	197	212	203	81	76	170	51	242	132	232	12	231	197	191	7	220	249	250	99	71	235	208	59	82	197	255	166	245	6	116	
47	191	253	127	177	246	159	251	215	223	92	229	121	125	191	165	223	123	149	63	247	200	62	191	107	95	127	131	223	229	191	255	
159	223	126	246	173	215	95	189	213	222	159	183	122	125	191	231	151	115	189	167	253	197	58	255	235	91	237	151	30	254	188	119	
249	84	44	127	9	126	85	52	245	94	183	53	107	53	138	255	197	150	236	38	237	197	123	175	211	243	240	147	58	223	252	95	
70	57	178	146	203	245	186	201	139	253	157	175	44	254	79	10	173	251	243	211	150	67	186	240	31	84	143	251	135	103	135	215	
218	111	165	181	137	78	77	55	131	246	138	137	239	37	83	71	133	231	125	133	104	73	243	168	233	242	221	180	162	116	148	120	
72	172	165	181	25	236	73	39	178	239	138	157	183	46	82	66	129	39	125	133	62	88	211	3	205	231	255	209	128	68	149	90	
82	48	173	165	40	69	25	27	6	245	130	157	151	158	82	74	196	149	125	149	138	75	211	16	217	161	251	252	12	0	20	122	
132	18	186	123	226	229	57	82	62	95	117	181	28	215	42	25	183	59	179	20	178	212	58	119	71	135	114	194	216	193	175	211	
186	64	114	68	99	66	95	80	33	2	245	179	9	151	165	60	126	149	135	226	72	135	4	202	210	237	32	139	39	179	46	179	
244	249	26	104	91	212	86	232	177	88	229	8	63	223	42	48	184	217	132	226	78	7	154	53	243	225	1	111	115	19	238	130	
189	77	106	238	84	147	234	120	85	0	253	2	115	201	181	96	120	168	23	234	232	179	44	191	114	239	163	128	119	175	112	160	
151	52	58	186	115	244	56	90	59	71	69	151	60	222	42	120	183	27	145	149	183	150	56	247	211	231	26	195	184	69	47	211	
130	220	150	155	180	173	60	231	62	27	90	48	172	166	32	64	199	59	51	145	50	156	3	247	44	54	158	194	144	64	161	137	
130	221	150	155	245	165	188	199	158	27	88	48	172	254	32	64	231	59	179	145	50	156	2	247	45	54	158	202	144	92	161	155	
82	32	82	161	118	137	248	64	45	0	187	10	143	10	84	80	238	153	95	241	10	51	193	212	150	216	10	240	53	131	35	129	
3	207	2	140	148	145	142	231	68	0	88	199	32	40	178	192	72	98	18	197	215	136	4	189	32	36	142	192	28	28	184	12	
82	32	66	137	92	136	232	64	173	1	242	2	140	138	113	80	106	141	127	209	10	147	193	192	148	52	138	216	37	2	35	128	
249	201	98	238	84	18	78	252	85	64	246	2	123	105	182	97	120	228	31	234	236	187	44	175	242	239	167	136	55	190	112	40	
2	157	144	155	244	141	188	239	30	59	88	50	172	190	96	64	255	27	147	17	114	152	75	247	44	22	158	238	148	76	129	155	
217	76	71	220	70	196	111	246	245	194	246	70	57	147	181	229	104	224	62	206	233	143	54	239	50	170	226	8	47	185	112	40	
232	121	146	52	65	141	117	119	185	6	102	29	46	163	34	213	160	170	227	12	96	223	146	235	53	50	84	10	74	148	198	94	
107	61	84	92	219	153	84	103	203	161	172	188	42	186	198	183	14	183	234	0	221	107	246	221	54	219	84	59	123	204	202	31	
107	175	244	80	253	221	212	239	203	244	172	9	42	232	86	150	171	163	234	21	246	107	174	215	59	95	85	127	215	236	206	78	
110	189	228	18	221	253	212	231	171	255	188	159	10	252	94	31	169	211	255	17	254	107	190	243	63	95	85	255	199	92	222	94	
80	74	191	116	42	216	180	166	252	130	194	32	255	188	133	106	162	119	108	65	196	237	167	111	179	39	126	3	68	48	45	15	
74	175	167	150	169	220	76	55	171	185	142	89	174	167	80	215	128	230	253	12	120	73	195	205	191	114	220	187	2	132	150	111	
254	164	246	80	185	112	88	143	251	215	164	29	11	226	199	254	131	198	236	156	62	79	190	195	155	255	85	127	162	228	238	78	
82	239	94	189	58	192	61	231	190	5	218	227	173	131	160	80	34	187	239	129	66	217	135	119	244	167	186	137	36	144	173	139	
168	223	24	185	124	201	214	254	94	12	80	106	166	152	176	129	202	43	134	65	102	42	66	191	230	209	58	187	20	24	221	139	
254	20	244	92	139	120	85	139	249	87	174	189	74	124	47	223	243	214	237	34	188	103	191	195	147	119	84	31	242	125	252	87	
155	76	111	254	44	132	207	246	148	14	212	130	185	15	49	97	76	243	31	207	233	143	114	255	113	235	250	136	53	152	117	232	
41	133	69	141	149	87	238	191	87	99	122	86	249	48	188	229	121	206	22	172	253	184	125	191	44	126	247	64	255	204	248	156	
155	88	103	188	6	196	239	246	213	194	214	194	61	143	177	103	110	241	63	207	233	143	54	237	240	42	250	136	63	181	33	120	
255	79	70	174	140	22	206	252	148	194	218	199	105	234	183	195	252	231	191	239	237	135	28	238	178	106	239	152	45	247	56	28	
247	236	42	72	27	211	146	232	214	76	157	42	17	222	191	112	216	153	220	227	110	7	174	31	179	233	171	191	49	35	46	103	
143	247	41	123	248	244	31	157	182	95	93	245	253	223	250	245	215	26	149	47	227	6	238	179	230	253	174	172	30	214	167	241	
140	148	22	90	115	174	58	242	172	9	107	81	124	87	40	16	167	51	91	176	51	141	19	127	109	143	50	192	138	131	163	147	
158	185	246	114	175	245	186	216	171	216	52	37	76	222	247	63	167	123	245	211	150	105	42	240	203	91	109	239	199	183	39	215	
112	10	192	77	0	6	65	11	51	5	224	68	35	131	4	220	72	172	32	136	10	218	211	1	128	176	208	8	80	128	102	168	
107	246	233	94	104	84	31	191	18	239	180	253	248	119	206	182	23	86	253	142	227	71	238	243	102	127	253	190	30	246	134	253	
207	159	45	119	173	223	23	183	215	254	23	253	223	61	210	167	133	118	253	103	245	125	249	191	239	91	125	247	14	172	156	119	
200	27	214	95	33	30	116	55	173	10	102	196	234	35	165	222	6	54	236	10	224	153	17	202	38	255	80	18	106	244	200	61	
222	189	62	115	183	222	183	177	249	252	22	53	78	124	134	167	167	118	253	115	245	237	59	174	235	219	101	211	99	172	223	87	
153	149	23	186	19	199	70	119	189	66	75	85	254	86	40	245	176	43	25	167	127	137	17	127	177	226	26	64	58	4	161	122	
27	125	242	118	247	52	254	118	185	203	127	165	125	127	191	54	182	123	149	135	164	249	168	234	99	255	124	130	231	247	231	255	
79	187	237	117	98	92	185	184	122	252	86	229	253	253	219	239	22	126	245	221	133	216	175	225	78	123	111	132	110	181	75	253	
184	250	88	62	98	139	86	81	55	14	113	237	63	201	163	16	158	185	133	66	238	182	72	59	242	197	37	185	123	188	78	155	
103	159	225	77	233	63	7	179	83	234	232	204	18	52	132	244	212	126	240	46	217	186	253	58	39	62	69	62	90	255	210	245	
247	59	17	172	40	137	19	120	139	236	153	237	166	198	194	148	158	249	204	103	221	3	200	61	144	16	41	186	88	175	3	85	
87	18	202	161	130	46	56	27	46	117	11	199	205	74	75	90	183	5	123	181	150	145	159	80	196	37	43	196	173	103	169	87	
79	155	248	127	167	116	217	184	27	255	92	165	253	255	223	110	151	95	181	141	151	88	239	241	79	255	253	239	183	230	71	127	
37	189	224	65	253	189	162	195	207	233	57	79	128	152	246	166	137	106	66	21	151	57	124	178	46	92	5	119	221	79	217	148	
13	124	232	71	102	58	239	80	112	226	95	166	89	45	215	42	62	220	21	175	129	244	173	202	70	109	239	132	231	247	83	241	
15	187	252	119	247	220	127	185	187	221	85	165	125	125	158	55	151	123	181	157	247	216	174	237	111	223	125	163	167	228	199	255	
175	245	224	97	228	63	255	159	123	123	125	188	25	61	222	62	55	223	181	174	209	116	172	210	102	223	117	228	231	246	198	241	
120	146	80	68	75	91	17	58	51	230	38	172	111	119	194	212	51	212	224	40	36	120	179	159	94	231	113	55	98	172	78	123	
11	210	254	118	57	223	89	185	159	252	22	173	127	253	190	165	151	49	245	53	229	205	59	157	75	223	125	247	94	166	12	127	
222	249	242	242	227	92	222	213	169	250	55	189	76	191	223	62	167	213	245	99	212	87	168	194	251	255	109	239	198	247	167	87	
139	213	252	109	58	22	31	191	118	95	95	180	253	127	154	99	87	87	157	172	231	132	109	159	226	255	110	148	54	244	161	113	
207	218	244	252	45	86	223	186	155	126	20	173	255	253	191	103	151	117	181	101	237	64	234	255	235	255	109	191	214	244	69	127	
251	59	188	124	59	86	25	27	19	220	212	37	122	253	151	255	212	252	253	37	173	207	243	139	219	251	97	159	58	164	62	119	
92	30	142	191	9	214	13	57	164	222	198	164	253	102	11	203	68	243	236	161	105	201	115	45	201	227	254	153	136	96	45	123	
9	194	194	17	49	186	104	150	119	55	102	144	175	2	154	252	35	46	172	156	38	152	101	245	198	255	146	65	130	212	10	76	
241	107	120	122	252	153	80	247	83	172	244	44	35	152	215	80	200	236	68	80	238	126	224	62	122	233	52	249	113	24	78	79	
111	190	246	118	189	214	95	185	219	206	53	173	125	255	255	191	151	113	181	63	253	199	170	238	75	223	109	171	134	229	70	119	
47	254	242	118	245	247	219	185	91	255	125	173	93	253	255	52	151	125	181	189	167	114	168	221	107	223	109	231	214	230	78	247	
41	114	175	13	75	127	177	94	70	237	126	111	24	148	230	180	52	28	246	44	135	179	183	17	87	69	33	167	219	156	94	255	
175	61	112	114	247	189	250	214	27	248	60	173	62	157	215	53	143	123	149	87	182	124	44	255	107	93	45	226	247	223	71	255	
47	183	244	127	181	119	217	184	91	253	60	165	125	125	191	37	151	95	149	61	167	240	44	221	107	223	109	231	255	228	87	247	
159	180	232	99	182	59	219	154	31	233	61	190	219	125	223	33	31	91	149	189	187	240	109	138	106	221	37	244	231	215	210	113	
236	235	232	40	252	73	215	222	18	124	244	169	19	221	211	16	217	216	69	113	122	111	194	31	121	133	165	253	245	56	214	211	
188	98	120	102	116	91	67	88	80	174	245	10	83	73	185	17	88	248	134	106	232	182	109	42	83	201	161	181	103	251	94	163	
217	59	47	40	56	213	129	120	196	92	212	117	150	148	163	195	204	33	238	117	191	111	227	60	216	33	170	248	88	13	53	113	
101	155	213	74	106	77	3	184	3	125	189	108	66	247	204	246	21	216	230	98	195	34	235	85	28	48	101	254	90	130	198	245	
27	124	246	127	39	52	222	214	185	202	124	165	125	127	191	46	159	123	149	143	164	224	34	235	99	255	254	130	231	247	103	255	
127	214	246	252	61	86	92	191	223	222	150	165	126	253	183	103	151	117	253	165	237	79	59	223	251	255	253	159	150	244	180	127	
91	11	194	49	147	250	121	3	53	197	71	149	171	34	146	220	34	174	236	28	28	216	229	140	134	247	144	67	166	132	30	84	
127	187	246	112	187	87	154	250	187	252	180	173	94	253	215	55	151	247	245	55	189	107	186	204	219	95	109	255	199	229	7	119	
220	182	118	65	131	91	53	175	229	246	142	166	75	44	194	167	51	84	232	48	245	249	61	142	186	211	69	87	103	164	141	84	
218	77	247	254	131	224	53	231	188	134	74	179	109	247	161	75	35	115	233	130	112	201	46	239	241	231	126	139	165	112	165	107	
137	194	82	83	49	152	112	183	127	61	102	176	175	3	134	212	131	10	204	12	102	188	33	247	134	255	16	67	66	132	203	13	
178	68	90	76	66	114	30	78	49	130	229	178	27	27	167	57	126	157	135	162	104	167	4	74	114	239	66	15	117	241	238	130	
240	251	90	174	75	192	18	104	162	8	225	105	36	219	38	82	224	185	204	194	78	7	138	123	242	161	34	171	57	2	42	11	
107	244	240	102	237	52	94	157	59	75	61	189	95	255	222	54	151	223	245	135	206	66	234	227	251	253	189	174	166	214	230	127	
155	147	252	125	185	215	153	185	215	220	150	181	253	125	190	167	150	113	253	109	191	205	127	191	203	219	125	223	222	164	61	119	
44	78	106	45	68	103	235	120	84	102	117	139	115	77	51	9	120	136	3	239	200	182	109	29	87	11	225	37	117	235	118	226	
87	22	174	161	18	166	184	66	172	87	203	199	204	108	63	74	183	5	125	181	156	129	29	76	152	38	203	199	173	103	41	86	
8	183	218	225	242	171	127	255	50	45	126	247	213	55	138	16	55	31	23	56	178	152	9	31	238	207	63	197	165	192	143	171	
129	220	55	88	125	215	167	246	220	94	116	4	48	145	181	53	201	32	2	104	225	47	50	127	103	26	23	10	91	48	99	235	
37	32	232	1	197	63	226	67	80	99	229	30	3	40	86	188	89	140	130	63	157	182	212	2	6	79	16	100	207	237	250	132	
11	133	68	159	180	150	172	191	30	81	90	214	249	40	188	228	123	14	50	157	247	248	87	247	44	62	190	192	29	140	249	156	
21	172	232	41	211	175	235	202	118	5	120	131	25	10	22	0	59	139	2	189	158	184	5	95	125	15	163	69	229	69	107	196	
15	218	236	247	181	31	255	185	31	255	23	167	249	125	223	175	151	117	189	191	167	208	47	188	79	223	253	199	167	238	85	117	
127	190	246	124	59	118	88	254	251	222	188	173	124	254	215	127	151	245	245	181	173	75	186	200	219	127	125	191	134	244	38	95	
153	21	151	55	135	78	181	103	252	210	42	23	254	60	1	139	167	119	200	37	241	233	51	237	225	82	94	18	75	124	129	219	
183	125	37	65	188	23	150	248	84	232	144	238	82	92	157	165	220	212	215	247	253	247	125	190	56	74	173	246	223	63	242	245	
30	148	59	168	211	230	26	107	52	67	73	19	93	127	40	112	247	155	17	181	62	154	24	119	217	199	26	71	177	67	163	210	
31	5	110	221	214	178	239	115	116	194	223	198	81	239	187	104	126	174	55	173	153	177	37	206	118	47	234	128	183	234	241	224	
190	77	242	239	246	10	238	252	125	130	255	2	107	105	61	80	126	199	23	234	232	183	77	238	182	255	199	132	103	251	224	8	
121	247	88	33	178	27	94	189	37	236	250	237	95	3	138	208	54	215	204	102	220	152	77	47	250	237	37	213	110	146	202	25	
248	36	42	232	8	98	157	75	180	6	201	147	145	143	34	65	216	177	205	161	44	7	198	14	241	229	138	25	53	193	167	2	
234	52	178	214	237	116	156	87	219	255	189	61	46	188	87	63	143	247	253	1	188	103	242	226	147	127	92	187	199	125	151	95	
91	178	246	124	43	215	89	59	159	253	31	173	127	221	150	36	150	53	253	37	133	193	35	221	75	219	105	159	70	164	5	119	
90	239	67	158	82	192	47	231	55	13	222	227	45	231	162	84	118	187	175	128	66	154	167	247	244	36	190	137	39	150	167	105	
2	253	178	154	221	197	188	239	158	95	88	23	172	254	102	0	221	59	147	129	226	122	26	247	45	22	158	235	149	92	181	219	
9	133	197	159	180	26	230	191	87	107	90	118	241	56	188	229	89	206	62	173	253	184	109	191	46	110	246	196	127	140	216	28	
13	112	233	71	230	50	239	80	112	226	87	166	217	109	159	42	62	221	87	239	129	240	173	232	70	111	235	132	231	243	115	241	
56	201	98	238	84	147	70	248	213	0	246	2	107	201	188	96	120	236	23	234	200	179	44	191	242	239	131	136	119	186	112	12	
75	212	124	125	184	54	93	191	61	91	87	180	217	63	158	107	215	215	189	174	235	76	111	221	230	251	254	132	54	244	208	121	
2	156	144	155	245	143	184	231	30	41	90	51	172	254	40	64	255	59	179	17	114	152	67	247	45	22	158	226	144	8	129	155	
165	95	117	79	236	67	199	252	68	238	252	106	115	113	181	37	90	196	22	106	233	182	109	45	36	42	229	148	119	251	84	237	
91	72	231	220	71	148	110	118	229	202	242	70	40	179	181	246	106	224	62	206	201	143	54	235	50	62	210	136	47	244	113	44	
136	222	92	191	62	137	150	254	92	14	112	231	191	25	161	65	206	123	135	67	231	172	70	191	230	195	50	154	60	153	29	153	
195	154	157	142	56	4	27	184	39	92	157	228	246	87	138	86	198	209	238	192	139	15	235	115	148	48	34	158	24	131	36	125	
122	176	224	80	93	221	209	111	251	255	180	29	42	236	118	180	169	179	237	21	174	111	190	215	27	95	17	127	247	12	94	94	
127	180	230	80	253	253	208	223	187	223	180	61	42	252	94	62	141	211	253	17	190	111	250	226	91	95	221	255	195	76	246	87	
106	182	198	214	121	188	88	55	171	61	143	252	170	242	206	246	135	182	253	16	190	75	226	231	158	119	144	251	138	196	154	15	
122	174	244	84	123	240	88	47	251	247	165	185	42	46	198	222	163	231	237	144	62	79	239	194	26	127	85	123	134	132	78	95	
15	61	244	115	180	191	223	159	95	249	53	191	219	61	151	45	31	91	213	127	186	240	109	156	110	219	101	228	231	253	214	113	
177	55	17	33	61	175	130	89	201	236	185	109	134	200	215	132	152	33	76	33	239	33	200	159	176	212	43	190	72	46	83	215	
254	148	246	92	203	124	20	203	251	255	182	191	74	188	103	94	229	215	253	17	188	111	187	194	27	119	85	191	243	100	238	87	
91	72	231	252	100	228	239	54	133	202	222	194	57	239	177	102	110	241	63	207	201	143	54	233	211	62	250	136	55	245	49	120	
190	29	246	254	191	118	222	222	153	202	188	39	108	126	191	47	207	243	253	243	172	235	43	234	235	251	238	147	199	247	38	95	
127	77	199	174	140	54	206	236	64	202	218	199	121	104	183	231	248	231	61	239	205	131	93	170	176	110	239	152	45	127	248	28	
123	51	246	228	63	86	216	120	251	232	180	173	108	255	215	54	150	247	245	245	156	107	162	204	219	91	123	255	199	165	39	95	
191	244	116	120	185	87	92	251	159	94	148	53	110	254	191	125	215	91	157	55	239	69	120	223	227	219	237	191	150	244	166	119	
205	196	18	248	121	244	42	218	189	11	118	16	92	211	168	212	51	1	214	184	51	5	2	255	54	255	42	204	154	133	43	129	
143	61	240	115	189	53	222	158	255	218	60	165	253	255	223	47	151	91	245	255	166	96	235	251	111	221	47	170	199	247	103	255	
105	104	222	27	117	218	99	0	120	69	231	20	170	3	130	220	72	38	202	28	46	204	112	237	70	255	146	65	130	5	234	74	
107	178	160	85	121	95	127	187	155	127	22	45	72	253	222	246	151	116	253	44	229	89	184	155	111	127	229	191	14	164	30	255	
88	26	240	55	19	249	49	38	117	103	231	190	235	32	130	252	34	134	236	0	60	188	101	183	150	247	16	67	118	140	141	76	
90	150	118	112	171	223	49	187	253	206	22	175	110	252	158	39	183	181	253	33	245	233	51	142	91	95	117	207	110	164	61	95	
218	71	102	222	42	66	13	63	181	6	199	162	233	103	186	101	102	146	237	170	232	3	103	221	241	50	250	137	54	244	165	104	
159	63	118	254	191	246	158	249	185	218	188	183	108	126	191	47	191	243	245	179	188	227	42	238	251	251	111	203	199	230	167	87	
218	169	98	17	129	216	120	5	45	85	103	149	139	134	70	221	34	170	172	156	94	156	183	228	143	241	16	67	162	133	206	86	
115	22	27	44	48	47	17	90	41	204	249	237	246	38	163	48	158	181	196	37	141	163	96	78	144	180	42	186	88	230	39	125	
223	180	114	112	131	223	19	51	247	238	159	191	74	252	86	116	183	181	253	177	252	105	189	222	219	95	69	215	167	36	60	87	
169	19	77	77	105	95	113	25	2	125	117	44	24	151	130	247	84	12	166	44	135	214	243	29	71	33	97	181	90	142	78	243	
43	245	248	119	244	23	255	157	59	91	117	188	217	127	222	63	31	91	215	238	227	240	237	241	110	219	181	164	231	214	210	249	
242	54	1	172	45	45	193	122	145	206	152	109	162	200	147	141	216	161	77	37	237	39	194	159	144	16	160	186	88	45	118	95	
233	243	59	8	122	95	181	93	238	237	252	236	24	148	230	180	172	28	222	12	193	43	180	16	115	73	32	254	91	156	167	245	
172	30	88	111	114	59	82	250	80	206	124	239	115	105	167	17	94	121	134	98	173	182	76	63	98	207	33	144	125	235	74	145	
123	50	180	108	41	86	89	91	3	236	84	45	26	157	214	252	214	189	181	21	221	218	243	152	83	251	113	155	14	132	190	119	
9	114	57	8	42	247	145	92	68	110	244	237	158	148	131	232	222	25	222	124	197	39	243	22	211	45	50	250	90	149	47	249	
191	253	242	243	182	63	254	215	123	251	61	187	15	255	223	60	191	223	213	223	246	244	172	226	234	221	173	182	231	246	195	215	
249	178	254	84	115	223	49	120	250	253	118	173	120	213	198	183	54	60	228	36	133	114	180	29	95	235	97	231	107	164	79	255	
75	149	38	94	45	188	112	51	237	73	143	116	238	114	158	230	164	34	252	8	149	137	35	253	130	127	210	211	10	134	185	53	
223	125	242	246	228	52	254	247	185	202	63	185	77	255	247	60	183	255	181	207	212	255	172	226	123	223	223	234	199	247	227	215	
32	72	101	77	108	227	225	246	6	236	252	162	48	61	181	36	73	120	119	75	9	186	99	61	69	14	240	128	85	123	118	251	
29	105	233	65	194	86	237	214	98	177	84	130	25	167	209	42	35	76	49	221	146	216	181	96	77	13	255	164	167	247	119	232	
27	207	204	191	148	22	108	191	84	67	218	199	225	42	178	192	125	238	62	141	221	152	85	191	238	111	254	128	61	222	248	28	
11	176	244	253	62	150	217	56	171	217	52	167	253	127	158	51	151	113	245	245	150	76	111	221	206	219	233	198	39	166	71	247	
10	240	234	51	1	216	117	23	103	85	78	149	139	143	94	212	96	168	160	220	206	152	246	161	199	241	150	67	34	148	220	94	
144	247	127	71	118	90	103	252	120	236	118	230	127	3	143	113	50	76	6	106	228	244	173	110	102	169	37	133	103	178	71	237	
47	240	246	244	117	151	216	59	219	249	60	173	125	255	254	52	150	61	181	189	132	240	162	220	75	223	237	230	199	164	71	247	
107	180	86	90	121	253	80	99	171	25	189	56	42	188	174	188	141	178	238	16	62	43	226	247	27	127	16	251	219	140	202	31	
139	177	246	253	61	151	216	184	223	249	52	181	221	255	190	45	150	117	245	253	166	225	46	223	203	219	233	246	247	164	85	247	
77	59	251	86	226	92	63	144	115	206	118	236	125	255	215	252	54	126	181	78	209	218	174	160	74	255	117	168	206	247	39	249	
113	54	83	64	82	236	162	81	232	136	187	108	6	210	228	48	180	45	78	32	69	35	160	78	48	156	35	186	73	34	107	151	
27	88	44	57	9	221	81	18	101	110	214	39	187	28	130	236	76	48	255	71	207	156	119	180	199	227	176	211	58	13	92	119	
179	30	83	172	114	171	91	122	57	200	120	237	111	101	163	148	30	169	5	36	173	146	96	30	176	212	33	186	126	239	2	221	
230	52	178	214	239	124	156	215	155	251	189	57	236	252	79	43	143	119	255	17	182	103	234	226	31	94	94	186	134	125	135	215	
9	1	130	171	13	120	105	29	231	85	79	148	143	167	123	206	96	138	170	156	15	16	190	129	134	241	146	13	190	214	189	84	
74	150	150	148	61	188	112	51	171	81	143	92	238	253	10	198	165	54	249	5	179	105	147	231	155	119	80	90	138	204	153	28	
9	194	50	219	165	216	116	5	127	85	71	16	175	192	254	205	227	10	174	24	86	252	47	241	142	251	86	75	150	134	237	70	
75	51	111	77	40	254	185	24	238	236	30	229	189	157	211	230	134	53	253	77	133	137	231	217	70	121	43	180	14	166	15	253	
169	72	198	59	101	186	233	0	236	17	119	177	237	9	158	207	66	36	183	93	2	244	71	165	68	123	250	193	206	133	219	128	
15	97	134	129	225	180	169	128	174	17	205	197	157	194	201	220	228	9	155	222	19	144	66	96	132	137	170	192	138	5	171	176	
230	92	246	222	233	60	156	242	185	91	183	57	76	254	127	59	167	119	253	3	164	103	170	227	147	122	91	186	134	117	167	87	
24	223	90	225	246	139	127	255	52	45	126	230	119	35	170	0	55	158	7	168	242	184	37	127	238	175	52	196	252	130	171	185	
130	189	144	155	241	173	188	207	30	27	88	48	172	254	104	8	183	27	179	17	50	216	26	247	45	22	30	238	144	76	129	155	
123	212	246	252	61	86	216	62	219	217	159	173	108	254	182	118	215	245	253	165	140	75	171	221	219	255	255	158	22	164	117	127	
3	207	2	140	148	145	142	231	68	64	88	71	32	8	178	192	72	98	18	197	199	168	4	189	32	36	142	192	28	28	184	28	
24	215	90	101	246	11	127	191	52	44	126	230	115	35	138	80	54	222	7	110	248	184	37	63	110	175	37	196	109	210	194	185	
119	76	138	172	133	52	158	66	168	202	222	143	173	234	51	202	236	231	245	199	12	3	150	232	208	103	238	137	141	119	59	16	
57	73	234	78	68	146	239	244	213	192	254	130	113	237	183	32	120	236	23	238	200	179	44	172	114	239	231	128	103	191	114	232	
167	117	101	71	242	75	151	252	1	232	246	170	82	93	157	39	94	92	85	127	233	244	105	14	108	24	37	150	103	191	86	255	
43	240	244	253	52	23	216	249	95	249	52	161	237	127	159	45	159	25	213	181	166	112	109	221	202	223	125	182	215	164	67	223	
53	95	117	79	174	11	239	188	68	234	254	230	115	104	149	38	94	244	62	106	201	176	109	168	36	46	231	144	117	251	84	237	
219	114	118	69	99	119	185	92	99	253	119	189	11	159	198	191	166	29	245	196	141	214	183	149	83	249	113	239	107	132	47	247	
159	176	242	116	54	30	248	248	123	251	52	169	79	255	254	55	183	253	213	181	236	253	168	200	202	223	93	182	231	164	99	223	
123	180	242	244	127	94	184	127	187	235	22	175	44	252	246	54	183	53	245	33	164	75	162	223	91	127	57	191	6	164	87	223	
185	57	70	27	195	252	85	215	45	95	126	53	42	22	142	220	224	170	134	70	95	184	115	161	87	225	50	195	123	95	238	127	
178	141	246	229	246	10	248	119	61	162	250	18	173	43	20	64	238	175	63	129	232	186	65	206	150	254	154	128	103	200	241	137	
2	152	18	153	117	141	184	231	30	9	82	34	172	222	32	64	255	59	179	1	18	152	2	215	13	22	154	194	20	8	161	155	
250	240	116	88	107	249	208	70	219	117	180	29	42	156	94	188	138	171	239	20	158	111	246	241	19	91	16	123	215	13	206	86	
122	58	244	86	75	212	80	70	251	253	181	159	10	158	70	94	229	213	253	145	158	111	190	224	27	123	81	251	227	5	110	95	
102	184	242	212	237	44	188	195	187	219	176	57	140	254	125	11	175	119	255	17	178	103	130	194	31	126	95	254	132	124	163	211	
27	223	202	173	38	18	86	239	8	72	88	231	109	58	158	128	250	103	181	197	205	152	69	41	118	111	190	131	45	246	250	155	
70	24	182	220	237	36	188	219	187	90	176	57	236	255	125	27	135	119	255	133	176	103	130	224	19	126	95	186	134	116	35	211	
28	75	230	185	141	248	249	131	239	85	6	135	143	73	27	207	104	38	236	89	14	225	119	129	199	241	218	83	231	156	220	196	
44	62	26	91	205	220	103	208	237	79	246	68	42	8	31	211	232	170	206	16	255	185	113	99	55	5	176	65	203	80	108	223	
15	188	240	245	62	145	216	185	91	248	20	171	253	127	223	33	23	123	213	181	166	120	239	221	238	223	239	174	247	164	67	217	
56	137	98	236	84	147	78	112	213	0	254	2	107	201	181	96	120	172	23	234	200	179	36	157	114	237	163	128	119	170	112	140	
204	209	122	153	195	216	49	151	247	85	238	167	175	199	171	253	50	170	138	80	86	144	246	177	198	241	16	83	182	156	141	92	
3	143	2	140	148	129	14	231	4	4	88	199	32	42	50	192	72	34	131	197	214	136	4	253	32	36	142	193	28	12	184	12	
14	203	96	89	129	249	121	147	183	85	70	149	169	198	218	204	73	34	234	220	94	144	119	181	135	217	154	65	178	148	221	84	
95	148	246	220	61	150	216	187	251	216	246	161	76	254	190	39	159	245	253	181	190	111	163	207	27	255	207	206	199	164	97	87	
171	23	123	140	242	123	29	119	56	204	253	252	158	38	170	181	30	183	222	44	181	147	100	78	240	57	32	208	204	196	175	245	
219	49	100	229	110	155	120	25	171	232	86	175	217	223	215	98	182	189	253	221	198	116	231	208	70	249	169	164	39	164	80	117	
109	158	138	146	205	92	229	211	232	95	214	29	158	32	91	207	201	130	206	15	241	58	240	98	245	53	246	201	202	124	254	243	
233	122	42	11	237	125	181	87	68	110	95	61	158	157	146	174	76	14	238	15	213	60	247	160	87	97	48	155	74	93	220	247	
136	187	150	88	225	52	181	223	255	30	116	116	141	131	227	223	71	26	166	24	194	88	34	208	2	217	87	47	146	212	109	173	
75	86	106	104	41	125	153	222	164	110	158	165	155	157	131	104	206	16	223	4	141	7	101	144	215	125	48	151	222	223	44	123	
3	207	2	140	20	145	142	231	68	0	88	199	32	8	178	192	72	34	18	197	198	168	4	189	32	32	142	128	29	28	184	12	
75	48	116	109	43	119	88	26	15	121	94	173	159	157	150	46	134	21	253	69	142	192	227	213	195	249	104	219	86	197	5	119	
130	181	146	153	245	173	188	207	30	59	88	16	140	250	104	72	183	27	51	17	50	88	11	247	45	22	31	230	144	72	129	139	
253	31	187	130	245	118	19	210	80	77	188	126	30	52	163	244	109	210	142	95	185	43	113	226	251	5	34	214	138	253	246	113	
136	134	92	185	233	57	109	159	175	22	12	149	173	227	235	223	7	10	138	172	98	0	2	211	198	209	71	45	190	244	9	248	
157	255	14	163	131	253	111	209	37	126	94	151	29	135	91	213	96	138	223	222	95	148	53	176	247	65	170	197	42	87	156	82	
169	247	43	67	241	93	183	117	164	93	255	181	24	151	206	245	236	26	223	142	247	151	248	131	119	73	166	227	75	150	238	247	
171	113	118	105	61	151	217	93	207	233	247	181	29	157	214	39	134	61	245	29	196	203	227	208	99	249	40	210	70	132	230	255	
53	19	25	172	164	14	214	125	93	77	241	109	194	56	174	89	220	141	4	99	221	163	64	12	176	182	250	222	216	59	250	87	
89	205	202	175	180	146	110	191	70	73	94	231	241	106	186	192	114	238	63	141	223	152	197	191	238	111	190	192	60	142	248	29	
27	24	41	107	43	253	115	82	101	110	222	39	58	28	215	236	228	179	255	71	205	157	115	177	215	253	48	147	58	159	28	127	
169	87	127	75	235	127	183	85	140	111	127	182	24	148	174	246	100	28	230	46	213	181	177	146	119	105	32	247	91	31	207	247	
123	56	244	204	61	54	216	26	75	249	189	169	44	158	150	118	134	157	253	133	142	67	163	221	211	249	171	190	22	133	115	127	
95	176	242	84	119	149	88	121	59	200	215	175	110	253	214	117	182	189	181	221	188	223	162	204	219	95	109	234	7	164	39	119	
191	51	106	107	185	245	121	85	165	77	247	189	27	31	143	255	236	155	221	246	159	147	249	128	83	249	160	211	235	135	238	87	
251	49	118	228	127	150	216	88	251	232	181	169	44	158	215	63	134	189	245	149	158	111	162	204	219	121	59	250	71	132	99	95	
53	90	139	170	144	70	79	92	48	78	240	229	147	39	35	25	92	217	134	226	141	131	80	104	240	133	174	152	249	115	46	211	
91	184	244	220	61	20	218	184	219	217	148	35	108	127	159	110	214	213	253	245	174	105	235	233	155	255	223	158	215	164	112	95	
48	83	14	164	116	143	82	116	197	237	118	103	71	73	178	128	216	164	7	101	220	177	0	12	226	213	33	131	127	191	216	147	
131	119	59	0	60	255	135	117	252	236	156	237	150	212	166	165	190	32	206	111	225	33	164	94	176	17	35	190	76	156	145	117	
15	185	246	243	244	155	248	176	223	249	118	170	249	125	215	45	62	245	247	221	144	248	47	252	78	219	229	192	231	174	80	241	
51	51	19	76	50	196	151	93	121	204	248	236	14	222	135	52	158	185	4	226	157	162	224	76	176	156	34	186	89	51	227	213	
105	54	121	77	122	240	59	25	42	204	253	228	188	214	206	112	86	57	254	44	131	2	231	95	102	61	34	168	30	134	39	245	
39	147	80	74	62	3	195	152	79	12	253	98	66	112	175	100	90	72	22	106	128	34	111	241	48	188	35	190	119	187	97	37	
91	144	244	239	110	26	125	188	123	113	95	162	89	63	158	122	55	213	181	238	212	88	237	213	70	255	245	132	55	182	208	121	
63	89	99	71	54	91	231	184	76	232	90	234	211	60	149	164	62	92	151	99	201	176	109	172	36	76	37	134	103	191	84	125	
57	223	95	103	242	11	127	255	52	96	126	231	123	39	130	81	54	238	7	238	241	184	13	63	118	239	36	128	109	242	202	153	
31	33	236	229	182	26	251	24	116	224	87	130	217	109	159	42	62	93	149	255	145	240	237	200	110	235	239	132	231	247	113	241	
87	51	89	37	114	58	58	56	41	232	123	231	125	78	135	240	54	237	148	230	197	144	173	204	150	253	43	130	45	179	11	85	
42	173	83	216	211	241	50	111	59	65	120	170	40	246	228	244	123	187	134	128	23	27	166	215	62	84	26	235	55	4	175	191	
51	73	107	206	86	146	239	244	196	192	222	198	113	236	183	100	126	232	22	239	201	187	164	237	112	45	174	136	101	187	112	252	
25	94	93	191	46	169	158	242	13	66	88	231	191	109	161	64	110	243	159	71	197	168	71	189	214	239	106	136	61	251	25	217	
107	72	227	222	109	208	236	126	77	74	248	226	40	179	181	228	122	234	182	200	193	46	102	251	54	62	146	138	31	222	112	173	
25	223	91	239	242	139	126	254	52	96	126	231	125	39	162	80	55	255	151	238	225	152	13	127	110	239	36	192	63	146	168	153	
56	133	102	237	220	18	238	245	197	129	254	2	91	233	176	98	120	230	63	235	216	187	37	172	122	239	166	192	183	254	240	136	
2	157	146	153	253	133	188	239	158	27	88	18	172	254	32	64	207	59	179	145	114	88	2	247	45	22	158	234	16	76	161	155	
111	58	42	144	97	213	113	112	165	78	150	173	56	55	195	255	108	176	223	156	189	139	113	136	87	77	240	211	170	132	126	127	
115	223	195	174	246	18	206	253	68	224	218	231	115	120	177	224	126	238	22	239	205	186	141	173	180	45	175	132	61	254	248	13	
25	27	91	175	118	169	107	242	6	64	88	231	63	239	179	96	126	235	22	207	141	184	37	189	246	237	42	136	61	187	33	249	
2	188	176	153	127	229	184	103	30	27	88	19	172	190	100	0	205	59	179	129	178	126	82	247	13	22	154	234	144	12	181	219	
250	49	244	88	75	221	208	83	235	93	180	143	10	156	87	63	174	155	255	145	158	107	246	209	19	89	16	251	119	4	78	95	
114	112	180	80	111	221	152	83	171	125	180	63	46	156	86	58	172	187	255	17	150	111	178	209	27	88	24	251	199	4	247	215	
158	105	228	247	36	155	248	56	111	240	54	130	235	79	213	38	62	241	253	220	202	252	103	205	78	219	229	192	103	166	64	209	
250	49	228	112	75	244	80	19	171	125	180	63	10	159	70	95	236	191	253	145	158	67	242	209	19	121	216	251	195	4	102	87	
73	51	123	64	34	223	187	112	236	236	151	236	159	220	146	33	30	48	222	111	213	35	36	140	226	89	98	184	78	142	45	117	
47	27	233	140	112	86	25	88	37	204	245	237	152	23	131	189	94	152	222	254	141	131	101	72	214	29	226	152	158	182	46	249	
98	144	244	252	46	23	216	58	143	249	176	41	204	190	52	123	199	181	255	1	128	75	107	208	154	218	91	190	150	164	33	95	
122	49	246	244	118	146	248	56	43	208	117	171	109	223	212	50	182	253	181	221	130	242	174	205	202	251	235	234	39	167	99	209	
66	168	116	216	124	3	248	171	143	186	176	10	140	110	21	91	143	177	127	33	226	109	75	221	142	90	223	254	148	172	81	9	
186	144	118	57	79	220	177	19	237	94	118	55	43	222	134	255	233	56	231	20	150	168	118	145	71	241	50	203	227	4	111	223	
2	176	246	212	52	23	216	127	155	248	48	43	172	158	212	41	150	61	221	37	162	237	160	221	138	90	223	182	6	132	67	95	
122	146	116	25	67	221	49	19	167	93	246	183	43	222	230	254	103	186	134	144	142	26	118	209	87	113	16	227	243	132	44	223	
90	176	242	244	118	144	248	127	187	201	116	187	45	255	244	34	182	189	181	165	144	107	166	205	154	255	219	238	7	164	243	213	
31	178	40	81	1	213	121	83	167	93	214	149	170	222	123	252	237	154	191	148	159	26	115	145	223	81	186	195	178	132	44	95	
75	49	116	252	124	182	216	31	223	217	149	177	141	159	150	124	198	181	253	149	158	111	227	213	74	251	251	222	23	132	224	87	
93	146	122	64	34	93	177	240	108	108	183	239	26	180	239	105	126	148	222	38	213	35	37	128	90	77	34	255	219	174	109	247	
18	240	244	196	60	23	216	125	223	249	179	171	204	30	148	41	190	21	223	37	128	225	41	221	154	222	219	150	87	134	67	95	
25	219	75	173	246	154	110	245	103	105	90	231	113	248	178	224	118	174	54	205	215	184	5	253	62	45	174	192	61	158	248	13	
98	132	244	212	124	43	248	42	155	185	48	10	236	47	117	64	191	21	55	49	162	109	9	223	30	94	219	246	151	172	81	9	
162	240	246	212	36	22	216	120	59	216	245	177	12	223	212	57	158	189	181	181	128	231	162	205	10	250	219	206	71	164	99	213	
2	140	150	153	252	165	184	239	30	27	88	18	172	190	32	64	199	59	179	129	50	88	3	247	13	22	154	234	148	72	161	137	
75	94	248	104	250	127	127	150	45	111	222	189	157	61	151	124	198	23	223	31	161	3	101	170	119	253	52	159	246	223	4	123	
15	178	242	17	135	221	49	19	231	95	86	55	171	221	199	238	99	26	239	17	150	188	246	128	207	81	52	239	230	204	92	223	
35	222	66	204	103	144	190	103	89	75	124	231	40	154	182	244	250	171	178	133	199	154	134	199	54	60	154	139	31	30	248	141	
2	152	18	153	118	135	184	71	30	9	80	34	172	158	32	64	254	57	147	17	2	152	2	213	13	22	154	194	20	8	33	155	
123	129	228	237	118	26	122	152	107	113	127	130	89	47	220	114	54	221	53	236	142	176	237	209	102	253	163	132	39	166	82	209	
25	148	56	105	47	92	177	208	197	79	118	39	159	188	235	231	237	24	222	37	167	52	245	131	199	253	34	183	251	44	29	255	
75	49	105	77	58	24	155	28	104	108	189	228	189	7	159	112	22	29	223	238	147	0	229	93	102	125	43	184	94	151	3	241	
53	83	95	172	116	11	83	112	109	200	114	237	87	92	186	16	190	161	6	103	205	178	37	12	144	148	32	194	108	170	32	209	
138	142	70	216	227	240	184	103	157	27	126	178	44	174	166	239	239	51	131	128	53	216	34	255	15	118	218	195	146	196	173	189	
235	112	244	237	62	50	90	24	75	248	95	171	255	159	159	114	214	221	189	253	142	80	235	157	198	249	169	158	54	183	80	83	
155	186	144	89	35	181	24	87	31	191	116	52	168	138	230	221	199	43	134	24	214	250	98	208	10	217	82	171	146	196	233	223	
218	146	38	184	13	220	81	23	239	92	158	21	174	141	118	207	233	160	253	17	142	105	183	193	147	113	208	31	162	140	92	94	
57	223	79	111	114	10	111	252	33	224	126	231	123	111	177	240	62	239	22	238	205	186	45	45	118	239	101	128	111	179	98	249	
17	223	122	79	118	10	239	188	108	64	126	230	113	33	180	100	54	246	62	238	193	185	45	125	116	174	38	128	125	178	97	185	
10	176	166	153	45	217	113	79	239	87	4	21	170	158	246	236	225	8	191	28	23	77	54	209	143	89	146	47	150	12	125	222	
55	83	121	45	114	22	139	24	105	72	112	228	215	78	143	116	94	153	20	108	205	178	101	92	132	252	42	134	124	162	3	245	
15	112	252	225	54	58	249	25	101	224	95	162	217	15	215	34	62	221	255	253	192	240	165	200	206	253	171	132	39	167	113	241	
56	9	98	236	84	147	234	113	197	0	246	2	99	201	180	100	120	168	23	232	200	187	36	157	114	237	162	136	119	170	112	140	
191	179	100	113	233	221	125	245	165	94	244	189	26	95	206	63	238	147	223	247	223	38	114	210	95	217	100	207	107	148	238	215	
191	246	58	99	169	93	191	245	229	95	183	181	155	93	190	231	239	19	223	47	255	39	120	167	243	217	102	215	79	222	174	247	
10	143	99	152	243	176	171	231	63	5	90	167	44	174	244	196	231	59	163	149	146	26	164	247	62	52	154	235	150	4	165	239	
187	244	118	107	173	151	220	85	237	105	247	181	159	159	158	39	134	29	253	63	254	165	227	194	227	249	40	210	71	150	231	247	
239	49	118	234	237	151	216	81	107	248	245	185	140	158	150	57	142	189	245	151	214	239	227	212	147	249	90	250	71	135	227	87	
3	207	0	140	148	145	142	231	4	64	88	199	32	40	178	192	72	34	18	197	198	136	4	189	32	32	142	128	28	28	184	12	
92	205	102	238	156	146	238	253	229	128	254	2	121	235	176	96	120	230	127	234	216	171	45	237	126	237	166	196	55	154	240	8	
28	83	121	37	118	10	251	24	44	232	127	231	95	77	153	128	54	189	151	111	193	176	5	76	118	237	33	132	111	175	67	241	
2	180	148	153	245	173	184	207	30	59	88	48	140	186	96	72	183	27	51	17	50	88	3	215	13	22	31	238	144	72	161	139	
47	81	234	76	112	31	89	80	9	236	245	172	153	31	183	52	94	148	159	108	197	131	100	136	86	121	160	148	22	166	6	245	
43	219	99	204	86	144	171	214	79	64	88	230	40	166	181	228	126	234	150	204	195	186	36	253	54	44	170	138	63	158	113	189	
90	33	112	101	44	25	218	56	109	192	118	130	235	15	212	34	62	157	125	238	202	32	231	221	198	217	161	136	103	134	80	85	
118	192	228	231	36	11	74	56	15	176	187	10	107	75	84	18	126	229	55	208	200	244	203	217	158	216	199	240	103	170	80	0	
126	49	116	237	126	146	90	24	139	224	116	171	77	159	149	118	70	189	245	255	130	48	231	216	198	249	169	174	55	150	82	209	
66	56	246	216	108	132	248	75	139	153	176	56	140	158	84	26	206	149	255	145	130	111	130	192	30	56	91	254	132	132	35	137	
178	33	116	237	108	2	216	24	107	128	249	130	237	79	85	16	254	157	117	243	154	230	195	205	130	248	139	214	39	135	115	129	
66	24	244	236	108	0	216	74	139	185	176	184	140	158	116	90	206	181	255	17	130	107	194	192	150	120	91	186	212	132	35	9	
30	48	118	224	46	19	216	89	207	104	247	187	79	223	188	34	174	149	253	165	200	161	39	208	146	217	137	150	103	132	193	85	
66	8	244	148	108	11	184	47	143	179	16	26	172	170	116	75	167	181	127	1	128	105	2	208	28	26	91	186	148	40	1	9	
26	152	102	121	11	252	176	19	175	93	180	183	170	156	102	95	238	177	253	17	142	169	50	209	131	121	90	211	87	4	37	95	
19	176	54	217	43	149	152	83	173	89	150	187	44	29	150	43	166	179	255	17	134	239	35	193	147	122	90	210	71	4	39	95	
242	64	244	252	108	10	248	12	27	176	240	10	239	202	116	91	254	237	55	225	138	102	202	221	158	250	219	188	53	168	83	137	
18	160	246	252	124	130	248	31	187	145	176	146	141	143	84	11	174	189	125	129	154	235	134	213	130	248	219	254	7	132	227	137	
107	184	112	217	109	149	216	19	15	121	244	185	12	159	214	124	198	61	245	149	158	158	227	208	23	121	154	250	150	132	98	95	
2	56	118	192	44	183	216	83	127	123	246	177	12	159	212	41	142	157	247	133	144	231	163	208	18	216	218	130	71	132	99	85	
98	0	246	244	118	171	248	75	159	177	179	26	238	202	116	10	255	165	63	177	130	101	10	221	30	154	219	180	181	169	81	9	
27	178	244	89	47	220	48	19	239	93	118	183	170	156	214	111	167	153	255	17	158	108	246	192	207	89	48	239	247	12	4	95	
58	1	230	229	22	10	232	88	109	160	243	2	75	11	53	82	122	205	55	224	200	176	133	200	146	249	203	132	103	170	112	128	
51	219	67	140	246	146	238	245	65	224	88	230	113	232	177	224	126	238	22	239	197	186	44	173	52	44	173	132	61	190	248	157	
25	97	114	229	38	26	122	24	101	224	215	130	217	15	149	32	62	149	127	255	200	176	165	204	198	253	163	132	39	167	113	113	
107	18	230	97	105	85	121	112	165	92	182	173	57	31	214	127	206	16	223	140	141	3	97	128	87	217	242	139	6	132	118	255	
10	26	102	88	73	253	120	83	175	93	52	181	168	158	118	95	228	185	151	145	151	9	54	209	79	89	210	235	210	4	77	223	
19	203	67	136	118	146	238	245	101	65	90	230	57	200	180	228	126	170	22	237	215	184	4	253	62	44	166	192	63	142	248	157	
89	146	122	96	34	95	185	112	101	124	151	175	159	29	186	96	126	157	223	37	141	163	37	136	210	249	98	183	119	172	37	113	
73	113	120	105	46	27	217	56	100	72	213	172	219	29	146	32	22	145	223	237	193	34	101	140	198	217	106	152	102	135	67	113	
121	19	123	96	34	87	153	80	96	204	246	236	223	30	179	112	94	157	150	253	205	178	101	140	218	201	42	196	79	174	45	113	
114	58	50	208	105	244	216	23	171	93	180	61	40	158	70	123	236	185	253	145	142	79	242	192	23	120	218	251	195	4	118	95	
2	184	144	153	127	165	184	71	30	57	80	18	172	158	96	72	207	59	179	17	50	124	83	247	13	22	26	226	144	12	129	155	
98	48	52	208	111	245	184	83	171	121	176	59	12	156	86	59	174	185	255	145	150	111	242	209	23	88	26	251	199	4	103	223	
166	120	112	200	236	149	220	113	105	106	244	187	12	158	212	57	142	185	255	159	208	39	227	242	146	88	138	250	71	149	227	215	
57	0	106	236	84	146	232	112	197	64	246	2	57	137	180	96	120	168	23	232	200	179	36	157	82	237	162	136	119	170	112	192	
170	190	176	216	75	245	152	71	219	223	180	31	44	158	102	15	207	187	131	145	182	79	242	194	31	82	90	251	131	76	45	223	
3	207	2	140	20	145	142	231	4	64	88	199	32	40	178	192	72	34	18	197	214	136	4	189	32	32	142	128	28	28	184	12	
61	83	97	173	118	11	107	56	5	64	115	231	95	77	155	52	62	129	22	239	197	176	101	140	244	236	32	132	127	175	64	241	
2	144	18	153	118	133	184	67	14	9	80	34	172	158	32	64	238	57	179	145	2	152	2	213	4	20	154	194	20	8	33	137	
19	219	67	136	118	147	238	245	77	64	90	230	57	202	180	228	126	171	22	237	215	154	4	253	62	12	174	192	63	142	185	157	
92	205	98	238	156	146	206	252	101	128	222	2	123	235	176	97	120	230	31	234	200	171	45	253	250	237	167	216	55	155	240	8	
63	184	112	241	109	221	248	243	173	90	180	45	14	94	214	63	239	177	223	149	222	43	98	192	223	217	174	223	71	164	102	215	
194	184	182	152	109	240	184	71	239	93	150	59	44	140	118	95	163	163	235	21	22	111	162	209	31	112	90	251	150	4	109	95	
91	113	104	229	54	18	251	48	104	224	87	166	157	15	147	96	54	157	151	239	193	144	165	204	214	109	170	132	39	162	35	241	
91	113	104	69	50	27	251	56	104	96	117	174	217	15	159	112	54	157	21	238	129	144	109	220	198	233	171	180	55	167	67	241	
47	18	112	241	113	220	185	48	169	204	180	173	191	93	215	127	206	49	223	53	133	74	96	204	79	219	99	243	134	172	71	255	
29	83	75	69	118	10	238	120	36	224	127	231	89	79	185	160	62	204	23	238	201	176	5	76	114	45	161	132	111	179	107	241	
34	48	50	248	109	221	184	71	171	89	176	63	172	157	118	11	236	177	223	145	146	47	242	209	23	88	218	251	215	12	7	223	
35	219	99	204	86	147	174	247	77	65	88	230	40	136	180	228	126	43	146	197	199	186	36	253	50	44	138	138	31	158	249	157	
226	48	178	176	109	221	184	71	171	89	176	61	172	158	102	27	204	185	255	145	130	79	178	209	23	24	218	251	131	12	23	223	
2	0	82	136	118	129	184	64	12	0	80	2	172	138	48	64	238	41	19	161	2	51	0	221	20	16	138	168	21	8	49	137	
98	48	244	216	108	133	184	67	139	57	176	56	172	158	84	27	206	61	255	17	130	79	194	192	150	56	26	250	4	12	3	155	
50	0	98	217	84	130	232	64	205	1	242	2	40	138	52	64	106	169	23	129	136	187	0	197	22	40	154	192	53	136	112	136	
130	128	182	152	75	245	184	71	191	87	64	19	172	158	102	75	237	59	163	149	54	124	178	209	31	18	218	75	209	4	173	223	
194	24	54	216	105	220	184	19	175	89	178	53	172	156	118	11	174	177	255	145	150	79	242	209	23	120	90	219	215	4	39	95	
34	176	116	217	43	157	152	19	175	89	148	177	172	158	86	123	206	25	255	149	150	13	98	209	143	120	154	250	22	4	23	223	
57	201	107	110	86	2	111	240	97	192	254	130	123	239	179	112	126	236	22	238	201	179	44	45	242	237	165	128	103	179	114	248	
66	0	246	208	100	139	248	75	31	177	178	10	140	138	116	72	238	133	63	145	146	111	131	208	22	58	155	236	149	136	81	129	
27	48	240	225	45	157	184	83	239	89	150	35	14	156	214	42	174	145	255	145	142	57	227	192	147	89	90	210	199	132	33	95	
17	219	99	202	86	147	238	245	68	64	90	230	57	200	180	228	126	168	22	239	199	186	36	253	48	44	166	192	61	154	240	189	
55	83	99	239	118	146	235	112	65	192	83	230	81	76	177	228	126	236	22	239	193	178	36	204	52	40	171	192	45	191	114	245	
42	50	240	209	43	220	248	19	175	89	244	181	136	159	214	127	238	25	255	149	142	88	242	192	7	89	218	235	87	132	118	223	
114	0	116	236	108	10	248	72	139	48	240	10	207	202	124	91	254	141	55	161	136	115	130	208	150	248	219	188	53	136	83	129	
130	184	16	153	117	173	184	71	158	25	80	50	172	158	32	72	205	59	147	17	50	252	82	247	13	22	26	226	144	12	129	155	
90	48	116	233	44	19	216	24	77	120	246	171	143	31	148	43	142	149	223	165	136	178	101	208	130	249	138	222	103	132	97	85	
54	32	116	237	46	138	216	72	171	160	176	2	207	10	21	2	254	165	127	177	136	225	195	220	150	248	139	212	101	170	115	129	
120	201	106	238	20	147	78	244	69	128	254	2	123	203	176	80	120	236	31	234	200	171	44	253	242	237	167	144	55	186	112	8	
59	81	106	100	50	27	217	80	96	232	247	172	155	31	183	48	94	157	151	236	205	146	101	140	194	233	170	148	103	166	67	241	
2	191	98	152	247	177	180	71	159	5	92	167	44	172	102	132	239	43	131	149	150	154	6	255	62	20	158	235	151	76	189	223	
114	33	96	229	100	11	104	24	11	160	242	10	107	11	85	82	122	141	55	224	200	178	195	217	150	249	131	164	103	170	80	0	
25	65	104	109	54	27	235	120	101	96	215	138	91	13	155	116	62	156	23	239	201	176	101	220	214	237	162	132	119	163	82	113	
25	97	106	229	54	18	251	88	101	224	215	130	89	13	159	96	126	156	31	239	200	179	165	204	86	233	162	132	39	167	114	225	
3	143	2	140	20	129	142	231	4	4	88	199	32	8	50	192	72	34	131	197	214	136	4	189	32	36	138	193	28	12	184	12	
58	65	98	229	22	10	232	80	109	160	242	2	75	11	53	64	122	141	55	224	200	176	5	200	150	249	138	132	103	170	112	128	
66	160	54	152	108	137	184	67	143	57	176	26	140	142	116	10	238	25	127	145	130	111	130	209	156	24	155	238	20	8	33	137	
57	219	99	204	86	147	239	244	68	224	90	230	113	232	181	228	126	236	22	239	205	186	44	173	52	44	165	128	127	186	240	253	
3	135	0	140	148	145	140	167	4	68	88	231	32	40	182	192	76	3	147	197	212	8	4	221	40	32	142	193	29	12	184	92	
49	72	107	206	84	129	203	112	68	64	212	66	49	201	181	100	104	168	23	207	201	170	36	189	112	40	162	136	53	139	112	232	
107	16	242	240	109	156	248	114	233	216	180	43	140	158	214	59	238	177	223	149	132	111	226	192	31	217	218	250	71	140	115	223	
130	186	178	152	195	241	176	71	255	87	64	55	44	158	102	72	231	59	163	145	150	94	178	211	31	22	154	107	149	4	175	206	
35	219	66	140	86	146	174	245	5	64	92	231	41	134	182	100	126	232	23	239	197	154	4	237	62	44	174	128	63	190	249	221	
2	173	50	153	211	241	184	71	30	5	88	163	44	158	38	0	235	59	131	145	22	154	4	255	46	20	154	235	213	76	173	222	
27	49	244	229	118	27	120	16	45	105	182	171	191	31	158	116	190	153	223	189	138	178	101	205	214	217	34	144	39	140	67	241	
3	203	32	140	4	145	142	165	68	64	80	199	32	40	182	228	72	98	146	205	197	8	36	189	34	40	142	128	29	28	216	92	
2	32	18	153	108	137	184	67	175	17	112	26	140	138	112	75	238	41	127	145	2	46	194	209	4	16	26	232	20	8	33	137	
3	201	3	140	20	144	142	101	68	64	82	70	32	72	176	228	72	32	18	199	197	168	4	253	32	32	138	128	29	28	56	12	
18	0	98	232	70	128	232	64	205	1	210	2	41	138	52	64	106	169	23	129	138	177	4	197	18	232	138	192	53	136	113	128	
66	32	150	149	108	137	184	67	174	49	48	24	172	138	112	75	230	45	127	145	2	111	194	209	4	48	90	168	20	8	33	137	
2	143	98	152	215	240	184	103	30	5	88	163	44	174	54	192	239	59	131	129	22	154	6	223	58	52	154	203	149	68	189	223	
194	176	182	152	107	205	184	67	175	89	16	49	172	158	100	75	206	51	255	21	146	77	146	209	23	16	218	235	148	4	7	219	
2	0	82	136	118	129	184	64	12	0	208	2	172	138	48	64	110	169	19	161	2	179	0	221	20	16	138	168	21	8	49	136	
66	0	214	145	126	137	184	67	175	49	146	2	140	138	112	75	234	5	127	145	2	233	131	208	156	48	90	232	197	8	49	137	
34	48	112	193	108	20	248	80	173	89	180	163	140	31	212	43	238	145	255	149	130	43	227	192	22	88	154	250	71	132	115	213	
50	32	116	233	110	11	248	72	171	49	176	10	143	138	116	90	238	141	127	161	136	163	195	208	150	248	218	188	53	136	115	129	
66	48	244	208	109	140	248	82	233	89	176	57	140	159	84	11	206	145	255	145	130	111	194	192	151	88	218	186	6	4	35	219	
57	64	96	237	38	27	216	24	101	224	245	138	155	13	149	48	126	148	29	237	200	178	101	140	214	249	160	144	103	174	82	113	
114	32	68	237	92	11	72	72	9	160	176	10	11	10	21	18	122	133	127	224	8	51	193	220	150	216	131	180	101	170	114	0	
50	33	64	229	12	11	200	72	35	160	179	10	75	10	29	80	122	141	127	224	72	179	193	220	150	232	131	180	101	170	114	128	
35	201	99	204	86	147	174	244	68	64	88	198	40	200	180	228	126	171	18	237	199	186	36	253	34	44	138	136	31	158	113	188	
61	64	106	229	86	19	107	120	101	224	247	130	91	13	187	48	126	140	23	238	201	179	37	140	242	237	161	132	103	171	114	224	
2	189	50	153	211	225	176	103	30	5	72	163	172	190	38	64	235	59	147	145	22	152	18	223	45	20	26	107	149	68	165	223	
114	1	98	229	20	10	104	112	101	160	242	10	75	11	21	80	122	132	127	224	200	179	193	204	146	233	131	148	103	171	114	0	
61	64	107	229	86	2	235	112	100	192	119	198	81	79	185	96	126	172	23	238	201	178	36	140	114	233	163	132	111	163	112	240	
58	1	98	237	84	10	234	80	101	160	247	2	11	9	181	64	122	141	31	235	200	179	5	204	210	233	162	132	103	170	112	128	
57	201	107	110	84	130	79	240	229	64	246	66	115	203	179	112	120	236	23	238	201	179	44	45	114	237	161	136	119	187	114	232	
2	157	50	153	211	225	176	103	30	5	72	179	172	158	38	64	235	59	147	145	22	154	18	223	45	20	26	75	149	12	165	222	
2	152	18	153	117	173	184	7	30	9	80	16	172	158	32	72	199	59	147	17	50	156	82	215	13	22	26	194	144	8	129	155	
3	143	66	136	214	147	174	103	12	4	88	231	40	138	182	196	110	43	147	197	214	186	4	253	42	12	138	195	31	140	249	221	
57	201	106	238	84	147	75	240	197	64	246	2	115	201	177	112	120	232	23	234	200	179	44	189	242	237	161	128	55	155	112	40	
53	72	99	206	86	130	235	112	68	192	87	198	113	76	181	100	126	236	23	239	201	178	44	236	116	40	163	128	47	187	112	249	
2	180	34	152	215	241	184	67	158	85	88	179	44	188	102	8	233	59	147	145	22	152	50	215	31	22	154	235	149	76	189	222	
130	176	178	152	109	205	184	67	143	89	80	59	172	158	100	11	238	59	215	145	146	126	146	209	5	24	218	235	144	12	39	219	
49	8	107	206	84	130	203	112	68	0	215	66	49	201	181	96	120	168	23	234	201	179	36	13	80	169	162	136	117	171	112	168	
53	72	107	207	86	146	235	112	68	64	87	198	113	76	181	100	126	232	22	239	201	178	44	189	112	40	162	128	63	187	112	245	
