香奈儿可可小姐唇露	774 - 激励	https://i.chanel.cn/fnbv3/image/full/shades/rouge-coco-gloss--774--55g.0156774_S.jpg	https://i.chanel.cn/fnbv3/image/full/chanel__com_type1/skus_full/rouge-coco-gloss--774--55g.3145891567748.jpg
35	217	107	77	22	199	175	252	68	64	86	230	112	84	188	100	124	96	19	238	193	144	61	125	100	40	174	128	61	186	112	253	
76	108	250	212	79	248	235	194	232	214	116	3	157	135	115	74	107	229	235	222	0	119	190	226	87	231	219	41	134	125	39	242	
3	132	98	137	214	179	184	71	30	65	90	147	168	174	54	96	127	11	19	149	150	184	37	215	12	44	154	192	149	76	177	205	
34	185	50	200	245	197	186	231	79	73	88	43	44	156	118	32	220	59	151	145	150	58	16	245	63	28	158	235	149	14	183	223	
34	185	160	138	221	193	178	199	11	69	72	139	172	140	102	0	201	59	147	209	86	58	210	241	61	20	158	107	213	14	151	222	
27	159	67	143	86	146	239	244	53	192	90	231	121	110	182	228	126	239	23	239	197	153	45	255	52	46	170	128	47	230	49	253	
66	24	22	152	75	228	176	66	137	27	161	26	172	222	101	27	165	49	219	17	2	103	146	192	17	144	90	107	144	73	37	147	
2	191	226	155	246	177	190	199	31	69	90	183	44	238	182	64	255	59	147	149	182	154	46	255	62	30	158	195	149	76	181	221	
12	60	171	227	71	252	163	82	238	207	125	6	157	247	67	42	105	248	202	154	17	176	190	226	87	197	163	109	227	107	55	242	
59	5	98	225	116	178	219	80	109	64	255	130	27	15	182	116	110	153	159	253	138	179	101	204	242	221	162	192	103	142	112	117	
53	0	107	73	84	10	235	88	84	96	119	66	83	1	189	96	120	140	22	234	137	182	37	14	84	172	160	132	101	171	112	160	
181	73	99	76	68	18	239	112	68	192	243	66	83	64	181	229	120	236	22	234	201	179	36	140	48	40	163	132	125	187	112	164	
131	152	19	185	117	180	184	19	190	89	82	117	188	158	50	232	231	43	23	157	183	156	18	215	4	63	186	194	156	4	41	159	
51	134	206	173	20	2	104	127	52	195	210	215	49	35	146	80	125	172	63	173	173	218	197	207	220	46	250	128	173	164	120	216	
95	219	46	190	47	157	190	232	207	92	214	167	236	200	63	67	254	225	255	231	196	35	142	253	242	115	207	155	95	63	57	87	
127	83	46	172	47	23	222	104	205	204	222	175	238	200	55	66	254	229	255	231	204	35	143	220	242	115	203	155	31	63	57	87	
123	1	98	232	116	18	218	112	13	64	254	138	27	15	182	116	110	148	95	253	220	187	101	204	210	249	170	208	55	142	114	241	
78	219	46	190	175	149	191	236	159	158	150	167	236	232	51	67	238	99	251	199	196	109	11	253	254	115	207	155	22	63	61	207	
63	93	99	207	85	23	238	248	85	200	126	70	89	233	181	228	122	236	22	238	201	178	53	254	54	108	166	128	127	191	112	164	
2	207	98	158	223	209	190	230	159	68	92	163	40	236	55	196	234	107	147	199	102	171	46	255	54	54	142	139	23	94	125	222	
23	21	107	197	118	50	251	242	116	196	95	166	81	103	187	100	119	108	23	191	161	144	37	206	110	47	174	196	165	226	53	241	
131	136	195	185	116	154	232	23	126	65	82	214	189	8	144	232	106	44	54	29	183	188	101	213	132	62	186	192	156	140	89	157	
130	221	54	155	245	229	188	231	158	91	88	49	172	190	36	64	231	59	179	17	242	216	18	247	45	22	30	203	144	84	165	219	
187	17	106	236	118	18	219	113	101	64	255	175	27	15	182	112	126	157	151	238	201	179	37	206	242	233	162	196	103	142	114	113	
3	152	51	217	117	252	185	23	254	89	82	80	188	158	36	108	231	59	22	17	179	188	50	215	5	62	58	194	144	8	33	255	
47	111	98	78	117	147	206	248	87	200	124	198	104	232	183	164	92	232	134	238	207	178	76	255	50	92	133	171	127	191	122	132	
122	65	98	236	46	19	216	121	45	96	244	139	27	143	180	112	126	149	95	238	200	163	36	204	242	249	170	184	119	142	114	217	
187	81	106	236	38	18	95	113	69	96	247	174	27	13	182	112	126	157	151	239	205	179	37	142	242	233	162	128	103	174	112	241	
129	128	117	89	116	191	233	23	124	105	114	80	191	0	148	236	111	46	6	24	177	188	101	215	12	190	50	64	212	136	65	173	
248	87	86	172	172	130	86	117	149	142	250	231	103	235	162	209	222	182	174	98	252	171	0	142	178	243	102	155	44	42	188	27	
154	203	110	188	18	146	30	247	133	12	214	227	41	143	162	65	110	179	135	225	236	139	4	253	242	99	170	131	55	148	172	73	
61	117	99	78	84	151	71	248	71	232	249	78	115	209	181	244	88	236	22	110	201	178	124	191	54	44	165	52	127	191	114	164	
3	141	110	157	182	146	173	55	76	65	94	166	177	38	182	100	102	35	19	141	209	152	37	239	100	47	186	192	61	140	185	125	
18	141	42	184	211	225	153	103	159	5	72	179	44	174	34	64	235	187	147	129	30	139	2	215	187	117	154	203	53	4	165	222	
94	113	187	226	59	83	27	200	171	236	189	169	79	223	105	50	254	253	255	242	8	131	170	200	251	213	15	191	163	51	39	115	
60	113	123	100	119	91	87	216	97	224	255	42	91	95	105	48	122	253	213	242	73	179	56	140	243	205	37	165	111	187	102	243	
63	66	98	140	118	147	234	120	85	76	247	231	67	200	183	196	126	172	22	239	140	183	36	222	18	109	163	136	63	175	120	197	
57	159	98	14	126	147	202	120	213	200	253	238	115	232	190	228	126	236	54	239	205	179	12	157	50	111	161	152	127	174	122	149	
3	156	19	153	53	245	176	103	30	73	74	86	172	190	36	228	229	59	146	17	55	152	16	215	13	54	26	66	152	12	161	191	
185	85	106	229	54	18	255	116	65	194	254	166	123	77	147	225	126	236	21	239	233	180	37	142	118	237	165	128	103	191	112	121	
34	239	98	154	215	209	190	238	31	5	92	167	40	236	54	132	255	235	131	215	198	58	14	255	62	20	142	235	87	30	255	206	
82	125	26	180	59	192	177	71	172	5	142	163	172	159	99	64	162	51	203	145	66	9	130	235	241	117	26	139	4	20	37	203	
60	113	123	226	55	95	83	216	101	224	189	42	91	221	107	48	186	221	215	114	73	51	56	156	251	221	1	127	111	187	102	115	
74	188	151	241	169	236	116	151	187	219	162	17	190	191	64	91	165	119	249	16	51	77	146	224	207	251	86	67	130	68	165	91	
82	121	27	244	49	205	117	71	185	41	106	24	190	151	96	48	128	63	197	16	73	153	48	238	241	213	30	51	8	0	135	59	
2	162	150	153	123	129	56	75	62	21	64	177	172	134	34	72	230	57	171	145	22	216	67	213	12	50	26	227	16	4	45	203	
181	88	103	206	70	130	235	112	196	192	215	230	113	204	181	101	126	224	23	239	201	183	36	204	16	40	226	128	63	187	112	245	
2	150	2	157	51	178	56	103	60	67	74	215	172	166	34	196	247	59	147	133	54	156	1	223	4	54	154	195	156	4	41	159	
43	54	239	69	113	22	255	119	45	238	254	229	24	62	151	180	255	189	151	172	205	152	53	206	71	127	190	130	207	230	98	253	
158	204	230	243	134	34	126	240	125	18	251	146	77	111	29	91	111	199	23	211	232	244	13	234	190	219	222	128	167	247	97	9	
135	122	198	151	98	144	188	114	188	210	83	247	141	206	244	207	39	121	183	199	229	220	6	226	28	2	239	194	44	165	41	149	
3	148	181	145	53	189	184	2	191	83	2	22	140	30	116	237	229	11	155	149	183	220	50	215	141	86	154	66	158	4	57	214	
55	81	96	192	182	19	222	113	77	192	191	163	107	28	183	100	254	145	151	239	204	163	101	220	58	88	140	146	119	174	112	93	
82	69	98	236	84	2	236	117	101	0	250	2	11	139	60	64	122	141	31	161	200	179	1	204	178	237	138	128	39	168	240	128	
155	129	234	229	86	18	121	87	45	65	87	146	25	15	182	96	126	157	23	173	216	152	37	194	246	237	186	132	39	132	225	233	
2	181	178	153	241	173	184	7	62	27	90	49	172	190	100	72	199	59	179	17	178	216	18	215	13	22	30	194	144	68	161	155	
79	46	158	212	110	164	185	194	168	154	158	171	28	255	247	186	167	117	255	183	132	71	130	202	212	63	235	175	141	117	43	131	
130	205	150	157	240	169	188	39	62	27	90	16	172	162	0	65	231	59	59	128	114	220	195	247	44	54	94	194	128	80	129	137	
159	204	230	247	134	18	254	244	85	210	222	130	121	111	185	99	127	219	23	207	236	244	45	239	250	239	239	132	39	255	112	216	
223	124	237	247	42	144	191	184	190	214	30	166	249	239	219	35	39	115	253	207	227	68	175	251	102	107	239	168	47	247	5	121	
202	248	212	252	48	138	92	190	187	154	48	40	239	255	65	89	151	123	181	0	98	76	10	255	138	223	95	190	150	240	3	9	
188	88	107	238	70	194	235	80	180	196	247	167	113	207	179	105	126	252	151	235	201	183	52	236	82	233	170	136	117	179	116	240	
2	140	2	156	20	162	42	99	52	1	91	18	104	226	32	64	120	42	34	128	48	152	0	223	32	38	138	128	20	74	176	136	
14	216	185	250	219	245	155	223	159	83	205	50	156	223	105	104	223	59	147	144	51	7	122	243	203	223	159	111	154	81	165	243	
38	189	180	142	255	101	190	235	139	219	25	59	76	252	124	3	255	91	151	163	240	107	154	239	61	30	207	239	213	110	183	211	
50	65	114	236	100	9	254	244	105	0	176	10	43	9	53	16	254	193	95	227	200	35	68	204	178	216	134	184	119	190	114	137	
246	76	66	170	132	34	238	196	61	3	251	18	11	10	53	73	106	199	31	227	120	183	9	230	176	232	142	128	165	91	240	0	
155	145	224	225	246	18	249	23	45	113	87	179	29	15	158	96	102	159	151	141	150	152	37	195	214	77	186	196	39	132	177	245	
88	133	110	228	148	82	109	103	116	12	223	34	113	187	176	113	120	182	63	168	120	155	33	204	243	235	230	129	39	98	252	43	
139	202	208	219	53	159	106	222	95	9	86	86	170	194	174	228	119	74	142	92	231	156	109	247	174	221	150	195	26	156	200	13	
187	142	98	207	117	55	251	254	125	74	214	247	107	46	182	245	127	207	159	175	253	191	109	255	190	127	186	194	47	205	120	253	
34	49	112	192	252	153	250	65	201	72	184	42	172	156	117	34	238	153	215	113	194	35	226	192	62	24	138	186	85	142	83	141	
174	106	171	186	205	241	157	204	159	231	149	155	136	205	119	8	217	251	147	23	10	103	234	178	75	87	159	191	215	125	212	242	
61	52	211	225	246	39	187	216	94	171	125	118	92	219	237	40	255	25	22	50	147	182	56	210	92	205	47	238	253	123	99	179	
191	26	100	255	119	158	251	112	125	76	119	247	105	47	151	237	126	251	151	207	173	248	109	255	30	255	250	194	191	133	124	253	
174	249	169	178	205	217	189	231	155	246	20	155	172	205	87	11	137	123	243	67	66	110	250	241	95	81	221	187	71	124	215	250	
136	248	17	249	53	205	175	222	30	8	84	66	188	215	97	164	127	123	147	91	99	188	90	243	229	213	30	168	94	28	17	185	
38	105	112	137	236	137	168	64	206	48	112	10	140	138	117	0	234	9	83	211	210	58	194	240	20	24	138	232	85	11	83	129	
171	238	232	17	100	61	249	214	91	239	116	255	170	168	215	140	159	73	150	29	166	254	198	226	70	95	21	170	207	220	91	205	
128	133	150	149	180	170	44	39	62	51	90	18	172	34	0	65	99	15	42	16	114	220	65	215	44	54	222	64	132	72	161	136	
154	251	16	184	121	213	146	231	159	29	148	43	172	158	34	133	204	59	139	65	102	11	2	245	177	209	26	251	18	12	141	223	
35	218	112	216	255	149	188	247	143	89	20	191	172	188	254	36	143	19	151	5	214	43	98	245	47	92	30	235	214	156	183	223	
234	88	114	158	109	244	112	66	189	78	116	27	46	223	39	220	232	185	167	2	12	47	18	227	23	116	208	11	83	13	110	223	
170	201	0	152	95	209	150	230	158	4	208	139	172	204	38	133	232	59	131	67	102	47	2	255	177	16	10	123	87	28	29	158	
43	134	98	15	118	179	171	123	85	77	255	246	96	96	190	228	94	170	6	172	190	186	109	159	6	46	178	192	55	142	120	197	
13	2	67	201	118	171	235	82	116	105	123	230	145	1	176	228	122	40	6	252	131	180	37	94	4	140	162	196	127	137	112	177	
190	205	226	246	214	18	254	252	83	226	188	130	105	109	245	39	127	235	23	235	232	123	44	239	58	207	207	164	119	190	112	140	
155	88	71	149	18	146	174	86	60	194	82	247	121	174	183	237	118	109	183	207	165	156	5	238	52	46	250	128	175	181	57	221	
39	107	225	128	237	55	190	200	203	248	25	239	88	236	255	174	255	77	183	247	149	35	174	192	30	28	239	254	221	127	89	213	
178	78	102	156	77	130	220	102	213	134	208	179	40	168	55	205	232	161	151	165	236	239	4	206	50	90	202	139	117	124	124	206	
170	149	117	73	89	223	81	127	173	93	237	25	46	23	46	213	128	146	219	40	115	11	112	221	127	249	0	83	82	132	198	250	
35	188	181	187	252	237	248	255	95	121	121	125	252	125	28	48	205	11	119	21	147	58	123	247	31	95	254	230	216	74	242	219	
207	122	239	247	34	62	123	152	127	238	215	245	221	31	219	255	55	213	253	223	165	213	173	234	214	123	251	130	174	247	47	117	
126	133	242	236	180	14	94	249	91	168	185	8	79	121	60	16	159	247	93	33	184	107	8	207	186	255	69	254	214	234	210	1	
191	82	251	229	103	95	255	248	95	238	247	231	91	252	255	40	255	221	183	103	205	247	57	202	214	223	239	151	111	255	125	215	
35	171	96	9	215	147	170	73	79	65	120	207	8	8	182	164	248	8	130	213	151	186	68	221	46	28	128	235	223	14	250	140	
188	64	74	229	68	10	107	80	33	160	246	10	19	11	161	80	122	236	6	234	8	182	1	136	246	201	160	132	39	187	96	128	
14	131	194	138	199	176	186	200	14	5	89	227	204	206	126	204	126	155	147	215	22	18	14	240	28	20	142	239	151	95	185	134	
13	149	115	75	180	175	99	121	111	97	123	68	223	81	184	244	183	10	6	60	147	184	57	31	174	220	32	68	250	130	195	241	
95	54	245	231	35	122	123	24	59	255	95	189	221	127	222	250	183	93	253	55	149	212	239	198	206	255	123	231	174	231	15	87	
154	206	102	156	20	144	236	230	148	6	214	231	41	170	183	197	108	234	167	197	236	139	38	239	50	103	254	137	55	148	124	204	
38	181	225	227	246	43	250	153	27	33	121	223	73	233	92	8	187	155	23	153	147	176	92	210	14	92	133	230	253	203	210	150	
235	92	119	220	77	212	229	38	205	70	246	2	40	184	181	239	232	242	234	202	225	175	50	237	51	58	210	10	83	125	117	108	
94	24	231	212	139	116	189	99	169	214	158	163	88	191	119	110	103	245	249	165	192	199	183	192	83	50	207	134	167	244	37	119	
11	223	124	211	100	255	255	246	111	126	188	238	189	63	151	189	239	219	223	207	227	58	111	253	246	219	254	162	31	221	109	253	
223	22	238	255	247	122	254	255	61	230	247	183	79	127	183	233	255	247	191	167	236	247	45	238	242	255	239	131	231	252	109	95	
223	244	244	210	255	118	253	221	187	251	191	182	92	126	223	239	255	215	255	183	183	103	191	230	191	91	223	198	175	246	227	119	
6	205	129	159	252	160	174	238	158	18	216	147	244	235	120	1	223	219	27	167	114	75	74	255	172	22	143	236	149	120	177	136	
159	122	255	179	34	62	63	216	61	254	150	229	223	86	203	187	183	221	253	199	165	213	173	224	214	251	111	178	174	247	15	113	
23	13	103	199	214	34	239	112	101	194	91	194	81	45	181	228	126	228	23	238	241	176	37	206	52	44	166	128	39	251	240	164	
34	13	98	158	223	208	190	102	157	70	216	163	44	238	54	64	234	123	147	133	100	155	50	255	63	54	158	139	21	126	189	222	
130	253	150	157	241	172	188	167	190	27	90	48	172	182	32	64	167	123	187	0	114	216	130	255	45	54	94	138	16	80	161	139	
26	124	178	189	3	253	50	214	165	78	94	39	46	157	99	76	237	253	191	195	142	156	178	160	215	245	82	131	163	93	52	219	
3	148	19	185	51	244	185	87	188	73	74	84	188	190	32	224	231	59	19	145	183	152	50	215	141	54	26	202	152	4	161	255	
91	83	46	140	47	19	158	104	205	204	222	175	238	216	55	192	254	229	255	231	204	35	30	221	242	117	143	155	95	62	57	87	
35	142	206	189	20	130	104	51	52	99	82	215	177	34	146	64	109	172	63	141	189	156	69	207	140	46	186	192	45	132	120	152	
58	1	98	232	118	19	202	112	69	32	255	138	11	15	180	112	122	140	31	235	200	179	101	204	210	233	170	208	119	142	114	132	
78	219	174	190	175	157	191	236	143	30	222	167	236	237	115	66	238	99	251	199	198	97	223	253	246	115	207	187	22	63	61	95	
126	83	106	172	55	22	95	120	1	140	222	175	79	239	51	80	254	229	159	231	204	131	168	204	242	245	139	155	55	191	62	87	
43	223	99	207	117	151	238	248	85	72	126	70	104	232	180	228	120	236	150	238	197	178	60	254	54	124	135	128	127	190	120	172	
34	205	34	158	223	209	190	231	158	68	88	163	172	236	55	64	250	123	147	195	102	186	46	255	63	54	158	139	21	92	61	222	
61	5	106	224	118	50	75	112	85	64	255	130	91	13	183	240	126	156	23	238	169	178	37	142	242	237	160	196	103	175	112	241	
2	148	59	216	23	228	177	119	252	73	78	18	188	191	36	100	229	59	19	144	51	153	50	215	77	190	26	66	152	0	165	251	
129	140	179	217	52	188	232	55	124	73	82	84	189	40	176	224	195	43	54	29	183	188	101	215	140	62	58	192	156	136	81	237	
2	221	54	155	241	197	188	231	158	91	88	49	172	190	32	64	231	59	179	129	242	152	18	247	45	54	30	203	144	84	165	219	
130	141	150	157	180	170	188	39	62	19	90	16	172	34	0	65	231	47	51	0	114	216	65	215	44	54	222	194	148	64	161	137	
57	68	107	225	118	50	107	82	85	96	127	134	27	13	179	32	126	140	23	172	137	178	37	142	114	237	162	132	103	239	112	241	
186	65	98	236	86	19	206	113	101	0	247	138	11	15	180	112	126	140	95	235	200	163	37	204	242	233	162	152	119	174	114	132	
35	239	98	30	117	147	238	236	95	76	124	239	104	232	183	164	93	234	130	239	198	186	78	255	62	30	133	171	95	190	122	204	
1	140	115	81	52	173	233	55	124	11	126	80	181	35	180	100	3	42	6	24	179	188	97	95	77	190	50	64	208	136	65	169	
139	248	16	217	101	157	172	255	31	58	84	94	172	211	240	165	111	42	146	73	227	126	114	245	166	217	222	174	30	156	25	173	
155	219	103	156	50	144	191	247	164	76	86	231	41	142	178	229	102	35	191	205	229	153	36	237	114	107	190	128	47	148	181	125	
131	235	102	27	117	217	124	237	95	85	116	151	168	206	254	229	211	42	170	212	230	252	126	247	46	88	150	111	30	156	236	220	
41	253	67	78	117	159	198	252	87	200	248	78	106	200	181	180	88	234	150	110	207	178	124	255	54	28	133	46	95	191	122	164	
2	221	50	155	211	197	188	231	30	93	88	19	172	254	46	64	253	59	147	145	118	152	18	247	45	22	158	235	144	92	165	223	
185	5	107	236	86	18	79	120	85	64	255	130	91	13	186	97	126	140	23	238	233	178	37	142	114	233	160	132	103	170	112	241	
18	207	106	188	58	144	188	103	140	5	218	167	44	142	178	65	110	163	143	133	246	139	6	253	240	37	186	139	53	4	189	79	
126	113	123	234	59	211	95	200	173	232	189	168	127	223	107	48	254	249	205	242	73	3	184	232	251	213	15	59	107	51	39	115	
60	125	123	100	86	87	87	240	65	224	254	46	91	221	179	48	126	252	151	234	201	178	56	142	115	205	37	4	111	187	102	243	
3	143	198	149	246	146	174	246	29	194	90	231	233	170	183	196	127	239	183	197	228	216	4	239	46	54	191	128	47	252	57	221	
34	239	96	154	215	145	190	238	95	5	92	167	40	236	182	132	223	235	131	215	230	58	110	255	62	20	159	235	87	30	254	206	
58	5	98	225	116	51	250	82	77	96	254	130	27	15	181	116	126	137	23	185	136	179	101	204	242	221	162	208	119	142	112	197	
74	188	151	240	137	252	52	199	191	155	34	24	172	191	100	223	165	115	249	17	51	73	146	225	191	242	94	107	130	68	167	127	
34	33	114	194	252	9	250	96	201	0	185	138	8	12	52	16	238	147	87	227	208	43	76	236	54	24	138	186	69	143	115	129	
158	204	230	247	6	18	254	248	211	146	150	130	105	111	189	99	127	225	55	235	232	245	47	239	250	207	239	132	39	255	112	12	
11	132	3	157	19	246	56	39	60	65	74	215	172	174	38	196	247	43	155	133	55	152	17	207	12	54	154	195	154	4	169	94	
59	5	98	229	182	50	222	113	69	224	223	131	75	45	190	96	126	151	149	239	220	184	37	204	50	237	168	134	39	239	240	85	
189	0	107	204	70	50	233	80	84	194	215	198	81	77	191	105	126	172	23	238	169	183	36	136	82	169	226	128	55	171	112	240	
82	125	27	176	19	201	53	102	172	132	10	161	172	151	98	80	162	51	203	0	66	9	162	123	241	165	26	171	0	16	39	123	
26	91	194	189	50	146	184	82	190	132	82	231	45	206	178	201	102	61	175	215	198	217	6	237	144	99	250	131	45	149	41	21	
248	211	78	231	36	2	116	117	53	14	243	103	105	43	160	83	122	246	173	160	108	187	1	205	242	227	246	129	47	178	252	27	
185	69	106	229	38	18	127	117	65	194	254	130	123	13	183	97	126	220	21	239	236	183	37	142	242	233	164	128	103	190	112	121	
18	157	127	216	146	194	177	103	140	69	78	162	60	182	36	100	98	59	155	129	83	153	52	253	97	36	26	67	53	0	165	123	
57	22	98	12	126	179	202	120	213	200	255	239	115	200	191	228	126	172	30	175	141	163	12	159	18	109	161	152	127	175	120	133	
63	2	106	172	118	51	234	88	85	76	255	231	75	200	191	192	126	172	23	175	140	183	36	142	210	109	163	128	63	175	120	197	
31	90	99	238	70	194	235	112	224	194	211	230	121	222	181	99	110	245	23	239	201	167	52	232	112	41	234	136	45	179	53	241	
155	203	102	253	54	146	236	55	229	8	94	226	41	175	180	229	102	51	151	205	228	152	36	237	38	105	190	128	55	148	248	173	
56	4	98	236	84	50	74	120	101	128	253	10	91	201	181	80	122	172	23	170	136	163	36	142	210	237	161	152	119	171	114	128	
219	90	70	172	6	146	206	244	133	70	210	231	41	138	183	197	110	229	159	239	237	143	4	237	178	105	234	136	63	183	56	93	
60	2	106	236	54	98	235	80	181	198	215	163	81	207	187	104	126	189	159	231	136	151	36	138	210	237	170	129	167	167	116	240	
178	65	114	236	44	11	254	117	105	0	184	10	107	11	53	16	254	193	95	227	200	35	64	205	178	217	134	152	119	186	242	137	
226	220	122	88	109	245	244	103	157	95	116	63	40	156	46	25	206	187	147	0	230	62	114	247	23	59	80	171	85	216	238	223	
29	90	75	228	102	134	107	80	228	200	214	230	113	211	177	109	110	236	22	238	201	151	36	232	210	169	227	128	47	187	120	177	
47	142	98	139	119	243	170	194	79	69	91	163	8	200	182	228	123	43	147	135	150	154	103	245	4	54	154	195	151	15	125	212	
241	87	111	172	34	2	53	117	60	206	246	231	103	166	162	81	126	229	174	102	237	183	37	142	176	163	110	146	44	190	172	125	
3	145	112	216	252	157	188	151	143	89	28	191	140	156	254	32	135	19	151	149	214	44	34	215	47	88	158	238	151	140	209	221	
130	92	2	156	79	209	148	230	157	6	208	183	172	140	39	197	233	57	139	129	102	15	18	255	178	18	218	59	22	28	61	222	
75	211	127	239	34	136	63	56	45	64	119	228	253	87	168	113	118	17	159	98	195	148	61	253	230	249	42	130	62	147	161	113	
23	12	99	199	22	178	238	114	117	194	91	198	89	110	180	228	119	230	23	175	161	144	37	238	52	46	170	128	175	231	49	245	
170	226	234	21	102	29	253	207	91	119	84	159	137	140	94	9	63	77	131	29	230	254	230	195	70	91	94	173	199	156	223	204	
31	211	83	195	182	131	191	220	28	97	94	230	93	95	169	100	55	89	23	123	211	144	45	254	108	140	47	198	191	155	161	177	
234	213	117	88	89	221	180	111	173	89	228	24	168	30	36	247	200	19	219	32	119	47	115	213	55	123	80	91	82	12	207	254	
234	88	55	92	109	220	180	39	205	94	244	2	168	188	39	239	200	50	234	64	69	47	114	241	55	123	82	11	83	92	229	254	
98	93	242	220	199	240	252	71	153	15	124	35	40	255	119	220	251	187	179	128	84	62	34	194	55	126	222	139	183	252	252	223	
60	64	74	229	68	2	111	80	48	162	119	2	83	3	161	80	122	236	23	234	72	182	32	10	118	205	160	128	103	187	112	160	
39	57	225	193	214	175	234	208	95	233	121	70	24	25	85	136	63	201	23	253	147	176	29	214	14	28	175	230	237	171	81	181	
29	133	83	74	247	191	106	121	109	65	127	68	91	209	188	180	55	138	22	126	147	176	60	63	62	236	1	68	127	143	217	180	
45	63	59	129	244	191	171	211	118	109	255	102	28	54	186	180	125	138	22	190	147	178	121	246	125	13	171	228	155	207	241	241	
13	122	211	193	246	183	234	210	94	224	124	70	28	217	245	172	127	105	6	127	147	178	60	248	30	140	39	100	255	251	97	177	
122	111	226	132	213	176	206	198	11	196	216	175	41	172	247	132	254	235	151	213	204	58	132	232	62	92	143	171	167	254	122	222	
181	65	107	69	68	2	239	80	84	162	247	66	81	1	181	100	120	204	6	234	201	182	37	10	116	172	163	132	101	187	112	160	
96	12	242	240	100	172	248	66	201	27	120	24	174	139	117	90	203	43	6	17	130	46	128	224	134	220	210	40	198	201	83	129	
61	5	124	97	84	58	235	80	100	32	255	2	91	1	153	96	122	140	6	250	137	176	109	12	70	237	160	68	103	171	112	160	
11	128	181	185	53	253	184	2	254	83	2	16	140	158	116	232	193	19	187	149	23	140	114	215	141	215	154	67	144	4	9	70	
28	60	234	245	199	240	114	210	175	198	126	7	141	239	99	76	99	120	163	146	4	177	178	224	215	229	131	43	166	119	101	242	
13	61	171	225	215	253	179	210	118	205	125	14	153	183	99	172	125	250	150	154	147	178	184	162	95	197	171	233	227	111	55	243	
226	92	178	248	101	172	248	86	233	27	48	24	174	155	101	27	167	51	6	0	130	47	146	227	147	248	82	170	210	89	97	11	
2	177	178	216	207	229	188	199	155	81	48	27	12	158	108	41	171	27	147	145	18	107	146	209	31	24	30	111	145	76	167	159	
34	33	82	136	94	129	234	97	141	0	249	10	8	138	117	0	106	137	87	227	66	35	64	220	52	24	138	232	21	10	113	136	
214	140	246	247	166	32	110	240	185	146	187	2	105	107	93	91	123	227	63	227	168	213	10	234	190	219	207	132	167	243	113	0	
134	189	176	222	252	37	190	239	26	155	88	51	236	254	124	0	223	91	147	181	176	122	10	255	45	30	223	238	149	108	177	155	
52	72	66	136	76	9	234	200	141	32	240	10	10	138	53	66	106	193	78	227	8	35	64	248	148	152	138	56	117	59	112	128	
124	173	246	236	180	171	90	59	91	169	255	8	75	233	180	16	155	239	53	56	154	234	139	223	170	255	5	222	247	171	66	1	
139	149	96	251	246	144	252	55	27	81	92	179	173	31	158	96	39	155	151	133	246	28	37	215	230	125	190	194	55	196	145	221	
234	189	173	180	205	233	181	231	139	119	28	185	172	189	86	11	137	91	243	1	114	107	186	241	127	81	93	251	71	92	151	250	
66	124	150	252	56	175	90	174	59	171	186	40	238	254	37	88	151	125	189	17	0	205	10	254	138	254	95	178	144	97	3	11	
154	132	98	229	86	2	252	119	53	1	254	18	9	11	188	84	126	143	23	168	248	157	5	198	246	237	186	128	39	132	225	136	
174	168	171	190	205	217	157	202	155	215	212	155	40	237	119	11	217	123	147	83	98	111	250	163	219	83	221	187	199	125	22	250	
171	59	115	65	114	223	177	81	233	236	117	236	8	156	198	180	174	44	214	29	197	190	164	204	62	89	33	162	79	132	75	253	
168	64	244	243	100	40	108	21	121	19	119	18	75	73	156	95	91	128	23	42	232	52	77	194	70	251	208	4	119	218	192	129	
211	94	70	156	70	146	190	112	157	194	210	231	105	202	183	193	110	225	191	199	237	143	4	238	50	34	234	131	61	181	57	93	
28	61	186	240	215	252	243	210	183	205	124	39	185	191	227	36	124	186	151	144	147	186	176	234	127	205	166	235	227	237	101	251	
1	142	11	181	52	174	104	55	124	73	90	84	181	34	144	96	67	46	30	13	181	152	101	79	132	62	186	192	140	128	81	93	
75	219	42	174	47	157	191	232	207	68	158	175	236	200	63	66	254	229	251	231	196	35	222	253	242	117	143	187	31	62	57	87	
184	5	98	232	86	51	202	120	69	0	253	10	27	9	180	112	122	140	23	233	136	179	36	142	242	237	160	148	119	143	114	128	
56	71	107	236	119	82	95	120	1	140	254	167	75	239	50	80	254	237	149	231	200	179	40	142	243	237	167	137	55	190	116	243	
43	143	98	222	117	151	238	248	93	8	124	198	104	232	182	228	120	234	146	239	199	186	108	255	54	62	131	139	95	206	120	141	
2	157	34	158	223	209	190	231	158	71	88	163	172	254	38	64	251	123	179	193	102	154	58	255	61	54	158	139	21	92	181	222	
0	157	59	216	19	228	177	119	252	9	78	18	188	183	36	96	230	59	27	0	179	185	50	95	79	175	26	66	24	0	165	59	
188	1	116	99	100	26	106	176	117	50	119	18	91	9	156	127	122	132	6	106	248	180	109	132	86	235	224	68	119	171	64	128	
184	5	98	236	20	19	78	121	69	64	255	10	27	9	188	113	126	140	23	235	216	179	37	142	242	233	160	132	119	174	114	128	
155	90	70	156	6	144	174	246	156	66	210	231	41	200	183	197	110	233	191	199	197	157	6	237	48	104	234	136	61	189	57	157	
1	158	59	125	48	172	249	55	252	9	126	84	188	51	32	112	167	58	6	12	179	184	48	95	79	191	50	64	200	128	193	171	
126	121	123	238	59	211	95	232	161	196	252	170	111	223	35	48	254	249	221	226	73	3	168	172	243	213	143	187	115	179	38	115	
74	184	182	216	203	217	176	103	191	21	160	9	172	190	100	214	163	115	251	1	6	75	146	241	155	82	94	59	18	68	47	159	
45	61	59	193	245	183	187	210	86	233	254	38	24	55	179	164	124	186	150	220	179	186	36	254	127	93	167	196	147	173	117	245	
39	239	64	14	245	159	230	236	95	200	124	206	104	232	190	180	217	234	146	78	199	186	124	255	62	28	5	171	95	158	218	140	
61	5	111	77	86	50	239	112	84	192	127	198	81	109	185	97	126	172	23	238	169	178	37	142	114	171	226	128	127	235	112	240	
61	93	123	111	86	71	255	240	84	192	126	70	115	93	177	48	126	248	22	234	201	178	60	46	115	205	37	0	111	187	114	243	
19	143	206	157	246	146	190	246	150	142	90	231	173	170	182	192	111	239	183	133	228	216	6	255	44	39	190	129	45	244	57	221	
34	239	96	155	215	209	190	239	30	69	88	163	44	236	54	0	251	123	147	213	118	186	110	255	47	22	159	235	21	94	189	222	
74	188	183	212	203	208	180	231	191	151	194	51	172	190	100	223	163	115	235	17	50	73	146	241	187	50	94	75	130	84	165	191	
173	13	106	73	244	183	123	115	85	105	255	128	155	189	182	100	94	46	22	126	177	187	101	190	110	93	35	192	246	143	242	245	
3	141	7	157	147	224	168	39	45	69	74	147	172	46	38	228	102	35	155	133	55	152	37	207	36	54	154	194	22	68	161	124	
106	24	179	220	109	244	176	103	201	14	124	2	172	190	39	230	201	59	163	0	70	43	178	193	23	124	90	11	82	124	101	239	
189	0	235	205	70	50	233	81	84	194	247	210	81	141	191	105	126	140	55	174	169	183	37	138	82	171	226	132	39	233	112	224	
218	75	110	252	2	146	111	246	165	6	214	231	41	143	179	65	102	241	175	206	236	141	36	237	114	227	234	129	55	180	44	89	
130	130	6	185	48	169	56	7	62	29	66	245	172	130	34	72	231	43	163	149	54	156	67	215	132	54	154	195	152	4	41	155	
19	210	78	175	38	18	127	125	61	79	247	231	127	102	186	65	126	133	174	167	237	191	109	205	240	227	234	128	61	142	185	93	
21	11	74	141	214	146	175	211	100	68	94	231	1	32	183	64	110	174	2	221	212	152	36	238	52	44	170	192	189	189	248	212	
57	22	102	12	126	51	200	120	213	200	255	239	91	200	182	228	126	172	30	173	173	179	5	156	18	109	161	144	127	174	120	149	
63	6	106	172	54	50	232	89	69	204	255	231	75	136	191	232	126	172	31	173	140	179	5	140	210	109	162	132	191	237	120	197	
158	2	235	228	102	98	233	80	48	198	215	167	81	207	187	107	126	173	23	239	137	215	165	200	82	105	235	132	165	227	116	241	
222	90	94	184	34	138	61	80	174	28	86	231	13	199	163	89	38	57	175	195	68	221	130	112	210	225	106	131	36	181	45	67	
87	86	71	133	50	50	170	114	60	66	91	231	89	102	189	229	119	229	63	173	165	144	37	207	52	46	170	196	173	231	49	85	
2	78	162	157	45	241	252	79	79	70	92	135	172	238	55	72	235	43	167	133	134	152	38	209	134	118	218	171	158	92	61	222	
56	4	98	236	84	34	72	88	85	128	255	2	91	201	181	80	122	172	23	168	168	179	4	142	210	237	160	152	119	235	114	128	
30	6	110	228	54	114	105	89	37	204	223	163	89	143	187	72	126	132	31	189	152	151	37	136	210	237	170	133	167	239	116	113	
42	159	226	152	207	245	190	103	31	79	124	175	44	190	102	196	253	187	147	133	86	58	50	211	55	86	158	171	151	94	188	223	
151	2	227	134	70	50	234	80	245	194	211	198	89	206	181	239	126	236	54	175	173	215	164	200	16	40	235	128	47	231	112	245	
66	60	146	158	58	175	26	198	63	137	250	40	236	254	37	80	150	127	253	65	0	203	1	239	152	190	27	146	132	113	35	27	
149	16	251	194	86	38	107	80	117	200	215	230	89	215	185	104	126	188	22	254	137	151	60	202	83	174	163	132	173	163	112	113	
130	221	150	159	241	172	188	167	190	27	90	48	172	182	32	64	231	123	187	0	114	216	2	255	45	54	94	202	144	80	161	139	
43	171	98	14	119	144	122	80	115	69	93	167	40	204	190	244	126	168	151	205	134	186	164	255	118	124	128	139	127	135	122	221	
130	157	22	155	176	172	188	167	62	27	90	48	172	178	32	64	231	59	51	1	114	216	3	247	45	54	94	194	144	80	161	137	
96	45	208	252	116	171	90	138	59	161	248	8	239	234	21	16	187	239	100	80	26	234	202	255	158	254	5	120	245	225	66	9	
146	145	22	252	75	192	180	103	158	19	64	51	44	191	36	67	227	51	171	129	118	73	18	213	51	99	94	139	17	64	173	139	
131	112	115	81	98	223	184	87	253	233	119	247	40	156	246	37	174	57	215	21	231	189	52	196	22	88	26	162	79	140	199	255	
60	45	118	237	244	171	90	58	95	129	122	10	107	233	20	16	26	239	53	112	184	250	78	255	110	255	1	202	247	169	82	1	
34	156	34	158	95	193	190	230	156	68	216	167	44	254	54	64	237	251	147	129	38	155	18	255	61	54	158	139	21	12	181	222	
60	68	122	225	86	42	111	208	101	160	126	2	91	3	185	112	122	204	23	250	136	176	37	172	102	205	163	132	231	251	112	160	
134	189	144	159	252	167	184	239	30	187	80	50	236	254	116	8	223	91	179	145	50	122	74	255	44	30	223	238	148	72	241	139	
162	213	53	93	73	221	180	103	173	19	96	24	172	158	36	245	129	19	227	0	86	60	114	215	39	250	90	107	82	12	199	174	
2	133	96	209	246	128	252	183	31	115	26	147	141	47	92	96	111	155	23	149	242	24	68	215	46	94	158	196	183	196	241	205	
29	201	127	233	66	70	111	248	109	72	126	198	93	71	185	113	118	209	31	238	193	145	61	253	242	233	42	196	63	179	33	113	
62	5	98	231	214	18	222	245	69	96	254	131	75	45	62	97	126	215	21	239	248	186	37	236	242	233	174	132	103	191	240	65	
244	76	198	158	76	2	238	232	149	146	186	2	104	234	45	91	121	227	31	226	104	231	10	235	184	174	207	12	53	123	112	136	
246	76	230	252	30	34	110	252	155	146	186	2	105	235	53	67	123	229	61	227	232	71	11	235	178	239	207	140	39	247	112	8	
182	1	66	136	204	1	174	105	140	32	185	10	8	138	52	1	106	129	95	227	80	35	0	220	52	8	138	188	85	11	241	128	
187	7	110	190	62	147	202	120	149	140	213	239	105	236	191	193	126	228	255	239	236	163	14	159	242	107	235	152	63	174	120	213	
26	63	226	189	151	240	120	66	47	204	92	167	173	239	103	72	234	187	167	145	14	154	178	234	131	245	154	139	183	125	37	223	
2	165	50	208	253	149	188	231	143	121	25	19	140	156	124	32	143	27	151	149	210	41	34	215	47	28	158	238	150	76	209	223	
11	107	242	197	214	149	238	85	79	136	92	70	56	200	245	164	126	104	18	221	197	186	54	232	60	12	7	168	255	190	121	189	
131	249	102	27	237	221	252	239	95	95	116	149	168	204	126	101	233	43	146	20	246	124	126	247	47	24	87	239	86	12	253	222	
42	155	250	220	231	208	188	103	91	79	124	35	40	252	118	192	223	59	179	129	214	58	34	195	47	127	158	171	149	76	252	223	
29	45	66	72	215	191	106	210	103	200	124	70	27	208	181	180	123	234	22	92	143	186	52	252	58	204	7	72	251	247	104	132	
170	226	239	17	71	89	253	199	123	119	84	151	137	140	94	9	123	77	147	29	230	254	166	192	71	75	223	101	231	60	247	198	
106	186	226	176	115	212	184	86	187	201	94	239	44	142	118	148	174	187	151	149	151	27	148	227	31	117	154	203	143	4	63	223	
170	252	185	244	205	237	181	239	155	255	20	59	188	189	64	43	141	123	243	1	115	106	242	241	79	81	221	251	196	88	151	250	
151	62	198	145	178	178	56	83	63	211	83	247	205	238	179	204	55	47	183	149	183	220	15	226	142	102	255	194	174	229	169	213	
146	133	66	128	212	2	236	103	45	1	219	18	12	138	56	64	122	143	31	161	88	191	1	199	176	164	154	192	37	8	241	136	
38	106	226	30	111	145	222	200	219	132	117	175	104	200	247	28	222	232	131	103	196	35	238	250	54	28	133	171	87	191	126	198	
246	64	66	172	92	3	206	76	133	128	184	10	11	138	53	80	120	193	95	227	72	39	64	204	178	200	130	184	117	187	112	8	
131	120	103	193	87	207	233	81	31	232	114	198	153	156	117	164	174	57	23	157	163	188	52	220	47	24	175	226	77	140	81	245	
130	173	148	147	252	135	184	239	30	185	80	18	236	238	112	9	223	127	51	145	50	252	75	255	44	22	223	230	148	8	129	137	
208	217	127	252	34	208	53	103	236	64	70	34	61	191	32	115	34	51	185	128	97	137	50	109	243	235	126	3	33	16	165	123	
123	205	42	174	63	147	222	232	205	196	220	143	238	200	62	64	254	233	223	231	204	35	28	253	242	117	143	59	87	62	57	70	
2	157	150	159	177	140	188	167	190	11	90	48	172	246	32	64	231	123	179	129	114	216	2	255	45	54	30	138	16	80	161	139	
58	87	106	174	119	151	95	120	5	68	252	175	107	237	58	80	254	237	151	231	204	179	44	191	243	237	129	139	55	190	118	82	
56	5	98	236	20	35	202	121	69	0	253	10	11	9	180	81	120	140	23	235	184	179	5	142	242	237	160	148	119	138	114	128	
151	0	227	141	6	50	239	80	84	194	83	214	81	204	189	108	126	172	22	175	161	181	37	202	20	46	235	132	45	239	113	244	
35	143	98	158	125	151	186	234	95	76	124	71	104	232	182	228	217	106	130	13	166	186	110	255	54	62	131	171	95	142	120	205	
2	157	50	159	223	197	190	231	158	69	72	163	172	254	34	64	237	123	147	129	118	26	18	255	45	54	158	235	21	76	181	223	
2	157	146	159	177	172	188	167	62	11	90	48	172	246	32	64	231	59	179	1	114	152	3	247	45	54	30	194	144	64	161	139	
151	6	231	150	70	50	174	80	253	194	211	215	73	238	181	239	126	237	55	175	165	215	164	202	16	42	235	128	47	231	49	213	
35	175	96	27	245	157	254	238	95	109	124	143	104	232	182	132	217	106	130	71	230	186	78	255	46	30	5	235	95	14	218	205	
34	173	32	155	215	209	190	239	30	69	88	163	168	236	54	0	219	123	147	209	118	154	110	255	47	22	158	235	21	94	181	222	
210	203	95	188	34	192	61	103	164	4	214	163	45	135	162	81	110	179	143	129	106	139	34	237	240	163	254	139	53	20	165	251	
60	125	123	238	115	211	87	248	33	192	236	42	127	223	35	48	254	249	149	226	73	179	56	189	243	237	5	27	123	179	102	242	
74	184	150	156	75	217	176	199	191	145	98	57	44	190	102	246	163	123	235	17	6	73	146	241	31	50	94	107	2	4	175	159	
189	5	111	76	86	18	239	113	84	192	255	194	81	109	191	97	126	164	23	238	249	179	37	142	118	171	227	128	119	171	112	240	
61	93	123	110	86	71	127	240	68	192	126	70	115	93	177	48	126	248	22	238	201	178	56	44	115	237	37	0	127	187	112	243	
11	31	67	157	180	146	238	118	92	202	90	231	249	232	183	228	126	239	55	207	229	152	5	239	44	126	174	128	47	254	57	221	
26	174	246	156	250	208	188	231	191	151	82	179	44	174	166	197	103	251	175	129	34	219	134	255	60	38	254	139	167	196	165	207	
18	133	66	129	212	34	236	103	45	3	218	18	8	42	48	64	105	143	31	129	90	186	65	199	180	36	158	196	133	72	241	136	
153	0	234	229	70	50	233	95	85	99	246	146	25	13	188	104	126	140	23	184	152	182	37	130	86	239	242	132	167	252	240	224	
27	75	98	220	98	144	236	119	161	10	90	231	41	142	181	228	102	235	21	205	196	153	4	239	50	108	190	128	47	148	185	157	
2	133	112	209	244	128	252	39	159	19	24	18	172	42	124	64	239	139	23	129	242	56	4	215	172	28	158	224	149	76	177	137	
215	0	199	132	198	50	233	81	49	194	211	214	89	238	253	239	126	133	53	191	181	215	165	194	16	40	235	132	173	230	49	245	
209	217	127	220	146	192	181	119	236	64	78	34	52	183	160	97	98	51	56	200	113	153	52	77	113	43	122	0	45	0	165	123	
57	23	102	12	118	55	232	123	85	64	247	238	83	8	182	229	126	140	30	173	173	179	5	156	18	107	160	148	127	172	120	149	
57	18	110	161	54	54	232	83	69	201	255	247	27	8	191	200	126	132	31	189	157	179	5	204	210	233	186	196	175	204	120	213	
31	34	234	161	182	50	233	95	37	239	214	247	25	11	250	74	126	141	23	189	156	149	37	194	214	205	186	196	167	196	248	209	
95	22	198	165	178	58	58	27	61	67	91	247	205	46	139	220	55	5	191	181	181	149	5	206	156	102	58	198	172	197	41	21	
211	133	111	197	54	50	239	51	116	66	95	198	81	36	190	101	118	70	63	175	241	152	37	79	116	46	234	196	45	226	113	117	
2	156	162	153	101	253	188	111	95	95	88	135	172	252	118	96	253	43	187	5	198	184	118	209	7	30	218	171	20	76	245	223	
151	0	235	193	214	50	233	81	116	227	87	214	81	14	254	108	127	140	23	189	177	181	37	194	92	46	186	196	173	224	240	244	
24	23	107	225	246	114	121	91	37	101	255	178	89	15	186	121	126	157	151	184	153	147	37	196	218	233	162	197	167	128	228	113	
42	155	242	138	247	213	190	103	27	77	120	175	44	174	102	128	223	59	147	133	214	58	50	243	63	93	158	235	151	14	253	223	
43	235	226	10	245	209	238	205	71	77	124	163	40	200	255	132	120	42	130	93	198	186	46	241	38	28	134	171	87	158	254	204	
34	253	98	82	219	209	148	239	139	117	172	155	40	252	126	48	137	219	211	145	86	107	186	245	59	20	157	127	215	30	182	222	
42	155	226	142	87	213	186	103	91	77	93	175	40	236	118	132	248	171	147	133	150	58	148	247	63	116	154	235	223	14	252	223	
66	125	146	158	120	163	186	206	191	137	218	168	236	246	33	80	182	119	127	193	2	139	3	255	188	54	26	154	148	82	35	9	
26	55	226	189	21	244	120	87	31	205	92	167	172	255	103	64	254	187	151	149	142	154	178	219	171	116	154	171	183	76	37	223	
170	162	98	184	119	148	184	87	59	13	84	183	45	143	126	132	238	187	151	149	134	158	160	199	94	125	154	203	135	132	191	223	
238	196	240	211	100	56	248	25	91	19	53	18	203	105	220	127	255	129	55	42	162	116	239	194	6	255	211	132	247	251	194	133	
171	182	98	184	115	180	184	87	59	93	84	183	40	158	118	188	239	155	151	149	166	158	22	215	87	93	186	235	143	4	127	223	
26	62	114	249	119	212	240	87	53	201	116	39	57	223	163	36	254	187	151	144	182	186	48	206	127	221	182	203	231	140	101	255	
43	54	98	26	251	245	184	71	31	77	125	191	40	206	182	156	239	171	147	149	182	26	54	247	30	93	154	235	159	68	175	223	
182	73	66	172	148	3	206	237	5	0	248	10	75	40	49	65	122	203	23	227	88	163	0	236	176	192	142	188	117	59	240	128	
242	68	230	238	12	2	206	252	147	130	250	2	105	235	61	67	122	229	127	227	232	231	139	223	178	254	207	156	39	250	112	8	
60	141	106	237	214	2	206	245	1	0	126	2	91	41	48	65	126	199	23	235	248	186	69	174	242	233	166	132	39	187	240	136	
188	0	116	115	230	10	106	240	113	50	119	18	75	9	157	95	123	196	38	234	248	244	13	224	86	235	225	68	103	185	64	128	
23	133	199	133	210	178	170	247	124	195	90	214	93	110	188	224	55	239	63	189	181	152	37	206	60	46	191	196	173	196	161	117	
221	76	111	199	54	26	239	148	108	226	150	66	217	0	145	231	54	196	28	239	233	245	45	236	164	171	231	132	39	243	81	109	
85	92	127	205	18	6	43	120	108	200	118	198	93	7	181	97	118	213	30	238	225	149	53	204	82	169	107	132	61	163	33	113	
66	145	56	120	75	221	176	99	46	17	96	9	140	190	36	80	170	27	163	1	86	58	146	213	23	247	90	107	80	8	141	138	
18	203	2	177	87	194	184	103	188	133	82	163	44	138	38	192	234	43	147	145	68	153	0	204	60	36	158	195	37	4	173	142	
188	68	126	231	22	26	111	212	97	128	254	2	91	11	177	17	122	196	23	234	232	181	41	168	114	201	165	132	103	243	96	160	
64	145	184	172	69	77	177	101	78	1	68	9	190	185	34	64	216	25	51	1	82	58	210	209	213	245	90	107	80	8	151	138	
141	152	126	209	117	151	249	115	253	232	246	38	24	159	183	101	238	56	158	156	181	191	36	222	127	91	163	194	151	140	113	253	
176	45	118	253	246	171	202	178	223	128	122	10	111	233	21	16	58	239	119	225	184	250	66	255	174	254	1	80	119	169	82	137	
10	234	175	177	69	219	241	196	159	247	84	131	12	141	54	11	233	73	179	149	166	252	35	225	71	83	222	7	231	28	247	234	
178	197	102	238	28	2	206	61	215	162	251	2	107	233	60	3	120	229	127	227	232	231	75	223	178	251	207	156	55	186	240	8	
106	182	236	48	235	200	181	167	171	63	60	185	172	189	206	27	143	147	245	17	50	111	226	245	126	83	126	251	199	68	199	251	
106	180	189	240	235	201	181	239	139	127	28	57	188	191	200	43	143	19	247	17	50	110	226	209	223	211	126	255	197	72	135	235	
40	242	145	237	117	205	71	31	7	107	232	76	182	199	72	212	209	58	15	8	75	18	219	155	165	212	149	60	26	218	212	57	
2	140	148	147	252	139	188	175	158	59	90	18	236	250	48	64	223	127	59	17	114	220	73	255	44	22	159	198	148	8	129	137	
122	141	42	174	31	215	223	232	5	4	204	11	111	236	50	16	248	235	159	231	78	43	56	255	243	245	143	59	119	46	126	70	
130	157	150	159	177	140	60	167	190	11	90	48	172	246	32	65	231	123	51	0	114	216	2	255	45	54	30	194	16	80	161	139	
56	13	107	238	87	215	95	104	5	68	236	131	107	239	50	80	122	249	151	230	72	179	56	191	243	237	129	1	119	190	116	226	
56	5	98	236	84	35	74	121	85	0	255	2	75	41	49	81	120	140	23	233	184	179	0	142	242	237	160	144	119	171	112	128	
151	4	231	149	150	50	233	81	84	194	211	214	81	236	189	109	127	172	30	191	177	213	37	202	16	46	171	132	173	229	113	116	
3	182	197	145	226	50	172	159	63	243	90	247	157	46	222	175	39	79	55	157	183	220	165	194	140	22	254	198	173	212	129	253	
74	56	214	156	75	209	176	71	191	149	210	179	44	190	38	198	163	59	235	129	6	201	134	245	30	50	94	139	7	4	173	159	
2	133	98	211	244	128	236	167	159	17	27	18	172	170	124	64	203	11	23	145	210	40	10	247	44	30	158	232	148	72	209	137	
35	175	96	27	253	157	182	238	95	109	124	15	168	232	54	132	217	107	131	85	150	58	110	255	46	30	29	235	87	14	219	207	
2	189	32	155	223	193	190	239	30	101	88	179	172	252	54	0	217	123	147	145	118	154	90	255	45	22	159	235	149	76	149	222	
215	30	198	188	2	178	42	80	180	194	211	247	109	238	179	203	103	229	191	143	173	197	6	234	144	98	234	128	173	245	57	85	
61	93	123	110	87	215	87	240	69	192	236	10	123	221	35	48	120	249	23	234	72	179	56	189	243	205	5	9	115	187	98	234	
18	142	198	157	114	144	188	246	191	143	82	231	45	174	166	196	103	251	167	133	166	218	6	239	60	38	254	131	39	132	45	221	
146	142	194	157	242	130	174	246	53	142	218	247	41	174	182	68	127	239	183	133	228	218	5	239	56	38	190	128	47	244	185	221	
95	99	99	196	114	66	235	112	32	224	223	230	89	207	253	102	62	173	21	255	201	147	172	200	48	104	175	132	47	167	50	240	
58	4	234	225	214	50	233	87	113	99	126	18	25	43	252	104	127	142	23	152	184	188	37	130	94	239	178	196	167	204	240	168	
139	172	232	195	246	48	249	151	122	115	30	146	25	47	214	106	103	158	23	157	179	220	165	226	78	79	190	196	167	208	241	249	
139	189	233	211	242	185	189	151	58	127	28	244	189	127	210	46	7	123	215	157	179	88	238	243	110	29	63	224	142	212	135	249	
185	1	102	172	30	51	232	75	69	97	231	146	19	8	182	236	122	132	26	173	156	179	5	156	18	107	130	20	255	140	120	132	
155	19	110	161	182	54	232	82	101	97	214	246	27	8	182	236	110	134	30	157	157	184	5	196	214	201	186	196	175	204	120	21	
27	146	232	161	54	62	232	18	109	121	94	247	153	11	222	233	111	135	31	157	159	216	37	192	222	201	186	196	175	196	121	81	
32	133	64	147	212	160	236	39	29	19	219	18	136	42	8	64	105	138	14	144	58	186	65	198	172	20	158	64	149	72	240	128	
83	151	111	133	178	34	175	182	60	65	90	246	213	38	150	101	54	71	62	237	177	152	37	237	188	46	254	196	172	229	161	125	
2	152	162	153	53	221	184	67	31	77	89	183	172	252	118	64	254	43	151	5	150	58	178	211	135	20	154	235	148	12	181	215	
26	131	105	225	246	50	105	82	37	125	62	243	25	15	218	120	110	159	151	156	154	152	37	212	222	201	186	196	167	132	100	121	
3	144	178	155	125	213	184	67	223	77	93	23	140	254	118	96	255	41	151	149	150	62	178	211	23	124	154	235	151	12	189	215	
15	181	176	82	253	53	216	159	91	121	29	56	204	124	222	42	151	27	213	29	150	106	235	247	11	95	31	254	214	71	243	215	
66	237	146	158	120	163	186	207	62	9	218	0	236	226	32	64	247	111	127	128	2	11	11	255	60	54	158	138	148	80	161	9	
46	161	96	10	87	209	162	236	75	69	124	171	8	232	254	180	122	136	130	81	22	58	254	247	62	28	1	111	215	14	126	214	
42	178	98	251	99	181	185	86	191	95	117	183	40	159	62	140	239	27	151	149	150	30	34	211	71	93	154	203	215	197	255	223	
182	205	66	174	148	3	206	237	5	0	248	10	75	40	48	65	120	202	23	227	120	187	72	174	176	237	142	144	117	187	240	136	
242	69	198	238	12	2	78	236	145	130	250	10	107	234	61	83	120	229	127	227	104	103	203	203	178	254	207	156	37	250	112	8	
184	141	106	239	212	2	238	245	21	128	254	2	121	41	176	65	122	206	23	235	248	186	13	174	126	239	166	196	39	186	240	136	
147	157	103	167	146	34	175	183	52	98	90	230	253	54	144	101	55	87	61	239	241	216	45	111	172	110	239	192	45	246	161	125	
26	116	118	249	119	151	184	119	253	201	246	163	40	223	164	97	238	185	151	144	160	191	34	206	31	223	18	194	119	140	101	223	
138	50	174	178	227	244	184	87	155	91	20	247	188	191	110	203	231	59	151	21	183	77	146	226	207	81	190	203	142	68	157	219	
91	152	102	237	36	54	121	114	125	104	214	167	153	63	182	100	238	173	191	173	140	157	37	221	214	255	234	132	54	172	113	117	
44	114	243	104	125	141	83	88	71	236	189	108	58	221	213	52	156	152	79	90	203	35	96	208	115	220	33	186	115	155	70	115	
10	190	242	152	239	241	185	199	223	95	148	183	44	236	246	175	239	59	135	149	150	111	166	209	27	81	30	235	215	76	189	223	
176	141	86	189	158	139	238	227	157	160	250	10	239	232	52	1	106	229	110	99	120	249	66	255	180	254	195	80	117	40	211	128	
109	115	65	64	116	157	203	80	79	41	61	110	58	217	213	180	30	184	23	88	139	50	72	208	54	28	161	248	95	139	82	57	
10	16	119	211	103	241	185	87	253	95	87	178	172	156	190	172	47	27	151	145	131	181	38	209	87	93	186	131	151	204	45	253	
188	72	118	243	70	42	102	208	113	146	247	26	75	11	61	91	123	196	38	234	168	247	9	234	146	251	193	4	231	251	98	128	
221	76	252	87	174	58	127	152	249	242	22	154	217	111	223	175	39	117	125	238	225	84	175	232	86	75	103	132	38	243	65	101	
105	187	80	202	124	157	226	120	75	41	125	236	27	209	228	180	94	184	166	72	147	58	200	149	30	221	33	236	90	143	90	181	
138	187	248	187	234	169	188	222	155	31	84	255	172	237	194	9	143	123	183	1	162	90	202	241	206	211	126	235	150	204	143	155	
152	246	252	113	178	171	53	159	63	63	118	240	143	51	202	89	55	31	142	16	50	252	1	119	238	231	54	199	244	208	135	43	
122	112	123	228	114	82	125	119	33	101	246	171	27	31	142	112	126	157	223	160	73	187	165	204	242	237	178	135	103	132	166	122	
63	181	32	26	219	245	150	253	215	125	157	61	106	252	94	52	157	155	215	149	159	106	122	183	123	93	29	255	211	78	150	215	
216	205	59	239	16	206	119	182	116	0	106	0	247	119	0	112	178	255	120	106	96	184	57	63	245	237	34	0	96	131	39	42	
26	234	174	177	77	211	177	196	143	31	86	3	12	205	118	11	233	185	163	145	6	252	34	225	87	83	222	131	199	28	55	235	
15	189	237	211	182	186	175	183	126	243	94	182	253	111	158	41	39	123	55	157	179	216	109	253	110	15	255	192	166	212	153	249	
153	5	110	241	214	50	239	247	85	227	126	18	89	41	182	97	127	206	23	184	184	252	37	174	110	239	182	196	231	216	240	168	
56	13	107	238	85	199	255	112	84	76	252	3	113	253	50	96	120	250	19	234	72	187	56	191	115	239	160	1	115	170	116	242	
188	5	98	224	212	34	78	119	85	2	254	18	75	41	52	81	120	142	23	168	184	183	1	142	242	239	160	196	231	233	240	128	
2	156	50	155	223	197	190	239	30	73	88	51	172	254	32	64	221	123	147	129	50	154	90	255	45	54	158	235	21	12	181	219	
157	132	110	209	214	50	237	183	116	115	94	146	89	45	150	105	119	198	55	188	177	252	37	238	110	43	246	196	167	220	240	232	
34	173	32	155	253	201	182	239	30	69	88	179	172	236	54	0	217	123	147	149	54	186	78	255	45	22	159	235	213	12	213	222	
42	188	208	88	217	221	114	206	63	1	124	72	44	215	100	180	217	250	210	24	3	42	250	255	63	92	21	107	91	140	234	188	
75	204	237	87	166	50	237	191	116	115	94	146	249	39	146	111	39	70	61	143	241	220	165	237	102	43	254	196	167	244	241	121	
40	205	123	110	245	207	71	246	196	12	252	0	51	245	49	48	88	234	6	106	74	171	40	63	115	205	36	9	115	218	230	234	
19	157	99	207	84	150	239	242	92	192	90	70	113	236	181	228	124	238	18	239	193	185	53	239	49	46	143	0	61	250	113	252	
57	0	98	232	31	51	200	72	69	1	231	18	3	136	62	232	122	132	26	189	28	179	21	128	147	233	146	21	247	206	120	134	
139	50	232	163	118	60	249	24	43	123	21	247	221	15	219	42	39	129	85	157	135	20	237	194	206	93	186	228	175	134	25	209	
158	141	240	227	214	42	236	215	117	51	126	18	11	41	220	72	107	143	23	153	186	248	69	226	222	239	190	192	167	200	240	136	
143	173	244	243	246	184	254	151	63	115	28	147	185	47	220	40	39	123	23	221	178	88	110	247	110	223	190	224	167	212	209	249	
143	253	252	219	250	153	191	159	158	91	28	181	189	255	222	45	7	123	215	223	247	72	238	247	110	95	63	232	150	212	129	249	
27	129	98	161	182	50	232	66	109	113	246	146	25	10	246	233	110	134	26	157	158	184	21	192	222	73	154	68	175	140	120	4	
215	158	93	187	178	170	62	183	61	90	82	245	229	102	130	209	39	103	108	167	247	220	45	127	172	242	127	194	188	193	131	93	
215	157	109	151	178	138	175	183	60	66	94	246	245	38	150	99	39	71	127	207	241	220	173	127	236	42	238	192	44	209	161	125	
27	131	104	225	102	184	105	51	47	53	62	247	141	15	214	64	38	139	151	157	150	24	101	213	206	201	186	228	39	132	65	241	
122	224	106	229	83	90	121	71	33	37	238	131	11	15	30	112	110	157	219	128	88	155	181	196	215	233	154	1	103	132	230	232	
114	13	198	172	76	2	78	106	157	130	250	10	107	234	53	83	122	229	127	163	104	227	195	202	178	254	207	152	37	248	112	0	
188	205	70	238	148	2	78	253	21	130	250	2	107	41	48	65	120	198	23	227	104	187	73	174	178	235	228	128	55	186	240	8	
219	93	237	87	162	18	111	189	180	226	222	226	249	119	147	103	54	246	125	239	233	193	173	239	226	107	239	144	39	246	161	121	
43	251	98	26	253	145	190	198	223	93	84	175	40	140	247	132	205	107	147	213	134	122	38	245	62	93	158	235	223	28	121	223	
27	20	118	253	53	182	248	83	253	75	214	51	172	191	182	108	238	191	191	141	148	189	33	222	151	127	218	130	22	140	113	95	
10	183	161	152	239	245	185	79	143	95	28	183	172	220	254	238	167	27	191	149	151	111	38	211	159	85	158	235	151	76	189	255	
48	140	86	156	124	139	232	99	189	130	250	10	238	232	52	65	106	167	110	1	96	169	2	255	180	190	75	80	85	40	81	136	
180	76	198	242	196	42	238	192	49	146	243	26	75	106	109	27	123	196	38	242	40	247	9	226	146	202	199	4	229	251	114	128	
223	108	244	87	230	58	254	152	121	178	54	18	91	105	221	47	55	229	125	234	164	116	175	234	94	235	231	164	231	247	65	33	
47	241	98	64	215	209	246	200	75	228	125	175	8	220	126	180	250	168	130	243	215	50	188	221	62	92	133	239	127	142	254	214	
138	146	230	219	231	245	185	83	159	95	85	183	140	143	190	12	239	27	151	149	150	21	50	211	87	89	154	207	151	196	189	247	
66	173	210	156	124	131	170	207	62	1	216	18	172	234	32	80	247	47	31	128	34	154	64	255	188	52	154	136	20	0	161	137	
130	152	162	184	117	205	184	67	31	73	81	55	172	223	54	64	255	187	151	149	146	158	82	243	151	20	154	234	22	12	53	211	
6	133	96	179	244	168	232	141	95	49	25	18	205	106	92	72	123	139	23	145	178	56	73	247	140	222	158	228	181	202	209	128	
2	140	150	155	252	171	186	175	30	41	90	18	236	234	32	64	247	43	123	17	82	152	75	247	44	22	159	226	148	72	129	137	
15	249	236	211	182	147	191	189	206	81	94	166	253	111	218	102	39	123	183	223	215	216	111	253	110	79	255	192	167	215	145	249	
56	191	58	174	117	147	86	246	135	12	248	109	110	249	162	144	220	251	135	67	202	171	8	191	250	213	37	251	83	14	126	155	
28	205	100	243	246	50	254	183	117	147	126	18	123	41	156	105	127	206	23	187	248	248	45	238	110	239	246	196	231	221	240	136	
34	141	43	222	116	199	227	246	86	73	252	34	48	253	180	100	89	250	23	136	138	186	40	255	115	62	162	136	85	10	116	234	
188	69	102	229	212	34	78	119	85	2	250	18	75	41	52	89	121	198	23	162	248	190	1	174	178	239	246	196	247	217	240	136	
2	156	50	155	223	197	186	239	30	73	88	51	172	254	32	64	221	123	179	129	50	152	90	255	45	54	158	235	20	12	165	219	
31	205	236	247	182	146	255	183	119	115	94	146	121	45	158	105	119	87	55	207	240	248	45	237	110	239	254	192	167	247	240	233	
34	172	32	155	221	201	178	238	30	85	88	155	172	236	62	0	217	59	147	17	54	58	94	247	45	22	159	107	213	12	151	222	
3	159	66	157	112	134	174	246	60	65	74	199	169	234	182	68	126	107	51	205	135	152	20	237	36	62	158	128	13	134	57	220	
35	172	240	88	217	157	176	207	95	29	124	24	40	154	102	180	137	171	194	20	134	122	242	247	63	30	21	111	219	12	203	142	
79	201	236	87	166	18	255	182	127	243	94	130	249	111	150	111	39	87	189	207	209	216	175	233	110	111	255	128	167	247	209	121	
40	205	121	78	244	203	215	247	68	12	124	96	178	241	164	36	88	122	6	72	90	170	104	63	111	191	36	137	83	218	244	171	
33	141	35	158	84	215	238	166	84	75	90	70	177	232	180	228	217	234	18	141	239	186	52	255	45	62	158	0	29	92	240	252	
159	100	107	198	70	22	235	248	33	230	215	134	89	207	255	43	126	204	17	239	201	215	189	192	83	73	203	132	39	179	112	240	
60	18	34	174	29	119	192	88	197	140	249	111	66	217	45	200	248	168	143	163	12	35	10	152	211	224	161	155	219	47	124	23	
221	220	236	119	182	50	255	183	116	194	94	178	249	111	154	103	55	118	253	239	224	212	173	175	102	235	239	128	39	244	241	113	
56	161	114	224	83	86	120	79	37	169	255	26	11	31	44	112	120	157	223	160	88	187	21	196	211	237	130	69	99	0	238	170	
122	37	98	229	118	11	120	119	37	161	254	154	11	47	84	16	126	157	127	168	216	251	197	204	190	253	135	132	103	164	226	128	
114	13	198	156	124	170	232	99	189	160	250	2	238	170	53	66	122	237	127	161	8	251	192	204	148	190	203	144	5	104	113	136	
180	205	70	238	204	2	70	237	149	146	242	10	107	104	57	83	120	230	14	226	104	247	9	239	178	234	197	16	53	251	240	8	
216	222	87	238	50	74	94	178	181	202	254	245	255	103	129	215	118	245	236	226	233	133	137	111	242	243	103	144	42	242	47	25	
43	187	98	24	255	209	188	199	223	93	92	191	168	140	246	132	207	43	147	149	198	42	102	241	46	93	158	235	95	12	221	223	
10	183	160	184	255	245	185	95	143	93	28	183	172	190	254	236	239	27	159	149	151	75	50	211	159	85	158	239	151	76	189	223	
3	20	118	219	247	180	184	87	237	73	223	179	140	159	190	104	231	187	191	145	150	185	39	193	151	126	154	194	151	196	165	223	
180	76	194	182	196	34	238	192	49	146	243	2	75	232	109	26	121	204	38	242	40	247	137	226	146	206	199	4	229	251	114	128	
43	255	224	26	247	217	188	199	219	93	124	191	40	172	246	164	207	123	151	21	246	250	38	243	46	92	156	235	215	92	223	223	
10	146	226	217	239	245	184	83	159	95	93	183	140	255	126	12	239	27	151	149	150	25	50	209	95	95	154	239	151	76	245	215	
0	140	22	157	92	139	168	103	188	1	122	18	236	234	32	65	122	171	106	128	98	186	67	255	60	54	82	72	80	0	35	136	
15	172	232	67	254	59	251	216	123	243	29	155	221	237	223	58	55	221	87	127	151	80	239	242	110	95	173	252	231	247	211	245	
34	178	242	152	231	241	184	71	91	95	93	191	12	156	118	172	239	187	151	145	150	126	54	210	31	92	158	239	215	76	191	215	
34	188	50	154	119	229	184	66	159	89	80	55	172	222	54	72	239	59	151	149	178	190	18	247	23	20	154	235	148	13	53	211	
54	165	224	227	212	34	234	217	95	49	251	18	73	107	92	72	121	203	23	179	154	240	73	247	190	206	143	196	167	203	240	128	
2	140	146	153	116	169	186	135	30	41	90	18	172	202	48	64	247	43	59	17	50	152	3	247	12	22	155	226	148	8	161	137	
58	149	34	226	85	118	96	81	37	45	251	71	75	27	60	80	120	159	151	160	24	179	1	134	211	229	178	197	107	6	118	147	
50	159	83	170	114	139	22	248	143	72	248	237	111	237	162	144	222	251	135	103	207	186	72	191	184	212	45	186	92	142	10	219	
40	159	122	218	116	195	243	242	86	12	124	34	176	221	182	96	88	58	135	72	138	186	104	191	98	15	162	137	87	138	116	235	
62	205	228	247	150	2	238	183	117	147	118	2	107	105	28	75	107	198	55	250	248	248	77	237	174	239	246	192	231	250	240	136	
34	188	34	153	93	197	184	239	30	85	88	151	172	220	118	0	217	59	147	1	38	58	82	247	45	22	154	107	21	12	181	218	
2	156	20	155	223	197	184	239	30	9	88	51	172	254	40	64	221	59	179	129	34	154	90	247	45	22	158	235	16	12	165	219	
40	159	90	110	114	139	86	246	21	12	124	231	107	251	160	16	94	122	135	98	194	170	72	191	106	253	36	139	127	138	76	155	
34	188	32	153	221	205	176	239	30	125	88	27	172	220	118	0	217	27	147	17	54	122	82	247	45	22	159	111	209	12	149	222	
3	139	2	157	16	134	170	246	174	69	74	199	169	162	54	192	108	107	59	205	199	152	22	253	164	36	138	128	29	134	185	220	
95	201	236	87	166	144	255	180	99	241	22	130	121	111	214	102	38	247	125	223	194	88	175	225	110	107	239	128	167	183	209	109	
40	159	120	79	246	155	215	182	85	12	124	230	107	105	164	0	30	122	134	106	226	170	104	63	102	237	36	153	119	218	196	169	
35	141	33	157	244	215	231	167	86	73	90	66	176	120	178	228	217	106	22	141	151	184	103	191	44	62	190	128	28	76	240	204	
59	95	103	158	188	150	206	247	132	202	216	230	113	110	181	229	92	226	21	239	237	139	118	239	32	106	238	136	63	246	248	28	
188	237	228	243	212	26	238	254	119	51	123	18	75	41	92	67	123	207	55	243	250	248	109	226	62	207	255	196	167	219	240	136	
15	168	236	211	62	153	251	184	62	240	21	138	253	111	222	35	55	83	255	223	194	72	239	245	78	79	239	236	55	135	3	249	
172	90	81	190	42	137	82	216	143	76	241	237	239	221	171	152	222	248	207	99	143	39	74	187	210	209	33	186	126	191	94	81	
199	92	180	213	169	54	188	191	185	250	146	49	204	62	21	123	167	87	253	163	228	197	227	206	23	122	95	150	6	116	161	95	
2	183	162	216	255	245	184	79	143	93	28	183	140	190	118	100	239	27	151	149	150	75	50	209	31	92	158	239	150	76	181	223	
15	249	236	215	190	145	255	188	206	81	94	162	249	239	218	102	38	123	255	223	214	216	239	253	110	77	175	224	54	183	209	249	
66	149	114	249	247	164	184	67	237	89	219	179	140	190	60	64	231	187	191	145	146	155	2	199	159	124	154	194	148	68	161	211	
138	152	182	189	59	216	185	38	189	87	134	181	172	38	2	207	227	39	235	5	54	205	51	197	207	115	90	211	134	4	13	223	
2	140	22	153	116	171	184	230	62	33	90	18	172	194	32	65	231	43	34	16	50	156	0	255	12	22	154	194	148	8	33	137	
244	205	70	190	204	2	102	236	17	146	242	10	107	106	37	83	121	230	46	226	104	247	11	239	178	234	199	0	101	250	240	8	
64	5	150	157	118	170	168	103	188	128	251	2	172	234	32	64	106	175	110	0	16	185	131	205	148	54	90	0	5	72	113	136	
2	183	242	153	247	241	184	71	31	95	93	183	12	156	118	40	239	59	151	145	150	250	50	210	31	20	158	227	215	76	181	223	
31	108	232	71	246	59	255	216	123	226	28	138	89	237	223	54	63	253	119	255	128	242	173	234	126	77	173	164	231	247	83	229	
223	76	238	86	110	18	127	188	121	194	214	138	121	239	151	114	54	245	125	238	204	212	175	235	118	235	239	128	39	247	98	109	
34	187	98	154	127	209	184	231	223	93	92	183	168	140	246	132	143	43	147	21	214	42	38	245	14	92	154	235	87	12	221	223	
94	108	226	247	196	2	238	220	115	162	254	2	105	233	221	26	123	237	117	235	200	246	143	234	126	239	231	160	231	243	114	136	
105	63	211	69	226	58	118	118	105	206	126	236	74	115	135	180	183	254	230	34	149	178	161	200	54	255	101	130	202	246	106	157	
52	76	194	150	196	34	230	204	49	130	250	10	67	232	105	26	121	236	38	114	40	247	137	234	176	230	199	12	225	123	98	136	
