香奈儿可可小姐唇露	166 - 激烈	https://i.chanel.cn/fnbv3/image/full/shades/rouge-coco-gloss--166--55g.0156746_S.jpg	https://i.chanel.cn/fnbv3/image/full/chanel__com_type1/skus_full/rouge-coco-gloss--166--55g.3145891567465.jpg
99	19	112	72	113	26	90	16	105	9	255	236	75	27	140	116	30	156	70	248	137	178	116	220	22	252	0	2	75	130	74	53	
2	133	98	201	214	163	170	103	92	1	90	2	40	170	52	96	123	11	19	145	146	184	5	223	44	44	154	192	149	12	241	204	
2	140	2	156	20	162	42	99	52	1	91	18	104	226	32	64	120	42	34	128	48	152	0	223	32	38	138	128	20	74	176	136	
2	141	98	155	212	163	174	231	22	65	90	131	104	238	52	64	127	107	19	149	178	186	12	255	60	14	142	192	149	78	177	216	
32	141	2	154	148	163	166	231	22	1	88	2	96	232	48	64	89	106	2	81	18	186	8	255	40	4	135	96	149	74	176	136	
48	33	70	141	92	11	224	72	175	161	242	10	10	136	116	0	120	172	110	225	8	251	195	221	156	168	131	60	117	8	112	128	
34	185	50	200	245	213	186	231	15	73	120	43	44	156	118	32	220	59	151	145	150	58	50	247	63	28	158	235	213	14	183	223	
34	185	160	138	221	193	178	199	10	69	72	139	172	140	118	0	201	59	147	209	22	58	210	241	61	20	158	107	213	14	151	222	
166	181	249	243	252	233	185	203	90	121	57	251	220	124	220	9	159	27	87	53	179	120	90	215	12	30	63	254	220	200	147	177	
27	159	67	143	86	178	239	118	53	192	90	231	121	110	182	228	126	239	23	239	229	153	45	255	52	46	170	128	63	230	177	253	
2	187	226	155	246	179	190	231	31	69	90	183	44	238	182	64	255	187	147	149	182	154	46	255	62	30	158	203	21	76	181	221	
3	181	98	203	246	177	186	103	31	73	92	163	172	158	180	96	223	59	147	149	150	184	36	223	46	28	154	234	151	206	241	221	
59	1	114	225	116	153	248	80	109	65	254	138	143	13	182	100	238	153	95	217	142	187	101	192	214	249	170	210	103	142	113	197	
73	112	211	229	98	8	109	20	57	138	114	228	253	23	129	254	54	221	53	234	193	212	161	202	196	252	102	128	46	242	35	57	
130	221	54	156	253	196	188	231	191	95	88	55	172	190	38	65	231	123	191	129	242	137	18	255	45	54	158	139	144	92	165	219	
194	205	150	157	240	169	60	167	62	19	90	16	172	162	0	64	231	59	59	128	114	220	67	247	44	54	94	194	4	80	161	137	
247	98	226	68	71	27	238	64	121	230	118	142	74	8	215	191	122	204	230	239	204	246	165	200	54	24	197	163	111	190	122	140	
72	235	128	154	205	248	165	207	234	21	12	133	173	226	98	198	99	106	234	144	6	9	254	241	158	85	23	109	146	86	175	206	
131	24	19	185	116	180	184	19	190	89	82	117	188	158	182	232	231	43	55	157	183	156	2	215	6	62	186	194	156	4	41	221	
51	134	206	189	84	2	104	127	52	195	210	215	33	35	146	64	125	172	63	173	173	218	197	207	220	46	186	128	173	164	120	216	
95	219	46	190	47	157	190	232	207	220	214	167	236	200	63	67	254	225	255	231	196	35	223	253	242	115	207	155	95	63	57	87	
127	83	46	172	47	23	222	104	205	204	222	175	238	200	55	66	254	229	255	231	204	35	143	220	242	115	203	159	31	63	57	87	
34	157	34	158	223	209	190	230	159	68	220	163	44	252	55	196	234	123	147	195	102	171	62	255	55	54	158	139	23	92	61	222	
130	221	182	153	253	172	188	167	190	91	90	49	172	190	32	64	231	59	187	1	242	216	2	247	45	54	158	194	16	92	165	219	
122	1	98	232	126	27	248	113	109	96	255	139	11	143	180	96	110	133	95	237	216	187	37	196	210	249	170	212	39	142	113	65	
78	219	46	190	175	149	191	236	159	158	150	167	236	232	51	67	238	99	251	199	196	109	11	253	254	115	207	155	22	63	61	207	
61	77	99	207	84	31	238	248	117	232	126	70	91	121	189	244	122	236	22	238	201	178	125	238	54	108	163	128	127	191	112	164	
130	141	150	157	244	171	44	39	62	51	90	16	172	42	16	64	231	47	59	129	114	216	65	215	44	54	222	192	132	64	161	136	
50	97	70	141	76	11	232	105	143	160	242	2	10	138	52	66	120	172	127	225	72	251	195	221	148	168	139	156	117	40	112	128	
3	136	197	185	116	154	232	23	126	65	82	215	189	8	144	232	74	44	54	157	167	188	69	215	132	62	186	192	156	140	121	157	
126	67	170	172	47	6	95	232	169	140	222	175	206	207	55	66	254	237	255	231	204	3	138	200	243	117	207	159	23	63	54	67	
187	1	106	224	118	18	95	113	101	64	255	134	27	15	182	112	126	157	151	238	201	179	37	204	242	233	162	212	103	142	112	113	
198	55	210	130	250	176	184	89	187	189	19	255	140	238	238	222	183	31	239	149	182	91	140	194	156	16	191	239	140	68	175	149	
2	221	54	155	245	213	188	231	158	89	88	51	172	190	38	96	231	59	179	17	114	152	50	247	45	22	30	235	144	92	165	223	
122	65	98	232	110	19	216	113	37	64	244	138	11	15	180	116	110	149	223	236	200	163	101	204	242	249	170	156	55	142	114	208	
47	111	66	78	85	151	238	248	87	200	248	206	104	200	183	164	124	232	134	238	205	178	12	255	54	28	133	142	127	191	122	132	
187	81	106	236	38	18	223	113	101	96	247	174	27	13	182	112	126	157	151	238	205	179	37	206	242	233	162	132	103	174	114	241	
1	128	241	89	116	155	233	23	126	105	114	80	187	8	148	236	234	46	54	24	179	188	101	223	12	190	50	64	220	136	81	173	
62	181	118	98	253	249	208	233	235	189	181	57	14	157	78	27	171	155	199	49	62	107	40	212	219	217	21	119	195	13	198	199	
2	253	50	155	211	213	180	231	159	93	88	19	172	190	102	64	237	59	147	145	118	24	50	247	47	22	158	235	144	92	165	223	
26	157	59	184	211	225	185	103	159	69	72	179	44	191	34	64	235	59	147	145	18	155	18	215	219	87	154	203	183	4	165	218	
60	113	123	100	119	91	87	216	97	224	255	42	91	95	201	48	122	252	213	242	73	179	56	140	243	205	37	181	111	187	102	243	
104	175	210	168	253	233	238	207	139	133	184	10	44	234	113	148	250	235	194	209	18	43	138	253	188	212	15	121	215	70	235	140	
246	182	228	198	127	119	222	248	1	238	189	191	106	60	158	55	221	213	221	163	188	103	253	239	59	95	205	191	103	111	94	87	
56	189	18	162	213	253	178	199	131	77	188	15	46	242	99	148	232	170	194	80	31	43	122	253	191	213	135	123	219	78	238	222	
13	199	205	103	164	91	111	184	100	230	127	68	223	99	219	230	50	76	46	110	193	176	237	10	230	205	39	36	126	250	201	225	
61	117	99	78	84	15	71	248	71	224	253	78	115	241	181	180	88	236	22	110	201	178	253	63	54	44	37	60	127	187	114	164	
39	239	98	26	87	145	142	236	95	76	124	239	104	232	191	132	94	235	147	199	198	58	78	255	62	28	143	171	95	159	122	204	
94	113	187	226	59	211	19	200	171	232	189	40	95	223	107	48	190	253	255	242	9	3	168	200	251	213	7	255	227	51	39	115	
72	188	151	241	169	236	116	151	187	219	166	17	190	191	64	219	165	119	253	16	51	77	178	224	207	251	86	67	194	68	165	91	
190	189	52	240	189	237	80	202	143	189	185	25	142	221	77	153	137	147	207	49	58	99	90	148	155	208	1	127	210	13	70	131	
5	13	31	244	242	134	175	242	188	136	90	96	252	243	161	48	166	119	95	219	113	137	0	110	124	174	111	192	140	33	35	161	
29	12	107	206	86	34	239	114	116	194	223	194	113	109	177	100	126	236	23	175	169	145	45	174	114	47	171	128	39	251	112	224	
82	120	27	188	19	205	53	103	189	132	128	9	172	151	33	80	162	59	203	65	66	207	146	235	241	245	30	59	0	20	39	106	
185	65	106	236	86	18	111	121	101	192	254	2	83	75	187	112	126	236	23	234	201	179	37	142	114	233	164	132	103	186	240	224	
35	16	114	209	245	188	248	7	109	73	122	51	140	31	148	104	238	151	223	17	150	184	97	194	7	124	26	194	199	204	225	215	
2	153	50	218	203	244	184	231	143	93	60	19	44	222	110	70	231	59	179	145	22	11	50	241	31	16	94	235	146	4	165	223	
33	193	107	73	116	207	239	117	68	72	124	66	115	85	180	36	90	40	22	104	193	184	117	29	102	12	164	192	117	154	208	233	
66	241	18	168	59	193	16	64	175	29	128	41	172	150	98	82	226	49	239	81	22	11	130	209	153	212	10	123	16	6	47	95	
23	14	99	143	86	178	235	113	116	192	91	198	89	104	181	228	126	172	22	175	181	145	37	206	52	46	171	128	175	167	112	245	
120	241	26	104	113	205	82	244	33	12	252	9	63	223	98	16	188	185	133	120	74	58	144	29	251	205	36	121	98	146	238	11	
49	23	99	69	116	78	237	55	117	232	250	238	19	37	148	244	126	140	118	172	201	184	117	14	118	174	160	128	111	168	114	185	
9	23	113	197	246	62	232	55	125	73	126	246	153	10	148	236	102	142	22	140	145	184	101	198	6	239	178	192	47	128	241	181	
98	227	18	168	123	193	24	64	143	29	128	171	140	158	102	80	238	153	203	209	6	3	130	209	145	16	138	251	16	15	45	71	
141	63	94	247	180	150	111	178	244	206	126	68	189	227	163	229	102	110	142	74	245	152	182	174	238	233	38	0	42	241	105	249	
184	120	27	252	57	207	87	214	247	168	240	8	191	159	33	48	200	253	84	64	73	191	112	60	227	217	5	50	88	49	70	187	
23	10	66	157	98	178	170	82	188	132	90	231	41	138	183	204	102	109	183	199	132	153	6	232	20	96	170	130	45	165	57	213	
34	33	116	141	108	43	248	75	79	160	248	10	140	138	52	0	234	173	127	33	144	187	193	216	20	56	154	176	85	8	83	137	
56	65	98	236	20	2	78	125	69	0	254	2	75	9	48	80	122	172	23	234	200	179	0	140	242	233	162	144	55	186	242	0	
184	88	123	229	100	207	119	214	85	232	246	8	27	159	33	56	200	252	22	104	9	189	112	170	231	253	37	17	107	185	70	187	
115	51	120	68	118	15	242	112	105	40	248	110	2	56	148	52	254	140	70	105	140	50	228	76	54	28	0	122	77	170	66	135	
114	84	107	236	86	66	223	120	1	228	223	163	81	15	49	64	126	213	21	227	200	147	85	206	243	237	171	129	37	186	52	114	
141	211	13	169	60	139	171	221	22	108	84	230	215	69	177	65	93	8	6	126	227	180	109	31	228	135	171	244	20	152	84	249	
91	168	40	161	21	182	232	70	73	97	154	3	153	8	86	232	232	141	27	149	156	186	245	196	221	89	154	69	5	12	121	78	
153	181	124	107	147	255	113	29	119	121	79	18	219	21	26	228	117	158	159	184	187	152	125	151	207	205	176	70	243	134	244	115	
82	27	26	190	25	148	19	17	133	76	207	69	238	247	38	86	196	242	237	70	142	11	146	189	211	245	138	27	26	47	60	95	
53	73	67	78	68	146	238	112	197	192	249	198	81	200	181	229	120	236	22	239	205	179	44	236	48	40	163	128	127	191	120	148	
141	181	153	147	215	253	169	89	62	113	93	154	221	119	90	40	59	27	146	184	51	112	252	214	205	5	59	100	156	75	133	240	
130	48	146	144	109	173	176	67	191	27	81	24	140	158	96	11	237	59	179	17	50	117	146	192	21	16	90	106	128	72	35	131	
131	148	177	153	181	181	184	3	158	91	16	117	172	190	118	237	135	59	155	149	183	92	18	215	141	86	154	226	156	68	137	215	
232	88	190	254	105	221	177	84	164	78	214	61	60	221	99	75	204	124	255	66	96	231	242	162	87	225	112	155	66	61	54	251	
56	5	104	99	84	43	107	17	100	32	127	2	27	9	152	112	122	136	22	168	136	176	101	28	70	205	32	196	103	130	98	160	
12	60	171	243	71	124	179	82	246	207	95	18	157	247	83	42	121	252	211	154	17	116	186	162	95	197	227	109	163	107	55	242	
252	88	175	214	77	68	231	196	248	222	182	27	120	223	51	91	105	228	239	195	104	103	178	234	209	35	250	25	1	121	119	122	
215	76	254	244	110	32	221	194	249	150	150	154	124	234	87	123	167	245	125	207	232	71	182	234	209	58	223	155	133	241	35	100	
55	34	46	140	76	22	248	88	204	192	209	79	17	136	119	75	236	133	91	167	140	35	150	200	19	9	203	61	29	171	120	208	
194	92	54	248	105	228	144	66	169	26	176	25	46	158	37	27	236	49	223	19	34	39	146	227	147	248	82	26	80	93	35	27	
15	93	103	142	115	151	171	120	157	192	93	230	108	214	189	228	118	49	147	239	225	131	54	252	50	124	139	138	31	183	33	245	
60	56	182	255	41	247	89	90	23	170	127	48	126	159	97	124	149	125	181	18	136	214	243	176	195	255	113	187	210	237	36	19	
24	105	122	101	82	91	114	112	109	36	102	10	63	25	3	176	54	157	196	104	68	184	53	12	247	201	32	1	99	138	71	139	
254	246	100	198	255	87	222	248	9	238	189	191	74	60	158	54	159	213	221	103	172	103	237	142	187	94	205	247	103	255	86	87	
207	58	189	246	233	36	153	90	139	251	149	124	156	191	197	43	141	85	127	147	161	71	250	224	95	91	255	190	136	97	3	243	
97	51	121	5	126	13	163	120	106	236	248	110	48	136	212	18	62	205	66	110	199	122	228	72	124	12	37	56	77	42	66	217	
29	67	131	169	16	38	107	24	36	9	219	194	213	7	177	96	116	149	63	221	9	144	97	76	196	166	170	196	180	163	33	32	
119	246	237	115	168	45	84	157	63	251	179	249	114	125	92	59	149	215	125	149	191	71	219	210	155	26	245	246	233	82	214	119	
203	186	244	215	174	180	185	187	175	223	22	181	252	254	222	239	135	119	253	141	151	76	175	241	78	123	255	238	134	228	141	117	
82	113	26	100	19	94	121	100	169	164	238	13	14	130	6	86	176	253	232	240	76	217	176	76	243	229	10	67	97	0	47	78	
247	182	253	103	168	38	222	9	123	187	179	249	82	125	220	123	223	221	125	183	185	198	203	66	154	58	237	150	205	227	210	51	
102	187	233	122	154	237	212	147	31	105	176	237	50	253	84	56	223	251	127	21	155	106	218	115	91	30	53	186	221	72	214	127	
24	73	82	101	83	88	120	113	41	4	102	130	47	23	0	176	38	153	213	192	64	152	53	205	215	205	2	3	99	128	39	168	
34	191	106	12	246	145	190	119	89	12	120	239	32	40	182	1	254	171	135	229	244	187	4	223	58	29	170	235	93	142	254	221	
134	248	178	154	239	229	186	198	158	89	80	19	172	222	103	8	205	123	147	211	146	94	26	243	29	20	159	235	144	29	53	219	
31	14	199	149	2	178	174	210	60	194	90	215	125	230	183	239	119	111	183	143	165	220	37	234	28	46	255	128	175	245	41	221	
172	179	41	171	252	205	213	189	70	125	181	105	210	93	88	32	217	2	87	61	218	34	107	151	237	157	165	252	84	138	212	227	
75	184	244	215	174	188	184	159	239	255	30	181	236	254	222	110	135	119	253	21	151	76	175	241	78	127	95	162	134	228	141	127	
102	191	1	232	254	173	175	223	10	41	152	234	244	253	64	32	221	115	119	17	147	43	218	115	125	44	175	248	221	74	147	177	
230	61	228	196	238	55	158	248	137	250	153	171	76	254	87	35	207	245	223	231	208	99	238	200	58	24	207	190	71	255	51	213	
60	156	212	124	48	174	90	186	187	155	60	40	239	251	1	24	151	241	36	56	42	228	74	255	202	255	117	30	210	225	66	3	
143	173	112	109	244	154	126	179	127	48	90	192	221	105	148	113	23	109	55	110	208	240	205	189	110	248	165	228	46	173	211	129	
58	1	114	225	52	185	248	82	109	0	254	2	143	11	180	96	238	129	31	249	138	187	101	196	150	217	170	208	103	142	113	133	
18	207	206	156	242	146	188	231	158	150	214	247	45	174	167	193	111	251	167	133	164	219	7	255	58	39	255	131	181	244	173	221	
18	174	238	188	250	208	188	230	158	151	214	179	44	174	166	66	103	251	175	129	118	219	134	255	186	35	254	139	53	84	173	207	
3	148	19	185	115	244	184	83	190	89	90	85	188	158	32	232	229	59	19	149	183	156	50	215	13	62	26	194	152	4	161	223	
27	83	46	142	47	151	158	104	205	204	222	175	236	216	55	192	254	229	255	231	196	35	30	253	242	113	143	155	95	62	57	87	
166	178	124	242	239	201	180	237	143	63	177	59	78	220	108	1	171	147	239	17	82	111	10	213	63	18	127	255	213	10	199	135	
35	2	204	189	20	130	104	51	52	99	82	215	177	35	146	64	108	172	63	141	173	156	69	207	204	46	186	192	45	140	120	152	
250	1	114	232	86	3	234	113	101	0	255	10	11	11	52	80	106	133	95	233	216	171	5	204	146	249	130	220	39	142	112	128	
126	83	106	172	63	22	95	104	137	140	222	175	79	239	51	80	254	229	223	231	204	131	168	204	242	245	139	155	55	63	62	67	
43	207	98	207	117	151	238	248	85	72	124	198	104	232	180	228	120	236	150	238	205	178	60	238	54	124	135	138	127	190	120	132	
2	221	34	158	223	213	190	231	158	71	88	163	172	254	38	64	237	123	147	193	102	11	58	255	61	54	158	171	21	92	181	222	
2	221	50	155	255	197	188	231	158	91	88	19	172	254	36	64	231	123	179	129	114	152	18	247	45	54	30	203	16	92	165	219	
2	148	59	217	87	228	177	87	254	73	78	18	188	190	36	100	229	59	19	17	147	152	50	215	77	62	26	66	152	0	165	191	
43	85	67	9	85	151	174	108	93	96	88	198	8	8	181	164	120	8	146	239	229	178	117	220	36	28	138	162	95	30	121	156	
58	189	82	168	215	251	210	199	155	13	188	15	42	234	38	148	248	171	134	145	62	43	16	255	187	213	134	123	251	14	254	222	
250	65	98	232	94	19	202	113	5	0	252	138	11	15	180	80	110	133	95	234	200	167	101	204	178	249	138	152	55	142	114	128	
129	136	115	89	52	173	233	55	124	9	114	80	189	3	148	108	195	42	38	28	179	188	97	215	4	190	50	64	192	136	65	169	
2	253	50	155	211	193	190	239	30	85	72	179	172	254	38	64	239	123	147	145	118	24	26	255	45	22	158	107	21	92	181	222	
23	5	103	205	86	146	239	113	116	192	219	198	81	108	180	100	126	172	22	173	241	179	36	206	48	46	171	128	47	170	240	244	
41	253	67	78	85	159	70	252	87	232	252	78	122	208	180	180	88	236	22	110	201	178	252	255	54	60	5	44	127	191	122	164	
61	93	83	79	85	31	102	248	85	104	252	78	90	209	181	244	120	236	22	110	201	178	124	255	54	124	133	40	127	190	114	164	
59	5	106	225	54	50	91	82	117	96	255	134	27	13	183	116	126	136	23	189	185	178	101	142	242	205	162	132	103	143	112	241	
147	203	74	188	62	145	188	231	140	4	216	231	44	138	178	192	110	43	159	197	198	137	6	253	176	97	186	139	61	156	185	221	
126	121	123	234	59	211	91	200	173	232	189	168	95	223	107	48	254	253	221	242	73	3	168	232	251	213	15	187	35	51	39	115	
60	117	123	100	118	91	87	112	97	224	253	46	91	95	185	48	126	252	151	234	201	179	56	140	243	205	37	1	111	187	102	243	
184	191	62	170	189	213	19	247	143	77	188	47	46	254	38	145	236	179	206	112	191	43	112	253	251	213	38	251	218	12	238	223	
34	239	96	154	215	209	190	238	31	5	88	163	40	236	54	0	255	107	131	215	230	58	78	255	62	20	159	235	85	30	191	206	
48	92	123	244	87	239	115	194	189	132	126	10	62	159	33	24	170	253	135	80	8	185	48	236	211	245	2	3	224	121	37	234	
74	188	183	178	137	252	52	199	191	219	34	16	172	190	96	223	161	119	251	16	51	201	146	225	143	242	94	75	130	84	167	63	
199	246	195	145	242	128	188	255	58	241	83	247	141	142	222	205	55	15	151	181	247	220	140	198	60	16	191	230	173	132	171	213	
38	179	94	144	239	201	180	99	175	63	177	59	142	216	108	25	171	19	207	17	82	111	10	212	156	18	119	255	212	8	143	131	
141	95	22	228	179	150	61	119	164	204	94	100	157	243	163	230	38	125	182	168	225	152	176	206	238	255	47	128	10	180	41	177	
2	144	114	209	244	172	184	7	173	25	123	48	140	30	20	72	239	27	151	17	146	188	64	195	7	60	26	194	196	12	225	155	
2	153	50	218	203	245	184	199	143	93	92	19	44	222	102	65	239	59	147	145	22	11	50	241	27	16	30	235	147	4	165	223	
35	171	99	9	213	151	234	220	71	97	88	199	40	8	182	164	120	170	18	253	151	186	85	253	62	28	138	226	223	142	120	156	
1	155	113	211	244	236	233	55	125	89	126	244	189	23	148	100	103	27	22	156	147	184	117	229	70	252	178	192	142	128	193	249	
122	241	18	168	59	201	18	64	171	12	169	41	142	159	96	80	190	185	205	112	74	3	144	213	187	213	10	123	18	6	39	87	
151	27	70	151	18	146	170	81	60	192	83	231	73	202	183	204	118	173	183	223	181	153	5	238	48	110	171	192	47	167	57	149	
40	249	122	107	244	207	103	117	97	12	125	8	51	85	160	48	30	184	6	120	218	186	48	29	111	141	36	96	115	138	198	169	
49	87	115	69	116	78	109	55	116	232	126	230	179	53	148	116	110	188	118	12	233	184	117	14	103	174	176	128	109	136	210	185	
41	117	123	105	116	207	115	112	80	12	125	10	19	23	161	48	126	184	23	106	201	178	48	30	103	141	32	32	113	139	102	187	
29	93	119	255	161	212	127	178	245	198	110	4	191	247	163	245	230	106	188	78	205	152	54	237	234	251	198	1	42	244	104	93	
80	124	27	244	19	239	51	198	189	160	234	8	62	151	33	112	162	253	203	64	32	155	48	110	209	213	10	19	64	49	39	42	
141	181	121	225	213	255	121	121	126	119	93	18	221	119	74	172	59	26	159	56	51	248	61	150	207	223	191	101	182	204	133	242	
156	60	186	243	213	253	115	210	246	219	95	50	153	247	107	47	121	218	223	154	179	240	184	162	223	205	163	229	163	109	101	243	
104	200	25	248	56	197	91	158	134	85	100	13	183	199	42	80	214	26	15	76	11	10	122	53	231	253	32	57	16	153	4	121	
124	92	170	222	77	116	181	214	176	222	244	47	56	255	99	123	233	240	191	130	169	103	178	226	215	39	254	137	195	121	119	251	
134	48	146	152	203	228	180	67	190	19	65	19	140	158	96	75	235	59	163	145	18	79	146	192	21	18	90	107	144	64	165	146	
184	65	98	236	212	2	78	125	69	0	254	2	91	9	180	80	120	172	23	234	216	187	1	140	242	233	162	148	119	186	240	136	
130	149	62	216	139	229	189	103	158	23	76	19	188	191	38	107	225	51	187	1	114	73	18	213	107	51	90	75	16	64	165	170	
53	64	107	65	84	42	235	88	84	224	247	66	83	65	189	96	120	140	22	234	137	180	45	14	116	141	161	132	101	187	112	160	
2	36	114	133	124	43	248	71	109	33	250	26	140	10	20	64	234	143	95	1	144	187	193	194	148	60	154	144	69	8	209	137	
246	99	98	14	79	82	246	96	193	196	253	143	74	232	63	7	120	236	194	231	204	243	180	200	50	56	193	43	103	63	126	214	
121	64	210	77	71	26	110	121	113	2	118	66	89	3	157	244	122	204	182	238	201	182	197	203	22	254	194	4	47	182	106	164	
9	83	61	233	38	143	229	24	70	236	86	134	215	5	147	44	94	40	30	110	193	176	117	28	197	139	97	180	52	154	20	241	
53	77	107	206	196	34	239	113	197	128	255	66	115	225	181	117	120	236	22	234	201	179	44	44	112	168	167	128	101	251	112	160	
35	205	98	218	93	208	238	238	207	17	252	2	40	216	182	228	105	234	146	218	70	43	62	255	63	28	150	107	55	159	120	174	
13	180	121	169	254	75	185	251	30	113	29	154	156	60	88	161	159	27	211	61	179	108	123	215	76	31	127	252	148	136	133	241	
33	51	113	69	118	15	235	104	104	236	249	110	18	8	149	16	254	141	70	101	193	178	244	78	52	12	35	48	77	42	67	241	
100	161	28	184	237	201	148	235	143	63	177	56	142	216	104	17	201	19	238	16	82	111	74	213	157	146	95	127	208	8	135	131	
2	141	150	153	244	172	188	167	62	27	90	16	172	186	32	64	199	59	51	1	114	216	3	247	44	54	158	194	144	72	129	137	
34	143	98	158	87	210	190	230	157	196	216	163	104	236	54	196	250	235	147	199	228	155	46	239	50	54	142	139	23	62	61	222	
74	191	130	138	221	249	182	199	171	69	172	143	172	230	98	212	105	235	202	144	22	43	178	241	191	85	159	123	210	78	175	222	
185	69	106	228	118	18	79	113	85	64	247	130	91	13	178	113	126	156	21	239	233	179	37	142	242	233	160	128	103	186	112	241	
53	13	235	239	148	34	239	113	85	194	223	130	83	109	177	96	122	230	23	171	184	179	45	142	114	175	167	128	229	251	240	224	
53	77	99	78	196	50	239	112	196	192	251	66	83	200	181	229	120	236	22	238	201	179	44	44	48	40	227	128	109	251	112	164	
31	13	227	207	150	162	239	81	116	195	95	214	89	111	191	100	127	238	55	189	177	145	45	206	124	46	175	196	175	230	177	245	
247	124	230	198	254	63	222	240	153	234	191	175	74	60	23	50	159	245	221	231	172	227	237	238	63	126	205	182	231	255	86	215	
88	49	58	96	17	70	121	117	33	12	230	5	11	159	34	80	176	157	204	160	76	147	176	76	211	233	2	7	97	0	38	90	
246	119	224	230	255	23	222	248	27	239	181	191	74	61	159	51	223	213	223	231	172	103	237	238	59	94	205	183	231	191	86	87	
141	231	228	101	181	90	111	184	117	238	126	164	219	229	219	231	50	76	142	110	229	244	173	138	238	253	37	133	110	255	76	245	
49	83	113	65	116	31	218	80	109	104	251	110	75	8	149	52	254	140	6	238	140	178	101	204	38	252	32	6	111	171	66	133	
159	18	54	155	175	118	185	24	205	127	151	182	205	28	190	239	103	20	190	191	149	225	47	208	130	123	219	199	182	175	61	117	
162	99	226	28	77	81	246	104	217	238	245	171	104	204	255	20	248	236	131	231	204	119	166	202	54	28	197	171	71	62	126	198	
230	109	228	196	236	39	222	106	139	234	152	11	12	174	85	3	238	245	95	231	224	111	200	234	62	24	207	188	133	127	19	193	
130	249	178	154	237	133	188	198	158	25	80	19	172	158	113	8	207	123	179	209	194	76	26	241	45	16	158	234	144	29	161	155	
130	157	150	156	245	132	188	230	190	11	90	49	172	190	32	64	231	123	183	129	114	218	18	255	45	54	158	138	144	84	165	219	
159	31	199	149	146	178	170	83	60	193	83	247	93	238	177	236	119	111	183	157	181	212	173	202	28	110	239	192	175	229	169	245	
166	249	162	154	207	197	190	196	159	212	80	139	44	220	119	8	205	123	147	215	198	79	154	241	61	16	143	171	21	61	55	222	
24	81	122	101	83	79	113	116	105	4	102	10	47	9	2	16	38	185	192	0	68	184	53	76	215	201	0	1	99	128	71	234	
131	205	106	154	87	148	254	230	191	69	204	135	40	202	54	64	239	235	147	197	230	15	54	247	58	29	154	139	29	20	185	222	
93	81	3	172	52	2	78	88	6	72	216	230	211	195	161	224	92	200	22	238	73	18	93	24	180	229	170	140	62	186	40	153	
130	176	146	144	199	237	180	71	190	27	65	18	140	158	104	11	165	59	179	17	18	124	146	193	13	16	94	107	144	72	161	131	
61	185	225	193	126	75	203	152	71	249	56	234	211	29	221	164	94	220	23	123	155	48	109	148	15	140	165	244	255	171	80	177	
99	179	233	122	240	141	142	223	58	41	249	105	246	121	92	176	157	219	119	21	155	58	202	115	125	12	61	248	221	90	146	59	
207	56	189	242	233	37	185	90	139	251	53	124	156	191	69	43	141	83	119	153	179	70	250	224	95	219	127	234	136	97	3	243	
67	180	240	221	174	184	184	159	239	217	28	165	172	254	214	98	167	127	253	149	150	72	174	241	14	125	31	234	134	196	131	95	
75	188	244	221	170	180	188	159	143	219	30	181	236	255	214	110	167	119	255	149	150	76	170	243	14	126	223	234	134	228	133	127	
103	178	233	99	232	45	140	153	58	187	187	121	210	121	92	184	157	151	125	183	155	98	203	83	253	30	237	244	205	66	210	51	
153	122	107	9	38	215	175	212	204	78	84	230	185	220	183	164	110	40	150	239	199	181	52	248	38	73	170	128	127	159	125	253	
25	115	33	193	36	15	107	56	68	232	95	198	211	5	144	36	92	136	30	110	201	176	117	28	229	204	33	144	38	170	80	241	
147	90	78	190	6	146	158	118	157	198	210	231	41	202	183	193	110	225	183	199	236	143	6	236	50	99	234	139	45	181	57	93	
123	81	42	174	63	159	158	104	205	204	222	175	238	216	55	64	254	229	255	231	204	35	28	253	242	117	143	155	95	62	57	87	
57	5	106	225	118	50	235	83	85	192	127	130	27	13	183	96	126	140	23	189	184	176	101	142	242	237	162	132	231	207	112	225	
1	142	75	181	52	170	104	51	124	67	90	213	177	34	144	96	66	46	63	141	181	156	69	79	132	62	186	192	172	128	89	88	
242	1	98	232	92	3	202	113	77	0	249	10	11	11	52	80	106	133	95	224	216	171	65	204	178	248	130	216	119	138	114	128	
33	113	105	37	124	15	171	112	96	236	249	78	211	21	144	32	28	140	86	239	193	178	244	76	101	140	43	160	73	171	67	241	
122	71	106	172	55	22	95	120	1	140	252	175	107	207	51	80	254	237	149	231	200	179	40	142	243	253	173	155	55	190	118	115	
153	29	116	253	189	212	93	55	245	68	126	4	191	255	179	244	198	42	189	12	239	152	115	223	235	255	150	139	62	132	108	221	
2	221	34	158	223	209	190	231	158	68	88	163	172	254	54	64	235	123	147	193	102	154	58	255	53	54	158	139	21	92	181	222	
2	221	50	155	247	197	188	231	158	11	88	19	172	254	32	64	231	123	179	129	114	152	18	255	45	54	30	203	16	92	165	219	
1	158	59	217	52	172	169	55	252	73	94	80	188	178	180	100	165	59	30	29	179	184	48	215	13	190	58	66	136	0	225	169	
34	239	98	158	223	209	190	239	95	69	88	163	40	236	54	0	219	107	131	199	230	58	110	255	62	22	159	235	85	30	189	206	
186	65	98	236	68	3	206	113	69	32	241	10	11	11	53	80	122	141	95	226	200	167	4	206	178	233	138	184	119	154	114	128	
1	158	59	89	48	172	249	55	252	9	126	84	188	179	160	96	165	58	6	24	179	188	48	87	79	191	50	64	216	128	225	171	
153	93	54	245	49	214	125	119	245	206	126	52	173	247	162	228	230	58	182	136	229	156	178	206	227	255	150	139	42	180	169	223	
35	239	66	94	117	159	230	236	95	200	124	78	104	200	190	180	216	234	146	110	199	58	94	255	62	28	133	171	95	190	218	140	
255	3	66	76	69	18	110	120	113	8	247	102	72	130	182	245	120	204	166	238	205	178	228	204	54	120	194	134	111	166	122	133	
124	121	123	238	51	211	87	240	33	192	253	42	127	223	33	48	254	249	221	226	73	131	56	172	243	221	5	59	123	179	102	115	
60	93	123	110	87	87	87	240	69	192	252	46	123	223	49	48	126	248	151	234	201	178	56	174	115	205	37	0	111	187	102	243	
146	30	206	157	242	146	190	246	150	134	90	231	173	234	183	192	111	239	183	133	164	216	4	239	60	103	190	129	45	244	57	221	
74	184	150	144	137	221	48	199	191	217	166	24	174	190	102	254	161	115	251	16	23	105	146	241	155	210	94	123	202	84	139	31	
34	239	96	155	215	209	190	239	30	69	88	163	168	236	54	0	219	123	147	213	86	58	110	255	47	22	159	235	85	30	189	222	
74	188	183	220	203	208	180	231	191	23	70	49	172	190	100	223	163	123	235	17	50	73	146	241	187	114	94	75	130	84	173	63	
2	152	18	219	244	172	184	7	173	25	123	48	140	158	52	72	167	59	23	17	18	152	66	227	12	60	26	194	132	8	161	137	
56	127	122	104	112	207	83	112	96	12	124	76	51	23	32	48	62	184	7	106	202	178	48	31	119	205	32	224	113	139	78	187	
23	78	71	151	22	146	238	117	180	192	219	214	89	234	180	228	126	165	63	173	181	149	37	206	48	46	171	192	47	166	185	85	
185	69	106	236	84	2	79	117	85	128	254	2	83	105	176	113	120	236	23	234	248	179	36	142	114	237	160	132	103	186	240	160	
35	185	99	73	117	191	226	212	79	97	120	70	56	24	180	164	120	170	18	125	151	186	116	253	44	28	128	98	95	142	90	140	
33	93	123	117	116	206	109	55	124	77	126	116	179	53	144	112	78	190	86	12	249	184	117	15	101	191	48	128	101	128	198	249	
1	217	59	218	240	196	189	183	255	93	124	116	188	215	164	96	135	59	23	24	211	9	50	245	111	189	62	202	152	128	165	249	
58	152	106	190	95	209	147	226	151	85	196	171	41	221	34	64	105	187	147	129	74	15	58	191	115	69	154	187	55	12	60	250	
84	61	91	240	178	203	51	99	172	164	254	163	30	151	161	80	162	125	207	66	16	153	160	110	209	229	43	195	32	33	39	227	
2	140	114	145	244	169	248	7	109	17	250	18	140	10	16	64	239	143	95	145	178	184	65	199	4	52	154	192	132	8	161	137	
136	242	158	187	236	201	181	207	142	63	53	57	142	253	234	2	203	27	238	0	82	61	234	209	252	145	63	255	80	8	141	195	
38	75	98	30	109	208	182	96	217	204	245	171	104	236	183	53	248	232	227	231	196	179	166	205	50	56	193	171	71	63	126	214	
23	132	227	199	150	162	239	117	117	195	95	210	89	239	180	100	127	238	55	189	177	157	37	206	56	46	175	192	167	230	240	116	
53	5	234	236	212	34	239	125	84	128	255	2	81	233	184	96	120	230	23	168	184	179	37	206	122	175	167	128	229	250	240	32	
58	191	54	154	91	221	146	247	155	93	188	47	46	254	38	149	236	187	207	209	191	107	112	253	187	81	46	251	219	12	174	223	
249	19	67	197	69	30	110	112	117	42	118	70	75	3	176	244	120	132	166	234	201	150	117	206	150	250	194	4	59	174	120	36	
153	95	118	117	53	222	125	55	253	206	126	133	11	254	183	245	166	236	189	12	237	252	52	206	235	249	69	131	110	244	108	85	
138	242	210	179	234	137	180	239	174	63	113	255	140	238	234	128	167	27	239	17	86	125	10	209	60	19	127	239	92	14	141	147	
153	126	118	117	53	222	125	182	125	238	118	36	139	174	183	247	38	108	172	108	229	252	53	206	226	251	101	135	110	244	76	221	
9	148	116	233	183	93	121	255	95	119	92	18	159	63	122	228	51	27	191	40	247	24	61	151	207	223	23	229	54	204	141	243	
170	155	62	184	233	221	180	244	157	94	180	61	46	222	34	19	236	179	223	99	244	111	114	253	251	83	126	251	90	12	173	219	
149	71	78	167	132	2	238	245	52	194	91	199	81	97	187	67	124	236	23	239	237	145	13	10	240	169	239	132	45	251	184	144	
188	0	84	115	36	10	72	56	57	18	183	24	203	75	28	27	58	128	68	234	120	244	73	165	134	251	112	84	103	131	194	0	
28	60	186	241	213	254	113	210	183	223	220	51	155	255	99	47	253	248	223	144	187	243	178	138	223	223	183	239	227	109	101	243	
232	90	186	254	77	84	245	82	154	222	244	63	60	255	99	90	237	244	183	131	200	103	250	193	87	247	250	171	19	124	118	251	
63	197	234	237	212	18	238	223	85	193	126	2	89	41	190	96	123	206	23	185	220	186	37	206	122	239	182	196	231	254	240	236	
53	208	113	65	208	79	75	185	71	113	36	72	83	23	200	52	93	152	22	124	219	48	125	21	109	140	165	116	123	138	192	240	
2	177	146	152	199	197	180	199	190	19	64	18	140	158	104	72	161	27	179	17	82	120	18	241	45	16	94	111	144	80	165	155	
53	13	107	78	196	2	239	113	192	130	255	66	113	225	181	101	120	238	22	234	217	179	44	108	48	172	231	128	101	251	240	160	
171	205	106	218	95	209	182	238	223	21	156	2	40	216	118	228	233	234	146	193	102	47	62	247	63	29	158	107	21	29	253	206	
43	143	98	206	117	151	238	248	93	72	124	70	104	232	182	228	120	234	150	239	205	186	44	255	54	60	135	138	95	174	120	141	
53	87	113	99	52	14	239	16	105	104	251	103	83	8	157	48	190	141	6	231	201	178	117	76	36	172	34	132	109	155	66	209	
230	109	166	132	252	5	158	226	137	170	152	10	44	46	85	19	239	229	95	227	224	79	200	234	61	30	207	184	133	121	19	136	
32	105	121	124	120	204	75	56	225	64	228	8	179	215	49	48	92	184	64	104	75	162	114	13	99	189	0	24	80	160	70	176	
223	18	230	209	175	84	152	25	207	255	151	183	200	28	254	239	231	149	189	149	156	69	47	208	219	123	219	215	183	172	61	119	
184	5	98	236	212	2	78	125	69	0	254	2	91	41	180	80	120	140	23	234	248	187	0	142	242	237	162	132	119	138	240	136	
246	125	230	244	252	159	222	226	153	232	178	139	106	61	151	51	238	245	223	231	232	235	232	238	63	126	205	146	199	253	82	213	
66	173	244	183	180	168	248	135	175	145	26	2	237	234	92	66	231	111	127	145	146	248	203	225	172	249	159	196	133	64	209	137	
162	249	178	158	79	197	190	230	158	208	64	139	172	220	101	1	206	123	147	195	66	107	154	249	53	16	223	43	21	29	55	218	
130	249	144	155	205	197	188	199	158	25	64	2	172	158	97	8	237	123	147	209	66	88	154	241	45	16	158	106	16	92	177	155	
246	117	244	198	254	19	158	240	27	234	177	191	72	125	159	58	255	213	247	231	232	103	237	254	58	126	205	182	71	255	86	215	
123	213	116	105	149	223	84	191	119	123	255	50	74	125	28	117	245	159	189	176	254	176	121	215	251	255	20	215	243	70	196	119	
239	56	189	246	203	100	185	91	171	251	53	26	156	191	69	59	173	87	251	17	179	71	186	224	95	219	95	186	136	113	7	251	
66	188	246	223	238	180	188	159	143	251	94	163	172	254	244	106	135	127	255	149	146	72	171	241	14	60	159	234	134	198	129	223	
134	109	132	133	236	33	174	206	142	178	152	10	172	234	113	67	201	74	106	243	64	111	202	240	60	16	143	188	20	121	113	136	
226	229	144	206	124	14	222	109	153	171	185	24	238	248	92	3	219	199	110	33	96	107	200	207	56	62	87	190	64	122	211	9	
170	205	43	184	213	196	189	231	158	95	208	23	56	142	54	193	233	139	147	133	118	15	50	247	121	47	190	201	17	20	244	218	
74	190	162	136	219	253	179	223	171	77	156	175	172	254	102	180	233	171	207	148	151	11	190	243	191	85	159	251	155	78	175	223	
97	207	105	103	52	11	111	183	116	226	250	236	243	33	144	48	90	238	126	44	249	184	117	47	236	174	165	128	108	170	210	184	
42	182	121	83	227	253	177	67	191	127	60	189	188	156	70	56	167	59	215	17	150	124	50	243	79	31	56	251	213	76	199	223	
96	44	212	254	56	171	90	138	187	161	184	8	238	234	5	16	151	231	108	16	50	105	203	255	138	254	3	56	208	225	67	9	
66	189	246	219	254	176	184	143	143	89	90	179	172	254	116	98	167	127	255	149	146	73	170	241	46	124	159	234	148	196	161	221	
151	6	235	197	198	50	173	89	124	226	87	214	81	44	191	108	126	12	55	175	177	180	37	202	20	46	234	132	173	240	113	245	
57	5	106	225	246	50	107	87	85	97	126	130	91	45	183	32	126	140	23	189	185	176	37	142	118	237	160	128	231	207	240	225	
208	217	63	252	19	204	53	119	236	192	78	4	180	179	32	115	162	55	57	8	225	185	48	13	243	235	86	2	40	16	165	43	
90	201	42	174	31	145	159	232	143	132	140	139	238	201	114	64	250	227	251	231	76	35	154	253	243	117	143	59	23	62	61	66	
58	87	106	172	119	151	95	120	5	196	252	143	107	205	50	80	254	237	151	231	204	179	60	159	243	253	137	155	119	190	118	114	
186	5	98	232	20	3	202	113	69	32	248	10	11	11	52	81	122	136	31	226	216	179	64	206	178	201	130	208	119	138	114	128	
103	67	98	76	125	19	242	120	209	132	255	142	72	200	191	245	124	172	162	238	204	179	116	204	54	56	129	11	95	175	122	196	
34	157	34	158	223	193	190	230	30	69	88	163	172	254	54	64	255	123	147	193	102	154	26	255	61	54	158	139	21	92	181	222	
2	221	18	159	241	133	190	231	30	27	88	18	172	254	32	64	247	123	179	1	114	152	18	255	45	54	30	202	16	92	161	155	
210	74	78	188	74	128	190	246	156	134	214	231	45	175	179	67	110	225	191	199	228	143	6	239	240	99	250	137	45	181	61	219	
38	73	98	30	95	209	182	96	217	196	249	171	104	236	55	1	218	251	179	195	68	43	238	253	55	48	138	171	85	63	118	214	
34	239	96	155	215	209	190	238	30	69	88	163	168	236	54	0	219	107	131	197	86	186	110	255	46	22	159	235	85	30	157	222	
210	203	78	188	90	192	61	103	164	4	212	163	45	135	162	81	102	179	143	193	98	143	34	237	240	35	250	139	53	20	165	235	
60	125	123	238	19	211	87	224	33	192	236	42	127	223	33	48	254	249	213	226	73	163	56	191	243	221	5	59	123	179	102	242	
39	175	96	27	245	157	246	236	95	233	124	76	104	232	190	180	217	234	146	79	198	186	94	255	46	28	5	107	91	158	218	140	
194	169	52	179	174	136	188	175	191	177	82	144	173	206	84	75	167	127	127	209	242	92	139	247	172	218	223	234	4	4	129	9	
3	31	66	189	246	146	174	246	20	202	90	231	233	234	183	192	127	239	183	205	229	152	5	239	44	47	190	128	45	244	57	157	
90	168	215	156	203	208	188	231	191	151	82	179	44	190	164	199	39	123	235	129	38	217	134	253	30	34	94	139	167	68	173	223	
34	239	32	155	215	209	190	239	30	101	88	163	172	236	118	0	219	123	147	145	118	154	110	255	45	22	159	239	149	94	181	222	
35	79	99	65	119	219	167	117	93	104	112	226	40	8	180	164	126	40	18	104	227	184	100	255	38	30	0	130	95	142	82	173	
2	152	18	155	245	172	184	7	174	25	89	48	172	158	120	72	199	59	147	17	18	28	2	243	13	52	26	202	148	72	129	139	
2	188	50	218	255	229	184	207	142	89	88	19	172	222	110	72	231	27	147	145	146	11	26	241	29	16	30	239	144	4	165	219	
19	196	103	133	22	50	239	116	116	194	218	214	81	238	188	229	126	228	62	173	165	145	37	206	48	46	234	132	45	166	241	124	
35	166	98	10	245	159	250	77	95	77	93	207	40	200	190	132	217	41	130	21	214	186	76	255	62	28	137	235	223	14	250	205	
1	221	123	119	116	204	109	55	124	77	126	116	179	55	144	112	6	58	86	8	243	184	112	111	231	191	48	128	64	144	199	249	
2	216	59	248	251	196	57	247	158	93	116	54	188	215	34	96	199	59	23	8	195	11	50	247	75	189	62	234	16	0	165	251	
58	152	106	250	91	193	145	231	151	85	132	171	60	159	34	64	239	187	147	129	10	15	50	191	211	69	154	59	55	12	60	250	
2	140	82	147	244	168	184	39	44	17	122	18	172	10	16	64	231	11	31	145	18	184	66	231	12	52	154	194	132	8	161	137	
184	5	98	236	212	18	78	118	85	0	254	2	91	41	176	81	120	142	23	234	248	187	37	142	242	237	160	192	119	138	240	136	
34	249	50	158	79	193	182	230	154	80	72	171	44	252	100	0	234	123	147	195	66	107	154	249	53	16	223	43	21	31	55	218	
42	181	176	26	235	245	158	239	155	95	61	173	44	252	110	172	159	83	147	17	150	42	58	247	31	30	93	235	215	79	143	223	
234	218	54	188	111	221	176	240	157	94	244	63	236	255	34	95	236	241	255	67	228	111	114	181	215	243	122	187	83	45	37	219	
223	18	230	208	175	112	88	0	223	254	151	183	74	220	255	239	231	149	255	183	188	71	191	194	155	89	219	255	134	237	61	87	
202	248	178	254	40	141	124	246	191	122	84	185	175	223	96	91	135	121	255	7	226	93	138	243	194	255	127	186	22	180	3	219	
250	24	178	252	109	92	176	80	155	223	245	55	190	255	99	74	236	125	183	2	164	103	178	163	215	247	250	171	211	109	39	251	
67	182	224	216	239	253	184	143	219	127	28	189	172	172	222	238	135	19	251	21	150	72	238	243	30	28	28	251	150	76	157	95	
30	54	178	241	181	254	112	83	55	203	247	51	158	255	97	108	253	185	157	144	186	244	243	202	203	223	183	195	162	228	100	211	
252	0	116	115	46	10	74	152	113	50	183	26	75	73	93	91	59	196	108	234	248	116	75	160	214	219	225	84	103	171	66	0	
213	77	237	231	182	10	79	152	100	226	150	66	83	0	153	103	54	196	92	239	233	245	45	42	240	139	231	148	37	243	112	104	
26	148	116	225	149	255	120	255	119	125	126	18	143	63	102	100	167	159	191	144	190	24	49	215	207	223	147	231	178	140	197	127	
96	197	114	204	252	14	220	109	251	43	187	24	78	120	28	17	223	135	127	33	248	99	201	223	186	190	71	86	68	122	227	3	
123	149	116	105	181	95	80	191	127	123	254	48	74	63	60	116	245	159	189	160	254	185	113	215	155	254	21	214	115	76	228	87	
57	196	234	225	212	146	234	254	85	193	126	2	89	169	190	96	123	206	23	249	222	186	45	238	122	239	166	196	231	202	240	232	
42	239	66	90	93	145	238	232	159	20	124	143	40	200	127	132	249	234	130	222	70	58	10	255	62	92	133	107	95	159	122	140	
146	246	222	185	98	187	184	222	62	55	118	247	173	206	234	73	55	27	167	5	166	124	14	211	158	210	122	167	60	216	173	157	
147	228	75	147	146	146	174	247	62	99	82	215	93	230	188	224	119	175	23	157	183	220	44	215	62	14	191	196	173	212	169	213	
128	210	158	187	110	169	177	222	158	63	84	243	172	215	234	75	231	27	174	0	38	125	171	209	214	211	122	231	20	24	133	203	
155	92	118	125	53	212	92	55	253	206	118	21	170	191	54	117	198	171	189	12	237	236	54	207	227	251	84	139	110	212	236	95	
23	197	227	195	150	130	239	247	116	195	91	210	81	238	180	228	127	238	31	189	241	153	37	206	56	46	175	196	165	194	240	116	
139	213	52	221	185	212	125	55	149	79	116	52	173	191	162	229	206	59	159	136	255	142	114	231	231	255	214	203	58	132	172	223	
47	69	66	78	87	15	238	120	85	160	121	203	90	201	189	132	124	236	19	239	201	178	76	222	54	60	128	0	127	191	114	148	
186	253	98	218	95	209	182	230	223	23	220	35	40	216	118	164	233	251	130	195	230	47	46	255	123	87	158	107	23	29	125	206	
155	157	116	125	61	124	92	63	127	89	124	20	171	63	22	116	199	155	189	12	191	24	119	223	231	255	146	131	54	132	196	95	
53	77	107	78	212	2	239	117	80	128	255	66	83	225	181	97	120	236	22	234	249	179	44	14	112	169	231	128	101	250	240	160	
27	94	246	85	37	254	124	246	253	238	126	165	42	188	183	127	166	255	189	76	172	253	53	234	227	127	84	131	111	245	76	95	
2	181	146	154	207	197	180	231	158	25	88	18	172	254	104	1	237	27	179	17	82	90	154	241	61	16	94	111	144	72	165	155	
48	233	27	254	89	205	86	224	131	0	172	9	51	223	33	16	136	187	81	66	78	43	90	189	243	221	1	59	115	11	70	202	
196	45	212	158	188	171	218	170	187	161	186	24	238	106	5	25	147	231	108	112	50	105	203	254	140	190	27	122	208	97	67	1	
45	254	216	129	245	219	251	210	122	237	125	174	157	7	210	132	59	204	134	254	151	254	237	214	254	197	175	229	239	175	207	241	
43	251	162	152	123	221	176	215	187	93	148	175	172	222	230	181	237	187	223	213	183	75	178	245	191	81	142	251	155	12	175	223	
86	91	222	167	142	66	239	181	173	206	126	6	205	226	55	66	34	229	108	195	65	245	163	106	180	183	239	129	41	114	237	117	
108	176	184	115	205	109	65	27	35	243	173	24	146	55	72	26	145	142	121	24	27	66	251	16	207	157	85	124	200	200	198	114	
130	185	182	217	190	128	184	231	191	17	80	178	172	254	116	75	231	127	63	145	178	217	139	245	44	58	223	202	148	4	161	137	
3	182	229	145	178	42	173	159	62	115	90	247	156	46	222	175	39	79	55	157	183	220	37	226	140	22	254	198	140	196	129	253	
122	141	106	174	31	211	223	232	5	4	204	11	111	232	50	16	248	235	159	231	78	43	24	255	251	245	143	59	119	46	54	70	
185	5	110	225	214	50	107	119	85	97	126	18	91	41	182	96	126	142	23	185	184	186	37	142	118	239	160	192	231	219	240	224	
56	13	107	238	87	215	95	120	5	68	254	131	107	237	50	80	122	251	151	230	72	179	56	191	243	237	129	1	119	190	116	226	
137	4	235	193	214	50	239	23	116	227	94	214	81	45	158	96	127	78	23	189	177	252	37	202	102	47	182	196	175	248	240	241	
2	157	50	159	95	197	190	238	30	71	88	51	172	254	34	64	255	123	147	129	34	154	18	255	45	54	158	235	21	12	181	219	
55	75	98	78	95	151	218	96	197	196	237	7	106	200	55	116	88	232	130	230	204	163	126	253	51	60	129	27	119	191	124	198	
2	157	18	159	243	197	190	239	30	11	88	18	172	254	32	64	247	123	147	129	114	152	26	255	45	54	30	202	16	92	165	155	
151	22	231	145	150	50	172	83	61	211	83	246	89	238	189	239	119	141	30	189	181	213	37	202	28	42	255	132	175	228	177	245	
74	56	214	156	75	209	176	71	191	149	210	179	44	190	38	198	163	59	235	129	6	201	134	245	30	50	94	139	7	4	173	159	
34	173	32	155	215	209	190	239	30	101	88	163	172	236	118	0	219	123	147	145	118	26	110	247	45	22	159	235	149	92	149	222	
223	30	198	182	18	178	170	80	180	194	211	247	77	238	179	203	103	229	191	191	173	213	4	206	144	98	235	128	173	245	57	85	
61	93	123	110	87	215	87	240	69	192	236	10	123	221	35	48	120	249	151	234	72	179	56	189	243	205	5	9	115	187	98	234	
18	142	198	157	114	144	188	246	191	143	82	231	45	174	166	196	103	251	167	133	166	216	6	239	60	38	254	131	39	132	45	221	
146	142	194	157	242	130	174	246	53	142	218	247	41	174	182	68	127	239	183	133	228	218	5	239	56	38	190	128	47	244	185	221	
2	252	48	154	219	197	184	207	158	93	89	19	172	222	110	0	237	59	147	145	18	15	26	245	61	16	158	235	144	12	165	219	
166	163	96	154	125	177	186	200	95	85	89	171	104	204	126	0	217	43	131	215	134	50	110	243	30	20	139	235	85	15	94	206	
8	157	59	124	48	204	127	246	172	73	122	64	190	247	32	80	166	123	21	72	227	169	50	111	227	191	50	8	64	128	103	123	
18	152	58	248	91	197	17	247	150	85	140	3	60	159	34	64	239	187	147	128	10	11	50	247	219	199	154	59	49	0	45	251	
171	219	119	89	119	155	174	119	93	72	112	230	40	200	180	165	126	42	130	204	193	184	36	253	36	24	130	130	95	140	241	189	
34	221	34	158	95	209	146	236	139	68	232	139	40	220	55	32	200	251	147	195	70	43	126	253	55	52	138	43	85	31	119	222	
218	94	218	165	50	42	58	94	62	39	86	247	237	35	163	88	55	199	173	148	166	156	133	111	214	231	58	128	173	213	41	25	
83	141	103	199	22	34	239	246	124	66	94	198	113	38	181	101	126	199	63	175	225	153	37	239	52	46	234	132	45	227	113	124	
55	201	98	94	93	157	210	232	199	68	172	11	42	204	55	84	216	232	194	70	206	43	126	253	51	92	129	59	83	31	126	206	
57	141	110	231	84	50	239	246	84	64	126	2	113	43	176	97	122	134	23	234	233	184	45	239	126	239	226	196	39	138	112	232	
184	141	102	236	84	18	78	246	85	0	254	2	91	41	176	81	120	206	23	234	248	187	37	175	242	239	160	192	119	138	240	136	
34	253	48	222	95	197	182	238	142	25	88	11	172	254	108	0	237	123	147	193	66	43	154	245	61	20	158	107	17	30	167	219	
192	236	150	151	100	138	108	175	191	179	146	18	238	194	64	88	115	231	110	128	98	205	203	247	188	54	223	64	4	80	129	8	
75	190	224	81	239	121	188	135	219	127	62	191	8	188	214	174	167	19	255	149	150	104	231	242	14	30	92	239	207	212	221	95	
154	24	182	189	43	141	24	82	191	91	210	49	174	255	101	74	199	121	255	1	170	213	130	243	147	255	90	186	146	253	37	91	
218	26	178	190	111	252	176	82	159	91	213	63	190	223	99	110	236	125	191	67	174	119	178	227	211	243	90	171	82	45	37	219	
56	133	234	233	212	146	235	254	84	129	254	2	83	233	188	96	121	238	23	249	218	187	45	175	122	237	167	196	229	203	240	136	
78	54	224	144	239	113	120	11	219	255	157	191	12	172	223	191	167	159	255	149	180	71	190	194	31	95	221	255	134	100	158	87	
98	108	244	212	252	175	252	231	153	170	186	10	172	108	21	10	239	247	127	129	224	239	192	238	60	30	223	178	197	124	115	137	
19	132	107	145	18	163	170	246	62	99	90	214	113	238	184	96	119	239	31	189	167	156	45	127	60	47	191	196	173	192	177	249	
0	154	222	187	50	171	57	222	62	7	82	247	181	230	169	72	119	123	47	16	162	220	7	127	212	166	122	128	188	201	37	153	
226	229	146	148	252	11	252	239	153	171	240	26	236	170	29	3	217	199	95	33	96	111	192	239	60	30	222	186	68	120	211	137	
63	77	98	94	93	147	238	96	223	134	253	14	104	232	63	132	120	232	130	238	228	179	30	255	54	94	129	43	95	255	122	132	
188	197	106	236	148	2	239	252	80	128	254	2	83	97	184	97	120	230	20	234	248	163	36	46	250	239	231	132	103	186	240	168	
154	149	116	249	157	254	92	63	127	121	118	23	46	63	54	125	231	155	191	0	190	92	113	215	175	251	208	247	50	140	196	95	
224	165	246	156	252	11	252	239	219	35	184	24	206	232	28	19	219	199	110	33	240	111	192	207	188	62	95	124	68	104	211	137	
170	255	48	24	221	209	150	230	223	93	188	63	40	204	102	132	205	123	130	209	126	107	106	247	123	87	158	123	83	28	253	223	
138	181	176	243	243	253	185	79	191	93	29	187	141	191	90	172	175	27	215	17	50	104	50	211	207	221	30	239	214	76	143	247	
252	72	228	103	12	58	78	216	101	178	183	10	91	73	221	91	122	196	108	234	232	117	105	168	210	235	229	20	103	251	96	0	
221	76	252	103	46	26	79	152	96	242	183	10	219	97	219	127	54	196	124	234	233	100	237	168	246	235	101	148	39	243	80	97	
30	52	182	243	181	191	80	83	191	233	255	49	14	223	100	124	253	189	255	144	186	253	115	198	155	223	19	194	194	76	100	87	
68	44	86	158	188	171	216	170	191	162	186	24	238	234	5	24	151	167	110	48	48	107	203	254	156	190	91	120	196	97	3	1	
14	180	232	242	235	117	185	75	187	127	61	185	140	191	94	158	175	27	215	149	150	67	170	210	95	93	219	239	199	69	175	215	
14	52	178	242	111	240	185	82	187	95	189	19	141	223	126	14	235	25	247	147	22	71	186	194	87	223	219	239	135	101	127	243	
2	165	144	154	252	45	184	79	27	25	57	24	140	250	76	10	135	11	70	17	18	107	202	195	12	30	30	238	192	72	195	129	
136	40	253	113	230	104	113	6	127	155	118	48	182	21	193	121	227	26	110	24	2	252	227	96	207	187	116	131	228	217	68	171	
130	232	54	153	44	129	184	231	190	27	82	146	172	206	112	73	231	63	63	145	242	221	131	247	140	50	223	202	20	0	161	137	
15	253	237	83	182	179	191	191	126	247	94	246	253	111	146	105	55	123	151	159	247	216	47	253	110	15	255	192	142	213	145	249	
56	175	42	174	93	211	87	226	7	12	252	43	111	249	42	16	248	251	135	227	74	171	8	191	251	213	133	251	115	14	126	235	
188	13	102	225	212	50	110	247	85	99	126	18	91	41	180	97	123	206	23	185	184	188	37	174	126	239	164	192	231	221	240	136	
56	13	107	239	87	199	255	112	84	68	254	2	113	237	50	96	120	250	19	238	72	187	60	191	115	175	162	1	119	170	116	242	
2	157	50	159	95	197	190	238	158	75	88	51	172	254	32	64	253	123	179	129	34	154	90	255	61	54	158	235	16	12	165	219	
141	141	236	243	246	50	255	183	116	227	94	146	249	45	150	105	119	222	23	189	243	252	45	239	110	207	182	192	167	213	241	233	
43	221	96	90	93	213	214	253	71	77	252	15	42	220	62	100	220	154	151	197	206	43	126	183	115	93	132	251	83	30	244	255	
141	205	108	211	214	50	237	183	116	83	94	146	217	45	150	105	127	214	55	190	181	252	45	238	110	107	246	196	167	212	241	249	
34	173	32	155	253	201	190	239	30	69	88	163	172	236	54	0	217	123	147	145	54	58	78	255	45	22	159	107	85	12	213	222	
2	142	194	157	114	146	170	246	63	13	90	231	169	174	182	68	126	107	167	141	166	216	6	255	44	38	190	128	47	132	41	221	
47	181	48	107	253	181	218	253	79	121	189	57	202	92	222	52	157	155	215	21	158	106	107	247	47	93	21	254	215	142	210	215	
75	220	237	87	166	58	173	183	124	83	94	246	249	47	146	107	55	70	61	175	245	216	173	111	102	43	254	132	167	240	241	121	
40	205	123	78	213	207	71	246	196	8	252	0	115	245	49	48	88	234	22	106	74	171	40	63	115	141	36	9	115	250	230	234	
19	157	99	142	84	150	239	246	92	192	90	70	113	236	181	228	124	238	18	239	229	184	53	239	52	46	142	0	45	250	113	252	
6	240	48	154	223	197	186	204	158	25	17	19	236	222	108	0	253	27	147	211	146	75	26	247	61	20	159	239	144	31	165	211	
54	241	96	216	223	209	150	200	139	117	144	139	72	220	127	8	221	219	211	243	222	99	250	245	59	20	141	127	213	61	150	214	
50	157	106	186	26	225	25	103	134	69	201	163	37	223	34	64	234	187	147	129	30	11	50	191	243	133	154	123	53	8	52	218	
139	203	103	25	119	155	172	103	93	64	82	230	168	136	180	165	238	43	146	197	231	184	39	253	38	24	154	195	95	12	249	157	
215	13	111	207	150	178	175	51	124	64	95	214	241	102	183	100	118	231	63	173	177	153	45	239	124	46	170	192	165	226	161	116	
66	236	150	159	122	171	184	142	191	131	146	16	236	234	0	88	167	103	127	0	34	205	139	255	132	54	95	128	132	80	33	9	
74	182	226	16	239	112	188	7	123	255	26	255	8	172	214	142	167	159	247	149	150	122	167	194	30	94	222	239	199	68	255	223	
45	161	161	75	253	63	194	153	83	249	189	76	211	72	220	188	217	8	70	58	159	114	249	19	15	220	5	124	218	203	218	164	
4	165	208	195	252	41	248	137	27	49	57	24	206	104	92	10	155	11	87	49	18	106	203	215	140	28	31	124	212	74	211	129	
158	60	178	252	43	228	24	82	155	95	209	55	142	223	103	74	239	249	191	147	174	215	146	226	147	246	90	139	146	109	37	215	
110	54	226	240	239	52	184	67	187	255	157	191	12	252	95	158	175	159	255	145	148	71	134	194	30	95	223	239	135	100	191	215	
56	141	106	235	212	163	234	254	84	129	254	2	81	233	184	96	121	238	23	184	170	187	13	191	122	239	167	196	119	203	240	136	
25	141	111	239	146	34	111	57	116	96	223	194	119	103	144	97	54	247	61	239	249	152	45	47	240	239	239	128	37	226	161	113	
188	205	110	231	148	18	78	253	245	162	254	2	123	107	185	99	120	228	93	234	232	163	41	174	242	235	231	148	103	186	240	8	
196	44	150	158	248	171	248	43	191	131	187	24	236	234	1	89	135	167	110	16	48	107	203	254	156	54	91	88	196	65	3	9	
42	255	34	30	125	209	150	230	223	28	252	47	42	232	55	132	201	107	131	67	206	43	106	255	50	95	157	187	91	93	94	223	
224	165	214	156	252	11	188	111	186	179	177	24	204	170	24	19	219	7	110	33	112	111	194	223	188	54	95	124	68	104	211	129	
42	253	52	184	255	213	149	239	159	93	60	191	172	189	102	133	207	27	199	17	246	106	114	247	235	87	30	251	214	76	141	223	
146	149	116	243	181	253	120	87	127	121	191	19	14	191	110	121	167	155	191	17	186	216	51	215	159	218	210	231	146	76	197	87	
252	72	228	231	76	42	70	216	113	178	179	10	75	105	89	27	123	196	108	226	168	119	201	170	214	235	229	20	231	251	98	0	
253	96	252	101	238	58	95	152	115	242	183	10	219	105	215	63	55	244	125	106	232	116	237	170	214	235	229	180	231	243	66	33	
158	181	240	241	251	241	184	75	187	127	29	187	140	191	94	142	175	27	215	145	54	91	170	210	223	213	223	239	247	68	175	215	
15	36	232	237	246	179	255	91	95	195	125	130	89	109	159	36	127	251	23	175	146	176	45	222	102	207	175	132	247	255	209	225	
27	127	98	214	245	221	126	246	253	204	126	167	44	175	183	37	167	123	151	85	245	248	54	238	255	95	22	131	206	221	239	223	
223	254	174	214	235	94	191	252	181	206	246	183	248	255	139	247	255	254	255	230	229	215	191	234	119	123	239	139	47	247	47	255	
143	254	172	211	235	127	191	218	63	254	247	191	220	255	203	175	255	222	255	38	165	244	251	242	223	91	127	183	142	255	15	247	
237	54	102	182	237	253	241	116	189	127	247	63	253	254	138	191	109	246	254	142	181	231	255	255	215	251	250	147	207	221	239	119	
72	151	83	101	180	138	103	183	116	9	122	96	247	51	136	240	51	126	108	40	121	184	65	47	236	239	38	196	234	130	194	41	
6	89	50	218	109	132	190	192	157	72	209	35	108	222	61	65	198	115	191	199	194	3	10	249	51	56	26	138	20	23	37	219	
60	141	106	239	212	163	238	251	85	128	255	2	123	105	57	64	121	238	23	169	184	187	13	191	250	239	167	196	247	203	240	136	
58	159	18	170	125	131	86	248	135	12	248	111	110	249	32	144	220	251	135	99	78	171	8	191	250	213	37	187	90	14	62	155	
47	165	224	99	252	59	218	152	91	241	61	154	219	109	221	44	31	206	87	191	150	114	237	210	78	221	165	252	247	239	210	213	
2	157	18	155	223	197	190	238	30	73	88	19	172	254	32	64	221	123	179	129	50	154	90	255	45	22	158	235	16	12	165	219	
29	205	228	247	182	50	254	183	117	83	126	146	121	109	156	105	63	198	53	239	248	248	45	239	110	235	247	192	167	252	240	120	
40	159	122	110	124	195	87	246	133	12	252	32	114	255	160	48	216	122	135	66	74	171	72	63	107	237	164	217	115	138	228	171	
34	189	32	155	213	201	182	238	30	69	88	155	172	236	62	0	217	59	147	17	54	56	90	247	45	22	159	107	213	12	149	222	
3	159	66	157	80	134	238	246	60	65	74	199	121	234	54	64	126	107	19	205	133	152	20	239	36	46	154	128	29	132	57	220	
95	205	228	119	166	26	255	188	123	211	86	131	249	111	159	107	55	119	189	239	244	216	173	233	110	255	255	128	167	247	209	121	
40	223	123	110	252	203	215	246	196	12	124	96	114	241	164	48	90	122	6	74	74	170	106	63	99	141	36	137	83	218	230	171	
6	249	48	154	253	133	190	200	143	25	24	59	236	222	124	10	159	91	215	83	210	67	10	241	61	24	15	238	148	95	161	147	
54	245	32	72	219	85	148	255	139	252	188	47	40	253	119	34	157	249	215	177	206	99	250	218	59	92	13	191	211	124	54	223	
89	157	19	94	91	212	116	119	169	8	108	64	62	243	32	245	164	51	216	8	67	11	18	237	179	249	2	10	90	4	107	47	
210	202	46	188	14	128	29	103	132	4	198	167	165	143	50	67	230	39	189	197	76	143	3	173	240	33	250	153	52	28	189	90	
131	203	103	91	118	147	172	229	93	81	82	230	168	200	180	165	110	43	146	197	199	188	103	245	38	26	154	194	93	140	249	157	
217	148	111	255	178	34	175	191	60	194	86	242	221	102	154	113	55	231	61	175	241	220	45	111	236	43	238	192	37	240	161	121	
188	141	102	239	212	34	238	245	85	0	255	2	123	105	184	65	122	198	55	234	248	184	9	175	118	239	226	128	119	250	240	128	
150	60	182	248	187	228	184	66	191	219	219	51	140	254	101	90	239	59	255	145	178	199	130	226	147	118	154	219	144	77	37	83	
154	183	182	208	255	241	184	79	187	255	157	187	140	191	126	14	175	155	223	145	54	89	162	210	159	87	223	239	135	68	175	215	
252	104	240	101	198	58	110	156	115	226	182	10	91	105	213	63	63	236	125	234	200	246	237	234	118	239	229	180	231	247	66	0	
15	249	236	127	182	146	255	189	94	209	94	162	249	125	158	101	23	123	183	223	211	216	111	253	110	79	255	192	167	246	209	249	
25	133	111	173	178	162	47	191	60	65	90	198	221	103	186	96	118	119	63	237	145	152	37	127	236	239	174	192	180	194	161	121	
34	229	242	157	252	41	252	111	95	35	248	26	172	170	20	0	203	143	127	129	242	251	193	207	60	62	158	186	133	72	243	137	
248	77	70	230	12	2	78	253	161	130	247	2	123	107	185	83	120	228	125	234	104	227	73	172	242	235	231	148	103	186	240	8	
217	69	110	229	134	18	111	189	101	224	222	130	123	103	152	115	118	228	125	234	233	145	173	236	242	235	231	128	39	178	240	104	
2	149	116	251	237	253	252	255	191	123	191	55	12	191	110	120	239	155	191	17	178	89	59	215	31	94	222	231	211	76	229	87	
130	232	150	157	126	160	184	230	190	27	82	18	172	206	32	72	231	107	123	129	34	205	131	247	4	54	218	194	20	16	33	137	
42	181	116	249	191	221	156	239	159	125	156	187	172	189	102	4	143	27	247	17	214	106	98	215	239	87	28	251	150	76	141	255	
42	191	32	158	253	209	148	231	223	93	220	175	174	172	118	132	205	59	167	5	206	43	98	247	123	85	156	251	87	92	222	223	
244	104	194	166	76	42	70	200	49	178	178	10	75	232	89	26	121	196	108	226	8	247	201	234	146	238	197	52	229	251	98	0	
47	181	233	67	252	59	203	152	87	125	189	254	219	108	222	164	95	200	151	127	159	114	109	151	78	93	165	252	223	207	216	245	
192	44	150	157	120	168	56	134	190	19	146	16	236	234	1	91	167	103	110	128	34	205	139	255	156	54	91	0	132	65	33	9	
126	182	226	176	239	112	188	67	187	255	157	183	140	190	94	14	239	159	247	149	182	91	130	194	154	86	223	239	135	68	191	215	
54	36	192	227	220	43	234	200	27	177	185	26	75	104	93	26	123	204	87	50	26	114	201	194	158	204	135	244	229	235	210	128	
45	122	224	67	108	59	198	216	83	250	181	236	195	72	223	190	29	204	198	127	141	118	237	186	14	92	37	180	207	255	90	213	
9	223	87	111	50	10	102	190	125	8	126	100	255	51	128	245	54	126	12	106	225	184	33	127	238	255	38	192	106	162	225	41	
24	205	102	239	148	2	110	253	101	160	254	2	123	107	48	65	122	230	63	234	248	185	9	189	242	235	231	208	39	186	240	0	
51	159	83	174	114	139	86	240	143	76	248	237	103	236	162	144	222	235	134	103	207	139	72	191	184	212	45	186	92	142	42	221	
40	159	122	218	116	195	243	240	86	12	252	34	112	221	182	64	88	58	135	72	138	186	40	191	98	15	162	129	87	138	116	235	
2	156	48	155	223	197	184	239	30	9	88	19	172	254	40	64	221	59	179	129	34	154	90	255	45	22	158	235	144	12	165	219	
30	201	228	247	182	18	254	180	119	145	119	130	105	111	157	99	119	231	53	202	248	248	111	237	238	255	255	192	167	191	240	9	
40	159	90	110	114	131	86	244	133	12	120	229	119	235	160	80	94	122	135	98	200	170	72	63	106	229	37	136	125	170	70	155	
34	188	160	153	221	205	176	239	158	117	120	27	172	220	118	0	201	27	147	17	54	122	210	247	45	22	159	111	209	12	215	222	
3	139	2	141	16	134	174	230	172	65	74	199	161	226	54	192	124	107	59	205	199	152	22	253	36	46	138	128	29	6	57	152	
222	232	228	247	62	26	94	184	187	208	23	130	235	111	157	102	54	245	125	238	234	65	175	233	234	255	237	148	167	183	80	81	
184	223	83	110	58	139	87	244	197	8	248	236	119	241	161	16	94	250	6	98	200	170	72	63	226	229	37	152	127	186	70	185	
33	141	33	157	116	211	231	183	86	73	90	66	176	120	176	228	217	106	22	77	231	184	101	191	44	62	190	192	28	72	240	172	
6	229	240	154	252	137	254	201	203	154	56	8	236	234	125	10	159	91	95	147	242	99	138	243	44	28	15	254	148	122	3	129	
51	181	176	204	125	23	152	123	219	234	189	57	110	189	214	50	159	153	213	33	236	107	226	223	27	94	13	190	87	172	150	215	
58	157	19	250	27	229	16	99	135	1	205	18	44	215	32	212	232	179	155	128	27	11	26	253	179	244	154	123	50	12	164	58	
176	85	123	236	50	67	87	117	48	14	244	40	87	23	33	49	122	153	21	234	104	150	48	14	241	131	32	128	112	242	166	107	
222	92	246	247	170	50	92	191	189	250	150	177	239	127	157	123	167	119	253	231	232	197	171	236	162	251	207	146	6	245	161	93	
41	136	112	89	117	216	97	39	247	85	102	20	171	8	150	244	73	170	194	140	62	188	118	151	70	255	16	67	67	140	222	204	
217	205	110	239	134	26	127	189	37	224	214	130	123	111	144	115	118	244	125	234	232	217	109	237	242	235	231	128	39	178	240	40	
188	133	102	239	148	50	110	255	85	2	254	18	123	105	188	65	123	230	63	171	248	189	45	191	250	239	231	196	55	248	240	128	
105	95	86	71	98	26	102	176	105	232	126	236	251	112	151	247	54	228	100	110	197	240	229	109	38	251	97	128	110	247	74	29	
47	172	233	195	254	59	203	216	87	241	29	142	89	76	223	172	127	204	23	255	159	114	109	246	126	77	173	252	255	255	80	245	
63	108	232	67	214	59	235	216	83	226	61	10	91	105	223	62	63	204	87	250	140	114	237	162	126	77	165	180	231	255	82	228	
15	249	236	87	190	145	255	188	206	208	94	162	249	237	222	98	6	123	255	223	214	216	239	253	110	79	239	192	55	182	209	249	
70	60	182	152	251	228	184	67	191	155	91	51	140	254	101	72	239	59	191	145	178	219	18	194	159	22	155	203	148	77	165	147	
217	221	111	239	178	18	111	180	37	64	222	226	253	103	178	101	118	231	61	238	233	152	45	239	252	235	174	196	38	162	161	121	
2	183	178	208	255	245	184	71	159	127	157	179	12	191	110	10	175	155	255	145	54	75	178	210	31	86	159	239	135	68	165	215	
248	77	70	230	12	2	78	253	177	130	246	10	107	107	57	83	120	228	108	234	104	231	137	174	242	235	229	148	103	250	240	0	
124	104	226	102	70	26	110	220	113	162	246	10	91	105	213	58	58	236	117	234	200	247	173	170	118	239	229	164	231	243	98	40	
2	149	178	216	255	253	188	239	191	123	56	51	140	191	124	112	239	155	191	17	178	123	178	215	63	30	158	239	215	76	165	215	
52	44	226	226	212	43	194	216	83	176	185	10	75	104	93	24	121	204	70	243	154	243	201	226	26	204	133	116	229	251	82	128	
109	127	224	71	100	26	230	176	105	234	126	236	235	104	151	183	30	236	228	111	205	240	237	168	38	127	101	176	111	255	90	221	
