香奈儿炫亮魅力唇膏	96 - 古灵精怪	https://i.chanel.cn/fnbv3/image/full/shades/rouge-allure-_-96--35g.0160960_S.jpg	https://i.chanel.cn/fnbv3/image/full/chanel__com_type1/skus_full/rouge-allure-_-96--35g.3145891609608.jpg
162	133	4	153	233	161	28	47	142	31	72	53	164	178	42	66	201	11	187	133	54	12	66	211	36	52	154	235	152	76	152	219	
49	66	111	77	68	82	237	117	69	70	246	198	51	8	183	109	106	164	38	236	205	191	101	140	86	42	224	0	119	168	116	236	
101	56	56	64	77	141	115	208	107	44	100	13	18	145	67	16	128	140	66	94	2	48	240	48	87	185	1	96	74	153	66	242	
53	42	57	80	44	159	82	80	235	172	183	72	83	136	85	48	137	176	68	42	140	49	104	24	147	217	33	53	64	40	78	39	
80	112	122	220	42	208	21	77	166	132	180	162	157	215	224	115	102	177	238	160	64	67	166	89	241	161	110	153	48	16	39	43	
76	38	88	37	32	42	122	16	33	14	125	173	143	3	130	144	150	133	205	46	12	208	129	8	198	245	32	129	106	199	10	19	
74	190	218	102	114	136	122	87	51	65	124	237	61	215	192	16	55	255	151	128	146	154	128	107	118	165	32	169	46	130	174	155	
89	49	158	160	170	76	85	87	234	84	38	41	95	215	66	114	166	151	124	0	95	73	179	0	243	225	38	11	40	16	175	83	
94	50	83	240	107	202	48	80	169	168	102	233	12	215	128	208	54	181	238	160	5	81	128	200	214	177	35	131	34	164	47	3	
19	33	99	69	211	123	233	66	57	97	122	194	89	39	148	180	62	158	18	140	17	250	165	204	5	42	65	192	231	132	103	244	
22	22	192	136	250	51	154	91	23	167	153	247	73	78	255	204	127	141	151	181	252	23	13	222	24	6	175	173	191	228	184	149	
38	45	249	229	252	11	238	248	75	160	184	74	211	105	85	2	250	237	95	107	232	243	233	200	126	156	165	180	69	251	82	128	
35	124	101	69	85	15	235	48	125	224	102	198	241	37	149	37	92	124	82	108	161	240	117	238	37	30	193	0	79	189	82	180	
92	167	157	231	174	91	87	185	91	190	61	40	199	117	203	54	51	84	236	98	108	113	235	10	251	199	101	55	226	250	143	103	
252	94	94	126	32	46	86	188	53	14	246	237	115	67	161	89	84	244	36	106	104	246	73	63	242	235	97	17	58	249	108	11	
85	169	153	67	178	70	43	156	42	224	142	192	213	246	197	116	54	85	124	220	145	24	189	98	188	172	47	196	136	163	1	48	
169	56	19	88	73	221	144	74	198	98	228	24	154	208	36	173	200	48	234	1	5	111	250	16	19	91	81	59	91	12	107	190	
93	42	152	180	173	44	84	146	186	186	2	73	215	185	81	26	145	102	125	31	156	81	217	2	223	255	117	53	160	120	90	2	
98	42	237	84	200	104	93	134	170	182	162	137	179	174	69	26	137	246	105	128	8	91	224	40	95	162	221	49	128	112	86	106	
77	161	189	99	40	30	107	184	102	245	39	0	247	71	218	114	16	68	104	126	139	64	255	17	207	201	37	116	32	162	64	96	
51	48	53	65	77	95	160	64	94	104	242	106	82	156	132	164	252	28	242	17	133	243	113	208	23	26	3	50	211	8	74	165	
181	100	121	46	26	103	139	104	84	70	233	11	243	88	27	49	91	137	82	239	236	39	124	31	209	141	35	60	113	115	35	192	
3	50	127	69	82	14	41	16	60	100	118	229	81	7	132	84	54	92	115	140	129	212	37	76	68	42	34	128	111	128	35	241	
25	53	19	229	52	143	97	55	116	169	90	100	183	51	128	224	54	62	28	8	209	184	17	14	237	207	52	0	42	200	129	41	
69	161	157	163	44	13	128	136	234	185	3	72	215	89	88	2	133	69	125	91	211	96	203	33	141	152	47	116	192	11	19	33	
248	36	140	228	9	10	76	43	33	178	166	25	83	35	80	27	200	212	121	168	104	79	209	8	211	235	213	61	33	224	94	10	
3	82	119	69	34	27	169	16	109	96	122	230	204	6	132	164	38	21	106	8	129	240	53	200	4	58	3	130	71	130	5	181	
114	35	96	40	121	1	75	72	163	12	176	233	11	199	4	148	220	157	237	196	8	67	202	208	144	240	169	187	115	134	38	97	
13	228	156	186	173	189	50	152	222	59	61	88	222	211	105	172	151	27	202	30	54	100	90	243	207	223	17	126	218	89	137	131	
240	52	189	100	77	127	208	107	211	254	176	57	74	60	68	59	137	149	236	33	172	103	243	136	91	219	81	63	65	104	70	119	
229	152	213	84	233	124	100	150	251	179	166	216	210	55	205	255	197	214	232	58	185	90	251	160	31	250	85	86	138	249	200	52	
108	186	149	214	237	92	97	190	187	185	34	124	234	119	204	246	193	214	236	24	11	72	251	241	31	154	213	126	130	224	198	61	
50	35	91	120	122	209	18	72	171	12	176	170	15	223	164	148	190	185	198	224	8	99	138	92	147	208	1	187	101	131	38	39	
93	34	146	96	177	60	76	147	107	187	34	92	207	162	205	254	135	69	108	28	151	64	169	64	154	249	85	110	138	245	171	5	
96	6	211	69	82	14	111	48	121	134	106	196	89	39	148	117	118	204	2	44	161	208	181	79	45	174	134	64	98	162	102	240	
48	185	218	50	122	201	51	192	234	240	160	40	54	220	110	50	163	251	66	80	7	107	154	117	57	129	5	59	65	10	15	131	
64	48	121	101	16	205	17	16	32	237	36	108	30	23	64	22	4	60	196	16	3	8	176	0	195	133	32	112	66	0	6	115	
51	113	122	94	95	213	151	104	123	64	236	10	122	220	38	180	186	187	210	106	199	35	190	255	51	93	1	47	83	38	110	230	
3	35	85	69	32	90	170	8	125	96	122	224	201	2	148	244	50	13	102	216	129	240	165	208	4	254	3	2	71	130	75	165	
17	33	76	33	21	27	226	0	109	96	250	69	207	8	146	160	186	141	108	77	141	240	213	212	166	253	3	19	109	6	75	6	
236	237	17	254	237	68	71	188	145	138	173	8	242	243	73	247	209	246	124	106	73	70	250	47	255	255	197	59	2	115	214	42	
2	141	2	158	84	162	170	99	148	128	91	2	104	234	48	64	120	42	19	131	48	186	10	239	48	38	138	136	21	106	176	128	
220	253	185	99	170	123	86	236	91	250	61	40	215	117	203	59	179	86	108	98	116	117	169	58	255	195	101	55	240	123	133	99	
129	168	179	91	65	173	233	71	127	23	100	20	184	135	116	45	201	58	2	28	147	252	50	241	13	152	82	72	218	8	229	252	
89	93	21	101	180	14	71	55	101	232	174	68	247	51	145	245	64	38	92	108	233	152	113	28	164	248	36	16	42	176	64	41	
55	78	99	206	126	178	203	216	79	74	121	230	121	193	189	228	95	104	22	238	195	163	46	255	48	62	163	136	95	255	112	253	
124	253	245	71	238	91	215	248	91	186	63	42	86	125	205	175	179	84	236	98	97	113	169	42	127	223	101	55	103	251	198	99	
252	253	221	231	190	107	87	172	122	234	63	42	119	121	203	51	179	86	236	99	121	241	169	46	253	231	101	23	228	123	159	43	
220	252	157	243	180	111	87	191	22	59	143	120	223	49	72	99	17	86	109	56	58	237	217	55	233	215	53	116	162	216	133	35	
38	61	114	80	211	245	186	67	169	205	252	39	44	158	103	20	236	251	151	209	150	139	178	236	59	84	142	235	195	7	167	215	
134	0	130	156	68	162	168	64	22	130	81	18	104	202	49	72	120	41	19	131	32	182	2	202	16	38	155	136	149	41	48	128	
45	115	96	7	84	31	206	184	97	228	239	205	211	76	159	148	28	204	66	111	205	178	253	44	38	77	133	20	111	191	90	212	
134	32	130	145	68	162	168	64	20	130	83	18	72	202	113	72	122	45	51	145	32	246	130	194	16	34	155	136	133	105	49	128	
156	255	183	127	154	98	55	252	54	174	207	112	253	247	137	116	117	95	238	226	112	211	235	127	253	231	111	140	162	243	165	233	
183	255	238	31	222	59	182	252	118	234	251	231	209	124	159	160	127	126	246	231	253	244	109	46	62	103	239	134	237	255	249	213	
32	236	130	139	84	131	170	230	22	1	120	2	96	200	48	64	121	106	2	209	66	190	8	255	40	6	151	64	85	11	48	136	
220	238	255	94	138	240	62	254	182	150	206	179	249	231	233	123	119	247	239	210	114	207	175	127	127	231	255	201	167	243	165	121	
141	253	247	95	251	63	166	254	127	186	123	112	108	242	141	183	183	126	226	106	241	244	187	255	63	126	71	38	195	119	227	165	
137	52	147	245	48	174	105	51	116	139	122	116	183	179	128	96	54	62	22	8	177	184	145	15	196	174	50	128	72	224	3	169	
246	252	246	94	219	243	150	239	251	215	253	186	104	254	238	63	255	255	234	130	191	111	238	243	58	126	87	63	247	117	238	215	
157	237	254	183	181	59	254	172	127	226	219	5	255	104	155	161	179	103	126	111	245	244	93	174	238	255	103	21	238	255	153	4	
141	237	215	87	178	122	174	172	126	226	123	240	249	98	157	245	51	110	238	106	245	244	173	255	46	255	103	4	207	243	203	165	
246	238	215	126	234	241	87	239	179	151	248	250	111	239	237	159	191	251	239	130	122	111	170	251	186	214	85	187	229	241	166	173	
230	239	132	190	248	167	79	255	187	191	248	253	232	231	15	21	221	239	239	230	250	79	203	255	248	54	223	188	202	245	166	216	
200	184	147	241	177	236	48	23	185	155	66	80	156	183	64	122	167	63	125	16	51	220	144	194	141	254	62	194	136	64	163	59	
201	17	191	245	36	60	121	23	237	235	118	92	191	191	19	123	132	39	124	12	137	184	241	136	199	251	112	144	66	200	67	121	
134	255	247	85	242	202	191	246	190	206	126	228	124	247	165	36	39	127	255	194	241	217	45	127	45	62	39	130	103	241	167	249	
39	7	226	29	213	177	190	67	95	70	125	135	104	232	183	136	248	43	147	5	150	178	6	219	6	28	139	171	221	127	251	198	
39	134	230	95	247	51	234	250	93	203	123	246	72	104	189	172	127	108	146	173	165	182	45	206	14	62	213	134	223	255	120	149	
26	73	82	236	54	130	126	116	37	0	250	2	63	139	49	80	126	185	21	226	72	147	0	204	242	237	162	128	55	178	97	9	
188	73	106	100	116	11	107	112	101	160	254	10	83	73	177	16	122	236	6	234	200	179	96	14	118	237	161	0	103	187	114	160	
153	93	122	199	118	2	255	117	52	192	118	162	121	31	176	96	126	188	23	238	225	184	37	206	118	169	162	128	103	178	225	249	
109	93	125	103	36	15	111	184	117	234	127	104	211	117	153	112	94	196	126	106	233	176	125	46	230	239	97	132	109	251	82	49	
166	0	226	208	68	34	168	64	88	211	115	147	8	142	119	105	122	141	51	181	160	247	134	192	22	42	218	140	133	109	113	196	
149	74	127	125	44	26	237	184	244	82	243	230	243	72	189	235	122	196	110	239	233	165	47	61	128	235	227	132	125	185	113	32	
202	144	182	250	139	236	84	71	187	27	164	24	174	191	76	91	165	179	255	16	50	111	146	209	155	243	86	123	210	64	167	19	
0	204	2	154	20	131	170	230	22	1	90	2	104	202	32	64	121	106	2	208	98	158	8	255	40	6	159	64	21	10	48	136	
202	184	182	250	139	236	80	199	187	23	164	25	46	191	100	91	163	147	251	16	50	79	146	241	155	211	86	123	210	68	167	90	
18	74	78	181	34	146	184	86	172	4	82	231	173	142	182	201	38	45	191	197	132	152	4	200	134	97	186	128	37	132	41	221	
2	201	6	143	94	131	168	101	142	0	80	2	172	202	48	64	110	41	59	193	66	152	3	253	36	48	154	192	21	10	33	136	
4	120	219	255	110	0	168	216	62	145	81	226	149	255	249	74	118	89	63	221	131	225	139	112	76	46	251	172	157	177	33	177	
35	32	114	165	124	137	232	67	109	97	114	23	141	10	22	10	234	133	95	133	132	188	197	196	22	124	146	192	77	12	107	137	
2	44	98	155	214	163	174	66	94	66	89	3	40	232	53	32	127	43	19	135	162	182	12	255	52	14	155	168	21	95	49	140	
11	136	131	153	36	242	248	7	126	89	82	119	188	158	182	236	227	43	63	157	151	220	7	241	140	126	250	194	156	4	185	93	
34	61	162	152	255	180	184	70	139	9	88	35	44	158	101	160	236	59	147	145	150	26	130	243	31	20	154	235	149	68	63	207	
27	111	106	197	86	146	235	118	100	192	94	194	57	140	177	32	126	236	23	253	133	153	37	236	118	45	174	128	47	247	113	185	
220	151	149	97	186	127	87	187	229	191	175	124	215	51	128	215	35	150	76	58	121	97	105	30	250	223	101	84	234	248	192	33	
166	106	172	145	236	73	236	204	159	254	20	187	128	140	215	11	201	72	127	223	198	118	227	208	70	24	255	189	148	248	85	200	
255	69	167	38	149	118	79	181	225	230	143	20	89	127	19	182	88	228	89	238	253	131	188	142	251	255	141	12	47	247	250	116	
51	88	99	204	78	7	199	120	85	202	244	238	113	221	181	108	124	248	55	239	201	183	54	154	82	46	225	136	127	189	112	253	
3	140	2	156	209	244	168	103	28	73	74	23	168	170	54	196	233	43	147	133	55	154	18	255	43	62	154	195	153	68	185	158	
169	191	26	186	242	189	190	247	58	73	120	253	61	255	96	144	191	43	151	213	247	26	152	63	252	197	46	232	89	68	171	155	
169	87	94	255	116	158	105	53	245	10	119	118	59	19	176	117	110	170	22	106	233	188	100	175	102	251	176	128	127	136	106	169	
56	34	78	173	76	11	232	91	14	164	250	135	141	142	114	64	110	141	255	133	0	184	67	208	212	225	186	160	53	8	113	216	
218	156	182	250	139	228	48	87	189	27	100	16	60	255	40	91	167	51	253	16	50	79	146	227	219	251	82	75	130	64	167	19	
18	159	38	184	143	245	156	103	143	95	154	183	236	188	118	66	237	51	251	149	212	9	51	245	153	86	222	211	149	76	189	95	
218	156	182	250	139	224	24	206	159	87	132	179	12	255	104	91	231	179	187	144	58	79	154	243	219	211	218	235	178	68	165	83	
214	233	246	183	174	0	254	237	171	178	146	130	237	110	93	75	167	215	127	195	242	93	143	225	188	218	223	198	37	176	161	9	
133	176	159	179	54	143	169	152	190	153	19	242	213	211	249	104	183	17	127	89	179	205	11	84	204	134	59	196	140	137	33	33	
130	140	2	159	84	162	170	99	180	130	91	18	104	234	48	64	120	47	19	161	48	186	2	239	24	38	139	128	21	106	49	128	
164	193	93	187	204	3	237	248	30	178	241	82	209	195	121	73	127	205	55	251	97	118	75	86	28	42	239	204	29	185	241	160	
130	190	242	146	235	245	184	231	187	127	145	191	140	254	126	9	175	59	247	145	242	79	186	211	31	22	223	239	133	68	167	215	
116	223	194	150	199	75	103	160	131	246	175	15	66	225	107	214	49	228	232	66	77	17	188	56	185	166	69	55	59	123	92	86	
236	223	215	71	211	126	111	188	123	162	111	208	105	103	141	244	119	94	34	234	241	240	189	239	47	190	71	4	227	243	230	164	
221	111	218	166	146	6	110	212	113	192	235	71	95	194	115	80	118	237	12	254	237	151	156	106	248	229	167	8	41	243	42	16	
132	252	191	190	250	233	183	239	222	247	105	58	116	254	106	59	163	123	226	19	54	127	170	55	125	135	127	63	208	121	135	203	
164	245	103	90	213	143	239	252	228	80	101	199	80	205	60	53	124	216	19	254	243	163	62	125	107	8	133	76	91	155	246	240	
24	79	106	119	244	154	238	102	245	172	254	161	43	41	182	80	40	238	199	204	228	185	4	46	114	111	52	129	71	214	254	200	
10	223	16	159	255	153	182	238	31	5	88	227	172	250	38	196	247	123	167	65	70	184	67	255	46	86	30	195	22	92	141	143	
41	73	105	237	60	22	207	188	69	232	84	198	177	13	151	228	92	228	21	239	201	176	101	173	102	249	166	128	63	191	80	249	
2	140	130	158	148	163	174	199	22	3	90	18	104	234	49	64	121	43	19	129	50	152	8	255	32	38	154	128	149	91	177	136	
96	37	249	101	124	11	238	123	105	160	250	72	215	41	20	18	250	205	127	33	201	250	193	77	188	190	167	52	109	170	66	169	
107	91	99	204	111	145	142	121	197	72	88	238	104	204	181	228	94	168	183	239	197	51	166	221	22	62	203	170	95	174	120	157	
19	23	64	137	218	51	138	127	22	225	218	231	73	46	150	196	127	143	151	181	189	154	69	222	56	6	175	228	189	198	185	221	
49	74	107	79	100	90	237	116	69	102	255	198	115	41	182	100	122	172	38	142	201	186	101	200	86	47	240	0	127	170	116	248	
154	85	122	239	118	18	127	117	53	66	119	163	121	95	186	97	126	185	151	238	232	148	44	207	118	235	170	128	39	182	228	251	
184	76	122	101	118	10	127	112	117	130	118	2	91	9	177	49	122	236	6	234	232	180	37	14	114	233	32	128	103	187	98	169	
18	65	50	142	62	129	190	101	141	0	209	130	236	206	56	64	126	185	31	227	194	3	2	221	176	48	138	152	53	30	161	137	
255	93	231	118	149	118	79	183	113	202	142	20	123	125	23	182	217	230	157	174	253	206	249	174	235	255	133	154	175	246	250	118	
2	172	2	154	84	163	174	230	22	3	88	2	96	234	33	64	121	106	2	130	34	188	8	255	40	6	139	192	149	91	48	136	
38	140	2	158	84	163	170	226	148	1	91	18	104	232	48	64	120	42	19	129	48	186	8	255	56	38	138	200	149	11	48	128	
162	188	74	222	210	166	122	215	51	9	124	223	61	227	160	20	119	255	23	140	51	154	144	111	126	44	160	232	47	194	170	153	
95	95	132	167	43	18	140	32	172	248	155	231	205	110	151	199	198	101	253	231	205	65	207	200	128	114	239	146	12	119	25	85	
194	132	128	153	249	161	60	47	30	31	72	177	172	38	10	193	195	11	171	5	50	24	67	215	12	54	154	235	144	68	141	219	
130	190	242	147	255	229	184	199	191	95	80	183	140	254	116	8	239	59	151	145	178	95	138	211	28	22	159	235	133	68	167	219	
88	250	251	176	106	216	52	151	54	64	226	233	95	158	192	240	54	191	237	145	78	91	167	96	214	225	46	139	36	128	39	27	
88	88	179	244	98	104	117	150	185	134	102	40	62	183	97	126	162	116	45	66	65	213	178	106	209	182	80	10	34	241	39	43	
3	61	178	216	255	180	184	86	139	73	124	35	44	190	247	32	206	59	151	145	134	43	162	239	63	92	154	234	215	84	99	223	
34	11	162	158	207	241	190	195	158	69	88	163	172	236	119	8	201	123	179	133	22	58	110	241	21	20	154	171	213	111	53	222	
105	248	115	64	99	141	101	214	171	108	100	12	62	151	68	20	36	12	66	28	194	123	176	80	55	56	5	42	66	148	66	233	
35	224	113	65	108	221	204	206	203	104	176	200	146	140	212	180	140	56	214	72	205	99	236	208	39	24	5	58	67	152	90	172	
41	217	105	229	52	159	239	180	77	104	94	70	187	29	182	228	94	108	23	111	193	184	101	189	102	253	164	144	94	190	80	249	
109	88	121	103	52	15	111	184	117	234	119	72	211	117	153	48	94	196	124	106	233	176	109	46	230	239	97	132	111	187	82	49	
82	50	91	162	98	80	56	80	169	0	226	233	77	199	232	240	38	157	235	128	4	211	130	64	150	225	10	139	35	130	47	149	
144	50	94	97	98	91	176	64	168	112	118	249	29	159	134	18	166	29	238	32	4	209	133	66	86	161	35	167	105	128	11	131	
19	33	79	73	218	243	168	74	100	65	250	226	89	158	180	160	106	159	114	153	7	243	167	64	30	233	139	195	229	0	107	132	
88	46	255	101	56	2	11	22	54	172	234	225	235	7	129	208	118	245	237	144	138	213	225	40	192	231	35	129	224	145	36	105	
43	96	37	69	29	31	204	13	100	160	234	68	235	8	20	164	220	12	122	173	205	240	117	141	39	255	203	16	75	30	218	172	
32	41	221	197	124	11	239	120	204	176	248	74	211	105	85	3	106	197	95	107	201	243	193	76	124	24	231	180	77	186	82	160	
216	88	159	244	34	204	117	182	169	134	102	8	63	183	33	91	38	245	109	66	64	197	178	106	209	163	112	9	32	241	37	123	
37	64	201	253	108	3	237	152	22	176	82	66	213	67	249	105	91	76	54	203	65	242	203	16	204	138	255	164	61	185	113	160	
73	120	186	240	33	252	113	71	251	219	38	24	190	159	98	122	165	59	253	16	3	221	178	194	219	223	22	75	130	68	167	123	
201	25	191	244	37	220	113	23	249	91	118	24	190	159	2	123	164	55	125	8	179	237	178	193	199	251	114	10	130	0	135	123	
99	185	52	60	13	157	209	202	203	220	164	13	174	216	94	156	137	35	204	13	142	107	218	185	153	90	81	62	90	12	11	70	
225	252	213	94	253	255	71	191	91	59	46	120	110	115	140	247	131	214	96	42	115	92	251	255	63	190	85	126	154	217	194	45	
92	223	80	238	170	9	23	184	27	166	15	239	111	101	137	214	55	215	236	98	64	49	139	63	252	231	101	55	102	251	141	49	
49	40	18	8	45	95	144	72	206	104	176	72	214	216	54	32	200	9	126	69	141	99	214	144	145	216	11	59	89	12	107	132	
170	216	34	186	79	197	146	230	158	68	192	3	44	222	38	192	232	187	147	195	70	47	18	255	53	4	154	43	21	29	61	222	
98	51	72	101	32	27	90	24	33	168	180	237	79	35	131	22	22	196	205	174	12	208	209	204	198	245	161	147	110	135	74	147	
124	119	245	71	238	91	183	248	75	174	191	106	79	125	205	182	191	212	228	98	193	115	169	168	59	207	101	55	103	251	199	165	
220	255	251	230	242	107	55	252	123	166	63	234	127	245	201	48	55	246	228	98	116	115	173	46	255	135	101	39	231	251	135	35	
125	94	94	174	160	46	87	184	49	142	234	109	87	115	35	89	212	231	36	102	205	147	88	44	240	239	97	16	248	251	2	113	
58	34	87	73	106	18	184	91	51	4	224	225	9	135	132	148	126	157	195	128	0	211	131	208	22	225	131	171	67	132	46	128	
3	96	119	65	2	95	169	0	172	96	250	194	217	134	148	228	46	149	122	140	129	241	37	192	21	62	3	128	67	132	33	116	
47	251	96	78	248	147	207	252	83	236	253	237	99	237	159	180	92	232	151	238	223	186	236	191	62	92	165	184	127	191	254	253	
141	239	172	63	156	55	158	254	86	250	221	215	241	232	27	33	221	111	118	239	253	246	207	63	236	207	239	189	253	251	187	140	
28	223	239	111	186	6	127	188	55	174	239	165	65	103	137	84	119	222	237	234	104	208	105	46	238	239	231	132	163	243	164	113	
222	255	237	127	152	34	111	190	54	167	235	245	233	231	9	80	95	223	237	226	248	214	255	63	239	231	239	197	165	243	164	112	
85	41	139	166	240	66	111	85	112	200	74	72	241	242	209	112	114	239	20	252	205	218	172	104	188	172	175	132	168	178	163	44	
133	255	255	95	254	63	182	254	254	250	123	114	237	248	253	167	191	127	238	107	245	245	175	255	62	255	103	6	229	115	235	133	
182	237	253	95	218	243	191	238	254	215	248	187	105	254	205	187	127	255	239	147	124	111	239	123	63	231	255	251	213	113	167	254	
133	255	246	55	182	59	238	188	127	226	91	84	239	120	159	228	51	71	238	227	245	240	221	238	174	127	71	7	238	247	201	4	
84	175	251	100	226	75	118	249	115	162	59	234	87	245	200	50	55	220	100	34	116	115	173	10	250	134	101	37	228	250	135	35	
230	238	204	220	216	161	79	239	187	183	188	221	225	230	70	27	207	247	239	150	58	79	202	115	62	183	223	249	245	241	174	248	
6	223	118	87	242	166	191	246	190	134	126	230	249	247	165	100	39	127	123	202	240	216	61	110	111	46	103	130	103	243	165	185	
85	36	154	164	246	10	102	142	122	163	10	108	214	240	193	16	179	239	108	17	21	112	137	34	188	132	37	102	172	115	11	3	
69	247	117	69	170	11	167	184	108	178	10	232	215	96	201	35	55	84	104	99	225	228	109	31	172	130	103	116	76	242	3	33	
252	116	173	55	141	124	85	151	160	119	166	29	147	101	75	59	129	194	232	10	108	100	243	32	199	211	85	61	194	121	222	114	
114	98	73	104	120	1	90	72	131	52	176	169	35	207	196	16	222	153	197	224	14	67	202	93	178	144	169	191	117	130	110	224	
1	99	93	69	50	218	170	0	108	96	106	64	222	8	148	224	178	69	106	105	133	176	53	92	164	62	10	0	76	130	73	4	
51	245	58	92	91	149	150	232	223	4	237	10	120	216	126	48	249	185	210	99	198	35	186	223	123	93	3	47	81	6	107	167	
165	196	5	121	76	7	231	248	22	26	241	80	83	113	57	169	89	64	115	238	105	102	91	61	101	138	229	140	89	123	242	160	
228	210	157	46	40	76	87	184	131	254	161	109	215	119	75	91	149	212	108	98	105	71	219	8	217	179	101	60	216	242	6	83	
93	132	156	83	137	93	85	191	231	247	38	28	215	113	74	123	129	70	104	28	62	109	251	16	203	219	85	85	226	232	76	78	
12	252	188	51	237	253	112	144	223	127	45	29	223	193	75	88	129	10	238	30	54	116	90	51	207	223	21	125	218	223	205	82	
104	48	189	244	205	109	144	15	83	187	177	57	18	61	68	186	141	151	241	17	25	107	211	130	93	215	80	123	193	72	198	179	
209	74	111	124	108	26	104	56	213	210	114	246	211	72	177	235	122	164	46	239	233	52	103	95	84	171	227	132	125	185	112	32	
103	169	220	82	233	156	48	167	235	177	46	24	18	182	196	254	197	118	104	24	23	123	250	224	31	58	85	127	194	224	202	12	
84	34	200	36	128	120	101	16	96	198	174	13	211	163	67	90	32	196	108	30	76	64	245	0	211	175	101	25	160	240	78	66	
66	217	162	156	143	209	156	135	139	85	128	139	172	172	118	66	228	115	251	193	86	11	146	241	185	48	158	187	20	28	189	94	
103	0	143	92	89	148	226	8	241	64	235	68	114	242	37	246	216	124	234	186	13	227	246	65	3	190	194	10	88	35	106	148	
82	170	14	52	11	152	176	7	174	21	2	177	172	142	66	74	167	39	233	21	22	73	134	65	216	97	26	67	136	4	175	78	
51	34	104	168	44	63	209	88	67	44	145	239	131	8	158	0	88	136	93	45	140	38	69	144	208	89	33	188	125	172	122	197	
16	98	62	57	42	203	49	104	246	188	240	169	215	198	224	32	55	57	78	35	66	241	46	29	232	131	47	181	112	10	7	163	
82	34	14	124	136	134	152	75	166	149	200	197	193	206	118	66	204	127	233	129	158	75	139	17	211	161	187	221	128	0	191	82	
134	0	130	156	68	162	168	64	22	131	81	18	96	202	33	72	120	40	2	144	32	182	2	202	16	38	155	136	149	107	48	128	
12	104	165	177	236	205	237	23	142	251	80	75	157	143	81	10	201	41	115	21	66	116	195	208	77	145	255	172	148	216	85	184	
202	176	182	248	139	236	16	71	187	27	160	24	142	255	108	91	167	147	249	16	50	79	146	209	155	242	94	123	210	64	167	19	
131	132	2	153	113	240	184	39	30	91	66	49	172	186	54	196	201	43	147	149	54	140	2	247	12	54	154	203	152	4	185	142	
38	141	214	157	254	35	172	239	156	128	88	2	172	234	53	67	127	107	19	161	112	251	66	204	60	58	207	136	149	104	241	136	
134	32	130	153	68	162	168	64	52	131	81	18	72	202	33	72	121	41	51	144	0	214	2	194	0	6	155	128	133	105	49	128	
130	223	86	159	127	153	182	239	31	13	88	231	172	238	36	192	230	123	135	65	102	184	7	255	190	116	30	195	22	28	173	141	
66	153	166	152	143	213	188	199	142	85	154	183	172	188	118	66	237	51	251	129	86	9	51	241	13	16	222	219	149	92	189	95	
194	232	214	148	106	0	188	239	171	178	146	130	236	238	113	67	167	245	127	225	66	77	131	209	188	18	223	174	4	52	161	9	
156	255	190	191	178	107	55	255	118	182	253	187	255	230	235	32	55	123	238	99	242	241	47	63	232	199	111	53	244	123	133	163	
239	205	199	95	209	118	230	238	243	218	235	80	106	246	189	247	217	254	226	234	253	255	251	239	43	254	199	14	203	119	234	180	
253	109	66	182	208	6	78	246	113	202	234	69	115	227	51	209	120	238	20	238	237	154	156	46	248	239	167	136	41	243	234	24	
233	56	186	245	165	188	81	23	249	235	118	24	191	185	83	122	128	54	125	28	185	252	240	130	199	251	112	144	194	192	210	107	
166	0	226	156	68	34	168	66	84	131	81	18	8	136	125	72	120	173	51	145	128	247	132	194	20	46	218	140	133	109	113	128	
152	68	82	238	118	2	126	116	53	130	251	2	111	75	41	81	126	169	23	226	104	151	0	206	178	233	162	128	103	242	96	137	
33	172	122	64	106	157	161	98	233	34	124	10	60	147	164	180	38	30	82	12	66	255	178	125	23	40	17	42	67	64	99	173	
188	76	126	231	102	42	126	116	117	130	126	2	91	43	177	89	126	236	23	234	168	180	1	174	246	239	98	128	103	251	96	137	
99	143	98	140	127	177	250	98	13	68	92	175	40	200	182	196	222	171	147	133	198	43	6	255	54	60	138	171	31	14	120	223	
68	31	76	103	240	166	107	16	53	132	110	133	229	7	1	80	86	255	107	156	136	208	241	104	197	183	139	128	160	195	36	112	
103	114	72	37	112	42	122	24	41	64	232	205	131	11	7	16	150	205	85	164	140	208	193	76	134	188	128	144	136	131	74	211	
163	173	90	67	242	166	170	246	56	8	122	214	113	227	180	16	62	107	19	172	49	154	16	111	100	142	170	192	9	194	227	152	
115	9	105	228	116	11	206	116	77	160	186	202	83	9	148	48	254	228	95	239	200	171	69	204	182	188	162	144	101	138	114	41	
246	157	253	95	151	114	87	175	81	199	142	50	115	125	22	119	243	246	253	35	253	233	253	174	251	255	213	19	231	244	214	126	
41	89	122	229	53	159	255	182	77	200	126	42	63	29	183	164	134	120	149	111	193	184	36	173	99	249	36	128	118	188	80	109	
130	137	150	157	252	131	188	103	28	144	82	18	172	42	48	67	234	43	19	129	112	248	67	204	44	50	222	192	21	40	177	137	
2	140	146	155	150	162	186	231	62	129	90	146	44	238	48	64	127	59	19	145	50	152	10	255	44	38	158	192	148	64	177	153	
19	50	215	55	18	14	42	64	60	174	227	228	205	6	132	216	182	85	108	247	161	212	45	110	132	230	59	130	41	1	35	181	
97	160	184	58	14	225	144	202	194	211	168	9	178	216	122	34	217	227	122	129	14	99	222	113	208	13	139	63	221	72	123	134	
225	6	249	77	100	42	105	26	117	226	126	246	147	33	145	120	123	172	38	12	169	244	229	10	68	174	112	132	253	232	112	33	
35	91	99	79	70	151	231	116	69	72	123	230	112	156	180	228	124	172	54	207	201	186	100	237	52	44	162	128	127	143	240	253	
66	192	150	149	110	2	188	111	174	178	210	2	172	170	112	67	239	37	63	129	64	93	131	193	188	50	223	140	4	48	161	137	
212	137	89	242	131	200	95	167	57	7	3	27	143	63	104	88	227	151	57	18	90	28	218	247	219	247	218	73	176	1	133	2	
34	153	160	158	223	225	186	207	142	85	88	171	172	188	103	0	201	123	147	193	18	58	210	241	61	20	154	171	149	77	149	218	
51	65	165	101	60	95	194	44	79	232	146	12	242	56	149	163	200	68	124	111	173	225	113	188	161	250	205	146	72	56	80	108	
52	249	105	72	94	71	199	248	6	168	180	234	83	213	253	37	92	216	23	234	203	39	120	29	113	136	165	188	127	187	86	179	
167	237	206	189	248	171	190	231	190	183	76	157	181	226	83	17	203	111	123	78	118	223	218	63	252	167	255	169	140	113	155	218	
195	254	144	147	58	152	58	174	63	127	18	245	172	6	194	199	167	71	237	87	231	76	207	247	172	80	63	250	14	5	11	93	
49	48	29	89	41	223	144	72	206	96	178	72	150	152	20	36	200	53	106	1	141	227	243	16	145	152	11	59	88	8	75	134	
213	253	174	62	157	62	118	238	247	250	251	23	114	248	31	105	249	230	106	231	252	231	159	255	250	62	87	21	233	247	250	14	
253	89	223	174	176	14	87	188	33	236	234	101	87	115	35	82	246	228	44	102	25	179	57	40	242	237	101	16	169	179	96	115	
157	107	59	103	48	198	111	116	96	168	86	96	241	83	145	112	50	236	20	250	201	146	172	46	249	173	175	128	32	178	102	41	
100	175	243	85	242	75	183	104	123	162	99	232	71	241	196	54	55	252	96	34	48	250	141	78	60	38	69	102	101	171	71	164	
116	168	188	48	141	237	85	142	235	247	160	25	14	184	71	26	129	67	232	16	22	107	162	16	219	219	85	127	208	116	199	70	
181	173	211	161	214	11	102	206	58	160	40	77	87	226	73	16	51	108	0	124	115	216	140	46	188	4	5	100	168	242	82	128	
75	32	7	72	9	86	232	72	236	64	162	64	216	158	148	228	216	149	122	137	205	195	231	192	149	120	138	24	67	4	97	36	
85	67	209	69	170	15	78	184	38	168	58	204	215	97	129	34	22	68	108	110	193	48	205	24	164	172	37	148	108	243	1	33	
60	86	149	237	164	43	71	184	86	170	185	104	211	49	137	24	89	220	4	42	169	182	73	26	224	134	225	20	240	251	86	33	
141	238	190	127	232	181	190	238	254	211	250	80	233	232	127	171	255	111	234	135	246	239	143	123	62	255	87	9	193	241	235	140	
44	176	188	241	237	125	113	27	251	255	61	29	222	225	75	14	145	10	110	28	2	100	250	210	207	223	85	124	218	232	71	242	
104	56	184	112	237	109	145	23	91	59	189	56	158	61	68	42	141	159	245	17	27	106	211	128	95	223	80	123	202	72	138	163	
204	239	237	127	153	34	79	190	55	182	239	144	233	231	9	85	95	255	239	234	120	214	251	127	127	182	199	132	227	243	166	112	
100	168	223	86	194	154	52	236	186	179	32	8	116	242	236	178	51	126	98	80	35	211	154	105	31	170	87	38	193	96	99	168	
112	49	136	101	0	76	65	49	96	196	166	13	83	35	67	82	80	196	104	12	8	64	241	0	215	165	68	24	104	162	70	82	
33	107	93	229	108	11	239	61	76	160	122	74	213	1	208	2	106	228	126	107	193	186	195	12	108	136	175	164	76	170	81	169	
103	1	207	77	41	90	130	8	254	0	234	0	210	242	164	242	216	108	122	120	13	163	251	93	3	62	130	26	88	42	122	134	
35	50	72	169	106	15	184	104	42	36	100	143	149	130	2	16	238	13	83	44	4	210	208	28	212	161	171	40	12	0	27	144	
81	119	2	160	85	14	99	112	117	32	202	79	79	136	58	84	248	141	106	229	204	179	149	206	176	52	2	6	105	134	112	6	
126	219	108	101	50	10	127	184	37	228	254	229	219	103	139	84	118	212	125	238	200	144	205	76	238	239	167	132	47	182	96	113	
0	34	53	185	42	139	35	88	55	180	227	232	199	199	128	4	63	185	110	162	10	240	79	93	204	130	1	36	118	138	37	32	
2	134	68	153	58	168	56	47	30	23	72	245	172	34	130	64	199	11	163	5	118	28	67	215	12	54	186	195	148	68	157	139	
223	55	121	98	163	127	95	81	233	254	189	189	75	29	207	191	55	213	221	126	237	71	188	200	250	217	101	191	239	246	15	117	
108	169	232	32	188	205	81	143	35	245	164	141	151	13	90	18	137	132	73	85	30	105	248	21	235	213	5	125	224	136	222	82	
74	162	46	188	9	132	89	91	166	157	194	1	198	207	50	66	204	37	105	133	28	75	211	16	209	179	139	93	0	4	52	82	
12	169	51	122	253	221	243	238	251	21	40	9	46	204	116	176	137	123	195	81	66	107	186	245	123	93	23	107	210	13	119	234	
124	251	241	70	246	91	183	248	107	168	191	234	95	124	221	166	62	221	228	99	193	179	173	168	58	205	37	182	103	187	199	165	
51	34	71	33	48	7	168	75	52	165	226	213	65	6	4	144	252	157	71	164	44	216	81	78	144	198	187	128	65	0	35	188	
125	89	125	103	52	14	111	184	101	232	247	104	243	81	153	112	94	196	124	110	201	176	109	44	230	233	225	132	111	187	66	33	
61	109	67	38	244	134	78	246	113	202	254	68	115	115	179	244	121	238	20	238	237	154	76	46	242	239	167	128	46	247	250	217	
71	80	173	197	44	30	173	24	206	249	23	70	208	52	223	110	4	68	122	13	129	240	255	64	77	62	255	132	140	251	81	117	
140	81	61	235	236	77	181	216	206	56	48	8	182	151	105	27	164	89	91	67	67	37	186	49	69	137	114	60	80	27	7	171	
228	255	216	87	211	251	183	238	250	182	45	60	108	242	206	183	55	126	226	98	113	125	188	127	62	46	69	55	203	115	207	175	
41	73	104	237	116	30	223	180	65	232	94	134	187	29	151	96	94	236	21	111	205	184	101	172	102	249	164	144	55	191	80	249	
3	132	2	154	21	244	186	234	30	73	73	83	104	254	62	228	249	43	147	149	55	136	10	247	9	54	154	195	145	7	185	134	
56	201	112	225	116	159	222	182	77	40	182	10	171	9	181	36	170	160	23	104	200	184	96	188	230	217	37	176	119	188	80	141	
182	197	82	174	30	129	206	105	29	0	217	2	111	202	56	64	122	169	31	227	106	7	72	223	176	240	138	152	53	42	240	0	
15	221	110	95	178	134	175	246	60	130	126	198	249	227	181	68	127	127	51	206	224	152	27	111	110	174	239	128	15	243	225	176	
197	0	235	119	36	60	233	16	124	91	119	84	211	5	153	107	102	164	54	78	161	244	109	34	196	251	114	128	236	249	81	97	
154	223	30	191	118	153	52	231	159	4	90	231	173	202	34	192	231	59	175	1	102	156	6	255	182	231	62	139	52	12	173	139	
74	188	178	254	11	252	48	7	189	23	102	16	188	191	100	122	167	51	235	16	18	77	178	227	219	247	90	75	130	64	167	27	
88	88	187	244	3	228	117	150	177	134	110	9	62	183	99	90	160	247	233	194	64	207	178	106	211	231	82	9	32	113	39	122	
34	249	48	184	77	213	148	230	158	21	208	3	172	158	38	133	204	59	147	193	70	43	82	245	161	80	154	59	17	28	61	222	
66	217	162	152	143	197	188	231	143	93	146	183	172	190	102	66	229	51	251	129	86	11	146	241	189	48	222	251	20	28	181	95	
247	205	199	95	185	126	198	238	255	219	235	16	226	250	173	247	217	126	126	106	125	239	251	255	43	254	215	31	216	123	234	134	
244	253	247	86	214	123	183	238	123	178	127	58	106	241	237	55	51	254	98	122	112	247	174	110	59	174	69	46	227	251	231	165	
182	239	173	127	184	107	174	238	54	191	249	243	225	238	157	129	253	255	239	227	120	247	239	63	189	231	239	181	245	115	135	240	
45	237	172	191	188	47	238	252	86	250	223	69	243	232	27	33	221	111	123	239	221	240	223	61	237	255	239	52	220	251	216	210	
156	255	247	191	154	235	55	255	55	183	207	250	239	231	41	77	63	255	238	226	122	255	79	127	253	134	85	52	246	251	165	41	
66	153	146	156	233	196	60	7	143	89	152	33	172	190	96	66	198	55	191	129	82	11	146	241	189	52	158	251	16	4	165	91	
2	141	2	158	148	163	174	231	22	3	90	2	104	226	33	64	121	107	19	144	50	152	8	255	40	38	158	192	148	90	176	136	
134	239	197	223	219	175	111	255	183	182	238	222	232	231	1	213	125	254	235	142	120	218	91	127	191	150	85	4	178	241	132	56	
2	172	146	155	214	162	190	231	62	1	90	146	44	238	48	64	127	59	19	145	50	156	0	255	44	38	158	192	149	64	177	137	
3	159	16	189	56	164	24	55	30	75	88	245	164	162	160	192	199	43	143	5	247	136	66	223	172	54	58	138	24	196	153	29	
9	107	17	229	108	9	239	48	100	168	114	64	247	3	208	99	78	108	110	110	65	176	197	8	228	169	167	160	44	186	81	168	
86	9	199	67	210	174	107	18	53	164	106	135	97	7	1	84	114	238	107	220	2	208	209	104	85	170	131	0	162	211	0	32	
25	223	91	231	178	70	111	245	52	202	250	98	117	119	160	113	54	255	20	234	233	145	45	47	225	175	175	128	32	242	163	161	
48	172	90	88	74	128	180	111	168	130	232	2	32	211	4	18	43	255	98	136	82	235	146	101	22	46	19	104	73	128	235	136	
21	96	79	41	74	34	104	200	53	162	234	193	85	163	8	24	123	223	98	167	12	210	135	64	212	162	203	4	225	211	35	128	
120	161	40	186	157	225	145	202	198	149	128	27	183	217	90	3	201	195	107	17	62	99	219	49	209	129	139	61	212	72	62	194	
80	67	61	69	46	75	194	168	124	168	178	104	246	56	141	35	18	84	124	99	137	240	77	45	132	170	97	16	68	57	85	41	
5	49	9	161	112	15	235	48	40	232	106	77	213	23	80	16	148	13	91	111	145	144	241	12	229	156	43	96	8	3	3	240	
253	89	254	166	58	14	83	184	177	236	182	44	95	87	131	115	126	229	124	110	233	199	185	44	250	233	101	148	106	179	98	115	
34	177	176	136	223	197	184	207	11	73	88	43	172	190	108	0	205	27	147	145	146	58	210	241	61	20	158	235	213	14	151	219	
220	121	127	103	34	14	95	176	101	172	182	100	123	83	129	115	54	244	93	234	233	229	57	44	243	233	103	144	43	179	102	49	
100	168	154	114	201	185	176	194	206	179	161	8	32	232	102	26	169	119	234	16	6	111	138	51	25	135	93	127	209	74	15	142	
32	230	213	69	82	15	174	44	48	178	163	200	211	33	152	19	63	84	74	42	96	240	93	78	108	130	101	20	105	242	195	160	
106	174	150	92	201	248	148	135	187	31	160	25	170	246	68	158	129	83	232	0	54	75	194	163	25	246	84	123	194	76	207	14	
45	85	149	101	184	47	71	184	84	170	186	76	215	33	137	159	21	212	76	106	169	160	89	30	164	198	101	52	234	251	82	49	
53	111	88	37	242	10	70	58	112	162	104	236	87	33	129	80	87	204	4	110	233	146	69	14	188	166	37	148	109	250	66	129	
44	52	188	241	237	61	113	27	107	255	61	29	158	241	78	30	153	10	239	28	18	100	251	210	207	221	113	62	218	108	71	243	
104	176	152	243	237	125	149	23	75	191	189	24	158	57	78	46	143	31	238	17	18	122	243	130	79	221	20	123	202	72	139	131	
64	160	214	84	72	128	160	202	186	145	160	0	240	242	76	50	145	127	104	128	2	203	138	105	9	186	87	59	65	32	35	140	
105	51	241	68	112	78	67	56	97	232	226	76	83	21	129	116	84	220	100	108	201	178	241	8	197	188	32	20	106	162	70	113	
40	169	179	122	221	221	176	239	219	29	44	9	174	221	116	132	137	59	195	81	66	107	154	247	111	85	22	107	210	28	223	250	
102	168	231	95	248	2	111	184	55	180	230	160	97	231	205	85	95	252	107	234	88	210	203	253	126	254	199	132	166	178	102	48	
113	0	83	77	58	90	130	72	110	32	234	96	210	210	164	112	242	28	106	32	69	163	199	90	16	44	3	19	85	42	105	4	
0	2	85	205	106	11	41	11	62	164	226	192	192	3	132	84	94	156	106	168	0	176	71	88	4	6	1	0	80	168	4	160	
99	32	14	156	29	208	192	72	207	128	128	8	226	216	52	242	216	177	122	65	14	99	206	81	149	48	139	59	80	10	122	6	
17	10	13	37	16	7	104	103	52	161	98	213	211	34	0	0	252	141	36	173	185	216	81	28	148	166	186	0	105	0	32	8	
250	169	25	250	25	213	90	136	131	49	164	8	175	215	72	244	201	154	249	208	10	10	218	177	155	213	129	127	50	2	14	42	
96	185	105	96	84	79	65	51	34	228	172	9	19	29	82	16	8	156	81	56	74	122	240	4	207	141	5	117	97	128	86	122	
215	52	255	68	163	95	125	121	169	254	181	189	75	124	222	63	167	149	221	38	253	101	188	192	91	91	69	183	103	228	71	119	
42	233	104	94	93	209	82	232	131	0	236	138	42	205	39	20	72	250	211	66	78	43	218	183	115	213	128	59	115	143	126	142	
81	48	23	40	111	201	144	75	207	32	242	42	134	152	4	44	170	189	106	1	5	123	215	208	148	48	27	58	121	8	3	15	
151	16	231	197	38	34	233	89	33	226	83	246	93	55	185	111	62	149	55	174	161	148	165	200	148	40	234	132	47	227	49	177	
10	142	94	191	118	177	184	103	31	7	90	247	173	234	34	192	254	59	167	129	230	156	7	223	150	103	186	131	61	204	41	159	
156	120	152	251	131	203	23	220	23	131	197	51	223	215	105	72	243	89	173	82	42	244	91	50	201	199	23	87	178	27	5	51	
57	89	114	228	52	159	254	182	73	200	118	42	59	25	183	36	174	224	21	75	204	184	32	173	227	249	36	144	119	188	80	109	
5	148	253	253	182	6	239	190	90	202	95	230	221	127	176	96	23	125	53	239	161	216	45	78	104	175	239	132	189	227	1	121	
141	237	206	189	178	139	110	247	62	230	90	229	255	227	179	64	115	111	127	15	112	216	13	111	236	175	239	128	172	244	137	211	
101	236	166	158	253	142	118	236	255	255	242	13	98	248	127	91	249	231	122	199	252	235	155	255	124	62	199	10	200	127	242	70	
43	31	99	206	247	177	174	101	77	72	121	238	104	232	180	228	94	170	146	207	213	186	36	255	54	60	130	138	95	223	248	181	
21	174	190	191	157	31	254	232	126	186	210	65	239	232	59	97	253	111	110	231	252	241	219	253	237	255	71	5	192	114	41	134	
2	192	150	157	100	130	188	39	28	27	82	18	172	170	48	65	239	43	51	129	112	220	67	197	12	50	222	130	4	8	177	137	
195	118	229	29	250	166	175	30	222	218	90	244	245	246	208	102	23	127	63	175	163	84	191	95	44	58	111	172	28	243	129	245	
72	149	59	97	177	204	117	55	41	73	110	20	158	183	32	112	166	63	21	16	19	152	176	68	239	253	54	66	200	64	133	59	
127	179	99	77	16	22	75	56	39	164	238	196	91	71	157	212	118	156	125	236	201	144	253	14	254	237	163	148	111	162	96	56	
45	80	255	69	100	94	237	24	198	253	95	2	208	125	159	106	104	84	59	110	129	240	119	64	71	47	229	132	231	251	84	225	
9	207	194	95	240	134	239	247	116	138	126	198	121	227	181	196	127	106	54	206	225	248	15	111	110	174	183	128	111	240	233	185	
71	81	171	197	60	92	171	24	234	233	159	70	208	148	223	102	52	68	125	93	129	97	247	192	77	60	175	148	140	179	81	117	
61	223	195	63	214	150	103	246	113	202	126	102	115	115	179	244	126	238	22	238	237	186	108	47	118	239	165	128	47	247	250	237	
28	253	222	119	147	127	183	238	114	186	251	10	123	248	205	177	59	255	228	242	121	243	187	47	185	239	101	37	233	115	239	160	
125	235	242	70	118	27	255	248	99	228	127	170	107	233	223	180	62	220	230	106	197	179	173	238	122	237	37	44	103	191	110	165	
88	4	70	161	22	34	72	16	37	32	215	2	223	11	57	72	118	133	61	169	40	149	1	142	210	239	170	128	39	128	32	0	
190	141	64	172	84	131	78	248	21	2	248	10	75	75	57	81	122	233	23	226	120	167	72	191	178	239	227	140	55	187	112	128	
6	219	130	155	233	161	184	206	158	29	80	181	172	218	106	200	195	43	179	213	22	76	74	241	12	18	154	235	144	29	189	207	
205	255	222	86	219	119	183	254	250	254	175	252	120	246	207	183	55	255	226	226	245	207	191	127	127	47	101	239	203	115	239	245	
113	5	107	228	52	11	202	97	77	32	250	202	115	9	148	16	122	172	29	239	201	186	69	140	176	172	162	16	109	138	114	40	
93	221	123	78	178	216	79	180	101	202	254	230	123	245	181	116	118	254	44	106	201	171	237	47	242	237	37	152	127	251	96	57	
2	192	150	149	110	128	188	39	62	161	90	2	172	170	112	66	238	47	59	129	64	216	131	193	4	54	222	128	4	24	161	137	
188	68	118	231	230	42	126	244	113	130	119	2	75	107	57	89	126	236	6	234	168	180	1	238	242	239	98	128	231	243	98	136	
34	234	104	155	126	153	154	194	158	20	80	171	164	204	183	0	143	43	131	71	70	46	78	191	36	20	24	187	85	13	31	205	
93	89	62	110	170	95	95	188	228	200	159	40	255	127	187	115	118	245	125	227	237	3	61	44	242	235	111	153	60	243	41	91	
204	236	18	184	248	96	15	234	186	22	168	24	221	227	41	81	115	211	75	178	34	71	138	127	249	167	47	125	144	113	39	34	
121	223	115	95	246	154	79	255	117	74	126	230	123	117	181	244	126	254	22	234	233	186	109	191	250	239	39	128	63	251	226	253	
3	134	2	157	117	183	168	103	31	11	90	247	172	234	188	228	255	43	151	141	183	152	5	223	132	118	154	194	156	76	185	157	
143	239	198	181	246	138	111	246	191	238	94	231	109	227	179	213	51	238	63	78	229	216	13	255	254	39	39	129	46	244	189	201	
162	251	98	154	79	208	188	230	27	85	84	167	40	142	118	197	238	251	147	197	198	26	182	241	54	48	222	235	23	28	189	222	
253	89	255	238	58	78	95	188	225	204	182	40	127	119	163	115	118	245	125	234	233	199	185	44	243	235	103	152	38	179	38	115	
20	32	150	120	155	175	160	200	238	177	226	11	67	200	109	138	169	111	106	17	38	227	142	16	25	224	3	63	209	89	75	134	
248	168	24	120	25	221	80	106	131	48	160	8	187	211	64	177	200	185	200	128	78	14	210	31	211	217	129	61	50	0	74	10	
17	40	19	185	78	137	160	71	110	33	226	90	23	152	0	40	170	189	106	1	0	254	199	16	148	160	18	58	65	8	3	140	
50	32	2	136	9	131	232	73	167	36	136	11	130	195	32	148	120	164	75	172	8	3	146	88	145	176	139	58	113	10	50	162	
42	177	56	248	253	221	245	239	219	93	60	24	190	221	78	36	137	26	215	17	211	106	250	181	111	221	21	123	210	8	214	235	
66	178	249	19	234	109	185	75	58	247	49	189	188	60	94	27	167	27	243	21	150	124	247	66	93	28	124	174	197	68	135	251	
127	150	252	80	171	124	25	154	43	119	175	189	78	38	206	159	167	135	236	52	183	69	191	208	158	251	81	247	235	197	143	87	
63	251	227	78	87	213	242	252	123	204	125	110	104	220	255	180	62	232	150	222	199	187	174	255	58	109	37	235	111	191	122	253	
33	34	4	169	72	7	104	79	22	161	224	193	145	3	16	80	72	140	106	140	8	222	67	28	68	162	155	64	48	128	114	136	
1	14	217	69	54	10	226	23	124	161	122	240	243	33	128	64	114	46	44	8	177	184	69	14	36	174	50	64	108	128	81	169	
106	233	56	88	217	221	21	231	131	61	172	24	42	159	70	52	201	187	195	16	94	106	242	181	123	221	20	123	210	12	198	238	
248	225	184	40	153	204	83	205	99	21	165	25	6	209	74	16	145	138	200	112	90	107	202	19	251	209	21	125	194	2	206	66	
76	181	184	227	253	125	241	27	91	253	61	29	159	61	78	10	147	31	207	24	19	120	251	210	207	221	53	127	218	74	199	243	
98	179	248	18	235	249	181	15	219	95	53	189	174	252	78	26	143	27	230	20	150	106	242	99	78	22	84	123	192	76	207	223	
49	7	193	69	18	10	78	59	48	160	234	192	83	35	145	148	58	204	64	238	73	152	77	14	36	174	165	20	99	226	74	136	
109	85	149	101	169	78	71	184	97	250	42	76	214	53	1	255	145	212	108	122	121	240	249	12	173	250	69	20	202	251	194	49	
253	88	127	228	42	78	95	184	161	238	182	44	123	87	131	123	118	245	124	234	233	199	185	172	243	235	225	148	43	179	98	115	
45	101	64	101	81	7	110	80	49	160	249	202	83	3	80	148	92	236	6	238	72	178	201	14	116	140	129	32	107	166	114	160	
20	162	20	187	142	139	64	41	94	48	194	3	199	200	24	64	217	15	106	17	92	240	79	16	140	162	79	81	116	10	144	2	
118	232	146	90	73	149	68	202	171	150	160	9	42	195	108	150	233	225	234	128	74	103	138	113	19	146	199	59	81	116	106	134	
128	168	94	93	74	131	164	103	246	129	226	82	176	162	4	0	106	175	98	136	48	250	195	115	36	42	51	0	97	0	227	136	
217	93	127	231	34	94	95	184	36	174	222	100	251	119	129	115	54	244	125	234	233	145	57	44	243	235	231	144	46	243	39	57	
64	27	149	69	36	14	163	56	108	40	123	96	215	33	129	98	150	85	110	106	129	176	193	77	132	166	98	16	64	170	1	33	
114	41	198	65	16	138	106	64	63	32	226	129	97	3	5	84	112	236	107	220	10	217	193	108	180	170	130	0	161	128	99	160	
28	249	222	103	23	91	215	248	119	164	255	130	219	104	139	160	59	253	236	226	73	240	125	61	232	231	101	21	239	34	47	50	
127	251	115	78	91	209	75	248	115	200	253	238	105	201	255	244	126	232	134	234	207	50	238	255	62	108	129	236	127	167	106	188	
16	10	222	69	82	10	40	119	54	161	98	210	115	33	128	80	58	204	34	172	32	248	69	14	4	174	112	0	97	168	96	136	
40	181	185	105	189	125	113	31	63	125	61	29	159	125	76	72	157	26	255	28	155	120	251	147	207	223	53	244	218	72	197	115	
170	88	20	190	79	197	146	194	159	22	192	147	172	222	33	201	200	115	155	195	98	15	82	251	145	50	154	59	16	61	61	26	
2	132	34	137	20	163	170	99	84	1	91	18	72	136	56	64	121	43	19	177	146	186	1	223	44	36	154	192	149	74	176	128	
34	177	176	202	245	165	186	79	11	105	89	171	12	188	124	0	159	27	151	17	146	58	200	209	63	28	159	238	148	78	147	211	
186	13	116	237	150	3	76	123	21	162	248	2	11	43	49	65	122	173	23	161	232	190	65	158	178	251	227	132	55	236	112	136	
71	65	235	69	52	92	235	16	74	232	159	10	208	213	223	102	80	100	124	127	193	33	245	192	225	60	167	156	4	187	85	101	
222	74	238	36	38	50	106	80	225	166	247	231	73	235	183	91	38	229	173	238	140	213	132	232	210	235	235	133	39	247	127	69	
166	183	144	138	237	57	188	239	142	63	24	253	172	232	238	131	143	75	211	55	214	75	202	243	44	16	127	191	156	94	153	223	
156	121	144	251	131	77	87	220	23	178	228	2	31	211	97	111	119	218	157	90	74	241	155	160	243	208	85	62	50	251	160	43	
102	227	207	79	88	75	107	232	46	164	111	128	97	199	205	80	122	252	107	234	64	210	203	61	62	237	167	133	33	179	102	176	
221	255	190	95	251	247	183	254	114	254	252	252	120	254	135	191	191	127	230	226	247	127	191	127	124	239	127	237	219	117	175	255	
56	69	96	229	84	27	206	125	69	224	188	10	3	9	149	32	120	140	23	235	232	178	101	158	114	205	165	180	119	190	208	136	
52	255	222	95	219	83	183	236	126	247	231	38	104	242	175	213	127	255	226	226	119	210	255	127	60	38	71	39	217	115	175	229	
29	233	190	63	159	75	246	232	126	244	251	7	238	248	27	193	251	111	110	103	205	241	219	61	188	231	111	7	249	51	105	135	
188	68	246	228	198	34	110	120	117	130	247	18	91	107	57	89	122	204	6	170	168	183	1	138	242	235	230	132	231	249	98	128	
2	145	178	157	101	196	184	71	62	89	80	51	172	158	52	64	230	59	179	129	130	24	146	209	5	52	154	203	20	4	181	219	
125	253	190	191	223	203	183	238	254	246	250	47	246	248	27	195	123	110	106	99	247	251	223	63	252	39	103	31	237	125	251	203	
158	122	222	188	42	160	26	88	191	156	213	231	108	207	227	95	102	121	175	211	6	71	142	248	210	99	107	171	55	167	45	215	
97	65	65	229	124	11	111	49	68	160	186	202	179	1	144	112	122	164	78	106	73	179	69	12	244	168	162	48	109	186	80	168	
82	4	66	160	20	34	104	87	45	3	218	18	143	10	32	72	122	133	31	176	24	145	1	194	144	228	154	148	165	201	241	8	
109	177	249	227	252	125	113	153	123	253	61	60	223	61	74	58	159	159	94	56	147	112	249	192	207	221	53	124	204	203	199	243	
252	82	255	254	40	78	95	248	233	254	182	108	95	223	131	123	246	245	253	234	233	71	251	40	211	235	227	156	36	179	38	115	
73	110	198	5	56	10	97	32	36	160	234	64	241	99	128	214	120	228	104	234	104	208	197	12	164	175	227	16	9	162	91	32	
84	129	22	169	142	11	96	73	86	33	203	11	70	192	40	64	112	140	106	17	18	241	143	16	156	38	5	84	112	10	128	0	
114	106	130	24	73	161	160	78	174	144	160	73	32	226	68	146	201	233	106	128	14	67	202	17	145	160	219	59	25	112	106	142	
93	23	87	101	50	14	110	48	100	136	127	228	255	115	129	245	54	116	92	110	193	144	5	12	164	239	97	128	46	242	3	49	
220	81	127	103	42	78	95	48	33	238	183	164	123	119	129	123	54	245	125	234	233	197	185	232	243	235	229	144	46	243	102	113	
253	88	127	230	42	78	95	184	177	238	182	170	95	87	131	123	118	245	125	234	233	199	169	232	211	235	231	144	37	179	102	115	
73	65	17	101	32	14	174	48	44	8	107	68	223	51	128	196	22	68	108	110	1	176	209	8	164	253	34	0	74	162	1	33	
106	235	16	26	25	145	18	192	143	148	161	9	174	210	101	148	200	185	202	66	78	11	202	253	145	212	9	59	18	7	46	14	
32	40	12	141	72	139	96	79	6	161	96	0	176	131	0	88	72	44	98	12	2	220	195	25	4	34	144	32	16	136	82	136	
45	177	185	243	253	253	241	155	75	125	61	60	158	93	78	40	159	27	87	17	147	104	251	145	79	221	53	255	202	138	199	243	
120	40	16	56	29	233	80	107	163	4	160	9	46	217	65	148	136	168	201	0	14	99	194	157	211	208	1	59	82	12	86	10	
46	28	134	158	111	240	184	64	141	134	201	163	204	206	33	206	203	57	171	131	4	131	82	200	149	118	202	11	150	127	61	150	
2	132	2	137	20	162	170	99	20	1	91	18	64	234	56	64	121	42	2	177	50	152	0	223	40	38	154	192	148	10	176	128	
164	225	49	65	221	79	65	169	67	240	164	8	146	85	77	53	153	152	64	120	123	98	122	20	109	152	5	124	82	8	86	226	
87	48	239	80	203	126	121	27	171	255	167	157	88	46	95	59	167	149	253	180	188	71	189	66	91	62	85	246	225	245	230	119	
14	176	161	177	203	109	185	91	58	123	25	217	157	191	88	143	175	31	243	149	147	116	146	194	93	87	91	230	199	69	135	179	
146	12	86	189	182	43	252	103	29	162	218	18	175	42	48	65	239	175	31	129	104	191	65	206	180	246	218	128	52	104	177	9	
101	113	145	69	233	31	70	152	107	234	43	72	210	48	205	190	145	76	112	106	193	112	249	0	39	158	69	52	202	243	202	164	
38	182	144	152	252	9	186	234	138	63	16	253	172	238	238	2	207	91	207	53	54	78	202	243	12	22	223	255	148	76	13	223	
38	164	224	195	246	185	250	90	11	225	125	139	136	236	220	40	191	27	23	157	146	58	236	210	14	28	155	238	215	207	83	213	
90	5	82	225	150	42	106	23	53	1	250	18	15	43	0	88	114	143	29	176	26	154	1	198	146	253	154	196	167	192	224	0	
156	228	148	199	191	60	86	254	65	190	252	58	111	115	200	183	127	222	204	42	120	127	170	170	187	221	69	47	98	254	174	173	
55	255	106	78	124	151	238	249	82	76	253	238	105	204	183	176	220	234	150	238	207	178	108	255	54	77	165	173	95	183	250	213	
40	249	57	90	253	221	213	239	207	125	172	8	170	28	70	176	137	27	195	16	222	42	114	181	111	221	20	123	211	12	198	238	
63	223	230	149	246	154	111	246	55	206	94	231	105	231	183	212	55	238	183	206	229	216	165	254	126	111	231	129	47	245	253	221	
34	221	34	154	207	212	188	231	155	85	88	183	44	222	62	65	239	59	147	129	214	26	178	245	55	48	158	235	21	92	183	223	
85	77	51	70	52	76	207	0	73	236	223	10	243	216	213	100	112	236	60	107	201	50	188	202	177	188	175	152	5	187	85	101	
17	10	196	117	16	170	104	55	116	33	226	208	243	35	144	80	88	174	32	140	57	156	69	15	196	174	176	64	105	136	96	136	
108	177	185	99	249	125	81	25	107	253	61	56	154	63	78	62	145	27	196	16	151	122	249	144	79	221	21	127	194	66	198	247	
58	126	142	182	198	175	156	134	26	171	218	235	54	61	1	25	237	247	255	129	44	219	65	45	216	39	254	145	141	121	27	11	
10	177	177	49	235	109	181	143	26	87	48	189	188	188	78	138	135	91	211	21	178	106	242	243	77	85	94	111	199	76	135	243	
220	46	20	173	187	99	31	251	149	174	140	61	205	35	3	215	99	103	205	170	56	79	201	190	248	215	207	63	178	245	175	131	
1	10	86	113	22	138	97	23	116	33	66	224	243	0	144	104	114	46	40	8	26	184	69	13	132	166	50	64	108	136	65	40	
34	238	24	94	93	213	214	232	211	44	228	8	32	200	110	148	217	250	194	194	78	99	234	127	63	31	133	63	81	58	110	134	
60	127	78	111	153	95	239	252	39	172	255	132	251	199	139	208	120	254	238	226	73	179	251	63	255	237	167	149	107	179	238	240	
19	189	122	30	211	145	150	103	127	69	108	39	44	248	38	0	178	171	146	129	214	187	30	127	50	77	30	75	125	6	171	207	
157	255	190	189	159	255	183	254	246	254	222	63	254	253	147	231	127	254	238	67	255	251	255	255	252	103	103	191	255	125	191	251	
209	89	31	252	4	206	109	55	164	8	194	0	247	23	32	115	224	244	125	106	105	137	51	45	241	171	230	0	32	176	165	42	
41	181	189	227	188	127	113	31	63	121	61	24	151	61	74	56	151	159	127	24	155	120	249	21	207	223	53	245	240	138	197	243	
3	134	66	155	118	177	168	67	31	3	83	147	172	202	178	200	255	43	163	133	54	158	7	223	6	54	154	193	157	140	169	132	
165	114	251	90	108	173	249	216	255	91	117	92	30	217	253	60	189	24	86	94	131	103	186	241	87	24	115	236	216	139	67	225	
2	141	2	154	149	167	174	231	22	1	74	2	104	234	48	64	121	107	19	145	50	152	24	255	41	38	158	64	16	74	176	136	
205	81	93	71	34	78	111	176	105	234	54	236	223	55	137	127	54	212	124	106	225	212	181	104	230	251	101	132	42	179	67	49	
131	250	136	146	252	41	184	206	158	253	17	253	140	170	210	10	135	75	211	21	166	77	138	243	12	22	127	254	156	173	139	221	
120	41	82	42	85	217	70	96	117	36	234	8	106	129	0	148	120	172	226	194	73	178	209	254	180	244	1	43	107	14	106	4	
6	132	2	139	20	163	170	66	22	1	91	18	72	234	56	64	121	43	19	177	18	184	9	223	8	38	138	196	149	11	48	128	
252	82	127	228	106	78	127	184	41	206	246	238	95	119	131	123	118	213	125	234	233	215	249	202	215	235	231	148	37	243	102	115	
48	42	142	29	9	235	161	74	118	164	194	4	224	130	3	216	104	110	106	16	9	217	199	48	156	34	155	1	153	65	126	136	
199	28	247	215	236	36	175	52	233	187	119	118	252	247	221	111	103	126	54	138	225	252	170	226	36	58	119	168	142	243	225	165	
109	52	249	99	241	127	115	24	107	251	61	56	222	63	207	62	151	93	212	58	145	112	249	194	79	221	33	246	202	227	71	247	
92	112	251	101	98	110	123	144	57	238	54	172	223	63	195	122	183	221	125	250	137	212	185	66	215	255	103	164	231	243	71	115	
109	52	145	65	97	127	115	24	107	250	61	104	222	85	205	190	149	92	212	58	131	116	249	0	15	221	37	182	202	227	70	245	
88	145	134	45	27	91	34	8	54	229	207	142	67	96	10	212	48	204	234	168	45	209	93	29	253	39	69	85	106	46	172	112	
39	96	224	83	86	49	250	200	91	227	125	154	8	204	223	44	63	217	19	159	134	54	172	194	14	28	159	172	199	223	115	196	
230	127	176	154	236	161	156	207	155	63	152	191	236	204	207	9	207	115	247	19	118	99	202	247	52	18	255	251	148	95	151	211	
77	186	134	30	169	245	19	170	190	221	142	173	236	244	234	166	149	114	232	29	55	75	187	61	201	55	125	219	130	101	13	119	
34	157	34	154	207	213	188	239	158	85	88	147	172	252	126	65	253	27	147	129	214	26	58	245	63	16	158	235	21	76	181	222	
45	177	113	227	253	109	241	25	75	121	61	60	222	93	222	44	159	26	87	57	147	112	249	214	79	220	37	246	206	142	215	243	
131	130	138	153	116	163	168	67	30	11	81	247	132	202	188	200	223	41	18	157	182	156	71	215	12	22	186	194	156	8	185	133	
45	181	113	227	253	109	241	153	79	121	61	122	222	93	220	44	63	154	95	56	147	112	249	214	79	220	37	246	206	142	199	243	
118	253	164	70	203	87	150	232	27	238	168	47	74	124	71	158	157	213	241	115	220	99	251	106	59	6	77	191	195	118	94	87	
188	244	244	95	63	122	82	238	91	183	252	58	74	106	206	182	251	212	196	40	44	127	189	239	187	255	85	127	250	252	110	143	
95	48	142	180	171	120	93	27	163	255	151	189	207	55	202	158	39	199	253	156	29	65	163	192	218	243	125	215	166	228	174	87	
110	52	175	242	237	116	248	83	171	187	159	92	220	255	93	62	173	23	247	153	145	103	186	194	95	95	255	238	207	101	251	243	
2	156	178	150	246	136	188	103	189	11	82	178	172	190	32	65	231	51	159	129	240	153	0	239	180	54	222	130	132	76	161	137	
167	98	115	90	108	13	232	216	239	26	113	92	218	200	253	175	158	72	86	126	195	118	206	240	20	24	99	236	221	187	83	165	
110	25	146	174	79	208	146	65	143	132	201	131	172	254	99	206	202	185	187	209	4	3	218	232	147	116	138	27	150	47	61	150	
220	12	158	180	11	98	17	2	184	158	135	49	79	247	35	91	227	245	237	131	40	197	131	106	211	227	123	19	160	113	45	67	
114	4	66	161	148	34	106	71	61	1	251	18	15	42	32	80	122	143	31	176	24	155	1	194	182	236	154	192	165	200	240	8	
222	63	21	151	171	225	95	231	133	238	142	183	238	167	195	215	231	231	236	166	125	223	233	238	186	214	197	179	178	245	132	125	
1	134	65	203	52	162	234	51	84	1	91	246	241	34	184	224	94	42	22	141	157	184	69	159	140	46	186	192	189	138	121	141	
6	2	38	159	79	175	168	67	158	134	89	135	204	232	63	141	120	41	35	173	4	176	70	216	4	18	75	11	215	111	25	196	
162	171	96	158	71	209	190	107	95	68	85	175	40	204	246	4	250	43	147	135	198	58	238	251	54	28	159	171	87	14	253	206	
237	124	213	255	95	255	242	154	115	43	246	58	251	85	153	188	95	212	252	217	171	246	121	191	23	255	145	147	247	213	90	173	
123	223	99	92	246	210	238	246	117	206	254	231	107	236	183	228	127	238	191	239	237	187	101	255	58	127	167	128	127	253	248	125	
61	127	106	111	185	127	127	252	37	236	255	36	123	255	139	244	124	254	238	234	205	179	249	191	243	253	167	149	107	247	238	115	
219	31	142	182	188	152	174	167	188	142	86	255	175	236	147	2	167	115	223	69	181	205	134	239	184	247	190	139	140	125	187	153	
47	183	241	193	245	127	235	217	127	233	61	110	218	93	221	188	63	156	214	62	147	50	237	210	31	92	37	230	207	207	210	245	
220	82	255	228	46	78	127	56	57	206	246	239	223	127	131	123	118	245	125	230	201	215	169	202	211	235	239	152	39	243	38	115	
4	12	2	138	20	163	170	64	20	1	91	18	64	202	40	64	121	40	2	176	50	180	8	223	40	38	138	64	148	11	48	128	
205	82	253	69	98	90	127	48	41	206	118	236	223	23	129	127	54	213	253	234	193	212	177	202	230	251	101	132	46	179	6	113	
197	220	255	213	238	36	175	246	122	155	114	118	112	243	253	107	127	127	55	202	177	244	170	99	108	42	231	168	141	241	225	161	
155	132	110	65	212	58	237	247	116	99	94	18	25	41	158	100	123	142	55	189	177	188	37	199	126	47	178	196	231	204	240	236	
184	5	110	236	212	19	206	127	85	162	255	26	83	105	188	32	120	172	23	40	248	179	37	142	114	239	161	132	119	234	240	128	
215	126	247	150	187	217	95	231	189	206	222	191	108	230	167	215	231	231	239	132	253	223	238	238	190	54	221	211	134	181	134	125	
47	53	241	65	245	127	251	24	123	233	61	108	222	61	221	188	191	221	215	58	147	112	249	194	15	220	37	230	207	239	71	245	
34	173	96	154	215	241	186	238	31	117	88	187	168	236	126	0	251	27	147	149	86	58	110	247	31	20	159	239	85	76	119	222	
134	255	145	154	248	169	190	207	158	191	25	255	228	230	201	11	159	123	75	23	114	64	202	247	44	22	127	252	156	217	131	145	
255	124	246	95	127	251	114	154	247	191	246	58	235	217	143	253	251	252	252	152	174	247	237	187	151	255	145	151	247	213	78	143	
106	186	90	90	121	221	18	202	155	28	172	45	46	220	230	148	137	58	198	0	6	107	234	53	58	85	1	59	90	12	206	223	
118	141	194	227	212	34	106	71	57	1	251	18	11	42	36	80	123	143	23	144	58	154	1	230	186	236	158	192	165	203	240	0	
92	118	251	229	98	110	123	144	41	238	254	108	95	63	195	122	55	221	253	234	137	214	185	202	215	253	103	132	231	243	103	243	
246	252	213	92	251	211	22	231	187	255	176	253	42	254	198	247	231	253	238	134	253	79	250	238	59	126	85	251	219	52	238	95	
74	178	236	144	170	48	60	159	187	255	150	253	140	174	222	62	167	215	253	145	150	73	167	194	222	119	252	247	134	212	143	95	
2	152	178	158	118	132	184	230	188	11	80	178	172	254	32	66	231	59	155	129	162	205	2	231	28	54	90	202	148	4	33	137	
134	238	141	155	232	171	46	190	30	51	89	245	245	226	232	64	23	75	51	159	179	92	79	115	108	6	191	228	156	195	129	185	
195	190	132	147	170	168	188	135	190	243	26	245	172	38	208	207	167	71	121	149	183	92	143	243	140	18	222	230	140	84	137	29	
122	135	228	5	19	90	71	168	113	230	238	175	66	44	150	215	89	196	236	226	172	242	237	14	58	39	229	149	103	230	94	86	
153	133	98	99	214	58	235	183	117	67	127	18	27	41	148	96	127	142	23	152	188	184	37	230	126	239	182	196	231	192	240	168	
103	71	102	74	236	25	238	236	201	146	185	202	67	232	253	179	122	192	86	111	204	35	78	232	54	24	229	188	125	251	218	132	
3	134	2	153	116	167	170	67	94	9	90	86	148	130	184	200	221	43	18	157	183	156	69	87	12	46	186	196	152	8	57	137	
120	217	56	236	117	197	95	247	3	13	124	11	62	255	34	80	216	187	135	64	74	10	154	177	115	253	128	43	49	154	228	235	
109	48	241	69	113	127	123	24	107	234	63	108	223	63	199	190	151	93	212	122	129	240	253	202	79	221	33	166	202	247	71	245	
73	7	86	69	52	26	110	48	125	174	126	228	203	32	150	245	50	68	108	110	236	240	109	14	38	255	101	128	110	230	74	5	
34	156	96	155	95	241	186	234	159	119	88	187	44	252	126	1	233	27	147	133	22	58	62	247	31	20	219	239	21	13	117	222	
180	66	64	187	94	163	202	72	86	37	65	179	193	192	186	200	122	168	2	223	46	182	79	183	148	6	154	65	53	139	56	128	
2	43	134	142	109	209	178	200	143	60	216	171	172	204	119	132	200	59	235	195	6	11	10	241	21	20	218	187	18	31	61	222	
167	96	226	150	68	17	174	200	218	242	209	155	72	204	255	43	126	205	51	247	196	247	174	224	22	8	207	172	69	63	115	212	
