香奈儿可可小姐唇露	722 - 肉蔻色	https://i.chanel.cn/fnbv3/image/full/shades/rouge-coco-gloss--722--55g.0156722_S.jpg	https://i.chanel.cn/fnbv3/image/full/chanel__com_type1/skus_full/rouge-coco-gloss--722--55g.3145891567229.jpg
13	63	158	245	180	190	107	18	116	204	95	68	253	227	227	232	39	110	172	90	181	216	191	34	206	239	39	193	170	225	41	193	
2	133	98	201	212	163	170	103	92	1	90	2	40	42	52	96	123	11	19	145	146	184	5	223	60	12	154	192	149	12	241	204	
2	156	118	218	230	133	188	231	159	89	90	179	172	254	100	65	231	59	183	145	146	217	2	243	60	62	222	235	21	76	165	219	
135	82	107	197	102	18	235	112	84	194	87	230	81	12	191	101	126	140	23	239	225	180	37	206	68	44	171	132	45	187	112	245	
3	181	98	203	246	177	186	103	31	73	92	163	172	190	180	32	223	59	147	149	150	184	36	223	46	28	154	234	151	206	241	221	
34	185	50	200	245	197	186	239	79	73	120	43	44	156	118	0	220	59	151	145	150	58	18	245	63	28	158	235	213	14	183	219	
34	185	160	152	223	193	178	199	10	69	72	139	172	204	118	0	201	59	147	209	22	58	210	241	61	20	158	107	213	14	151	222	
27	159	67	143	86	146	175	118	53	192	90	231	121	110	182	228	126	239	23	239	197	153	45	255	52	46	170	128	63	230	177	253	
12	60	171	227	71	124	179	82	238	207	95	18	157	247	83	42	105	252	211	154	17	176	184	162	87	197	171	109	163	107	55	242	
44	177	249	97	242	204	115	85	99	173	125	8	20	151	72	48	54	154	22	88	147	186	176	0	111	141	37	236	227	130	198	243	
59	1	114	225	116	153	248	80	109	65	254	138	143	13	180	100	238	153	95	217	142	187	101	192	214	249	170	210	103	142	113	197	
39	49	225	65	244	190	234	82	107	233	121	206	152	168	221	164	62	10	22	221	151	186	244	200	46	28	163	236	207	207	91	181	
130	159	54	156	249	196	188	231	191	95	88	55	172	190	38	64	231	123	187	193	242	137	18	255	45	54	158	139	144	92	165	219	
56	65	98	236	148	18	78	117	69	0	254	2	27	9	180	112	122	140	23	232	216	179	37	140	242	237	162	148	55	170	240	8	
162	33	82	140	108	11	248	75	13	160	248	10	172	138	49	0	234	141	95	33	64	187	65	216	148	16	138	184	85	8	81	137	
118	56	155	224	217	237	83	74	171	177	168	24	158	151	97	56	169	185	203	82	26	67	176	208	217	209	11	127	208	97	7	34	
131	152	19	185	116	180	184	19	190	89	82	85	188	154	182	232	199	43	23	29	183	156	18	215	4	62	186	194	156	4	41	221	
179	134	206	173	20	2	104	127	52	195	210	215	49	35	146	64	125	172	63	173	189	218	197	207	220	46	250	128	173	164	120	216	
95	219	46	190	47	149	190	232	207	220	214	167	236	200	63	67	254	225	255	231	196	35	143	253	242	115	207	155	95	63	57	87	
127	83	46	172	47	23	222	104	205	204	222	175	238	200	55	66	254	229	255	231	204	35	143	220	242	115	203	155	31	63	57	87	
2	221	50	158	223	213	190	230	159	70	88	135	44	254	38	64	239	123	147	195	102	139	50	255	61	54	158	171	21	92	189	223	
130	221	182	153	245	172	188	167	190	27	90	49	172	190	32	64	231	59	187	5	242	216	2	247	45	54	158	194	16	92	161	219	
122	1	98	232	126	19	248	113	101	64	255	139	11	143	180	100	110	133	95	237	216	171	101	196	210	249	170	220	39	142	112	65	
78	219	46	190	175	149	191	236	143	158	150	167	236	232	51	67	238	99	251	199	196	109	11	253	254	115	207	155	22	63	61	207	
56	181	122	104	83	199	83	113	1	12	125	10	63	95	42	48	126	186	149	114	90	58	48	29	243	205	32	105	115	138	110	243	
35	88	227	89	116	159	235	80	95	73	112	86	240	24	180	172	126	40	18	252	163	180	53	255	6	30	178	192	95	141	112	181	
41	93	127	101	116	206	109	55	109	204	126	44	179	23	145	48	14	190	86	12	201	184	113	12	103	253	48	128	98	152	70	249	
3	128	193	185	116	154	232	23	126	73	82	215	189	8	144	232	106	44	54	157	167	188	69	215	132	62	186	192	156	140	89	157	
47	207	98	158	87	147	190	232	95	196	124	167	104	232	183	132	122	234	131	231	198	179	46	255	54	60	143	171	119	191	120	196	
187	17	106	224	118	18	91	113	101	64	255	167	27	15	182	112	126	157	151	238	201	179	37	204	242	233	162	196	103	142	112	113	
2	221	50	155	245	213	188	231	158	89	88	51	172	190	38	96	231	59	179	17	246	152	50	247	45	22	30	235	144	92	165	223	
120	177	58	96	241	205	83	85	99	13	124	9	31	183	74	16	180	155	133	120	26	58	144	12	251	221	36	109	226	130	206	131	
122	65	98	232	110	19	216	113	37	96	244	138	11	15	180	116	110	149	223	236	200	163	101	204	242	249	170	152	55	142	114	208	
131	152	51	217	117	236	185	23	254	89	118	112	188	159	164	108	231	59	22	24	179	188	50	215	5	190	58	194	210	8	33	189	
47	111	66	78	85	151	238	248	87	200	248	206	104	200	191	164	124	232	134	238	205	178	12	255	54	92	133	142	127	191	122	132	
187	81	106	236	54	18	95	113	69	96	247	174	27	13	182	112	126	157	151	239	201	179	37	206	242	233	162	132	103	174	114	241	
1	128	245	81	116	155	233	23	126	97	114	80	187	8	148	236	107	46	6	24	177	188	101	223	12	190	114	64	212	136	81	173	
23	23	103	197	214	50	235	115	116	227	91	246	89	108	188	228	119	175	22	189	177	144	37	206	60	46	171	196	173	230	177	245	
22	42	206	181	162	178	184	66	190	159	83	247	140	174	231	202	103	125	175	151	148	217	134	224	28	97	251	195	165	101	45	213	
26	157	58	184	211	225	185	103	159	69	72	179	44	191	34	64	235	187	147	145	22	155	2	215	219	87	154	203	183	4	165	218	
60	113	123	100	119	91	87	216	97	224	255	42	91	223	73	48	122	252	213	242	73	179	184	140	243	205	37	165	111	187	102	243	
120	241	18	232	27	205	82	69	171	4	169	9	47	223	96	144	182	185	221	80	78	11	144	145	251	213	0	123	50	6	167	91	
33	225	97	65	244	207	235	117	76	105	125	66	147	17	156	36	90	8	22	124	211	184	117	93	110	28	164	196	71	138	208	225	
66	249	182	154	203	212	188	231	139	93	60	27	44	222	102	67	237	59	147	209	86	11	178	241	59	16	222	235	18	84	167	223	
185	65	107	229	214	18	111	117	101	192	254	130	91	15	178	112	126	140	23	238	217	179	37	142	114	233	166	132	103	186	240	224	
66	120	186	180	11	232	49	194	174	182	138	163	172	159	99	74	163	125	235	81	0	77	130	224	213	117	27	43	132	117	39	75	
72	188	183	241	169	236	116	151	187	219	166	17	158	191	64	219	165	119	253	16	50	109	146	224	207	251	86	67	194	68	167	91	
61	117	99	76	84	15	71	248	71	224	253	78	115	241	181	180	88	236	22	110	201	178	253	31	54	44	37	60	127	187	114	164	
39	239	98	26	119	145	142	236	95	68	124	239	104	232	191	132	94	235	147	231	198	58	78	255	62	28	143	171	95	159	122	205	
2	253	34	154	211	209	190	231	31	85	72	179	44	254	102	0	235	123	147	145	118	26	58	247	63	22	158	235	149	92	181	222	
94	113	187	226	59	211	19	200	171	232	189	40	78	223	107	48	190	253	223	242	9	3	168	200	251	213	7	255	227	51	39	115	
60	113	123	226	55	95	83	216	101	224	189	42	91	221	107	48	250	221	215	114	73	179	56	156	251	221	1	127	111	187	102	115	
120	61	146	166	95	248	162	198	163	197	172	11	174	242	67	158	105	234	202	144	15	35	242	224	149	213	146	59	227	127	46	222	
32	141	2	154	148	163	166	231	22	1	88	2	96	232	48	64	89	106	2	81	18	186	8	255	40	4	135	96	149	74	176	136	
60	61	26	160	213	255	210	194	3	237	188	15	14	240	99	148	249	170	198	48	31	43	56	252	187	213	135	127	219	79	126	214	
102	121	244	206	207	69	158	200	139	254	184	47	12	222	87	11	238	209	247	195	196	99	218	240	63	24	207	191	85	127	55	223	
214	30	210	150	98	178	58	82	169	134	219	231	44	238	167	223	230	245	175	215	164	195	132	232	144	112	235	139	173	247	45	85	
252	60	254	96	181	255	115	210	225	172	182	8	27	253	85	59	184	244	221	122	172	241	48	168	219	219	69	119	227	253	86	34	
48	33	70	141	92	11	224	72	175	160	242	10	74	136	52	64	120	172	110	225	8	251	195	221	148	168	131	60	117	8	112	128	
141	175	94	115	180	186	111	49	118	253	127	84	223	227	202	244	51	44	44	62	177	208	45	6	238	207	39	197	170	163	169	225	
248	88	190	252	73	253	177	86	164	94	214	45	60	157	99	75	236	124	255	66	96	215	178	160	87	227	112	139	66	61	54	251	
2	141	150	153	244	168	188	39	62	27	90	16	172	170	0	72	231	43	59	17	50	216	67	215	44	54	158	194	148	72	129	137	
50	97	70	141	76	11	232	105	143	160	242	2	10	138	52	66	120	172	127	225	72	251	195	221	148	168	139	156	53	40	112	128	
10	220	58	250	115	196	57	246	188	93	92	21	60	223	34	96	164	59	151	128	227	13	50	247	227	191	58	203	16	16	165	251	
130	141	150	157	244	171	44	39	62	51	90	16	172	42	0	64	227	47	59	128	114	216	65	215	44	54	222	192	132	64	161	136	
61	93	99	207	84	31	238	248	117	232	126	70	91	121	189	244	120	204	22	238	201	178	125	238	54	108	167	128	127	191	112	164	
118	45	104	172	94	2	158	120	1	228	153	171	81	47	113	0	126	245	23	231	200	3	205	204	251	69	175	189	37	251	52	114	
153	181	57	99	151	255	113	89	119	121	87	50	91	21	218	229	124	158	158	184	187	152	121	149	207	201	176	196	178	142	212	243	
39	98	224	65	119	185	234	66	95	227	125	238	8	136	215	172	123	136	130	157	134	182	236	194	30	28	149	231	239	223	90	132	
194	205	150	157	240	169	60	167	62	19	90	16	172	162	0	64	231	59	59	128	114	220	67	247	44	54	94	192	4	80	161	137	
53	73	67	78	68	18	206	112	197	192	249	70	81	200	181	229	120	236	22	239	205	179	44	236	50	40	163	128	127	191	120	132	
180	145	25	234	141	109	209	73	95	121	177	24	158	95	108	57	217	155	199	50	59	35	122	213	219	209	19	127	208	11	199	162	
173	181	201	163	213	109	171	89	58	113	125	30	221	119	74	168	123	27	18	25	51	112	124	210	77	5	171	100	143	75	135	240	
131	178	181	153	117	181	184	2	158	83	16	247	140	158	118	237	135	27	147	149	183	92	18	213	140	83	218	226	156	4	25	215	
53	4	107	67	84	43	235	88	84	96	119	66	83	1	189	36	120	140	22	170	137	180	45	14	84	12	160	132	101	171	112	224	
145	18	174	185	6	55	184	74	30	81	67	215	149	10	50	201	253	13	179	149	189	212	85	0	197	235	218	68	156	8	57	208	
2	187	98	155	246	179	190	231	31	69	90	183	44	238	182	64	255	187	147	149	182	154	46	255	62	30	158	203	21	76	181	221	
2	140	2	156	20	162	42	99	52	3	91	18	104	226	32	64	120	42	34	128	48	152	0	223	32	38	138	128	20	74	176	136	
51	48	174	141	77	22	232	88	205	240	209	71	0	136	119	235	236	141	187	181	133	243	151	192	23	9	202	44	13	40	121	212	
194	28	54	216	75	236	144	66	169	26	176	24	46	158	37	27	236	49	223	17	34	103	146	224	145	48	90	27	64	65	39	27	
204	72	234	156	79	120	243	194	232	214	180	23	189	143	115	75	107	224	235	195	32	103	182	226	87	35	218	9	167	125	127	250	
44	177	109	235	188	75	203	153	70	113	153	171	211	125	216	32	91	90	87	127	154	32	109	181	109	93	173	244	245	139	212	243	
54	79	98	158	215	210	190	230	157	196	220	163	104	236	54	196	254	235	147	199	196	187	38	239	50	54	142	139	39	126	253	214	
134	216	146	155	229	133	184	204	158	25	81	50	140	222	105	73	231	25	179	211	2	212	10	241	5	16	218	206	148	25	161	131	
87	76	254	212	106	32	159	194	169	134	150	138	60	254	247	91	167	245	255	143	164	71	166	234	210	63	219	153	133	241	43	1	
130	176	146	153	197	237	176	71	190	27	64	18	140	154	104	73	161	27	147	17	50	92	146	211	5	22	90	107	144	72	133	130	
60	56	182	253	41	247	88	90	23	170	126	32	126	159	97	124	149	125	181	18	136	214	179	176	195	255	113	187	210	229	36	51	
74	218	20	254	41	181	19	190	141	15	212	37	238	230	167	192	196	51	173	66	10	13	106	189	130	247	250	155	18	93	37	127	
134	248	146	155	101	165	184	200	158	25	81	50	140	222	105	73	247	25	179	83	2	244	10	241	13	16	26	206	144	25	161	131	
82	51	186	100	147	86	49	69	233	133	231	21	78	166	78	94	176	245	232	176	92	219	177	64	185	240	30	71	129	64	167	6	
118	127	228	70	223	93	222	254	137	238	188	175	106	124	87	19	204	247	221	227	236	107	254	238	63	88	197	187	103	127	86	95	
38	176	34	154	95	243	186	202	30	69	89	159	40	204	127	8	251	59	147	145	22	54	58	215	31	22	155	239	213	15	53	214	
122	247	100	196	255	95	222	253	1	238	188	175	74	61	222	50	221	215	253	231	236	99	249	206	59	94	197	183	111	254	214	95	
252	60	126	96	173	255	82	192	201	172	183	8	75	253	69	187	153	244	221	114	56	227	248	168	219	219	65	119	227	235	94	2	
91	9	170	164	157	118	216	67	65	196	194	131	137	44	119	106	232	173	57	181	156	251	181	192	217	121	142	69	165	108	249	70	
7	189	155	240	242	175	189	115	186	170	59	120	148	215	101	9	167	61	87	57	177	219	144	66	93	8	47	238	136	96	163	177	
214	90	198	156	106	160	186	210	172	194	90	231	173	238	167	202	38	125	239	199	133	209	134	232	20	34	106	139	44	245	41	157	
157	76	227	222	86	162	239	242	212	194	94	198	113	237	183	101	126	236	23	239	233	151	44	239	112	46	235	128	63	255	112	252	
77	48	153	224	224	100	89	18	43	203	124	100	158	183	193	120	151	95	21	24	131	18	242	64	205	157	58	168	138	227	3	177	
189	76	106	222	84	179	235	112	84	194	223	130	113	205	183	101	120	236	23	239	169	183	44	191	114	111	163	128	119	255	112	224	
27	94	198	149	2	178	174	246	188	194	82	231	125	238	183	239	103	111	191	207	229	221	135	233	48	38	255	128	45	245	41	157	
6	188	162	154	223	229	186	202	158	93	89	23	172	252	110	8	253	59	147	145	50	94	26	247	29	22	159	239	149	13	53	214	
166	181	253	195	252	107	249	73	27	113	49	223	220	109	92	11	159	27	87	49	179	112	89	214	44	28	47	244	221	202	211	145	
37	119	217	7	238	13	167	253	74	236	185	110	16	232	223	51	62	205	66	111	193	114	252	64	124	8	37	60	77	122	195	209	
29	129	13	233	144	38	107	184	36	5	207	198	221	103	184	64	118	199	61	238	27	144	125	85	204	167	170	196	190	163	33	112	
181	73	107	206	84	2	111	112	65	128	247	74	83	193	185	116	120	236	22	234	201	179	44	44	112	168	161	128	101	187	112	160	
173	122	57	169	254	143	163	220	86	252	84	30	151	65	211	9	95	8	6	127	227	244	109	54	108	133	39	244	245	153	85	241	
77	52	177	229	48	44	123	18	43	139	126	96	191	183	201	122	151	95	125	24	131	144	227	66	197	253	58	136	138	243	1	41	
39	38	96	1	215	179	250	202	91	165	124	143	8	136	215	188	121	142	130	189	150	186	237	222	30	28	145	239	215	143	90	196	
31	145	52	203	175	123	145	152	207	125	23	50	207	92	190	239	227	20	190	59	149	97	63	144	131	243	90	215	182	15	221	117	
58	1	114	224	54	57	250	82	109	0	255	2	15	11	180	96	110	137	31	249	138	179	101	196	210	221	170	208	103	142	113	1	
159	58	199	158	194	178	170	80	188	194	83	231	45	238	179	207	118	109	191	223	181	213	134	234	20	34	235	128	175	229	41	213	
130	205	150	157	240	168	60	167	62	3	90	16	172	162	0	64	231	107	59	128	114	220	67	255	44	54	94	130	132	80	161	137	
3	148	19	185	83	244	184	83	188	73	74	84	188	158	32	232	231	59	19	145	183	156	50	215	13	54	26	194	152	4	161	223	
27	83	46	142	47	151	158	104	205	204	222	175	236	216	55	192	254	229	255	231	196	35	30	253	242	113	143	155	95	62	57	87	
59	5	106	225	118	50	75	82	117	192	255	134	27	13	183	100	126	140	23	189	169	178	101	142	242	205	162	132	231	142	112	241	
35	2	76	189	20	130	104	51	52	99	82	215	177	34	146	64	124	172	63	141	173	156	69	207	204	46	186	192	173	140	120	152	
2	157	50	158	223	213	190	231	158	78	88	163	172	254	38	64	239	123	147	193	102	139	58	255	61	54	158	171	21	92	181	223	
130	221	22	159	245	165	188	231	190	27	88	49	172	190	32	64	231	59	179	129	114	152	18	247	45	54	30	202	16	92	161	155	
250	1	98	232	92	3	202	81	101	0	255	10	11	11	52	80	106	133	95	249	216	171	69	204	146	249	130	216	39	142	112	128	
47	79	98	206	117	151	238	248	85	72	124	198	104	232	181	228	120	236	150	238	205	178	60	238	54	124	135	138	127	190	120	132	
2	148	59	217	87	228	177	87	254	73	78	18	188	190	36	100	231	59	19	16	179	152	50	215	77	190	26	74	152	0	165	255	
1	8	179	185	116	186	232	19	124	73	82	84	189	8	176	232	195	47	54	29	183	188	101	215	132	62	186	192	140	136	89	237	
126	67	106	172	63	2	95	120	169	140	220	175	79	207	51	80	254	253	221	231	204	131	168	136	243	245	143	187	39	63	54	115	
2	141	22	153	244	172	188	167	62	27	90	16	172	186	32	64	199	59	51	1	114	216	3	247	44	54	158	194	144	72	129	137	
2	221	50	155	245	197	188	231	158	27	88	17	172	190	32	64	231	59	179	17	114	152	18	247	45	54	30	203	144	92	165	219	
250	65	98	232	14	19	202	113	5	0	244	138	11	15	180	112	126	133	95	234	200	167	101	204	178	249	170	152	55	142	114	140	
129	138	115	89	116	173	233	51	124	9	118	80	189	3	148	108	195	42	38	28	179	188	97	87	12	190	50	64	192	136	65	169	
159	12	231	158	22	178	239	80	116	194	87	198	121	230	183	236	126	236	55	239	161	213	47	238	16	46	235	128	175	231	49	244	
157	247	118	113	177	222	125	179	119	253	126	52	207	227	234	244	55	44	172	60	247	212	61	214	234	223	37	69	170	164	237	85	
41	253	67	78	85	159	70	252	87	232	120	78	122	208	181	180	88	236	22	110	201	178	252	255	54	60	5	44	127	191	122	164	
2	253	50	155	211	197	190	239	30	69	72	179	172	254	38	64	255	123	147	145	118	24	26	255	45	22	158	107	21	92	165	222	
246	58	86	240	239	235	178	66	169	190	179	57	14	221	101	27	171	245	239	115	48	231	136	224	155	210	101	247	192	41	71	3	
147	203	74	188	62	145	188	103	140	68	216	231	44	138	178	192	110	43	159	197	198	137	6	253	176	97	186	139	61	156	185	221	
126	121	123	234	59	211	91	200	173	232	189	168	127	223	107	48	254	253	221	242	73	3	168	232	251	213	15	59	99	51	39	115	
60	117	123	100	118	87	87	112	65	224	253	46	91	95	185	48	126	252	151	234	201	179	56	140	243	205	37	1	111	187	102	243	
3	95	194	157	246	146	174	246	29	194	90	231	233	232	183	196	127	111	183	199	165	152	4	239	44	118	175	128	47	252	57	157	
18	174	238	188	250	208	188	230	190	151	214	179	44	174	166	66	103	251	175	129	118	219	134	255	248	35	254	139	53	84	173	207	
34	239	96	154	215	209	190	238	31	5	88	163	40	236	54	0	223	107	131	215	230	58	78	255	62	20	159	235	85	30	191	206	
74	188	151	178	137	252	52	199	191	219	34	16	172	191	96	223	161	119	251	16	51	201	178	225	143	242	94	75	130	84	175	63	
35	76	97	89	117	151	170	118	93	97	112	214	104	8	180	164	120	40	18	173	167	188	117	255	36	30	146	194	95	140	80	188	
23	133	103	197	214	50	239	119	116	192	95	198	81	100	188	101	126	238	23	173	241	185	37	206	60	46	167	196	47	226	240	244	
184	65	106	236	212	18	111	125	117	128	254	2	91	11	184	112	120	204	23	234	200	179	37	142	242	237	166	132	103	186	240	168	
2	157	114	209	245	172	248	7	173	9	123	50	140	62	20	8	239	179	215	17	178	184	64	195	5	60	26	194	196	76	227	155	
2	217	54	154	203	213	188	231	139	93	24	11	44	254	102	67	237	59	179	145	86	11	178	241	59	16	94	235	17	84	165	223	
47	55	226	137	85	55	234	90	71	233	89	199	8	136	255	164	120	138	18	253	135	178	85	206	62	28	139	230	223	207	120	148	
56	189	90	104	112	205	83	80	33	12	125	9	63	215	96	16	188	187	21	122	90	58	16	31	243	205	32	105	114	130	110	179	
23	150	199	131	146	178	170	113	60	193	91	247	77	234	190	228	119	173	55	189	181	149	13	206	60	46	175	196	175	134	185	149	
37	33	251	65	244	110	107	81	99	141	125	8	19	151	209	48	26	154	6	88	147	184	240	8	111	141	36	100	227	139	198	161	
0	93	58	119	116	204	125	54	233	77	126	4	191	23	162	112	134	122	86	72	193	184	48	109	231	189	50	128	66	144	71	251	
26	29	58	254	91	228	19	226	135	85	204	3	60	223	35	80	230	179	147	194	2	11	58	253	243	229	154	11	51	5	45	219	
43	195	98	137	109	145	188	101	205	64	208	199	136	136	182	197	236	137	155	229	196	187	69	212	54	88	154	203	95	28	249	220	
198	62	214	146	226	162	186	82	172	134	211	247	12	198	227	155	167	125	239	215	180	215	142	232	28	34	107	203	172	231	47	149	
134	184	58	241	235	233	51	67	174	53	21	57	140	151	96	88	163	57	207	18	50	93	168	210	221	193	43	247	144	1	135	227	
130	37	82	141	252	43	248	71	13	35	250	26	140	10	48	0	238	143	95	1	16	187	65	202	148	20	154	176	69	72	145	137	
184	65	98	236	148	2	78	125	69	0	254	2	91	9	48	80	120	142	23	234	216	187	1	140	242	237	166	196	55	186	240	136	
166	123	162	154	207	213	156	64	143	220	209	175	44	220	119	10	236	249	147	211	196	99	58	240	23	16	207	175	21	63	53	215	
164	144	25	233	237	205	177	105	159	55	181	26	158	95	104	41	203	19	207	48	114	39	122	211	221	211	27	127	208	8	133	162	
246	67	102	30	79	208	190	96	137	212	245	171	72	236	191	151	122	237	163	231	76	115	174	200	50	48	203	171	103	191	126	214	
153	199	48	105	179	31	125	191	119	127	126	52	143	227	234	245	55	14	164	44	227	212	37	151	238	223	55	197	58	212	137	237	
215	54	199	150	194	178	170	81	184	194	83	247	77	238	247	207	118	237	191	183	181	215	140	202	28	34	239	192	173	231	41	213	
188	159	62	168	157	215	23	241	141	236	188	63	78	60	38	17	236	178	206	112	254	43	120	252	251	209	39	251	211	13	252	211	
166	98	226	150	79	81	188	72	91	230	209	159	8	204	127	8	248	201	131	231	196	119	174	192	22	20	207	175	69	63	126	214	
230	253	244	206	239	5	158	238	139	250	184	171	44	126	117	3	239	211	215	227	192	107	202	250	61	24	207	191	85	127	39	219	
25	29	247	255	181	244	123	150	247	198	110	4	191	247	163	252	199	106	188	92	175	216	55	171	203	255	210	1	186	213	40	93	
47	201	227	218	255	208	238	236	87	17	125	34	104	251	252	228	123	250	179	218	66	122	174	247	62	62	151	203	151	159	120	172	
157	149	116	123	147	223	117	61	119	123	119	18	219	29	30	109	117	154	158	184	255	156	121	151	239	219	244	199	243	142	228	119	
181	77	99	78	196	178	238	240	196	192	249	66	115	200	181	229	120	232	22	234	201	179	44	172	48	40	163	136	109	251	112	164	
141	181	127	243	213	255	121	121	126	113	85	18	221	119	106	173	59	26	150	184	179	244	61	214	207	219	239	101	182	141	133	242	
53	64	107	67	84	34	235	88	84	224	247	66	83	65	189	96	120	204	22	234	137	182	45	14	116	141	161	132	101	187	112	160	
58	126	146	140	91	245	19	214	139	205	252	45	46	246	103	148	253	251	198	16	15	43	240	227	179	213	22	187	202	126	46	223	
130	132	63	217	157	229	185	99	142	31	14	16	188	190	36	103	133	19	187	17	50	77	50	215	13	58	90	74	144	64	133	230	
60	60	186	241	199	252	179	210	176	207	124	54	153	247	99	46	109	250	151	154	145	240	178	162	223	205	163	169	163	125	54	243	
104	124	186	254	105	116	49	214	180	78	252	45	61	221	227	106	237	120	255	2	136	39	178	162	87	255	114	171	66	253	38	251	
130	48	146	152	195	225	180	71	190	23	65	19	140	158	104	73	227	59	179	145	50	95	146	210	21	22	90	107	144	68	165	146	
77	96	209	69	97	56	106	26	123	163	125	200	155	163	221	252	119	204	54	140	131	20	229	194	6	252	16	44	174	247	74	164	
53	12	107	206	84	162	239	112	85	194	223	2	113	233	181	96	120	236	23	239	169	179	44	174	114	46	163	128	55	251	112	224	
114	64	248	222	79	96	221	14	217	134	212	11	125	234	87	90	239	245	53	141	72	71	246	202	211	63	222	25	133	240	47	74	
34	15	98	158	215	210	190	230	157	196	216	163	104	236	55	192	250	235	147	199	228	155	46	239	50	54	142	139	23	62	61	222	
134	137	244	215	230	50	252	183	61	19	118	146	109	47	156	107	111	199	55	153	242	252	47	225	14	122	222	192	167	252	225	141	
185	69	106	228	118	18	79	113	85	64	247	130	91	13	179	113	126	156	21	238	233	183	37	142	242	233	160	132	103	186	112	241	
242	247	228	198	255	87	222	252	9	238	188	175	106	60	159	50	255	215	223	225	236	111	249	239	63	126	141	183	71	254	86	95	
134	249	146	155	236	169	188	200	142	24	80	34	140	222	105	73	239	91	51	83	66	80	10	241	4	16	79	174	148	91	161	131	
96	208	89	251	40	73	93	188	6	87	12	141	247	71	138	112	87	146	46	74	75	4	123	53	230	167	240	124	48	152	140	89	
38	120	162	154	95	209	178	200	158	199	81	163	44	220	127	8	221	57	147	145	6	118	58	243	29	22	159	235	213	31	55	215	
141	180	61	161	236	75	185	235	30	113	21	58	157	125	220	9	159	17	123	61	243	109	123	215	76	27	127	244	148	136	149	241	
38	98	226	2	93	243	186	72	95	239	117	171	8	204	255	8	249	169	131	149	134	182	46	210	30	20	157	175	213	95	126	198	
53	77	99	78	84	162	239	240	197	194	255	66	115	225	181	101	120	224	22	234	201	179	44	174	48	168	167	128	119	251	112	160	
29	82	124	233	132	15	71	152	70	228	214	134	211	5	147	108	95	8	30	126	203	176	125	28	197	207	37	52	62	187	84	241	
106	44	210	172	117	240	74	198	43	133	232	138	44	234	119	212	250	239	130	145	2	43	128	235	176	244	138	59	135	119	107	140	
93	83	129	233	52	82	79	216	38	72	223	230	211	67	161	228	92	200	28	254	139	18	109	144	176	229	175	212	190	179	48	49	
130	157	150	156	245	196	188	230	190	11	90	49	172	190	32	64	231	123	191	129	114	219	18	255	45	54	158	138	144	84	165	155	
6	248	178	154	221	229	186	198	158	17	64	19	172	222	97	8	205	59	147	209	2	92	26	243	13	22	159	107	144	29	165	218	
67	237	106	146	211	148	188	230	186	85	8	151	40	238	118	16	239	235	147	213	230	75	182	247	62	15	158	235	13	20	187	222	
2	176	146	153	195	237	176	71	190	19	64	18	140	190	104	72	161	27	147	17	50	124	18	211	13	22	90	107	144	80	165	146	
141	122	123	1	38	223	191	84	76	204	116	230	185	156	183	160	62	41	150	255	199	180	36	104	102	9	42	128	77	159	99	253	
37	119	121	5	122	15	175	248	96	236	185	78	80	104	221	50	28	204	70	239	193	114	252	78	124	12	37	188	73	107	66	241	
80	51	186	36	145	134	81	117	161	141	227	21	78	158	78	82	188	181	237	177	216	195	176	64	217	241	30	74	192	0	167	115	
61	249	225	225	30	11	203	152	7	169	154	234	147	29	209	164	126	220	95	121	155	48	109	184	237	76	165	244	247	187	80	161	
226	245	240	134	238	33	190	236	139	178	184	171	108	62	125	3	239	215	223	231	224	111	202	250	60	28	207	190	85	126	163	153	
147	90	78	188	6	146	158	118	157	198	210	231	41	202	183	193	110	225	183	199	236	143	6	238	50	99	234	139	45	181	57	93	
123	81	42	174	63	151	158	104	205	204	222	175	238	216	55	64	254	229	255	231	204	35	28	253	242	117	143	155	95	62	57	87	
57	5	106	225	118	50	107	83	85	192	126	130	27	13	183	96	126	140	23	189	185	176	37	142	242	237	162	132	231	207	112	225	
1	142	75	181	52	170	104	55	124	67	90	213	177	34	144	96	66	46	63	141	189	156	69	79	132	62	186	192	172	128	89	24	
159	62	194	145	194	178	188	81	188	210	83	247	205	230	242	205	103	45	183	151	181	213	142	192	156	67	239	196	175	231	171	213	
151	164	227	145	198	50	173	85	60	227	83	215	93	238	254	109	119	173	55	189	181	212	164	194	28	46	255	196	173	228	177	245	
122	71	106	172	55	6	95	120	1	140	252	175	107	207	51	80	254	237	149	231	200	179	40	142	243	253	175	155	55	190	118	115	
184	133	98	236	212	2	78	255	69	32	254	2	91	41	176	80	120	206	23	234	248	187	1	174	242	237	166	196	119	154	240	136	
2	221	50	159	247	197	188	231	158	11	88	19	172	254	32	64	231	123	179	129	114	152	18	255	45	54	30	203	16	92	165	219	
1	156	59	217	52	172	185	55	252	73	94	80	188	178	180	100	167	59	30	9	179	184	48	215	13	190	50	66	136	0	225	169	
130	150	56	235	234	233	49	207	142	63	125	179	140	151	234	74	163	27	143	48	50	28	10	211	222	213	58	239	180	72	133	235	
34	239	98	159	223	209	190	239	94	69	88	163	40	236	54	0	219	107	131	199	198	58	110	255	62	20	159	235	85	94	253	206	
1	158	59	89	48	172	249	55	252	9	126	80	188	179	32	96	165	58	6	8	179	184	48	95	79	191	50	64	216	128	225	171	
126	121	123	238	59	209	95	232	173	196	188	168	111	223	35	112	254	249	205	226	75	3	232	236	243	213	143	187	35	51	39	115	
38	221	98	158	79	209	158	224	139	84	217	171	40	236	55	3	202	251	179	195	70	75	254	249	55	48	202	171	21	63	126	222	
35	239	66	78	117	159	230	236	95	200	124	78	104	200	190	180	216	234	146	110	199	58	94	255	62	28	133	171	95	190	218	140	
146	178	94	185	162	235	49	71	190	61	95	177	141	215	234	72	39	31	239	16	18	148	11	81	220	225	59	199	180	128	141	195	
61	93	123	110	86	87	87	240	69	192	252	38	123	221	51	48	126	248	23	234	201	178	56	174	115	205	37	0	111	187	98	243	
18	14	206	189	242	146	190	246	150	134	90	231	173	174	183	192	111	239	183	133	228	216	5	239	44	39	190	129	45	244	57	221	
26	29	122	254	91	208	18	99	135	84	205	163	44	255	35	208	238	187	147	131	14	11	58	253	243	229	154	59	51	6	45	218	
34	239	96	155	215	209	190	239	30	69	88	163	168	236	54	0	219	123	147	213	118	58	110	255	47	22	159	235	85	30	189	222	
74	184	151	220	203	208	180	231	191	23	70	49	172	254	100	207	163	123	235	16	50	73	178	241	187	114	94	75	130	84	173	127	
8	57	58	118	112	204	127	54	233	77	126	0	190	151	34	48	132	58	87	72	194	185	50	109	231	253	48	1	66	128	79	251	
2	157	18	155	244	172	184	7	173	25	121	48	140	190	60	74	175	59	223	17	18	184	66	231	12	60	26	202	196	72	193	139	
2	253	50	154	203	197	188	239	139	93	88	27	44	254	110	3	237	59	179	145	86	75	154	241	57	16	222	239	17	28	165	223	
33	254	123	73	116	239	235	246	116	13	124	104	49	85	180	52	31	186	6	56	163	190	100	127	102	142	32	192	115	138	70	169	
19	134	103	133	150	178	170	119	124	65	91	214	89	102	188	228	127	167	62	173	181	153	37	206	60	46	175	196	175	134	177	245	
37	113	225	79	85	127	226	88	75	225	121	74	24	56	221	164	120	204	18	76	129	178	244	200	36	60	1	36	207	255	82	164	
166	141	198	147	196	162	236	231	61	19	114	18	232	42	60	73	107	195	23	131	112	254	65	226	28	26	222	192	165	120	225	136	
74	184	150	208	137	221	52	199	191	155	166	24	174	190	102	254	161	115	251	16	23	105	146	241	155	210	86	123	202	84	139	31	
58	3	98	188	143	145	156	111	143	4	220	175	44	204	54	196	254	169	159	229	94	11	70	221	178	113	138	187	23	44	189	70	
185	69	106	108	212	18	239	117	85	194	246	2	83	73	184	97	120	236	23	234	232	179	37	14	114	233	164	128	103	186	240	160	
130	136	244	215	230	128	252	183	159	147	82	146	236	239	92	75	239	243	55	145	210	220	143	227	14	58	223	192	151	228	161	137	
38	123	34	158	79	213	150	96	137	196	217	175	104	220	119	3	236	249	147	227	196	99	186	232	51	16	207	187	85	63	118	214	
58	250	210	172	87	208	82	197	59	77	244	15	42	142	102	212	248	233	132	208	78	191	176	243	179	245	150	43	243	30	238	222	
186	65	98	236	4	3	206	113	5	32	241	10	11	11	52	80	122	141	95	226	200	163	4	206	178	233	138	188	119	138	114	136	
43	207	98	206	117	151	238	248	93	72	124	70	104	232	182	228	120	232	150	239	197	186	44	255	54	60	135	138	95	174	120	141	
114	93	102	158	91	212	150	226	137	68	204	171	40	252	39	114	236	243	211	195	76	43	50	255	51	54	142	187	87	63	55	223	
239	66	194	68	69	28	108	120	113	170	119	78	74	2	223	252	120	204	166	238	205	182	237	194	22	122	193	175	111	167	106	132	
58	127	186	172	123	221	18	214	155	205	188	45	46	254	231	176	204	251	223	21	175	139	112	233	251	85	46	187	218	28	175	223	
125	80	67	197	69	28	108	48	97	170	247	78	75	3	193	252	120	140	38	234	73	150	245	194	150	250	211	4	43	167	96	36	
166	120	162	154	79	193	182	192	158	198	81	171	44	220	103	8	219	123	147	211	66	78	154	243	29	20	159	171	21	31	55	210	
130	248	146	155	207	197	184	198	158	17	64	18	172	222	97	8	195	59	147	211	66	92	26	243	13	20	158	107	144	25	161	154	
223	19	180	194	175	121	17	25	207	253	151	183	206	28	255	239	231	21	252	51	157	101	63	208	219	209	75	215	182	174	29	87	
108	41	187	124	184	196	89	19	160	196	236	9	151	199	32	48	212	56	77	56	88	139	210	12	227	253	32	9	192	160	230	112	
234	216	58	252	105	141	28	253	159	122	213	189	156	223	234	73	199	17	255	67	224	7	202	179	231	255	124	190	18	188	165	211	
96	192	57	237	40	109	89	158	14	116	108	9	183	39	1	112	86	25	57	44	10	0	115	17	199	253	16	61	48	216	4	122	
134	237	22	138	236	33	190	206	142	18	88	2	172	234	121	67	239	91	19	115	66	3	10	240	60	16	207	174	148	123	161	137	
130	240	146	153	211	229	180	199	30	19	64	18	172	158	104	72	227	27	147	145	50	220	18	243	13	22	30	111	144	80	165	154	
120	210	184	252	77	84	245	89	146	94	245	47	120	255	107	90	253	220	183	131	200	103	250	193	87	231	250	175	19	124	118	251	
206	178	158	160	226	43	176	81	174	191	51	255	204	250	238	139	167	29	239	51	48	117	136	210	28	147	111	231	196	106	175	147	
242	1	98	232	92	3	202	113	77	0	248	10	11	11	52	80	106	133	95	224	216	171	65	204	178	248	130	216	119	138	114	128	
228	178	158	160	236	107	177	201	190	63	179	56	206	253	234	11	251	21	238	51	50	119	136	209	220	147	111	247	208	106	143	131	
155	253	114	113	177	222	92	55	127	207	126	21	75	255	182	244	183	173	189	28	253	253	53	222	235	223	21	71	234	228	236	87	
156	60	190	241	213	252	241	210	245	221	212	50	153	255	99	175	237	250	223	144	179	242	178	138	223	217	167	235	163	237	117	243	
230	45	228	132	236	5	254	99	137	170	185	26	140	174	85	3	239	231	95	163	240	75	200	234	60	28	207	184	5	123	179	129	
53	12	235	206	212	162	207	113	85	194	255	66	113	233	181	100	120	228	23	170	185	183	45	238	114	46	163	128	247	251	112	160	
138	237	34	186	221	196	189	231	250	93	80	19	40	206	114	16	233	235	147	213	246	79	186	247	125	71	190	233	147	20	183	202	
188	0	84	115	36	10	72	57	57	18	183	24	203	75	28	27	58	128	76	234	120	228	73	133	130	251	112	84	103	131	194	0	
45	117	105	37	124	15	175	120	96	236	189	78	211	37	153	34	60	196	86	239	201	178	253	12	125	140	39	180	77	171	67	241	
106	239	224	218	223	209	182	238	223	21	124	34	40	248	246	228	235	122	178	211	70	122	174	247	62	93	159	235	151	31	252	142	
25	29	244	255	189	244	89	31	87	215	108	20	191	255	35	254	199	58	189	12	175	216	243	171	199	255	146	11	190	196	44	95	
149	15	74	190	212	162	175	242	148	134	218	199	81	227	179	65	125	230	23	239	248	147	12	46	112	38	239	128	173	251	48	144	
53	13	99	78	212	162	239	112	197	194	255	66	115	224	181	100	120	226	22	234	233	179	44	46	48	46	167	128	117	251	112	164	
29	115	105	197	14	31	79	120	70	236	221	206	211	69	217	36	92	200	30	110	201	48	125	152	229	205	37	180	55	186	84	241	
187	212	116	121	135	94	84	191	119	123	255	50	74	125	28	116	181	159	189	160	254	180	121	215	227	255	212	215	115	84	196	87	
11	148	116	249	47	93	121	255	95	119	94	18	159	191	122	228	35	27	191	40	231	92	63	147	207	223	87	231	54	204	141	255	
224	45	212	254	56	171	90	154	187	137	176	24	239	234	5	16	151	231	108	80	34	233	202	255	138	254	17	24	208	225	67	9	
226	228	144	198	124	47	222	111	153	170	185	24	238	40	28	3	219	199	110	33	96	111	201	207	184	62	95	190	64	122	211	137	
198	45	134	140	236	41	174	202	142	186	152	10	172	234	97	67	201	75	106	210	64	99	202	240	60	16	207	172	20	123	49	136	
113	159	105	103	244	11	111	55	112	226	250	206	243	37	144	48	122	238	124	174	249	184	245	46	252	174	165	144	109	234	210	184	
10	156	61	177	111	253	185	250	158	127	28	59	157	29	210	169	175	23	251	5	179	124	35	151	93	215	123	247	215	12	13	251	
10	190	126	80	203	253	177	67	190	127	60	189	44	156	102	185	167	51	243	17	182	109	50	215	71	23	82	251	211	76	79	223	
210	232	212	183	32	136	124	189	63	179	83	16	239	235	72	91	183	239	61	130	90	92	203	243	142	242	223	224	54	160	129	1	
11	173	105	195	214	179	235	215	118	97	94	198	57	79	150	32	63	43	23	157	179	152	45	255	110	15	175	192	183	194	241	249	
151	6	235	197	198	50	173	89	124	226	87	214	81	44	191	108	126	140	55	175	177	180	37	202	20	46	234	132	173	224	113	245	
61	5	106	225	246	50	107	87	85	97	126	130	91	45	179	32	126	140	23	188	185	176	37	142	118	237	160	132	231	206	240	225	
208	217	63	252	19	204	53	119	236	192	78	6	180	179	32	115	162	55	57	8	97	185	48	13	243	235	86	2	40	16	165	43	
90	201	42	174	31	145	159	232	143	132	140	139	238	232	115	64	250	227	251	231	76	35	154	253	243	117	143	59	23	62	61	198	
58	87	106	172	119	151	95	120	5	196	252	143	107	237	51	80	254	233	151	231	204	179	60	159	243	253	137	155	119	190	118	82	
186	5	98	232	84	3	202	113	69	32	248	10	11	11	52	81	122	136	31	226	216	179	64	206	178	201	130	144	119	139	114	128	
38	125	34	158	95	197	190	224	137	204	216	15	44	252	55	2	204	121	147	199	192	43	154	253	55	16	142	187	21	63	55	223	
2	157	34	158	223	193	190	231	30	69	88	163	172	254	54	64	255	123	147	193	102	154	26	255	61	54	158	139	21	92	181	222	
2	221	18	159	241	197	190	231	30	27	88	18	172	254	32	64	231	123	179	1	114	152	18	255	45	54	30	202	16	92	161	155	
210	90	78	188	74	128	190	246	156	134	214	231	45	175	179	67	110	225	191	199	228	143	6	237	240	99	250	137	45	181	57	219	
119	67	98	76	109	18	238	120	225	164	247	238	72	202	191	245	120	236	166	238	204	179	164	204	54	56	193	15	103	191	122	196	
34	239	96	155	215	209	190	239	30	69	88	163	168	236	54	0	219	107	131	197	86	186	110	255	46	22	159	235	85	30	157	222	
210	203	78	188	74	192	61	103	164	4	210	163	45	135	162	81	102	179	143	193	96	143	34	237	240	35	250	139	53	20	165	107	
60	125	123	238	83	195	87	224	33	192	236	42	127	223	33	48	254	249	213	226	73	179	56	191	243	205	5	59	123	51	102	242	
39	175	96	27	245	157	246	238	95	233	124	76	104	232	190	180	217	234	146	79	214	186	94	255	46	28	5	107	95	158	218	140	
166	249	176	158	79	193	190	204	158	196	64	171	44	220	103	8	234	123	147	195	66	90	154	241	21	20	143	43	21	31	23	218	
19	31	66	157	246	146	174	246	20	202	90	231	233	234	183	192	127	239	183	205	229	152	5	239	44	47	190	128	45	244	57	221	
90	184	215	156	203	208	180	103	191	151	82	179	44	190	228	206	39	123	235	144	38	219	134	249	30	34	94	139	167	68	173	207	
34	239	32	155	215	209	190	239	30	101	88	163	172	236	118	0	219	123	147	209	118	154	110	255	45	22	159	239	149	94	181	222	
2	157	18	155	229	172	188	39	172	25	89	48	172	190	104	64	199	59	147	17	18	24	2	243	45	16	30	202	212	72	129	139	
2	253	50	218	235	197	188	239	142	89	88	19	172	254	110	3	231	27	147	145	210	11	154	245	61	16	30	239	144	4	165	219	
19	133	103	133	150	34	239	247	116	65	218	198	81	46	188	101	127	198	62	173	177	153	37	207	60	46	170	196	45	198	241	124	
184	197	106	236	212	18	111	253	85	128	254	2	83	41	184	113	120	206	23	234	248	187	36	142	242	235	164	132	103	186	240	136	
39	114	98	12	101	31	230	104	91	202	113	207	72	200	255	164	216	232	130	111	196	182	220	218	54	60	129	174	95	191	122	132	
8	25	58	126	113	204	119	119	173	77	124	1	62	223	35	80	164	59	215	64	66	43	50	109	243	253	50	11	66	0	47	219	
58	157	114	190	91	209	26	99	135	84	204	163	45	223	34	208	234	187	155	193	94	11	58	253	243	229	138	59	55	6	172	218	
43	202	119	89	101	219	168	87	95	73	112	226	168	216	180	164	126	40	18	136	195	184	101	213	6	26	18	194	95	140	115	173	
120	154	62	188	109	221	177	240	141	126	182	47	126	253	98	91	236	241	255	67	204	107	114	181	215	211	123	251	83	45	37	243	
154	147	94	185	178	171	56	223	62	53	82	247	109	171	170	216	55	31	175	149	182	157	5	247	246	231	58	197	188	132	169	25	
130	141	82	147	244	136	188	103	172	19	122	18	172	42	16	66	239	11	23	145	114	184	64	231	36	52	158	194	132	72	161	137	
34	221	38	158	91	213	158	230	139	85	216	139	44	254	39	2	237	123	147	195	70	11	58	255	51	48	222	187	21	29	55	222	
223	116	108	178	111	123	89	24	145	254	151	191	79	93	219	191	39	196	221	51	173	71	189	142	211	83	201	255	174	253	30	87	
154	155	90	185	162	169	56	223	30	23	86	247	173	135	234	73	119	27	175	16	182	216	7	243	206	195	58	195	180	204	141	155	
184	141	98	236	212	18	78	247	85	0	254	2	91	41	184	65	120	206	23	234	248	187	37	174	250	237	166	196	119	138	240	136	
98	221	54	222	219	213	158	230	139	76	152	15	44	254	39	2	236	115	211	193	230	11	50	255	51	62	158	187	21	93	55	223	
248	154	186	252	109	84	177	80	147	127	245	63	60	255	98	122	236	253	255	66	136	103	250	161	215	249	251	191	83	45	118	243	
156	54	182	243	189	252	112	83	181	219	247	51	190	255	65	111	237	185	189	144	186	252	115	202	203	219	215	195	226	132	100	219	
252	0	116	115	166	10	66	184	113	50	183	26	91	73	29	91	59	196	108	234	248	116	77	160	214	235	225	84	103	187	66	0	
149	69	231	229	132	2	79	188	100	226	146	70	83	0	153	103	122	196	28	239	233	245	45	10	176	202	231	148	45	243	240	96	
134	229	148	143	238	33	190	238	142	178	152	10	236	234	121	2	239	91	27	227	96	7	138	250	60	20	143	172	149	122	161	137	
147	164	235	193	214	50	233	215	116	195	86	214	81	174	254	108	127	142	55	189	177	212	37	198	92	46	191	196	167	196	177	244	
27	220	178	87	19	245	92	246	127	127	126	54	46	191	166	253	167	251	188	200	239	216	51	247	227	223	84	131	58	220	172	255	
146	182	222	177	226	187	184	213	190	55	119	247	205	174	234	75	55	31	231	53	182	213	136	211	158	211	127	231	188	198	141	151	
151	164	207	147	146	178	40	85	63	195	83	215	93	238	254	232	119	173	55	189	181	213	13	194	158	46	239	196	173	230	169	213	
23	4	227	214	150	178	235	113	116	194	219	210	81	238	180	228	127	236	63	191	185	213	37	206	56	46	175	192	165	226	240	100	
226	45	182	214	252	45	254	231	153	170	184	26	108	56	21	19	237	247	95	161	184	111	192	238	61	62	222	248	197	105	210	137	
46	238	114	218	95	209	182	238	223	4	124	163	40	200	119	164	251	123	163	211	230	126	174	247	58	87	159	107	23	31	125	142	
154	61	244	253	187	252	88	31	127	83	116	17	175	63	6	125	199	59	189	24	191	200	115	211	203	255	18	75	182	196	228	95	
26	148	244	241	5	255	120	247	95	119	126	18	143	191	102	108	167	159	189	0	62	220	51	211	203	223	211	103	178	204	133	126	
242	148	244	125	53	126	80	159	127	123	254	50	74	191	60	112	181	159	189	1	174	248	113	211	147	254	80	215	243	76	196	95	
53	13	111	78	212	34	239	113	212	192	255	66	113	225	181	97	120	236	22	234	249	179	44	14	112	174	231	0	101	251	240	160	
2	140	214	151	230	168	172	167	190	147	122	2	236	234	112	74	123	107	51	145	82	248	10	225	12	54	223	192	149	120	225	136	
226	212	144	212	125	46	254	239	185	43	187	56	206	120	28	18	159	199	127	33	112	99	201	223	177	62	95	150	192	120	227	1	
61	101	97	100	116	27	207	120	64	160	253	202	211	97	153	164	58	196	86	110	201	178	253	14	188	205	37	180	103	171	82	160	
223	72	106	228	55	83	91	144	197	228	150	171	95	93	243	111	102	244	157	255	172	7	52	168	243	89	193	155	38	191	60	117	
104	41	25	108	88	204	89	63	32	128	108	8	183	23	1	48	64	56	81	24	90	42	242	13	231	253	0	88	96	128	70	170	
196	45	212	158	188	171	218	138	187	161	178	24	238	106	5	25	147	231	108	112	50	109	203	255	136	190	91	90	208	97	67	9	
130	249	146	154	207	197	180	199	158	17	64	18	172	222	104	8	233	27	179	145	82	90	154	241	13	20	30	111	144	88	165	155	
239	176	238	82	105	116	185	73	187	95	181	177	24	159	94	59	239	145	223	151	182	71	234	194	87	91	218	255	199	68	255	243	
194	169	116	179	174	137	248	175	191	177	18	146	237	238	81	75	167	115	125	209	178	72	139	247	172	210	95	234	132	128	129	9	
212	169	212	183	134	136	108	165	63	179	146	18	239	98	72	91	115	231	108	208	122	220	203	243	156	242	223	68	164	32	129	8	
120	233	153	178	217	205	84	231	163	85	172	9	62	223	66	16	129	187	217	16	94	75	210	181	251	221	20	123	210	0	198	74	
130	137	214	159	244	160	172	175	190	145	90	18	236	234	112	74	235	107	51	145	50	248	10	241	44	54	223	192	148	104	225	136	
3	182	229	145	178	42	173	159	62	115	90	247	156	46	222	175	39	79	23	157	183	220	37	226	140	22	254	198	141	196	129	253	
122	141	106	174	31	211	223	232	5	4	204	11	111	236	50	16	248	235	159	231	78	43	24	255	251	245	143	59	119	46	118	70	
185	5	110	225	214	50	107	87	85	97	126	18	91	41	182	96	126	142	23	184	184	184	37	142	114	239	160	196	231	219	240	160	
56	13	107	238	87	215	95	120	5	68	252	131	107	239	50	80	122	251	151	230	72	179	56	191	243	237	129	1	119	190	116	242	
137	4	235	193	214	50	239	87	116	227	94	214	17	45	158	96	127	78	23	189	177	252	37	202	102	47	182	196	175	248	240	241	
2	157	50	159	95	197	190	238	30	69	88	51	172	254	34	64	255	123	147	193	98	154	82	255	45	54	158	235	21	12	181	219	
34	93	50	222	95	133	158	230	139	72	88	11	44	254	53	0	204	123	147	199	194	43	18	255	53	28	142	186	21	63	49	219	
74	56	214	156	75	209	176	71	191	149	210	179	44	190	38	198	163	59	235	129	6	203	134	245	30	50	94	139	7	4	173	159	
34	173	32	155	215	209	190	239	30	101	88	163	172	236	118	0	219	123	147	145	118	26	110	247	45	22	159	235	149	92	149	222	
223	30	199	180	18	178	170	80	180	194	211	247	77	238	179	203	103	229	191	191	173	213	4	206	146	99	235	128	173	245	57	85	
61	93	123	110	87	215	87	240	69	192	236	10	123	221	33	48	120	249	23	234	72	179	56	61	243	205	5	9	115	187	98	234	
2	142	198	157	114	144	188	246	191	143	82	247	45	174	166	196	103	251	167	133	166	216	6	239	60	38	254	131	39	132	173	221	
146	142	194	157	242	146	174	246	53	143	222	247	41	174	182	68	127	239	167	133	228	218	5	239	60	38	190	128	167	244	185	221	
2	157	18	154	253	173	188	231	174	25	88	48	172	254	104	64	199	27	147	17	18	8	10	247	45	16	30	234	144	64	161	155	
2	253	48	218	219	197	188	239	142	89	88	19	172	254	110	0	237	59	147	129	82	11	154	247	61	16	158	235	17	30	165	219	
38	231	96	30	125	153	254	232	91	92	125	171	104	232	191	133	216	234	195	103	198	35	110	253	62	24	205	171	87	191	94	206	
24	217	59	254	91	196	55	115	188	76	104	1	62	223	32	80	164	59	83	66	66	11	50	111	243	173	18	10	80	0	39	251	
50	11	106	186	91	209	26	101	151	68	220	171	45	207	34	64	234	187	159	193	94	11	10	253	179	213	139	251	53	14	60	222	
43	235	67	89	103	155	168	71	95	65	112	230	168	200	180	164	126	40	146	204	199	184	103	209	6	28	146	194	95	140	121	173	
194	168	86	149	174	136	248	174	191	146	82	18	236	202	80	73	167	107	127	209	114	92	139	245	140	146	223	232	4	0	129	9	
218	158	90	189	178	170	58	255	63	7	94	247	173	35	162	208	55	175	175	132	182	156	5	255	254	231	58	192	191	132	169	25	
83	141	103	207	150	162	239	255	124	96	222	198	113	38	180	101	119	199	63	239	241	153	45	255	60	46	170	192	45	130	177	124	
2	141	18	155	244	136	188	167	172	27	122	16	172	170	56	64	231	43	27	129	114	152	2	247	44	52	158	202	20	72	129	137	
34	221	52	158	91	197	158	236	139	93	216	11	44	254	46	0	237	251	147	195	102	11	26	255	63	22	158	171	17	94	165	223	
155	158	88	187	178	187	58	151	63	67	82	247	173	15	162	192	119	187	159	149	183	156	13	255	254	231	62	194	190	196	169	25	
184	141	102	238	212	18	78	247	85	0	254	2	123	41	176	65	120	206	23	234	248	187	45	175	250	239	166	196	119	138	240	136	
98	221	50	222	223	213	158	230	155	76	216	43	44	254	39	32	237	115	147	195	226	11	58	255	51	54	158	187	17	94	37	223	
34	249	50	154	79	197	182	238	138	80	72	11	44	254	100	0	236	123	147	195	66	43	154	245	53	16	158	59	17	30	183	218	
56	4	226	237	212	34	238	95	85	131	254	2	83	169	60	64	121	238	23	184	152	187	5	142	122	239	166	196	247	250	240	128	
130	236	144	132	252	35	190	239	158	162	184	26	172	234	112	2	235	235	83	161	48	79	202	255	60	22	207	172	149	120	241	136	
19	164	234	193	212	162	239	215	118	195	94	146	81	175	190	100	127	206	23	189	185	157	37	206	126	46	190	196	165	192	240	248	
27	221	182	91	161	245	124	246	255	95	254	53	170	190	230	100	231	251	191	132	239	216	50	243	227	255	84	171	154	220	172	95	
19	132	239	145	146	162	170	215	60	227	91	214	81	238	188	96	127	175	63	189	183	149	37	78	60	46	191	196	173	192	185	241	
147	182	218	177	178	171	57	223	62	119	82	247	213	166	170	72	55	31	47	148	178	220	13	87	220	134	63	196	188	192	161	153	
21	132	111	196	148	162	239	119	116	195	219	210	81	236	188	96	127	238	23	185	185	179	37	78	56	174	175	196	165	226	240	96	
226	173	144	149	252	41	252	111	153	171	184	26	172	42	29	2	219	199	95	33	112	111	192	239	60	30	222	248	196	104	211	137	
250	24	182	253	111	93	176	80	155	90	245	63	46	223	99	95	236	253	255	66	168	103	242	179	215	249	122	171	83	45	39	211	
61	5	106	236	148	2	207	117	80	128	255	2	83	225	184	97	120	236	4	234	248	179	37	14	114	175	167	128	101	250	240	160	
26	253	50	186	159	213	149	231	215	95	220	63	174	236	102	133	205	123	131	209	126	107	186	247	251	87	158	107	151	28	189	223	
210	189	244	217	183	252	88	23	127	123	246	17	46	191	38	125	231	187	189	144	190	220	51	211	139	254	18	83	146	68	197	95	
226	165	146	156	252	46	248	239	155	43	184	24	236	104	28	19	155	199	110	33	48	107	192	207	60	62	95	190	196	104	195	137	
170	237	162	26	221	213	182	230	223	93	188	159	40	236	118	132	201	107	162	213	118	107	170	247	59	87	159	123	83	28	255	222	
74	180	180	248	235	253	185	79	191	95	28	57	172	191	106	14	175	27	247	149	54	104	162	211	207	215	90	235	214	76	141	255	
252	72	102	103	12	42	70	216	117	178	183	2	91	9	153	91	122	196	108	234	168	247	9	160	210	235	229	20	103	251	96	0	
221	76	252	103	46	58	79	184	96	242	150	10	91	97	219	123	38	196	124	234	233	116	237	40	246	139	229	148	39	243	80	96	
26	52	182	243	45	255	80	83	63	219	247	49	206	223	76	121	253	185	189	144	186	252	115	194	155	223	82	194	194	76	100	87	
254	52	236	210	239	126	88	24	249	254	151	191	78	124	223	191	167	149	253	183	188	71	190	194	219	91	217	191	166	245	30	87	
196	44	22	158	248	171	216	43	191	170	179	24	238	234	1	25	151	167	110	48	56	239	75	222	156	54	91	90	192	65	3	9	
238	180	228	242	235	117	185	75	187	127	61	57	140	191	94	143	239	19	255	149	182	71	170	211	95	95	218	239	199	68	175	215	
194	232	212	189	44	139	124	142	191	179	178	16	239	202	64	89	183	237	125	2	98	76	139	243	132	242	95	188	20	112	129	9	
15	173	233	203	246	179	251	215	86	65	92	130	249	77	150	32	63	43	23	157	147	184	45	255	110	13	175	224	183	198	209	249	
56	141	102	239	212	146	110	245	85	0	254	2	123	105	176	65	120	198	23	234	248	187	45	191	122	239	166	192	119	138	240	136	
15	253	237	211	182	179	191	183	126	119	94	246	253	111	146	233	55	123	183	159	243	216	47	253	110	15	255	192	142	213	145	249	
56	175	42	174	93	195	87	234	135	12	252	43	107	249	42	16	248	251	135	195	74	171	8	191	251	213	165	251	115	14	126	235	
188	5	102	225	212	50	110	247	85	99	126	18	91	41	180	101	123	206	23	185	184	188	37	174	126	239	164	192	231	220	240	136	
56	13	107	239	86	199	255	112	68	68	254	2	113	253	54	96	120	250	19	238	72	187	60	191	115	175	162	1	119	170	116	242	
2	157	50	159	95	197	190	238	30	75	88	51	172	254	32	64	253	123	147	129	34	154	90	255	53	54	158	235	16	12	165	219	
89	141	111	231	146	10	111	191	116	96	90	194	255	39	144	97	54	199	61	239	249	153	45	111	232	238	175	196	45	226	161	121	
24	133	234	193	212	162	239	247	84	193	222	18	81	169	188	96	123	238	23	185	184	185	37	206	126	175	166	196	165	202	240	168	
137	141	108	211	214	50	237	183	116	83	94	146	217	45	150	105	127	70	55	190	181	252	45	238	110	107	246	196	167	212	241	249	
34	173	32	155	245	217	190	238	30	69	88	131	172	236	54	0	217	123	147	209	118	186	110	255	45	22	159	107	85	12	213	222	
2	142	194	157	114	146	170	246	63	13	90	231	169	174	182	68	126	107	167	141	166	216	6	255	44	38	190	128	47	132	41	221	
75	220	237	87	166	58	173	183	124	115	94	246	249	47	154	107	55	86	61	175	241	216	173	111	102	43	254	132	167	240	241	121	
40	205	123	78	212	207	71	246	196	8	252	0	115	245	48	48	88	234	22	106	74	171	42	63	115	141	36	9	115	250	230	234	
19	157	99	142	84	150	239	246	92	192	90	70	113	232	181	228	126	238	18	239	229	184	53	239	53	46	142	0	45	250	112	252	
54	221	96	204	95	83	150	234	159	68	140	139	42	236	63	64	217	217	147	227	238	35	126	223	51	22	137	63	119	61	116	86	
2	245	48	154	223	197	190	237	158	25	89	19	236	254	108	0	253	91	147	131	242	11	26	247	61	20	159	235	144	31	165	219	
38	245	96	152	223	209	150	234	155	117	136	139	72	252	126	0	217	219	211	243	126	99	126	247	59	22	141	127	213	61	150	214	
24	125	51	190	19	194	23	100	180	4	232	32	61	215	32	84	114	185	155	227	65	131	50	239	241	228	10	10	50	50	39	250	
50	131	42	186	94	193	154	111	158	4	204	171	37	206	54	64	250	187	139	193	78	11	34	191	243	69	139	251	53	14	60	218	
11	171	66	9	127	153	170	103	77	96	216	230	168	136	182	164	238	41	146	197	199	187	7	213	54	28	138	195	95	14	249	141	
147	158	65	191	178	162	42	247	61	67	90	247	125	102	176	228	119	171	31	149	183	156	45	255	188	102	174	192	188	196	161	93	
211	141	111	175	146	162	111	247	60	64	218	214	117	102	176	112	54	231	63	239	245	153	45	255	180	46	170	192	61	226	161	125	
83	141	111	207	150	2	239	247	116	64	222	194	113	38	180	97	126	230	63	239	241	153	45	127	116	47	238	128	37	178	241	124	
130	200	150	157	126	130	184	167	190	145	82	18	172	234	112	73	231	111	63	145	50	248	131	247	12	50	223	192	148	8	161	137	
2	205	50	222	124	133	190	230	143	8	120	10	172	206	53	0	206	123	23	193	194	11	10	255	52	28	158	170	20	26	113	137	
141	141	236	243	246	50	255	183	116	227	94	146	249	45	150	109	119	222	23	189	243	252	45	239	110	207	182	192	167	213	241	233	
43	213	96	90	221	221	215	253	87	93	188	14	171	221	126	164	217	154	150	72	223	42	126	181	107	93	133	127	91	142	220	254	
27	173	104	203	214	179	235	255	86	65	94	130	121	77	182	32	127	170	23	189	147	184	45	255	110	79	175	192	183	202	241	232	
47	181	48	75	253	149	222	189	95	121	189	57	74	125	94	52	157	155	215	21	222	42	123	247	47	93	21	254	211	142	210	223	
162	173	208	156	252	163	188	231	158	163	240	26	172	42	80	3	235	239	83	129	48	95	192	255	60	22	223	184	149	120	243	136	
194	232	150	157	62	139	184	142	191	179	146	16	236	234	64	89	163	101	127	0	34	205	139	255	132	50	91	144	132	16	1	9	
131	221	246	92	181	253	252	150	255	91	254	21	174	188	54	121	199	251	191	5	230	236	50	243	43	126	86	139	215	92	229	95	
17	158	95	171	178	171	58	255	62	99	90	247	253	39	160	96	55	31	31	157	183	152	13	127	236	167	62	192	188	192	161	89	
74	54	230	16	239	120	188	15	251	255	30	191	8	44	222	143	167	135	255	149	180	119	166	194	30	94	223	239	199	100	159	87	
184	197	110	228	148	18	79	245	100	130	254	2	83	43	184	99	120	230	93	234	248	179	33	14	242	235	230	148	103	186	240	8	
224	164	210	156	252	43	168	111	186	163	240	24	204	170	24	11	219	7	110	33	48	127	192	207	28	54	87	126	196	104	195	137	
42	253	176	184	253	209	148	231	155	93	188	191	172	188	118	132	205	59	231	17	126	106	242	247	235	87	222	251	214	92	159	223	
130	181	244	211	181	253	120	23	63	123	255	21	174	190	108	121	231	155	191	17	178	88	51	211	143	218	210	243	146	76	197	95	
252	72	228	231	68	42	70	152	113	178	183	26	75	41	93	27	121	196	108	234	232	247	201	170	210	235	229	20	231	251	66	0	
253	104	252	119	238	58	111	152	115	242	183	10	91	105	211	63	55	244	125	234	168	116	239	170	86	235	101	180	231	243	66	33	
196	44	150	158	120	171	248	43	191	163	187	24	236	234	1	89	151	167	110	16	48	111	203	222	156	54	91	88	192	64	3	9	
254	54	246	240	239	116	185	66	187	255	149	187	76	254	119	159	175	149	255	147	180	71	170	194	91	91	219	191	135	101	63	199	
158	120	182	253	47	236	48	82	191	94	245	55	142	223	103	75	239	249	255	147	174	199	146	226	147	243	90	171	146	109	37	211	
36	165	208	138	252	41	248	137	27	17	57	24	206	104	92	8	155	139	87	49	18	106	202	215	140	156	31	124	212	74	211	129	
2	221	246	220	237	253	252	247	255	91	124	21	172	188	54	121	199	123	191	5	230	107	50	243	47	94	94	139	86	92	229	223	
56	159	18	170	125	131	86	240	135	12	248	111	110	249	32	144	220	251	135	99	78	171	8	191	250	213	45	187	90	14	62	155	
34	197	64	155	244	129	238	237	31	1	249	2	232	106	60	64	123	139	23	129	90	58	74	247	44	156	158	232	21	26	241	136	
2	157	18	155	223	197	190	238	30	9	88	19	172	254	32	64	221	123	179	129	50	152	90	255	45	54	158	235	16	12	165	155	
29	205	228	247	182	18	254	183	117	83	126	146	121	109	156	105	63	198	53	207	248	248	45	239	110	235	247	192	167	252	240	248	
40	159	122	126	116	195	87	246	132	12	252	32	114	251	160	32	216	122	135	66	74	171	72	63	107	237	164	217	113	138	228	171	
34	189	32	155	221	201	182	238	30	69	88	155	172	236	62	0	217	59	147	17	50	58	90	247	45	22	159	107	85	12	149	218	
3	159	74	157	80	134	238	246	60	65	74	199	177	226	54	64	126	107	19	205	133	152	20	239	36	46	154	128	29	132	57	220	
95	205	228	119	182	26	254	188	123	211	22	130	249	111	159	107	55	119	189	239	244	200	175	233	110	255	253	128	167	247	209	113	
40	223	123	110	252	203	199	246	196	12	252	96	114	241	160	48	216	122	6	106	74	170	106	63	99	141	36	137	83	250	230	171	
50	245	96	200	223	87	148	239	159	252	184	47	10	252	103	32	221	153	215	177	238	107	122	223	59	22	157	255	211	44	86	223	
26	93	19	254	27	194	23	101	181	0	232	2	108	215	32	212	122	185	155	192	75	131	50	255	177	244	10	11	50	6	39	250	
18	207	42	168	62	131	154	111	4	4	200	167	165	140	50	64	254	41	27	229	76	139	4	159	240	101	138	185	20	14	61	202	
3	235	66	9	118	155	170	103	78	96	90	230	168	136	182	164	254	43	146	197	199	184	69	245	38	92	138	194	93	14	121	141	
47	181	105	75	252	59	219	216	95	125	189	172	219	108	222	164	95	8	215	63	159	34	109	147	78	93	165	252	223	207	216	245	
81	141	111	191	178	162	47	183	60	66	86	198	245	102	178	97	119	231	61	239	241	220	45	111	244	171	238	128	53	240	161	121	
19	156	79	189	178	162	47	183	60	66	90	231	245	102	178	105	119	239	31	173	181	216	45	125	188	42	254	192	189	192	161	125	
184	141	102	239	212	146	238	245	85	0	254	2	121	105	176	65	120	230	55	234	248	187	45	191	122	239	167	128	119	174	240	136	
155	141	110	203	214	179	239	255	84	65	94	146	121	109	182	96	126	170	31	253	178	184	45	255	126	77	175	192	183	202	241	232	
47	165	224	99	252	59	218	152	83	241	61	154	219	109	221	44	31	206	87	191	150	112	237	210	78	221	165	252	247	207	210	213	
56	141	106	227	148	162	238	247	84	1	254	2	91	169	48	64	121	206	23	184	184	187	5	174	250	239	166	196	231	218	240	136	
15	249	236	91	182	146	255	189	222	209	94	162	249	125	158	103	7	123	183	223	215	216	111	253	110	95	255	192	167	246	209	249	
162	236	148	149	252	169	188	231	31	43	242	26	172	42	20	9	239	175	119	129	114	254	195	255	60	62	222	232	133	88	243	137	
25	159	85	175	178	138	111	183	44	64	90	231	253	119	128	96	54	119	61	238	145	152	45	127	236	231	46	192	60	130	129	121	
89	141	110	231	146	2	111	181	100	96	222	130	251	103	144	97	54	230	125	238	249	153	45	109	242	235	239	128	39	178	225	105	
248	205	102	231	132	2	78	245	229	130	246	2	123	43	177	83	122	196	125	234	232	249	9	173	242	235	231	132	103	178	240	8	
54	36	192	227	220	43	202	200	27	179	185	26	75	104	93	26	123	204	87	50	26	114	201	194	158	220	133	244	229	235	210	128	
170	191	34	30	125	213	150	231	223	76	252	47	42	248	54	132	201	107	199	65	238	43	42	255	51	86	137	187	83	12	126	207	
138	189	176	153	255	221	156	239	159	127	156	187	174	189	70	133	207	27	247	17	246	106	242	247	175	87	28	251	150	76	143	223	
130	181	244	217	253	253	120	95	191	91	189	49	140	190	108	121	231	155	191	17	178	72	51	211	31	94	222	255	210	76	197	87	
244	104	198	230	76	42	70	216	49	178	178	10	75	40	93	26	121	204	100	226	40	247	201	170	146	234	197	52	229	251	98	0	
252	104	244	103	230	58	110	152	115	226	182	10	91	105	213	63	55	236	125	234	232	116	237	170	86	235	229	180	231	247	66	0	
154	183	180	241	191	113	184	79	155	127	29	59	140	191	78	14	175	27	255	145	54	89	162	210	159	87	223	255	134	68	143	215	
94	54	246	176	239	116	184	67	187	191	29	191	140	190	94	14	175	31	247	145	182	91	130	194	223	86	223	239	135	68	191	215	
192	44	150	157	120	171	56	130	190	147	146	16	236	226	1	91	167	103	110	0	34	205	131	255	140	54	91	0	132	97	33	9	
75	183	224	17	227	120	188	7	123	127	24	255	172	172	214	142	167	15	247	149	182	88	166	195	62	94	222	239	207	68	143	223	
34	229	150	157	252	169	188	231	30	59	120	18	172	170	48	73	203	43	119	145	114	250	67	247	60	54	222	224	148	88	241	137	
32	159	122	218	116	195	243	240	86	12	124	98	112	221	182	64	88	58	7	72	138	186	40	191	98	15	162	129	85	138	116	235	
2	156	16	155	223	197	184	239	30	9	88	19	172	254	40	64	221	59	179	129	34	154	90	255	45	22	158	235	16	12	181	219	
94	201	228	247	182	18	254	180	119	147	54	130	105	111	157	99	119	231	61	203	248	248	111	237	238	255	239	192	167	191	240	9	
32	159	90	110	114	131	86	244	4	12	120	229	119	235	160	80	222	122	7	98	200	170	72	63	106	229	36	136	125	170	102	155	
34	188	32	153	221	205	176	207	158	125	80	27	172	220	118	0	201	27	147	17	54	122	210	247	45	22	159	111	209	12	151	222	
3	139	2	141	16	134	174	246	172	65	74	199	177	226	52	64	124	107	59	205	195	152	23	125	36	46	170	128	29	2	49	152	
222	216	244	247	46	18	94	184	187	208	183	163	235	111	221	103	54	245	253	239	232	65	175	233	234	251	237	144	167	183	65	89	
184	223	91	110	114	139	87	240	133	140	252	228	119	241	161	16	94	240	6	106	201	171	72	63	224	229	37	152	121	186	102	185	
33	141	35	223	116	195	231	182	84	73	90	98	179	120	176	224	89	106	22	77	203	184	101	191	44	46	190	192	28	74	240	173	
50	181	180	196	249	87	152	127	31	249	184	63	10	157	86	32	205	155	215	17	254	107	243	222	27	94	29	255	87	12	150	223	
58	141	3	248	91	193	27	103	151	4	200	131	44	215	32	212	120	187	131	128	74	11	18	255	177	212	139	59	50	12	52	250	
3	75	71	137	20	159	170	68	76	0	218	198	225	8	180	224	254	41	58	205	199	184	69	221	36	108	170	128	93	14	121	140	
222	76	246	247	162	50	94	191	189	210	150	145	239	111	149	111	231	245	125	238	232	197	173	236	226	251	239	146	38	245	225	93	
11	157	18	90	121	148	240	247	223	25	124	0	46	147	38	244	229	59	150	8	198	43	50	247	59	253	18	107	90	4	107	143	
184	205	102	239	148	2	78	253	85	2	254	18	107	105	56	65	120	230	61	235	232	191	9	191	242	235	199	128	119	186	240	8	
50	93	100	140	95	215	148	127	23	109	220	63	42	60	54	32	204	191	247	133	204	187	113	255	51	94	152	179	119	12	244	223	
47	104	232	67	254	59	235	216	91	226	61	138	91	108	215	62	63	204	87	255	141	118	237	234	94	79	165	180	231	255	82	228	
52	44	224	227	212	43	226	216	83	177	185	10	75	105	93	24	121	204	70	243	154	242	201	162	30	205	133	116	231	251	114	128	
15	249	236	215	190	153	255	188	206	208	94	162	249	237	222	98	6	123	255	223	210	216	239	253	110	95	239	192	55	182	209	249	
24	141	102	239	148	2	110	245	37	128	254	2	123	107	48	65	122	230	63	234	248	185	9	189	250	235	231	192	39	186	240	8	
219	221	127	239	50	138	111	180	45	64	94	230	253	103	176	117	118	247	61	238	249	152	45	255	252	239	47	192	62	162	161	121	
217	201	126	207	34	26	111	189	97	194	86	130	123	103	146	119	54	244	125	238	233	145	173	237	246	235	231	128	39	178	226	105	
109	127	230	71	100	26	230	176	105	238	254	236	107	104	151	183	30	228	228	110	205	242	237	168	54	127	101	176	111	255	90	221	
2	183	178	208	255	241	184	79	155	255	29	187	140	191	110	11	175	27	255	145	54	91	178	210	31	86	223	239	134	68	133	215	
2	181	244	216	255	253	188	239	159	91	56	51	140	190	108	121	239	155	255	17	242	105	50	211	31	30	222	239	212	76	165	223	
34	180	244	209	251	221	188	239	159	127	28	187	172	190	70	5	143	27	247	17	118	74	226	215	63	86	30	255	150	76	135	223	
105	95	118	71	100	26	102	48	105	136	126	108	251	96	151	247	22	228	108	110	197	176	237	44	38	255	101	128	110	179	74	61	
252	104	226	103	70	26	110	212	113	162	182	10	123	105	221	58	58	236	117	234	200	246	173	170	118	239	229	160	103	243	66	40	
2	183	178	144	255	241	184	71	187	255	157	183	140	190	126	10	175	159	247	149	182	89	162	194	31	86	223	239	135	68	191	215	
116	104	194	230	76	42	70	216	49	162	242	10	75	233	77	26	121	204	100	98	72	247	201	170	178	239	197	20	227	251	98	136	
