香奈儿可可小姐唇膏水亮系列	132 - ROSE RAVISSANT	https://i.chanel.cn/fnbv3/image/full/shades/rouge-coco-shine--132-rose-ravissant-3g.0173432_S.jpg	https://i.chanel.cn/fnbv3/image/full/chanel__com_type1/skus_full/rouge-coco-shine--132-rose-ravissant-3g.3145891734324.jpg
35	133	43	171	212	196	171	109	22	69	217	135	177	206	58	64	220	43	19	133	223	138	116	157	105	45	186	200	29	10	245	218	
255	203	71	222	111	18	79	252	133	216	215	238	107	225	189	215	126	228	126	238	233	199	47	253	50	122	229	152	63	191	240	117	
2	178	180	152	251	229	184	203	142	125	145	53	140	158	106	74	199	19	255	145	22	75	154	209	141	18	218	255	144	4	173	215	
252	148	50	224	181	127	87	251	249	107	191	24	94	125	44	52	189	151	221	42	248	43	56	222	251	223	5	119	210	238	198	51	
9	189	249	91	240	236	191	183	126	25	124	112	189	247	136	112	23	58	22	24	147	24	58	119	111	189	50	232	210	192	199	185	
176	221	31	254	60	199	71	180	132	24	146	64	247	81	33	97	200	112	124	106	105	165	122	61	225	163	229	24	16	59	116	43	
56	141	24	255	157	197	87	167	22	5	204	16	183	49	32	64	201	186	137	8	122	169	81	191	235	247	148	89	50	72	244	42	
144	95	15	239	18	134	47	244	164	72	218	227	117	71	33	65	118	241	29	239	105	137	9	61	241	161	174	128	61	179	53	57	
43	157	81	79	215	155	230	127	69	64	124	106	104	120	180	164	90	58	146	104	197	184	124	253	46	60	5	2	95	174	200	188	
161	113	97	69	84	15	107	112	113	224	116	76	83	17	145	52	88	204	22	110	233	182	117	30	101	136	161	32	111	154	82	176	
32	221	41	187	180	133	207	247	22	73	216	66	181	253	48	0	204	42	23	93	219	170	90	63	237	140	174	248	24	10	240	185	
112	33	185	100	28	76	71	56	98	160	174	8	211	53	64	48	144	212	108	106	73	34	249	8	251	237	37	60	96	42	70	34	
124	56	25	96	8	205	65	16	160	40	166	8	151	151	64	56	128	180	76	88	9	34	240	0	209	201	32	60	96	1	70	34	
136	221	53	181	181	207	101	55	237	76	210	117	191	21	144	197	6	34	95	77	249	248	113	253	229	242	118	208	66	140	133	121	
152	157	28	254	189	151	85	183	132	8	222	64	183	51	32	65	200	34	29	72	122	137	67	189	227	249	162	216	18	136	248	43	
130	146	154	153	114	161	177	11	30	13	83	179	172	151	42	72	247	27	163	17	50	156	67	215	133	54	26	195	148	12	37	195	
64	176	157	245	168	78	113	155	174	185	162	88	215	55	64	122	133	87	124	24	17	216	219	0	205	171	119	116	136	32	131	51	
120	168	58	112	9	253	81	71	227	5	172	24	63	147	64	24	129	186	232	8	26	107	146	17	211	253	16	123	66	0	206	42	
37	93	105	69	244	15	239	116	84	232	124	102	115	5	181	48	94	232	22	110	233	176	109	62	102	141	165	128	127	186	82	177	
34	141	98	223	85	147	238	234	85	0	250	2	104	232	52	64	122	235	19	129	160	186	60	255	55	46	138	8	85	142	112	136	
34	135	98	154	253	245	186	239	223	93	89	55	232	236	62	64	255	11	147	149	182	58	110	247	63	30	158	235	149	78	253	207	
202	88	190	240	41	220	48	6	169	223	166	17	188	159	98	91	164	53	249	16	6	77	178	224	211	243	90	75	130	0	47	91	
104	96	57	109	77	79	83	16	113	164	228	8	219	23	1	48	216	212	80	106	8	182	241	10	199	255	1	49	99	186	70	98	
64	184	25	241	40	205	81	23	174	57	162	88	151	151	64	112	129	23	124	8	3	105	243	17	201	217	55	48	72	0	135	59	
124	161	185	100	141	77	87	168	115	180	164	8	83	245	73	50	153	212	104	122	74	99	251	16	251	219	69	125	226	122	70	98	
24	221	28	239	61	133	86	191	134	9	220	96	191	49	32	64	200	50	157	72	106	168	67	189	227	245	166	145	26	26	152	43	
80	184	59	242	9	236	49	7	172	21	162	25	190	151	32	80	160	55	121	0	18	73	178	65	209	241	26	91	0	0	7	106	
65	56	157	117	168	76	69	23	170	250	162	8	183	55	64	50	129	118	104	24	9	72	243	0	205	187	85	48	200	96	3	58	
62	253	96	14	223	211	214	236	87	116	141	139	99	236	63	132	120	218	195	227	110	35	127	191	51	69	141	63	119	127	222	214	
130	10	2	154	105	225	184	71	158	21	192	179	172	206	34	73	202	59	163	145	6	207	2	241	21	50	218	203	148	12	45	206	
82	188	187	186	139	224	49	199	175	23	192	179	44	223	98	67	227	243	171	145	34	75	154	245	217	97	158	203	20	4	37	123	
165	176	157	251	204	109	161	153	94	123	1	88	212	243	72	107	217	10	122	24	51	100	251	19	77	158	251	124	152	73	145	162	
212	64	47	172	12	66	69	40	244	150	199	18	83	87	41	75	120	212	109	234	104	197	25	12	209	163	227	21	32	57	52	34	
0	212	30	255	93	135	167	252	22	128	198	2	112	243	32	65	120	254	42	232	96	243	91	63	117	167	207	8	25	56	56	170	
152	73	46	188	29	198	95	244	212	72	198	3	187	95	49	65	200	243	157	201	104	143	18	173	225	225	174	17	50	28	52	122	
2	240	150	154	107	197	176	71	174	29	64	49	172	214	104	66	164	59	235	16	18	75	146	213	157	48	90	235	16	4	165	219	
131	159	121	211	246	236	184	183	61	95	90	119	132	31	214	109	239	27	31	149	183	28	113	247	111	30	154	198	148	192	165	223	
73	184	31	242	161	236	113	246	169	27	38	24	190	159	96	114	165	115	92	16	35	201	146	229	203	249	86	74	202	0	163	59	
55	78	71	77	68	50	238	112	84	194	251	198	81	8	181	228	126	236	22	238	237	182	37	238	54	46	226	128	109	255	120	148	
34	141	98	158	85	135	174	238	86	128	216	2	104	232	52	64	120	235	19	227	226	187	30	255	53	46	139	8	21	122	113	136	
2	13	98	157	84	131	174	226	158	194	218	130	104	238	52	64	126	235	19	163	160	187	22	255	52	46	138	128	21	110	113	200	
239	56	181	240	173	109	208	218	235	251	177	24	158	153	69	191	141	213	253	17	51	103	218	208	155	219	81	126	202	105	75	51	
41	209	113	203	244	207	239	125	71	105	125	226	25	93	188	36	30	26	23	124	211	184	124	221	111	28	165	228	127	138	208	177	
222	78	222	180	98	224	185	66	184	158	214	179	45	239	99	75	103	245	175	131	36	215	130	234	208	35	250	139	165	117	45	219	
194	34	182	145	203	240	184	67	191	151	86	179	172	238	102	207	167	63	171	145	54	93	130	211	157	50	218	203	134	68	45	199	
130	146	56	185	111	61	184	72	30	61	81	183	140	142	122	73	255	25	163	149	150	84	95	209	4	16	26	231	156	13	45	215	
173	180	148	211	237	189	224	155	223	123	177	28	158	248	92	175	137	2	122	28	183	103	219	211	141	154	87	126	218	72	219	134	
35	135	98	139	213	179	234	251	95	97	91	199	72	8	190	196	127	138	146	189	151	184	13	223	62	28	138	198	31	142	248	148	
121	125	123	102	112	44	95	254	97	200	124	76	63	119	0	48	190	222	21	106	201	58	176	47	251	237	32	232	98	227	194	123	
41	245	121	97	244	239	127	191	127	111	126	56	219	117	152	48	159	26	118	56	187	184	121	31	239	223	53	228	210	200	198	251	
218	88	151	252	75	192	53	230	188	22	194	179	44	183	33	95	166	119	251	192	96	205	162	235	241	162	94	139	32	48	37	107	
201	89	151	84	41	220	52	39	233	218	162	24	190	179	33	255	160	119	120	64	97	205	146	105	177	242	86	26	10	48	139	59	
2	176	36	155	91	193	176	207	158	85	192	179	172	158	106	73	197	27	171	145	6	79	210	209	29	18	218	235	16	4	173	218	
2	236	130	155	84	131	170	230	30	1	88	2	104	234	48	64	121	107	19	129	34	186	8	255	60	6	159	192	21	26	177	136	
188	76	74	174	93	135	234	96	132	0	225	10	113	200	53	65	120	168	19	227	104	167	26	157	177	201	139	40	85	43	112	128	
25	156	35	127	177	214	75	183	53	71	206	20	249	247	178	244	81	238	156	140	189	152	53	191	235	255	148	192	42	196	168	126	
123	157	97	127	157	246	95	191	113	198	238	20	123	61	22	244	217	230	189	140	249	170	113	175	235	255	148	83	63	196	254	126	
135	115	100	65	238	57	188	215	201	125	20	255	136	44	222	175	174	27	247	213	215	120	230	192	6	88	222	238	207	220	219	221	
66	184	253	211	234	236	57	151	58	251	20	252	188	23	192	43	7	19	87	152	179	92	235	113	77	158	126	236	132	192	135	121	
26	152	31	252	83	212	49	103	188	9	70	50	44	151	32	108	228	59	179	128	2	153	50	197	209	231	90	75	18	0	37	187	
11	154	31	221	114	212	57	55	190	89	86	116	188	182	160	101	198	59	186	0	151	152	34	245	68	179	122	202	26	0	165	191	
11	150	125	249	178	188	57	55	63	81	70	212	189	39	148	113	39	59	54	156	179	152	55	213	79	255	58	192	154	128	137	185	
2	219	30	152	115	144	184	199	158	29	80	183	172	142	34	64	231	59	183	145	70	137	2	245	122	55	186	203	20	20	173	219	
2	148	154	184	243	225	176	67	143	5	72	51	172	159	102	72	227	59	131	145	18	27	18	211	221	20	26	107	144	76	37	219	
130	0	102	152	92	131	168	64	148	1	211	2	72	202	56	73	120	41	19	177	162	183	2	220	20	34	138	192	21	8	49	128	
146	0	102	137	78	130	184	64	140	80	211	131	204	142	60	73	126	185	63	245	128	151	7	212	148	42	218	132	21	15	49	208	
9	93	59	87	180	159	239	180	116	200	126	64	251	117	179	100	22	122	22	108	241	184	49	63	111	255	36	192	66	154	65	233	
135	64	102	145	198	2	168	69	156	83	210	147	140	142	62	107	110	13	59	149	164	245	5	192	20	10	218	196	149	28	177	196	
25	148	79	233	20	46	97	19	117	75	78	86	19	55	176	104	121	142	54	156	187	156	113	198	207	239	178	68	170	200	112	48	
2	222	66	189	178	144	188	231	158	7	90	247	172	170	166	192	231	43	151	133	182	153	6	255	44	54	190	195	156	4	169	159	
220	124	184	254	33	100	95	158	187	27	116	49	127	255	41	91	151	253	149	2	42	70	186	235	195	255	119	171	146	241	39	123	
222	76	238	180	3	102	92	32	181	182	135	147	79	111	51	79	99	245	125	239	104	197	25	202	211	227	203	21	39	245	37	66	
45	93	107	77	52	30	111	176	81	234	94	68	91	61	183	228	84	108	52	110	233	176	53	174	103	255	165	132	78	255	80	117	
46	164	224	145	213	251	176	71	95	119	69	151	136	172	126	140	153	11	131	21	54	252	126	215	15	22	159	103	215	76	221	214	
185	20	31	249	52	111	65	91	86	75	247	84	151	145	32	104	89	156	30	40	57	180	113	30	193	239	48	68	250	200	112	161	
10	149	58	249	183	181	185	71	158	29	92	51	188	191	32	96	199	59	151	145	182	9	34	215	207	95	186	203	148	72	165	235	
46	50	164	17	199	253	176	66	91	255	84	191	8	188	87	175	237	59	179	149	182	126	246	194	15	22	219	235	199	77	94	215	
2	237	138	131	196	34	174	239	20	147	90	2	0	170	120	65	121	78	51	227	80	250	138	226	56	0	222	68	133	122	240	136	
195	187	100	23	110	156	188	184	201	254	21	255	236	124	223	175	166	113	247	231	229	100	238	241	14	26	207	191	79	164	31	245	
109	115	185	103	164	31	87	24	107	234	183	76	219	29	89	58	148	196	124	126	201	244	249	8	231	217	101	52	74	251	82	115	
2	128	10	153	116	163	168	64	28	9	83	18	148	138	56	72	120	9	51	145	18	188	1	215	4	38	186	192	149	8	49	128	
38	77	2	158	92	131	174	96	148	128	217	2	96	232	49	64	120	232	19	195	96	179	10	255	48	38	139	136	21	59	112	128	
10	130	164	155	249	149	184	175	159	31	84	149	172	239	30	196	205	11	187	149	54	74	83	247	78	119	222	235	154	4	173	223	
2	173	138	155	196	2	174	231	20	146	72	2	0	170	104	65	121	106	34	210	82	250	154	224	57	0	222	4	21	120	176	136	
161	113	113	97	116	78	111	112	113	72	126	76	19	19	144	116	24	140	22	110	201	178	112	14	101	188	32	0	107	138	82	176	
2	204	42	155	86	163	170	198	30	3	88	130	172	206	48	64	127	107	19	129	162	186	10	255	52	6	155	136	21	92	49	136	
43	30	114	24	58	179	26	82	223	206	254	167	238	204	166	100	223	187	142	4	166	179	110	223	2	126	19	139	94	204	108	87	
27	141	42	173	21	214	255	231	148	64	206	135	189	174	50	64	124	171	27	205	237	137	52	255	225	109	142	0	53	22	185	218	
61	223	107	239	118	131	111	248	84	204	94	230	115	97	186	96	126	232	22	238	201	186	45	63	110	237	165	192	127	170	112	233	
77	87	61	101	52	14	127	184	105	232	127	76	215	51	137	114	150	84	124	110	201	176	249	14	231	255	33	132	72	179	67	113	
221	91	110	175	46	10	79	184	229	250	150	230	255	99	155	243	118	228	125	238	233	197	77	172	242	235	239	148	46	182	120	113	
2	173	138	135	214	32	174	238	190	179	88	2	52	170	112	1	127	207	51	195	114	251	136	247	60	6	255	228	133	122	177	136	
2	173	230	151	214	160	238	230	43	112	88	131	104	238	92	0	111	239	51	199	242	122	141	255	60	46	143	224	133	86	243	216	
89	77	110	237	19	198	95	183	165	196	206	131	127	39	51	64	102	247	157	239	104	137	53	239	243	231	142	16	38	246	33	120	
41	173	209	229	240	10	110	55	49	162	122	104	191	51	128	244	55	254	20	40	105	152	193	46	172	238	37	128	38	240	74	169	
173	180	132	27	237	189	224	155	127	123	161	92	210	232	94	223	201	10	122	29	183	124	219	19	15	26	85	124	218	76	218	212	
152	16	187	241	4	111	177	82	86	91	118	50	151	29	96	104	233	25	23	145	59	244	49	194	213	199	250	68	241	8	117	242	
111	41	3	140	125	215	78	65	175	200	155	65	72	222	117	244	248	237	255	231	205	131	186	204	187	118	143	187	10	38	59	198	
130	221	190	222	248	244	158	183	159	79	92	53	236	254	46	96	199	123	23	3	246	11	58	255	35	54	30	139	144	82	173	223	
151	33	102	129	70	51	184	73	13	80	211	131	8	140	255	105	126	137	23	181	132	183	36	192	22	8	202	132	37	141	113	212	
9	156	57	89	244	223	255	190	95	109	126	116	191	61	156	100	223	90	54	8	227	184	121	255	111	223	54	132	90	216	197	249	
30	171	226	157	210	211	239	232	55	164	198	131	105	238	182	196	122	237	163	229	46	210	45	221	62	103	143	1	55	182	45	196	
200	155	62	186	170	199	29	189	150	252	148	189	255	253	34	3	134	179	255	99	252	75	58	189	251	195	109	251	54	12	149	123	
63	143	230	141	212	19	238	232	87	166	206	131	97	104	63	196	123	238	51	239	108	146	77	191	62	111	143	5	183	254	120	196	
0	156	158	191	92	135	183	248	22	130	198	2	112	243	40	65	121	126	42	168	34	243	91	63	125	167	239	0	25	104	56	162	
2	152	158	153	51	224	176	71	190	21	74	177	172	183	32	72	231	59	171	144	18	157	2	213	205	55	90	67	144	68	37	219	
56	191	46	41	155	247	146	79	198	109	188	37	43	236	38	1	216	171	204	49	190	171	52	61	251	193	34	83	209	78	238	223	
163	158	242	24	114	179	26	87	31	79	246	247	40	158	166	116	215	171	159	20	183	157	37	223	30	126	18	194	190	140	236	93	
49	4	107	77	86	131	235	121	84	64	255	66	113	97	180	100	120	168	22	172	185	178	37	31	116	46	163	128	117	170	112	224	
2	178	36	153	203	213	184	207	158	125	81	183	140	158	106	73	229	27	187	145	22	94	90	209	29	16	218	239	144	12	173	215	
137	77	111	77	116	158	239	182	116	202	94	196	241	36	147	229	94	108	54	239	237	152	101	46	102	47	174	128	14	182	80	253	
252	148	246	240	181	127	85	123	123	251	191	24	94	125	46	52	191	151	245	56	184	255	57	222	251	223	117	215	211	108	228	119	
88	40	58	112	43	232	81	2	166	21	167	24	150	151	66	90	162	17	237	16	26	13	178	17	211	225	48	125	160	1	7	98	
105	121	17	101	116	79	67	24	99	232	110	72	214	81	64	52	16	252	70	104	73	178	249	30	109	188	37	48	74	170	66	32	
33	221	25	187	188	141	199	183	6	72	88	96	183	89	176	96	200	122	31	79	251	168	91	61	233	132	174	208	24	26	208	187	
145	221	15	190	60	135	207	180	148	72	216	70	247	213	48	97	200	98	31	239	233	137	90	63	225	160	174	144	24	27	176	251	
2	12	34	158	85	135	170	102	150	128	202	2	104	238	52	64	120	235	19	161	34	187	22	255	53	46	138	0	21	14	113	136	
237	176	148	209	237	253	240	75	223	123	161	28	158	184	78	191	137	3	122	25	55	109	218	208	159	154	87	126	218	73	203	134	
7	134	98	139	213	179	170	202	94	69	95	231	72	232	190	196	125	171	147	181	150	186	13	222	62	28	138	199	159	207	120	196	
0	204	10	155	84	163	174	238	22	1	90	18	113	234	48	64	121	106	19	129	34	186	10	255	108	39	191	192	21	90	177	136	
40	132	157	251	157	237	65	27	86	23	77	16	215	241	104	104	217	26	50	24	59	124	123	23	205	199	146	125	146	72	212	162	
109	119	61	103	32	14	127	184	105	232	127	76	223	113	137	50	150	212	124	110	201	176	249	12	231	249	101	20	72	243	66	115	
252	84	31	252	13	102	87	56	148	134	135	18	115	119	41	91	120	244	109	98	104	199	123	14	209	227	225	21	48	123	116	34	
60	85	51	174	27	68	151	232	132	132	201	3	124	246	41	64	252	249	25	227	74	3	58	191	241	230	139	26	49	51	37	211	
220	6	220	181	13	106	80	11	164	182	131	19	207	43	11	75	97	196	237	161	44	197	193	0	211	227	242	21	166	241	60	2	
229	240	149	147	236	45	193	152	78	121	177	92	214	209	73	47	217	72	126	127	147	102	219	112	141	152	235	124	152	43	83	161	
80	176	159	101	34	78	113	55	46	233	42	96	215	55	192	114	183	87	108	0	1	201	177	4	205	167	117	80	40	32	7	59	
171	103	65	73	116	159	238	120	85	232	240	78	67	64	148	165	92	200	22	110	237	182	125	159	36	24	165	164	95	142	90	164	
12	188	248	243	242	168	121	151	62	51	95	179	157	63	200	72	39	155	183	153	146	92	161	242	206	207	190	224	166	193	129	185	
185	77	96	100	116	27	206	180	81	234	124	10	59	41	149	48	218	236	21	106	236	178	100	174	230	255	165	176	119	255	80	73	
0	173	10	159	212	166	174	231	22	128	72	2	113	234	112	65	121	106	51	131	82	250	154	107	61	5	207	8	5	106	177	136	
164	96	181	210	205	109	193	200	202	243	161	24	150	220	93	43	201	8	123	27	51	103	218	16	13	24	217	124	216	89	82	162	
36	77	2	158	85	135	174	96	148	128	217	2	96	234	49	64	120	104	34	195	98	187	26	255	49	38	138	8	21	59	48	128	
12	221	51	190	248	197	159	252	158	94	89	97	124	254	41	64	215	123	19	227	98	3	58	255	113	166	47	184	16	115	165	211	
54	253	42	154	217	247	150	238	151	255	156	47	100	252	111	0	157	123	211	243	254	67	58	191	59	86	13	255	209	127	158	215	
2	0	38	137	68	163	168	65	12	17	211	2	8	202	56	73	122	41	59	177	130	181	3	212	20	34	218	196	21	12	49	128	
25	148	127	241	149	254	97	55	117	75	110	82	51	55	128	113	97	158	54	24	187	152	113	199	223	239	178	64	171	200	240	56	
152	133	43	250	149	245	77	39	21	5	206	16	251	119	48	224	217	170	25	136	122	136	115	191	233	255	146	81	50	72	180	106	
12	190	248	243	234	173	57	151	58	251	28	185	189	247	202	42	7	27	183	153	147	92	234	115	78	143	63	236	132	208	135	251	
72	56	151	117	137	204	85	23	242	179	166	24	190	183	64	62	129	118	104	24	9	121	243	0	201	251	85	114	194	64	199	42	
88	168	158	246	35	200	49	7	174	165	38	49	190	183	64	82	162	55	233	0	0	201	162	34	217	231	126	19	32	0	135	107	
214	12	175	180	13	102	93	66	181	150	131	19	102	251	49	75	233	245	121	131	40	197	19	202	145	178	219	19	160	113	52	66	
0	208	30	253	92	135	117	252	22	128	198	6	112	243	34	64	120	124	42	104	104	243	91	29	117	171	199	0	56	56	120	170	
54	82	82	138	111	65	154	72	137	172	177	171	76	223	111	10	254	145	223	227	72	35	10	208	17	16	139	191	85	63	119	195	
3	157	3	143	245	150	174	167	93	73	90	230	236	108	180	228	119	107	19	237	247	152	53	255	44	62	158	194	12	92	185	221	
2	176	52	153	75	197	176	207	142	29	192	183	172	158	106	72	205	27	171	145	6	11	210	209	21	48	154	235	16	4	173	219	
10	178	132	155	249	153	185	143	31	61	85	181	204	206	78	204	215	11	255	21	54	88	203	213	78	83	222	255	158	4	157	223	
8	133	28	235	188	187	67	61	70	53	13	16	247	115	136	96	82	2	28	56	26	40	105	157	238	221	160	85	178	138	216	32	
14	221	179	254	248	228	159	239	158	78	217	97	124	254	45	96	215	123	51	99	246	11	58	127	121	54	47	154	16	115	165	219	
236	149	242	254	189	127	214	255	219	107	189	24	78	249	60	54	157	214	223	40	248	35	184	223	187	223	69	190	210	254	210	7	
186	124	190	252	41	118	93	222	187	218	116	49	127	255	33	123	215	253	181	2	170	71	186	187	195	251	117	191	178	245	39	251	
6	50	164	145	207	245	184	66	154	255	84	55	140	188	87	47	141	27	243	21	150	122	242	192	15	18	219	235	134	77	31	223	
2	219	2	155	95	145	190	230	159	13	88	231	172	202	38	196	238	43	131	197	70	154	6	253	38	52	154	235	31	30	185	143	
104	172	58	112	85	221	80	71	251	45	108	24	46	153	96	144	137	186	192	0	26	58	210	147	211	221	16	123	194	8	78	138	
0	173	10	151	212	134	175	238	22	129	74	2	113	234	112	64	121	110	51	195	114	250	153	111	125	6	255	68	133	122	241	136	
240	217	21	254	45	133	84	181	149	26	146	112	230	27	32	87	196	242	125	96	105	109	83	189	163	242	244	26	26	24	48	11	
57	173	192	93	215	91	228	231	119	166	238	130	35	40	22	132	121	238	98	140	108	250	117	31	62	239	21	5	99	248	202	140	
108	169	181	84	205	93	71	170	67	181	172	8	122	245	77	54	137	214	96	122	75	98	251	17	127	218	69	127	194	120	86	226	
210	184	27	250	11	196	49	199	175	19	160	16	60	223	96	123	163	179	251	128	19	79	186	241	217	211	90	43	128	0	167	59	
200	220	62	190	41	196	53	182	189	94	70	17	188	223	35	107	132	113	123	67	96	77	50	255	193	178	90	10	18	16	37	91	
19	159	67	158	22	146	174	246	156	64	90	231	105	230	182	228	126	235	23	207	245	137	46	255	48	38	170	138	61	183	49	221	
3	207	67	157	116	147	238	247	84	8	90	198	97	232	181	228	126	234	22	205	197	186	4	255	52	46	175	128	61	158	121	141	
130	162	160	145	245	249	176	199	95	117	84	151	136	140	126	140	187	11	163	21	182	252	46	215	14	22	159	103	215	12	221	222	
6	72	166	147	70	34	168	198	62	115	82	18	140	10	61	75	111	9	59	145	130	212	7	224	4	26	218	196	149	93	177	136	
24	20	59	232	50	111	81	90	117	107	255	48	151	149	32	120	223	156	14	24	57	180	49	22	211	255	48	64	242	200	36	35	
222	220	144	254	33	140	94	158	187	26	180	57	255	255	105	89	151	249	189	2	106	69	138	243	243	255	127	190	18	244	7	27	
167	97	233	130	204	13	206	216	203	240	185	207	80	204	93	42	220	204	83	127	204	114	222	224	55	8	141	60	125	251	82	212	
34	140	34	158	93	199	174	238	214	0	200	2	104	248	52	64	249	234	19	129	34	187	26	255	61	46	139	9	81	10	112	138	
105	97	113	69	77	95	67	120	115	224	100	8	90	17	20	53	88	204	82	106	73	114	241	152	103	152	1	40	67	184	86	226	
222	62	247	84	98	234	49	194	191	150	98	176	44	247	225	223	163	127	239	16	32	221	162	106	147	162	122	139	162	113	39	235	
220	4	188	181	164	42	125	7	56	183	135	145	223	63	91	75	167	87	125	157	56	212	193	0	196	227	254	21	164	224	133	66	
18	219	2	186	114	129	186	230	158	13	80	231	44	142	167	64	230	59	151	209	70	139	2	255	242	103	186	139	53	20	45	159	
237	176	132	25	205	189	224	155	223	123	161	93	134	168	94	223	201	14	106	29	183	110	219	144	143	26	85	124	218	77	218	212	
152	0	6	173	5	103	232	73	52	2	195	18	27	138	49	73	120	172	27	163	40	183	17	138	209	225	202	21	53	41	48	130	
234	219	62	188	235	197	29	125	149	254	214	191	127	253	34	75	198	245	255	99	252	79	50	189	211	243	125	187	54	60	148	91	
41	181	121	113	244	207	127	191	127	111	126	28	219	53	220	48	31	158	86	56	243	248	121	23	111	223	53	228	202	216	198	241	
24	141	42	190	149	198	79	231	148	69	206	3	187	255	50	64	200	171	25	141	122	137	48	191	227	239	158	65	50	78	181	106	
31	23	194	179	178	50	40	83	53	199	91	247	77	238	186	200	119	239	191	181	181	213	141	202	158	103	191	196	173	230	185	85	
251	148	225	127	151	126	81	191	83	75	254	22	122	125	30	244	209	214	181	29	191	252	115	191	235	255	148	211	255	204	220	127	
31	23	235	225	242	66	127	89	48	229	95	183	89	63	154	104	55	157	149	191	177	144	37	202	126	47	173	196	165	226	164	113	
90	156	111	220	19	226	57	103	181	71	206	183	45	183	38	84	98	179	139	128	57	139	48	207	115	103	154	3	55	68	165	122	
15	167	97	195	247	183	170	218	95	97	89	198	136	72	188	164	127	11	18	189	151	184	125	222	46	28	139	230	223	207	121	149	
80	176	27	241	42	200	49	83	174	41	170	40	183	151	96	80	167	55	125	0	19	9	179	17	217	165	58	114	32	0	167	123	
255	219	71	222	110	19	110	248	213	218	247	238	105	225	189	247	126	228	254	238	233	71	47	249	54	122	229	154	63	191	120	245	
53	21	123	65	246	42	239	121	113	98	127	226	81	23	185	48	126	156	23	170	209	176	36	78	118	173	34	132	231	226	226	225	
11	140	63	249	48	220	121	55	191	81	102	16	189	183	180	244	167	59	55	140	179	152	50	247	207	255	26	192	26	128	161	121	
18	222	66	152	50	144	186	246	158	65	80	231	44	142	166	196	230	43	151	197	231	141	6	255	48	38	186	203	28	4	185	157	
5	21	227	69	246	34	235	81	121	226	127	226	89	55	189	108	126	252	23	254	177	176	45	206	22	46	227	132	239	227	97	245	
184	159	46	56	153	215	145	117	196	92	150	191	127	124	34	3	236	179	239	97	252	235	51	61	251	67	104	219	115	12	188	91	
131	112	228	213	110	17	188	24	139	219	21	191	140	220	214	47	135	113	247	135	197	100	174	209	6	26	219	174	199	180	83	247	
38	65	11	138	108	129	171	72	132	16	241	66	144	202	121	72	72	136	19	211	66	35	74	208	84	0	170	216	21	11	113	128	
41	183	123	101	244	15	111	247	112	72	124	76	115	53	144	48	62	250	22	108	177	186	96	47	103	143	32	192	233	170	194	185	
33	197	97	75	84	219	239	125	69	64	121	66	83	81	188	180	122	138	22	238	219	186	109	221	60	12	164	68	127	138	240	164	
41	223	106	207	118	131	235	248	84	76	95	230	113	193	178	96	126	104	18	238	193	184	45	63	110	45	163	192	127	139	112	233	
90	138	30	190	43	144	56	71	174	21	218	179	173	174	34	194	166	51	237	129	6	137	2	229	210	247	58	139	36	4	173	11	
155	220	99	125	177	246	91	183	119	71	238	21	187	255	182	244	209	170	189	140	191	220	119	191	235	255	148	67	190	196	248	126	
35	30	234	30	250	187	186	82	159	69	120	167	108	236	182	112	255	187	151	133	166	186	110	255	54	62	11	138	213	206	37	213	
198	180	247	208	235	233	177	67	187	191	49	58	12	255	76	175	163	31	239	17	50	117	170	208	29	146	95	255	198	64	135	163	
8	31	19	245	112	142	110	118	61	8	122	96	188	183	160	244	166	127	23	8	193	152	0	239	165	254	50	130	10	128	161	185	
130	170	162	25	245	249	176	199	94	119	84	151	172	140	126	12	171	11	131	21	182	252	38	247	14	22	26	111	215	12	157	206	
105	189	177	68	221	221	80	7	235	225	172	8	154	176	68	182	129	166	248	24	15	43	240	146	47	221	21	127	194	12	74	46	
48	173	234	5	215	219	228	103	119	229	238	139	35	40	22	20	105	238	194	128	108	184	117	62	63	111	20	1	97	28	222	222	
88	43	254	116	235	200	17	103	171	173	46	41	46	183	66	22	162	246	237	16	0	89	130	104	251	241	84	59	226	0	135	43	
28	32	153	227	21	107	67	200	86	165	141	2	83	81	105	40	121	156	8	122	26	176	121	22	201	197	1	117	243	43	84	160	
38	77	2	158	93	133	170	96	150	8	217	2	104	202	49	64	216	234	19	195	64	171	26	255	49	54	138	8	17	59	112	138	
38	189	191	156	248	231	158	239	158	239	152	45	244	252	101	0	151	123	87	17	246	75	122	63	105	22	125	250	208	120	151	219	
64	6	148	181	172	40	109	7	171	191	130	17	207	34	74	91	131	71	108	21	60	77	195	192	140	242	94	85	128	245	141	6	
253	101	72	101	140	47	78	184	1	162	172	205	83	105	89	147	25	196	76	110	108	102	221	10	242	205	165	53	109	251	90	2	
16	25	30	237	78	7	177	122	86	32	198	6	180	211	34	64	104	158	106	8	96	187	83	29	213	163	131	8	56	40	56	138	
218	220	208	254	32	140	92	158	187	26	180	185	239	255	105	89	183	249	189	130	106	71	138	251	242	255	127	190	22	244	3	27	
16	173	10	191	149	231	167	231	22	128	206	2	115	243	32	64	249	106	34	200	122	250	25	63	233	135	143	0	48	106	177	170	
2	188	160	153	253	241	184	207	31	119	80	183	140	156	118	8	239	27	147	145	54	122	123	211	31	22	159	239	149	76	181	223	
12	190	184	251	250	237	57	159	154	253	92	189	189	255	234	40	151	59	151	20	147	88	170	179	79	221	61	236	150	197	135	251	
30	188	240	243	182	169	122	151	63	145	78	147	189	63	72	88	183	155	149	156	146	24	152	243	206	221	158	228	166	197	129	25	
40	160	113	72	93	253	193	67	203	21	45	8	42	149	68	180	136	154	194	24	19	42	242	145	23	88	16	123	66	12	86	238	
61	96	137	225	20	111	99	200	86	160	5	10	211	209	105	40	121	204	2	122	11	182	121	16	205	133	133	116	241	59	80	160	
80	155	58	173	50	136	59	55	172	13	94	165	181	39	130	80	166	55	237	192	2	136	131	101	228	229	58	129	36	130	165	91	
80	123	219	101	50	202	55	54	40	172	126	233	183	55	128	80	54	117	109	64	0	152	161	44	253	165	36	128	32	162	7	123	
93	15	103	37	50	18	79	48	225	196	206	230	123	35	147	247	54	228	252	238	205	153	37	44	242	239	165	128	47	246	122	124	
128	221	31	255	60	207	135	188	212	72	208	96	247	85	169	97	220	114	95	99	233	165	90	63	225	130	37	152	88	59	21	59	
34	140	2	158	93	197	178	230	150	1	200	18	160	248	48	64	217	106	51	129	34	187	26	255	57	54	158	11	16	8	244	138	
35	29	235	155	222	163	187	64	30	69	83	135	116	238	54	96	126	187	51	149	182	186	62	255	127	46	171	136	245	74	49	209	
33	163	80	69	116	159	98	29	123	168	124	76	50	0	212	180	30	14	70	108	135	186	196	31	46	92	37	164	74	138	218	141	
212	76	175	172	12	102	71	168	180	202	194	18	83	55	49	107	120	228	125	235	105	197	49	10	209	163	239	20	33	121	52	98	
132	176	149	209	239	249	176	67	255	123	49	58	156	186	108	175	163	27	234	16	55	125	170	209	29	146	87	103	210	72	141	167	
38	110	226	154	215	243	186	194	158	71	81	179	40	204	119	72	251	41	147	149	6	150	46	242	28	22	159	235	149	95	61	214	
173	176	157	219	205	109	97	152	94	123	5	24	212	210	72	110	209	8	122	24	147	100	251	17	77	155	83	124	152	9	81	224	
109	119	57	101	52	14	127	184	105	232	126	76	215	53	137	48	148	84	124	106	201	176	249	14	231	253	37	132	72	179	66	113	
45	181	121	113	244	239	109	63	127	239	126	92	159	55	212	48	63	30	118	24	187	248	113	86	111	223	53	196	194	200	198	241	
169	77	109	95	116	154	239	55	84	194	94	198	249	45	147	228	94	238	55	207	237	152	101	175	102	111	228	128	47	254	80	248	
214	190	218	49	242	162	59	115	61	135	127	247	77	231	162	88	55	191	167	148	176	221	13	78	250	167	191	197	167	224	173	209	
161	239	108	9	60	155	206	236	84	172	244	231	227	72	150	33	88	200	70	239	236	186	77	31	46	9	165	181	125	142	90	140	
60	89	122	238	87	83	94	252	65	128	124	42	123	93	181	48	126	248	149	234	200	178	28	173	115	205	165	129	119	187	124	139	
152	0	6	172	13	102	196	73	148	6	227	18	91	219	49	73	248	172	27	163	40	167	17	136	209	227	194	21	51	120	116	2	
220	6	148	181	173	40	109	7	171	183	130	49	207	43	74	91	195	199	109	16	60	77	195	128	140	242	94	85	130	213	133	66	
87	60	227	148	118	178	170	82	232	192	90	230	29	170	183	234	38	109	30	223	133	217	132	234	20	44	171	128	173	245	57	149	
255	83	71	206	110	18	238	120	205	202	247	238	107	224	189	247	126	228	254	238	237	231	175	200	178	123	231	154	63	191	120	53	
2	64	6	137	4	162	168	69	4	17	211	2	72	138	56	72	120	13	59	145	16	145	3	212	20	38	218	196	149	8	177	128	
190	124	246	252	57	118	88	222	59	251	244	61	126	255	37	95	151	253	181	0	168	199	186	251	211	255	123	191	146	245	39	91	
200	132	59	248	241	224	121	39	189	23	78	16	188	183	32	96	227	51	143	16	50	8	50	215	239	247	26	75	146	128	165	107	
24	141	10	191	148	131	239	246	22	1	218	2	115	235	32	64	121	107	14	128	106	185	9	63	232	167	175	192	53	90	176	136	
82	193	34	129	150	0	186	196	45	113	146	131	141	142	120	64	110	153	31	213	210	17	129	192	180	80	138	196	53	22	177	217	
26	213	120	225	246	2	126	254	41	96	92	167	29	31	152	16	126	219	149	231	200	154	5	236	254	201	174	228	39	150	167	217	
16	173	10	191	148	231	167	254	22	131	78	2	241	243	48	64	249	110	51	203	122	186	25	63	233	167	175	64	16	122	176	170	
6	200	244	147	102	160	184	130	62	19	82	18	140	10	125	75	111	11	51	145	130	244	7	224	12	26	222	196	133	88	113	136	
2	219	2	155	95	149	190	230	143	73	88	231	172	202	38	196	238	43	131	197	198	154	18	253	62	20	142	235	31	30	185	159	
185	77	100	111	116	26	207	183	81	194	126	138	123	45	151	100	90	234	21	110	236	184	101	175	102	255	164	144	119	190	208	236	
6	136	180	147	134	162	184	130	62	17	82	18	140	42	121	75	99	11	59	145	146	216	3	240	12	18	218	196	148	73	49	129	
46	221	55	172	185	71	159	252	150	72	216	109	124	247	41	196	213	123	147	227	241	3	26	191	249	247	175	190	146	127	165	179	
90	27	22	190	27	148	56	103	175	5	194	199	173	138	34	210	230	163	233	133	6	201	146	237	176	242	90	11	10	4	169	30	
50	187	174	156	220	199	149	239	150	205	208	47	50	252	38	64	220	250	179	53	142	251	50	157	123	6	189	255	145	40	180	219	
46	178	120	233	109	25	217	73	15	61	181	173	142	29	94	142	207	129	223	53	158	35	107	209	222	217	169	255	214	14	94	215	
3	48	180	145	109	181	184	74	142	251	16	179	140	190	247	42	135	27	243	149	134	68	162	192	15	24	219	170	148	92	21	215	
38	73	34	158	93	197	226	96	215	8	233	2	32	216	53	0	200	234	19	195	74	43	90	253	49	60	138	42	81	63	112	138	
250	218	62	188	107	213	29	127	149	126	214	191	127	253	34	75	207	245	255	67	236	79	51	181	211	243	121	155	54	188	180	91	
2	134	142	153	211	240	184	103	191	23	74	179	172	174	102	204	231	63	171	145	54	217	131	215	14	54	218	195	132	68	173	207	
27	183	195	161	178	178	46	247	63	225	90	247	77	46	186	192	119	143	159	181	183	152	5	206	188	103	191	196	175	196	185	93	
218	157	63	220	91	228	25	119	173	15	204	50	60	183	36	116	228	51	145	128	112	139	50	223	115	231	26	139	18	68	37	123	
152	241	88	225	242	2	126	220	41	32	124	162	31	31	8	81	62	153	151	250	74	154	0	236	246	201	174	196	39	147	163	153	
42	178	36	155	105	153	184	141	15	61	21	181	140	14	78	204	207	27	239	21	22	76	107	209	78	81	154	255	18	12	133	223	
3	143	67	141	244	131	238	103	87	8	90	199	40	232	180	196	126	170	22	141	199	152	5	255	52	46	174	128	61	204	185	140	
94	20	183	222	203	102	49	67	185	223	239	18	76	247	101	95	161	119	251	16	48	195	186	192	89	50	83	11	130	101	39	243	
41	207	106	79	118	147	107	240	84	76	127	166	113	193	179	96	126	232	22	238	193	176	45	63	102	141	161	128	127	139	120	233	
33	172	123	71	244	143	235	247	117	67	124	4	115	99	148	52	31	234	22	44	177	190	117	111	111	143	36	64	235	170	194	241	
36	73	73	139	76	1	203	72	132	0	249	74	145	64	241	66	72	137	95	251	75	34	74	112	52	0	170	60	93	59	112	160	
42	230	232	203	249	157	125	255	27	45	124	143	40	143	222	148	95	138	151	156	218	26	234	211	126	93	148	239	119	142	222	219	
187	148	244	127	151	254	89	191	95	95	118	22	122	125	30	252	245	158	181	25	191	252	123	183	251	255	212	211	247	196	220	127	
82	184	219	248	11	224	49	79	174	23	224	179	44	247	96	90	35	187	235	128	18	75	170	243	217	165	91	235	181	64	167	251	
18	222	66	190	26	144	186	246	158	4	88	231	45	206	163	192	110	43	151	197	230	139	6	255	176	102	186	139	61	149	57	157	
202	92	183	254	105	228	53	182	189	94	68	16	252	247	33	95	133	115	251	2	96	79	186	233	209	242	90	10	18	117	37	123	
103	168	232	64	93	93	194	136	75	240	164	12	18	152	86	182	137	140	80	92	143	107	254	145	27	92	5	127	203	44	90	214	
34	172	50	154	93	197	182	231	222	13	232	26	160	216	52	64	217	122	147	1	42	43	26	247	57	22	155	107	81	8	244	138	
33	173	107	71	116	47	239	247	85	224	126	78	115	97	148	52	94	234	22	110	249	186	117	127	111	142	37	0	111	234	210	232	
13	188	182	17	237	255	176	67	255	251	35	24	158	184	70	175	161	46	122	17	55	253	154	112	15	26	85	102	202	77	203	134	
46	184	243	88	251	241	186	203	91	117	125	186	8	222	246	188	255	155	147	145	151	122	254	243	31	92	145	239	215	141	238	246	
2	188	160	155	253	245	184	71	31	125	80	183	172	188	118	8	239	59	147	145	54	250	114	243	15	22	158	235	149	76	181	223	
146	65	130	137	140	2	168	68	174	17	210	18	8	138	120	72	104	133	63	209	18	153	1	208	148	32	154	196	21	24	177	136	
16	204	106	23	87	203	225	102	252	197	110	131	35	168	54	80	104	170	2	5	108	188	52	47	109	39	20	1	101	12	84	206	
91	151	74	164	210	162	62	247	52	227	90	247	77	231	186	208	55	239	151	180	245	153	13	206	250	111	175	196	175	198	171	145	
154	233	80	227	98	0	126	252	33	16	112	131	63	15	33	81	110	153	151	230	74	154	9	253	242	201	174	160	39	151	35	153	
14	188	248	251	240	181	123	223	27	241	93	185	189	255	234	8	151	59	151	28	146	24	186	179	239	221	61	238	150	199	135	243	
90	163	8	170	153	164	88	25	167	21	141	133	239	195	106	208	196	147	237	132	30	11	218	209	219	245	138	125	186	134	168	18	
103	52	129	193	205	109	195	138	27	243	136	24	150	116	93	174	217	72	123	59	27	102	219	210	141	30	159	126	152	121	210	178	
101	116	145	153	205	109	195	154	94	123	169	28	150	210	73	174	217	72	122	62	27	70	251	210	141	158	223	124	152	121	83	164	
28	172	208	243	215	236	122	135	55	19	78	18	63	59	88	88	115	155	21	152	26	152	89	226	223	205	158	65	166	196	164	10	
170	183	60	49	241	205	181	239	154	125	20	57	142	29	78	3	133	27	213	81	114	88	120	247	239	81	60	247	192	12	135	219	
139	205	150	252	185	151	14	191	159	169	20	104	237	243	161	196	215	123	188	40	115	73	66	159	168	215	15	248	154	180	137	169	
90	163	242	86	251	192	49	71	171	5	175	169	46	231	74	86	38	179	237	144	18	11	130	193	219	245	16	235	34	134	167	43	
32	201	0	155	125	133	196	238	31	25	248	8	166	200	60	0	201	234	95	65	74	42	66	181	173	28	154	58	80	24	240	137	
169	125	81	69	114	203	39	54	121	232	114	108	62	19	132	181	38	124	70	104	225	188	165	111	38	168	36	162	111	144	67	189	
34	217	32	218	125	133	198	238	79	25	184	8	162	152	60	0	201	234	87	65	202	42	82	245	39	92	146	186	80	24	240	139	
169	205	101	119	116	27	254	183	85	66	126	66	251	41	148	100	58	238	55	110	232	184	117	175	103	255	228	0	111	158	208	168	
58	157	179	44	189	199	149	119	22	233	216	109	62	189	32	132	205	127	211	33	241	139	80	31	249	87	61	186	82	44	150	251	
253	237	136	182	141	108	95	181	144	246	143	29	247	249	91	83	129	102	121	79	125	69	216	34	233	213	141	56	136	123	154	82	
253	101	76	37	140	27	70	172	1	226	168	13	83	105	91	147	25	196	76	110	109	102	221	10	250	201	101	52	105	251	218	18	
161	78	12	45	44	31	206	62	92	170	178	76	243	8	151	35	200	100	94	111	237	252	69	31	166	75	97	148	92	185	88	141	
3	205	39	223	245	214	175	167	92	64	90	70	240	116	180	229	122	106	18	237	243	184	53	255	44	62	142	130	31	30	241	236	
2	184	20	153	107	197	184	207	142	89	80	53	172	158	106	74	197	27	187	145	2	15	210	209	5	48	26	235	16	4	165	219	
218	124	182	252	59	38	88	222	187	187	176	57	238	255	37	91	151	255	189	16	162	199	138	250	147	255	95	190	146	245	39	91	
70	170	149	179	168	44	109	135	171	159	131	29	142	163	75	95	129	71	108	29	18	73	203	96	204	178	94	126	128	81	135	73	
70	162	148	179	169	44	125	135	171	191	131	21	206	162	74	90	133	71	109	29	22	73	203	224	204	242	94	126	128	64	129	15	
154	237	112	227	118	2	126	252	1	112	24	131	61	15	19	1	110	155	149	231	202	26	12	253	242	201	174	164	39	151	35	217	
131	170	162	153	71	177	184	71	222	85	84	151	172	200	118	201	201	43	131	149	150	124	6	243	4	20	154	235	148	12	61	206	
41	184	96	51	85	159	80	87	83	237	101	29	43	152	86	52	217	170	18	29	190	186	116	159	79	221	16	113	91	140	90	222	
166	148	246	240	245	63	214	251	91	187	183	56	78	121	60	25	159	151	247	49	176	239	41	214	187	254	85	214	198	236	195	3	
0	12	43	191	86	135	171	96	30	64	90	135	245	239	48	64	126	57	51	157	179	152	61	127	125	46	171	192	53	10	49	240	
130	178	243	209	242	249	176	207	95	59	115	178	140	190	236	236	183	27	166	17	50	125	42	211	28	150	127	231	246	72	133	175	
84	92	175	253	12	98	69	182	196	174	146	34	215	53	33	75	104	244	109	227	104	229	113	40	241	227	230	16	33	121	52	107	
192	123	219	166	114	136	123	48	48	196	70	237	183	135	128	80	54	253	109	78	104	156	176	42	228	165	46	128	44	162	7	121	
2	176	180	153	233	165	184	67	142	121	80	49	140	158	96	106	135	27	187	149	146	88	3	208	13	16	159	234	148	4	161	215	
6	128	180	153	180	168	184	11	190	17	82	146	140	206	112	72	231	59	59	145	146	216	3	209	12	18	218	198	148	0	129	129	
163	119	97	69	116	91	207	120	65	236	252	238	3	12	151	52	92	140	70	238	233	182	101	30	36	28	161	180	127	174	86	253	
169	205	109	95	116	154	239	183	116	66	94	198	249	108	150	101	86	110	55	207	225	184	101	175	102	47	254	128	46	158	208	253	
109	117	121	101	116	14	127	48	104	232	127	76	215	55	145	48	148	92	84	110	201	176	249	14	231	253	37	132	72	179	66	113	
3	219	2	137	95	149	190	231	143	73	88	231	172	202	54	196	238	43	147	197	199	27	22	253	44	20	142	235	30	30	185	159	
72	157	62	252	121	196	61	103	173	31	108	49	172	183	34	81	231	51	171	0	114	9	18	223	227	245	90	11	18	64	165	235	
3	48	182	145	237	181	184	66	142	249	80	51	172	158	247	42	135	27	179	17	150	88	162	192	13	24	218	234	132	76	17	223	
187	148	244	123	183	255	84	159	127	123	118	22	122	125	30	125	245	158	181	29	191	252	123	215	219	255	212	247	247	204	212	127	
16	24	30	205	78	143	49	115	198	32	230	6	176	147	34	66	104	188	106	8	8	187	211	24	213	163	146	16	56	8	48	170	
165	109	3	180	204	165	199	230	80	226	104	76	183	225	97	0	201	106	2	110	105	62	210	42	161	140	135	56	88	120	82	184	
78	162	100	169	107	25	185	73	47	61	21	191	204	207	78	78	247	29	255	149	18	80	235	213	222	81	155	247	150	14	133	247	
34	169	20	154	253	197	144	207	158	25	96	24	164	216	100	64	201	58	187	17	18	106	82	183	13	22	30	123	208	8	212	138	
24	141	14	175	20	131	79	250	4	0	222	2	243	99	48	64	122	239	31	235	8	153	9	63	248	231	175	144	53	170	33	0	
229	98	145	129	173	45	199	136	79	250	177	88	214	208	89	191	217	192	126	126	203	103	235	176	141	152	69	62	208	123	83	101	
62	99	120	224	47	91	91	88	11	188	181	171	15	13	223	16	190	149	223	119	140	35	237	144	219	217	169	255	119	143	86	115	
53	109	139	228	212	15	239	230	16	162	72	78	49	41	113	0	120	238	19	239	73	186	144	46	125	142	143	32	105	122	82	136	
28	157	11	239	149	198	71	249	20	128	206	2	243	115	33	64	120	238	29	234	105	153	57	63	233	231	167	0	34	122	244	42	
62	15	230	156	22	178	234	82	148	132	218	231	33	172	183	204	110	236	63	207	140	155	4	174	18	46	170	128	183	253	124	220	
41	189	249	113	244	239	109	63	127	233	126	88	155	55	148	52	31	158	118	24	187	248	113	95	111	223	53	196	194	200	198	249	
127	83	238	204	110	18	238	120	233	202	246	238	105	202	183	247	126	228	254	239	205	35	167	200	18	121	235	159	63	190	122	21	
130	170	160	153	119	249	176	199	94	117	84	147	172	140	118	140	169	43	131	21	150	124	38	243	14	22	26	107	215	12	157	206	
188	16	31	252	13	231	85	89	148	134	229	8	215	213	33	75	216	176	138	34	40	167	82	8	211	227	193	25	114	123	116	162	
3	135	67	141	116	163	232	111	95	1	90	230	160	40	180	196	122	42	6	141	247	184	69	223	36	62	154	128	29	204	241	140	
11	143	99	201	215	179	171	119	77	1	126	230	40	1	180	228	122	42	130	188	147	184	37	255	46	28	130	194	215	142	240	173	
94	33	166	208	219	98	57	79	163	151	207	19	72	247	106	94	105	159	235	144	24	195	147	192	91	38	223	79	131	100	164	242	
37	77	65	201	76	13	239	208	4	32	232	78	147	1	209	96	72	232	74	106	73	34	92	58	164	132	171	56	93	251	80	160	
34	169	48	218	205	197	148	231	223	29	240	24	164	216	100	0	201	58	179	1	82	107	90	247	31	20	158	123	208	12	246	138	
230	156	246	208	252	175	254	235	123	187	177	56	206	248	52	25	159	215	255	17	176	239	10	222	158	158	87	254	196	232	195	1	
188	32	187	225	197	118	116	87	49	35	230	18	27	183	96	120	121	156	179	152	24	223	177	130	91	239	214	69	163	88	244	170	
24	141	117	115	215	238	106	183	119	17	106	18	123	57	28	112	57	138	19	152	59	184	89	255	111	207	144	68	235	128	194	138	
128	118	123	100	114	174	121	115	49	238	118	189	23	23	129	25	54	61	85	46	97	212	160	14	213	163	33	128	40	225	7	241	
43	55	97	5	240	59	174	63	84	234	255	237	83	12	151	164	30	172	214	175	189	178	101	158	38	79	160	144	111	223	218	213	
51	22	108	13	166	59	150	95	85	231	255	247	66	40	151	140	95	142	198	39	189	190	69	158	52	6	112	151	253	253	216	213	
198	60	246	248	248	175	250	75	187	139	176	56	206	254	101	25	183	247	255	16	176	239	10	254	158	158	87	250	192	193	35	1	
109	111	145	164	172	127	68	174	73	250	184	72	223	40	83	187	153	196	76	110	77	114	201	136	164	219	101	60	202	254	90	69	
42	252	22	190	57	151	148	119	149	169	222	104	46	181	32	132	140	63	223	1	105	143	16	191	187	215	28	146	74	14	136	191	
76	170	149	176	169	12	121	139	171	189	128	77	142	162	74	90	133	71	109	29	18	73	202	193	137	240	95	126	128	4	7	75	
6	160	148	145	236	169	184	3	174	17	82	18	140	138	112	74	231	11	59	145	18	88	131	209	12	16	154	232	148	0	129	129	
220	97	188	162	143	121	22	200	203	180	133	10	78	216	75	106	161	213	248	115	78	103	187	176	251	193	77	63	226	127	29	38	
237	241	58	66	69	253	115	208	235	93	109	28	58	217	94	190	160	10	242	94	135	55	186	49	87	121	0	107	74	151	202	246	
45	104	129	161	237	61	76	159	83	250	176	76	142	41	81	159	217	204	54	61	143	114	219	144	143	223	213	62	218	125	90	128	
2	184	22	153	107	133	184	199	142	89	80	49	172	158	96	74	199	59	187	145	2	15	130	209	5	48	26	234	16	4	37	219	
253	109	184	162	143	89	87	200	195	244	141	11	222	216	91	123	145	81	249	115	78	103	186	178	251	209	13	63	50	127	158	70	
25	12	35	173	21	198	235	113	20	64	74	2	221	223	48	96	120	57	19	173	33	152	49	159	237	239	171	64	49	10	49	242	
19	141	99	135	150	18	239	255	100	96	222	198	113	38	188	100	126	207	31	239	217	153	45	255	184	46	174	196	45	214	240	124	
37	77	65	201	220	13	231	176	68	160	232	78	147	1	17	96	72	232	10	110	65	48	92	58	164	140	135	48	121	251	80	160	
158	72	80	235	98	8	126	208	45	18	113	130	47	15	45	88	166	153	151	194	72	52	8	249	150	217	98	130	55	179	35	129	
3	205	39	95	212	214	175	167	92	64	94	66	240	112	180	101	120	106	18	233	243	184	53	255	45	62	158	64	85	24	245	236	
105	56	149	119	109	78	84	49	233	250	35	76	254	57	85	187	129	244	125	1	73	120	209	136	135	251	85	50	74	108	90	11	
123	65	102	204	111	18	254	120	237	192	254	206	75	200	183	246	126	164	254	239	205	35	167	200	146	121	203	159	127	174	120	21	
34	225	96	235	252	9	204	189	79	57	185	24	227	72	92	0	217	138	87	33	218	34	75	149	174	220	149	252	85	154	208	129	
34	188	178	147	245	237	184	198	159	125	81	55	172	190	126	8	239	59	147	145	54	254	90	243	15	22	154	235	149	77	149	223	
139	137	212	221	157	217	92	167	223	213	4	24	173	226	66	197	3	42	168	156	118	76	118	221	175	219	23	123	22	164	141	76	
94	162	97	233	107	89	56	72	175	53	149	171	140	143	76	94	254	157	255	241	18	3	235	209	223	81	139	255	183	15	5	115	
220	227	248	224	180	72	91	152	34	189	134	8	215	227	217	82	51	212	109	248	24	81	169	2	251	197	165	245	164	179	7	97	
253	109	204	37	172	75	70	171	113	226	188	41	211	56	67	179	25	196	76	110	109	102	205	14	250	203	101	53	105	248	90	66	
76	163	149	163	168	76	76	141	171	189	171	93	207	103	72	218	129	71	237	84	26	73	203	160	137	246	119	124	128	87	135	97	
43	52	242	88	79	245	184	206	219	223	116	31	8	156	119	188	255	155	147	145	134	127	182	211	31	92	31	239	223	92	111	223	
58	219	10	168	243	149	158	231	14	5	216	135	173	138	34	64	254	43	135	197	86	11	16	255	250	85	142	251	29	14	185	219	
169	207	108	95	244	158	239	55	116	66	94	194	249	45	150	101	126	238	55	143	224	188	117	175	103	47	246	128	39	252	208	168	
2	48	180	145	237	165	184	67	142	89	80	51	140	156	116	10	135	27	243	17	146	120	130	208	15	24	90	234	132	76	129	211	
3	170	162	153	215	177	184	71	94	7	84	183	172	136	246	172	251	43	146	149	150	188	4	211	14	20	154	195	159	12	185	142	
45	62	65	67	240	190	110	151	125	107	123	84	218	32	157	253	29	110	6	46	181	180	109	110	38	62	48	128	202	223	202	245	
109	101	121	101	116	78	111	56	97	232	127	72	211	49	153	48	20	204	84	110	201	176	249	14	231	237	37	4	104	187	66	241	
250	220	182	188	43	228	28	214	159	95	214	191	46	255	39	91	239	255	253	129	172	223	210	227	147	243	218	155	150	124	53	95	
150	233	96	162	38	1	254	248	9	112	145	139	173	14	85	1	110	137	157	231	232	22	12	253	178	216	206	164	37	191	49	89	
60	99	106	224	54	91	91	88	1	236	181	171	75	13	255	16	126	148	213	242	200	179	36	156	243	201	161	181	103	175	86	115	
41	189	121	113	244	239	109	55	127	233	126	92	187	55	148	52	175	62	118	24	179	248	113	95	111	223	54	192	194	200	199	249	
194	124	146	188	120	166	88	206	187	171	176	56	238	254	37	89	183	247	255	129	32	79	138	235	150	190	95	186	144	245	35	9	
146	150	242	217	242	187	185	223	31	55	82	246	45	174	172	76	55	27	167	144	178	156	37	247	60	134	62	199	183	200	165	173	
130	184	166	153	77	249	176	199	222	87	64	147	172	140	118	9	235	43	163	21	22	124	54	241	15	16	218	107	213	12	149	222	
141	89	248	71	102	24	255	48	72	226	119	34	249	59	151	99	54	80	55	234	193	180	173	104	102	169	102	128	119	187	65	225	
88	13	78	173	28	10	78	56	165	128	222	2	123	99	32	81	122	228	125	234	104	137	9	157	242	235	167	144	54	162	112	0	
160	173	20	155	237	233	144	207	158	63	32	56	172	188	72	8	201	27	235	17	50	106	194	247	141	18	30	123	208	72	133	139	
23	193	71	129	54	18	238	177	124	96	91	198	89	106	188	228	54	141	61	239	213	144	13	206	52	46	175	196	47	182	249	85	
161	220	53	94	108	45	67	190	79	58	180	72	178	49	173	53	200	210	110	74	235	46	115	63	133	154	112	56	82	217	64	41	
14	172	249	251	243	245	123	159	155	151	76	145	189	255	72	40	23	123	147	156	18	88	186	243	111	221	31	105	182	212	135	234	
214	193	2	137	28	128	170	196	172	17	210	2	136	138	121	72	106	133	63	209	66	157	1	192	156	32	154	196	20	9	49	8	
8	8	94	253	0	202	112	7	228	65	103	32	179	147	0	96	66	60	42	128	23	152	83	5	198	163	114	1	40	136	8	138	
27	141	67	164	210	146	110	247	36	64	218	199	121	238	184	240	127	239	23	239	253	155	45	255	186	110	175	196	47	246	184	221	
216	5	94	236	30	2	78	57	37	128	214	2	95	107	48	81	114	229	125	234	104	145	1	140	242	235	227	144	38	178	96	0	
124	253	191	180	165	124	87	255	243	254	12	40	118	245	75	191	145	254	221	42	121	75	170	175	251	215	69	191	162	124	214	99	
226	169	232	69	108	25	201	169	75	228	180	143	3	41	215	22	73	196	103	28	8	106	253	130	14	157	197	61	207	248	90	220	
210	232	34	131	68	0	172	224	44	50	147	2	44	10	113	65	106	137	31	195	202	23	1	224	148	0	138	164	21	26	49	8	
229	20	190	212	205	228	197	85	209	155	231	16	208	243	108	111	217	124	50	56	57	231	242	130	73	186	214	78	200	104	246	162	
59	36	108	13	218	51	143	79	22	226	221	175	209	44	151	45	95	143	87	175	189	242	69	158	102	14	249	180	255	253	154	213	
220	179	145	161	57	12	64	152	43	253	130	109	143	7	72	210	167	69	236	85	3	77	139	19	153	209	39	254	160	36	7	115	
111	124	34	82	245	189	231	212	249	75	125	28	202	204	31	189	157	234	210	110	247	119	60	163	39	88	4	122	203	95	210	244	
2	160	148	145	228	169	168	3	174	17	82	18	140	138	112	75	227	11	59	17	18	216	131	208	12	16	218	192	148	8	129	136	
121	41	204	37	109	91	69	39	97	242	182	41	83	49	195	55	8	228	236	44	108	234	197	140	222	219	69	53	99	190	94	74	
82	178	189	255	26	212	17	23	158	189	71	48	164	182	64	106	133	63	232	144	30	216	251	49	203	227	122	227	128	0	141	107	
88	242	137	33	21	109	233	89	106	61	157	28	140	27	88	152	57	137	223	185	19	22	217	83	213	197	185	253	219	2	223	163	
41	4	22	64	213	54	224	95	244	139	238	84	82	185	60	152	217	14	66	56	184	191	80	6	75	255	20	68	203	200	248	130	
249	41	196	69	69	91	69	43	17	228	190	141	83	49	211	22	24	228	101	108	104	250	245	138	94	255	69	53	239	174	82	90	
227	102	225	69	85	63	203	56	83	164	119	222	67	9	212	180	88	204	224	40	169	254	245	138	47	125	133	52	103	168	86	236	
148	220	94	179	226	106	55	247	48	95	118	181	87	119	11	89	55	251	21	166	48	212	56	110	244	163	124	128	164	241	167	211	
198	44	214	152	248	171	248	203	187	139	176	24	236	234	37	25	183	247	127	145	48	239	130	254	156	30	95	250	196	65	35	137	
130	170	162	153	79	241	184	71	158	87	80	151	172	140	114	9	233	43	147	149	22	124	50	209	5	16	218	107	148	12	53	222	
194	60	150	220	248	167	184	198	187	155	176	56	172	254	101	89	231	127	255	145	34	207	130	235	154	190	95	154	148	117	35	155	
254	245	187	214	181	124	87	191	185	254	12	56	86	245	201	63	145	218	221	106	121	71	184	170	187	223	101	191	130	253	214	115	
2	152	18	153	105	133	184	71	142	25	80	49	172	158	96	74	198	59	187	145	2	15	130	209	5	16	26	234	16	4	33	155	
176	135	6	165	213	7	198	111	85	171	250	95	67	169	60	133	216	206	2	44	124	187	65	142	50	254	212	20	121	232	248	140	
131	201	39	219	149	215	167	165	206	81	82	66	232	120	180	229	200	98	58	205	243	184	55	253	45	58	158	66	85	12	241	236	
184	143	102	229	213	22	238	247	85	43	250	82	99	41	52	193	121	206	35	172	248	186	65	175	119	239	212	0	103	200	248	136	
138	179	164	209	29	221	113	63	127	125	20	31	174	30	70	165	160	138	238	144	191	72	243	245	207	209	144	243	58	4	205	127	
189	129	76	99	140	31	70	185	71	112	167	30	83	89	90	33	89	132	122	126	253	52	93	148	238	203	197	116	127	171	216	0	
123	2	106	172	39	18	90	120	65	192	254	143	75	8	183	112	126	133	221	239	204	163	149	140	146	237	170	153	63	174	122	84	
37	97	121	69	116	15	111	56	113	232	127	76	211	49	153	52	90	204	22	110	201	178	125	14	103	172	33	4	111	187	66	176	
130	176	166	145	79	213	176	71	142	89	80	55	172	156	102	9	141	59	179	145	146	92	178	209	13	16	218	235	148	12	149	223	
3	134	1	153	116	171	168	3	94	1	91	247	128	40	180	192	219	43	2	149	151	184	69	215	12	54	186	192	156	8	217	140	
59	219	10	170	23	149	158	229	140	64	216	135	173	202	50	128	252	171	151	229	206	139	16	189	242	69	142	251	28	30	185	158	
18	158	90	219	242	171	187	223	30	7	94	247	45	175	166	68	127	187	135	149	178	156	5	255	124	6	62	192	191	204	173	153	
60	165	96	235	252	11	206	249	79	49	185	26	75	73	92	16	219	136	87	51	218	50	73	151	190	221	133	244	119	138	208	128	
166	156	246	216	244	175	252	239	127	59	187	56	206	248	52	24	191	191	255	17	178	239	11	247	158	190	87	214	196	200	227	129	
138	172	249	211	215	253	253	135	50	147	44	18	185	119	88	40	41	250	19	152	50	92	250	243	111	207	159	97	163	208	215	170	
34	177	20	155	239	233	176	207	159	53	96	56	172	190	104	73	139	27	227	17	18	120	202	241	13	22	30	127	208	8	133	139	
28	64	80	233	102	40	122	16	41	0	113	130	143	79	45	88	54	185	6	242	10	176	0	200	134	217	2	132	247	243	99	129	
61	85	123	100	86	67	203	112	64	224	255	170	83	93	177	32	126	252	23	234	201	178	60	140	115	205	161	128	111	171	118	241	
24	130	31	255	48	154	104	4	53	13	99	128	231	198	40	240	240	62	172	0	28	152	33	45	131	227	112	65	32	131	36	40	
1	189	121	81	244	239	109	55	127	107	126	88	183	55	148	48	135	62	118	24	243	248	113	127	111	223	54	192	192	200	199	249	
6	252	178	155	247	229	184	198	158	89	81	51	172	222	108	72	239	59	147	145	178	220	90	247	13	22	154	235	148	77	181	219	
161	164	247	91	213	255	224	207	94	83	114	82	242	184	156	173	217	10	18	24	191	254	119	159	13	222	85	66	219	72	210	172	
166	242	176	154	109	245	184	77	219	223	117	63	44	220	126	12	255	57	211	21	166	103	186	211	31	28	31	175	215	76	239	223	
164	41	233	33	140	75	133	201	6	182	168	41	147	57	69	26	201	220	115	17	8	82	203	18	205	132	173	53	213	122	86	234	
2	251	16	152	91	141	176	207	159	53	112	171	172	142	110	0	175	27	163	81	82	122	154	245	29	16	30	123	80	12	143	155	
2	243	20	155	123	201	176	207	143	53	96	43	172	158	104	64	171	27	227	17	82	120	10	245	29	16	30	127	208	8	133	203	
55	45	228	7	196	123	207	151	70	229	223	143	209	40	151	172	88	206	115	143	157	154	109	176	102	78	220	144	237	255	146	220	
34	217	16	155	125	201	176	207	142	29	96	32	172	222	104	64	200	27	234	81	82	42	194	245	13	16	26	123	80	8	133	139	
249	108	235	68	93	127	209	107	83	234	247	26	114	156	86	51	217	252	96	60	109	255	249	142	123	43	197	61	107	40	86	94	
19	158	74	155	210	163	170	247	62	67	90	231	125	239	182	196	119	235	151	157	183	152	13	255	126	46	190	192	191	196	169	217	
60	165	96	225	220	59	202	248	87	160	189	10	91	73	253	16	123	204	23	250	152	50	109	158	254	205	165	244	247	171	80	128	
37	126	91	96	116	35	107	208	96	236	124	236	83	65	209	24	30	120	23	126	137	178	108	42	102	205	161	168	237	243	114	241	
194	240	145	135	58	237	59	20	170	241	131	220	189	151	72	86	39	117	121	210	3	77	219	115	141	144	31	126	8	131	7	120	
28	150	254	177	194	42	125	187	48	22	108	189	159	119	11	91	55	219	213	177	248	212	16	6	239	227	253	133	168	240	175	83	
27	141	67	174	210	146	110	247	52	64	218	199	121	238	176	240	127	239	23	239	253	155	45	255	50	46	174	128	45	246	185	220	
37	113	65	69	84	31	239	120	117	224	123	78	88	8	149	164	120	204	18	238	193	178	125	204	36	60	133	4	111	191	114	180	
109	173	252	87	231	30	117	191	107	179	46	8	219	113	77	63	23	86	112	56	114	216	251	161	239	255	85	119	162	248	210	164	
82	104	2	131	4	0	236	64	45	34	147	2	172	10	113	65	106	137	31	195	74	23	1	192	148	128	138	160	21	58	49	128	
116	61	189	244	206	75	20	239	168	182	168	45	22	189	69	27	167	247	73	35	96	107	218	72	249	2	101	63	0	112	6	59	
22	64	208	169	34	32	122	64	45	0	241	2	15	74	37	88	118	185	23	242	8	18	0	200	146	216	138	160	181	243	35	129	
194	172	214	156	248	171	184	199	191	155	240	16	172	254	36	89	167	127	127	17	50	207	130	254	156	62	95	234	196	64	163	137	
37	227	174	99	228	31	239	252	232	94	125	12	242	120	159	59	157	74	86	127	223	240	58	32	111	223	101	196	200	123	218	229	
2	152	22	153	105	133	184	71	142	25	80	48	172	150	96	74	198	59	147	144	2	8	2	241	5	16	90	234	16	4	33	155	
249	192	172	174	13	93	212	236	67	115	133	26	82	120	90	171	217	132	248	35	110	103	219	147	211	67	193	63	115	126	218	6	
35	201	99	77	118	151	175	244	92	64	80	198	56	200	181	165	126	104	18	207	193	184	52	253	36	56	130	128	95	159	113	253	
240	108	233	71	124	123	195	32	27	166	183	185	115	61	214	19	8	228	101	10	40	126	229	42	123	249	33	49	101	171	86	106	
130	162	162	155	71	241	176	67	30	87	81	179	172	204	126	9	235	43	131	149	22	126	46	211	13	16	154	235	148	12	189	222	
216	65	86	236	6	10	76	61	49	162	246	2	91	43	176	83	114	229	125	234	104	159	193	206	242	235	230	128	39	176	224	8	
90	154	206	244	19	211	24	34	54	85	198	189	235	238	10	89	183	183	173	128	30	217	163	181	218	231	251	211	170	4	141	82	
187	201	10	170	20	135	222	229	4	68	220	135	39	75	58	64	220	171	23	229	110	139	24	189	242	197	142	209	61	14	184	218	
9	134	2	153	116	175	168	39	92	9	91	84	181	2	184	228	209	42	2	29	183	152	69	223	12	54	186	192	156	140	217	133	
3	42	84	145	108	157	184	66	175	61	84	167	172	138	214	8	206	41	247	21	134	60	66	241	6	88	26	234	30	13	25	159	
53	110	47	64	28	47	67	216	70	236	191	78	83	193	251	8	88	196	78	126	168	227	121	60	249	141	165	60	225	251	84	96	
2	160	150	145	172	169	184	3	174	17	82	18	140	138	96	74	227	11	59	16	18	216	3	209	12	16	26	192	148	8	129	137	
6	184	178	155	255	237	184	195	30	27	81	51	172	222	108	72	255	59	147	145	162	94	90	243	13	22	159	234	148	76	181	211	
123	4	106	172	23	18	90	120	65	68	255	143	75	72	55	80	120	172	149	239	204	163	20	140	210	237	128	153	127	174	122	70	
67	240	183	217	109	156	184	23	235	89	112	80	172	158	116	254	230	25	187	25	135	92	178	193	5	120	90	234	138	4	131	189	
75	201	5	168	157	213	148	165	206	81	138	67	174	152	48	224	192	35	184	213	223	9	87	181	169	113	142	83	28	14	185	14	
131	188	188	211	197	116	237	199	123	115	44	16	56	179	84	47	169	218	115	152	59	126	187	243	93	159	223	101	139	80	231	174	
195	159	95	93	106	178	172	182	252	90	94	246	96	178	180	119	102	102	110	236	245	217	39	125	54	42	234	194	28	161	33	45	
173	201	227	101	180	12	239	184	235	204	62	9	243	205	87	48	152	64	127	127	198	41	101	35	111	28	37	220	68	186	86	225	
63	59	160	143	221	55	206	223	7	225	217	207	72	172	86	132	124	207	243	221	157	26	221	240	63	92	141	190	159	254	248	252	
113	60	53	87	77	255	196	103	83	234	251	90	114	60	84	191	137	254	112	3	233	254	251	188	87	122	81	58	75	89	210	190	
85	100	25	176	145	236	110	134	178	242	138	8	159	210	73	187	177	223	88	254	91	82	144	100	181	195	31	96	40	81	131	32	
26	153	141	189	193	102	120	119	35	241	72	5	61	47	0	90	165	151	245	149	29	218	19	8	223	231	254	133	168	96	38	218	
37	137	231	69	197	253	229	167	239	65	110	8	251	232	31	118	57	226	114	28	151	184	54	64	111	126	84	64	206	246	218	196	
65	216	29	47	44	90	69	189	204	122	138	104	246	48	139	107	129	70	108	98	205	97	251	13	193	255	117	20	80	122	213	79	
130	246	18	154	91	205	176	238	143	53	56	27	172	220	104	0	175	59	235	17	66	47	26	247	61	16	26	127	80	12	133	139	
216	137	86	237	102	10	126	53	61	34	246	2	123	43	48	80	118	231	61	234	88	159	129	239	246	255	242	128	38	160	224	8	
36	102	187	183	180	45	247	214	122	175	57	9	183	233	88	27	153	110	69	99	0	240	136	32	229	137	53	48	64	123	215	163	
217	107	167	183	164	10	165	55	112	202	82	247	241	104	149	43	182	103	53	103	229	244	135	42	196	43	255	128	12	120	179	153	
51	141	99	206	212	146	239	247	100	64	218	198	113	230	176	100	126	238	22	239	217	155	45	255	56	44	175	128	45	182	240	252	
3	135	42	171	149	147	186	103	14	69	89	135	160	136	62	192	252	11	147	149	214	184	4	223	44	85	138	195	29	14	185	222	
210	223	30	60	186	178	92	167	173	28	234	117	166	2	39	82	231	167	108	132	46	143	3	127	178	242	98	83	56	48	169	15	
6	248	130	154	79	197	184	196	142	89	81	183	172	158	106	75	204	57	147	211	2	15	154	241	21	16	218	235	144	31	165	211	
2	24	22	152	105	133	184	66	142	25	80	48	172	150	96	74	198	59	147	144	2	13	2	241	5	16	90	234	16	0	33	155	
162	236	16	154	111	201	176	238	143	17	104	58	172	222	108	64	202	59	235	1	66	47	194	247	53	16	26	123	16	24	5	139	
232	198	8	191	60	175	67	189	22	62	135	29	247	3	24	81	81	198	109	42	104	4	217	55	237	243	241	124	26	139	208	10	
184	207	44	235	20	135	79	253	20	4	220	135	49	71	42	65	92	186	7	238	122	152	121	191	227	129	170	192	53	138	180	250	
2	248	162	155	79	229	176	196	142	85	65	147	172	222	106	11	237	59	179	211	18	94	154	241	5	16	218	107	148	15	181	214	
173	75	107	79	68	215	235	112	84	68	117	130	113	197	183	101	120	184	19	238	233	182	60	61	103	169	160	128	119	187	116	240	
47	117	67	77	213	31	238	120	93	224	248	70	72	200	181	164	120	204	146	111	197	178	125	222	54	60	135	166	95	191	122	148	
37	111	173	103	188	207	71	156	6	254	60	76	243	69	209	50	21	96	93	126	203	100	107	58	237	205	37	180	240	251	86	121	
9	134	22	155	181	191	232	119	94	9	95	86	172	194	58	228	241	10	142	29	183	188	1	223	140	127	58	192	154	12	185	133	
61	101	106	96	212	59	235	216	87	160	254	10	91	105	213	32	122	204	23	250	136	178	109	138	126	205	165	180	231	251	82	160	
60	217	159	232	234	79	92	255	171	209	40	109	23	63	33	146	166	209	247	80	81	11	18	24	251	199	101	60	248	184	134	187	
130	188	150	152	250	169	184	199	191	155	112	48	172	250	100	72	167	123	127	145	50	223	130	255	28	62	94	202	148	64	163	137	
80	207	126	88	162	172	85	183	253	30	254	0	7	163	167	89	35	182	108	40	126	105	163	93	243	255	116	15	225	240	238	43	
18	64	2	128	68	1	238	64	13	2	155	2	168	10	121	64	104	137	31	227	72	147	1	192	148	128	138	160	5	58	49	128	
22	1	80	169	146	2	106	64	45	0	177	2	15	10	5	88	126	169	23	240	8	163	0	200	150	200	2	132	241	179	99	0	
