香奈儿可可小姐唇膏	462 - ROMY	https://i.chanel.cn/fnbv3/image/full/shades/rouge-coco-_-462-romy-35g.0172462_S.jpg	https://i.chanel.cn/fnbv3/image/full/chanel__com_type1/skus_full/rouge-coco-_-462-romy-35g.3145891724622.jpg
27	92	58	252	117	132	120	119	189	72	94	70	61	155	32	80	236	187	23	128	192	155	16	239	211	253	186	130	26	4	105	139	
64	48	25	228	8	205	81	19	168	185	34	8	182	151	64	50	128	52	120	8	9	43	242	0	193	129	48	56	64	0	7	58	
35	155	67	141	126	147	168	119	76	65	248	230	169	140	180	228	110	169	18	205	213	186	68	221	52	60	170	200	93	140	121	157	
40	164	157	251	157	237	65	15	22	113	69	16	183	117	104	105	217	26	50	24	59	124	123	23	205	135	146	109	144	8	212	234	
148	89	31	254	28	198	71	56	132	136	195	64	247	87	33	99	216	244	92	106	105	167	121	61	241	163	227	16	48	59	52	35	
65	60	157	117	128	110	101	55	120	234	98	24	182	55	1	123	129	118	120	8	97	220	241	8	197	171	116	16	136	112	3	58	
165	79	68	15	60	31	198	184	84	232	240	76	243	72	159	165	216	236	86	111	237	178	77	63	38	89	33	176	93	191	90	133	
108	164	184	118	205	125	83	136	243	181	173	8	83	245	75	58	153	222	232	26	10	99	250	50	219	221	5	61	226	251	86	34	
116	249	57	100	24	79	87	168	98	168	174	8	215	53	0	48	144	212	108	106	73	42	249	29	243	173	37	60	96	34	70	34	
248	217	54	252	13	196	84	180	133	8	198	0	179	83	33	71	200	242	125	202	104	143	83	189	243	251	198	27	58	24	116	42	
41	185	121	97	244	143	103	53	109	105	126	72	251	25	148	48	158	158	86	104	217	184	97	13	103	221	36	192	66	138	194	169	
45	189	145	65	240	15	98	184	123	168	122	76	223	51	193	180	150	92	86	120	129	176	217	94	47	220	37	100	202	226	66	161	
252	84	31	252	13	102	87	56	148	134	135	2	115	119	41	91	120	244	105	234	104	199	121	12	209	227	225	21	48	123	52	98	
56	141	25	251	149	229	85	175	22	5	204	16	183	247	32	96	217	58	137	8	58	136	115	191	235	231	150	89	146	72	244	42	
184	149	52	239	189	149	84	191	197	9	220	64	255	115	40	229	200	50	157	104	122	169	83	189	235	249	164	217	18	140	248	43	
104	40	185	116	13	93	69	23	226	166	164	8	51	177	64	50	136	180	104	8	8	107	242	0	211	217	84	57	194	184	70	106	
84	56	157	245	42	78	101	186	174	186	34	72	247	119	65	122	167	119	124	10	1	73	251	42	205	231	101	20	136	97	7	51	
26	207	66	190	127	147	190	231	159	4	88	231	109	234	38	192	254	235	135	197	230	139	14	255	62	119	142	139	63	94	185	143	
92	212	188	255	173	108	127	136	175	159	183	17	255	255	75	91	227	215	237	2	122	65	219	225	203	243	111	95	176	115	173	2	
34	184	178	218	87	225	178	64	31	69	117	43	44	223	100	0	250	59	147	145	2	58	26	247	31	20	154	107	215	15	39	218	
66	184	150	152	203	193	176	71	175	21	128	177	172	182	96	90	227	59	235	145	18	79	130	241	153	178	30	123	144	4	167	203	
92	177	188	254	169	68	93	216	171	190	181	8	223	255	75	122	151	85	253	82	2	67	186	208	219	243	111	191	130	243	39	99	
4	17	142	255	220	71	167	232	86	128	198	2	209	243	41	96	121	254	59	234	96	243	91	63	125	167	143	5	57	58	117	162	
2	139	2	142	91	129	190	101	140	4	216	163	44	230	34	68	238	187	139	193	70	139	2	253	176	36	138	155	20	14	173	203	
50	139	66	140	118	131	186	109	141	4	216	231	44	200	54	64	254	169	151	229	206	171	4	221	48	36	138	203	53	14	61	223	
90	73	106	236	22	130	122	113	165	128	219	130	123	207	48	64	126	165	63	225	200	187	4	205	210	237	170	128	39	162	113	8	
3	216	23	156	125	213	184	39	140	72	82	98	172	158	32	224	198	51	187	129	69	9	18	221	149	54	154	139	24	12	41	31	
2	185	50	155	117	141	184	103	30	9	80	2	172	154	36	0	236	59	19	17	146	184	18	255	13	28	26	98	16	12	17	139	
82	219	86	156	123	133	88	39	175	12	242	133	44	131	38	80	230	161	175	132	70	11	18	221	146	48	154	11	24	12	41	91	
18	203	87	220	115	193	185	103	140	4	90	163	44	135	160	64	110	59	167	193	66	153	34	253	112	38	186	131	53	4	37	235	
91	221	18	188	53	132	116	119	253	8	74	6	190	155	32	192	228	59	31	1	70	155	16	255	177	253	26	10	24	8	49	11	
34	240	50	200	247	197	184	199	31	77	120	51	172	158	110	0	255	27	147	145	22	58	18	247	47	20	158	239	149	12	135	223	
19	13	99	221	86	147	171	118	92	64	90	198	49	172	180	100	110	170	23	173	225	185	36	239	48	46	170	128	61	140	113	253	
19	223	99	221	86	146	171	119	116	64	90	230	49	140	180	100	110	168	23	237	225	153	36	239	52	44	170	128	45	140	113	253	
137	155	59	249	116	141	105	119	92	72	84	70	183	149	176	96	204	42	22	12	195	184	48	159	103	189	50	192	26	136	81	233	
26	207	122	188	51	193	185	103	175	4	254	163	44	143	38	64	238	59	143	128	66	137	32	221	243	245	154	131	53	4	37	219	
148	157	158	254	220	135	167	248	150	138	198	18	112	243	40	65	121	254	42	234	104	247	27	62	125	167	231	0	144	122	176	170	
131	74	123	221	112	132	169	115	188	74	118	210	185	143	180	100	110	57	23	140	161	188	32	207	71	191	186	128	69	128	33	249	
34	141	18	188	213	196	180	103	157	13	234	3	36	178	36	196	232	43	130	1	94	171	18	255	177	180	154	75	16	12	252	142	
241	82	71	237	38	14	111	56	100	106	243	230	83	3	177	113	118	132	60	238	201	182	117	12	244	170	224	128	45	170	112	49	
2	129	6	157	84	131	168	103	30	1	83	18	172	202	40	64	122	43	19	128	114	184	1	221	36	36	154	192	21	8	241	136	
124	97	185	96	93	79	83	152	98	164	164	8	27	183	65	48	24	220	80	88	27	99	248	8	251	205	5	61	226	186	70	98	
18	201	98	136	84	130	168	100	133	1	218	130	40	206	52	64	110	185	23	193	130	155	2	221	52	40	138	200	21	14	113	136	
200	93	63	116	32	76	117	55	248	138	102	16	191	183	0	115	166	119	125	72	97	253	179	44	231	251	118	0	64	176	135	59	
56	233	120	236	124	199	215	252	198	164	188	10	51	217	243	0	88	248	23	234	72	43	82	61	123	205	165	57	117	186	124	170	
26	145	114	253	50	136	60	119	173	65	83	179	173	31	40	64	166	187	151	128	192	152	0	205	246	249	58	130	39	132	165	219	
34	184	50	219	117	221	176	198	31	9	120	2	172	158	100	32	236	59	147	81	130	58	50	245	15	28	26	107	209	12	103	143	
170	184	176	88	109	253	144	71	219	31	48	27	172	216	102	143	137	59	195	17	22	110	210	241	15	80	90	123	215	12	223	142	
62	48	48	226	237	253	211	200	139	188	181	43	14	221	111	30	171	145	207	83	30	35	122	208	219	209	1	127	211	15	71	231	
110	56	57	226	249	253	17	200	175	189	181	9	142	223	111	156	171	153	207	80	18	35	250	240	219	209	3	127	210	15	7	99	
33	161	97	203	212	223	235	121	71	97	121	66	16	24	252	164	120	138	18	124	211	186	124	221	44	12	165	228	127	142	208	180	
2	174	62	249	251	233	57	199	190	29	78	177	172	231	34	72	227	59	171	16	50	217	34	247	207	247	94	195	144	68	165	235	
19	159	67	207	182	178	175	247	60	65	90	230	121	102	182	100	127	239	23	189	177	153	45	255	60	46	174	192	191	198	161	253	
64	56	155	245	160	238	113	23	186	243	34	24	151	183	64	58	129	55	120	24	17	121	177	0	201	251	84	0	192	64	7	58	
100	188	189	101	168	79	69	190	238	178	174	8	150	55	64	51	129	86	104	56	89	105	243	16	233	171	69	116	192	112	198	34	
6	96	162	153	20	163	170	64	22	193	83	19	8	202	59	72	121	41	19	149	162	182	5	222	12	6	155	192	149	15	48	192	
150	77	66	154	204	131	174	228	148	128	218	2	72	202	121	73	120	234	19	227	64	243	10	224	52	32	207	140	21	123	241	136	
128	72	130	158	76	160	170	66	148	128	80	2	32	202	33	73	104	104	51	194	0	191	2	249	16	32	138	8	21	41	48	136	
2	142	130	153	223	177	184	231	158	85	64	151	172	170	118	200	193	43	187	149	54	92	6	247	12	54	218	235	156	12	185	222	
19	159	99	155	182	179	175	247	31	65	90	247	249	238	182	100	127	43	23	157	179	152	45	255	44	46	190	192	191	206	177	253	
166	8	226	158	68	163	170	64	212	130	81	2	96	200	49	72	120	40	2	195	128	182	2	251	16	36	138	136	85	41	112	128	
0	48	155	179	48	173	121	18	190	57	87	48	183	151	0	72	231	59	127	25	18	220	195	17	197	227	122	192	128	0	1	187	
102	186	253	190	124	9	255	232	155	184	176	238	252	252	220	18	223	213	127	67	131	99	202	245	252	27	239	190	204	42	3	177	
36	161	120	225	244	205	99	93	103	45	125	8	151	151	200	48	26	154	6	88	26	56	248	21	239	141	37	108	224	138	198	224	
3	142	131	153	215	179	184	231	94	67	90	214	172	168	54	228	225	43	178	21	183	188	7	247	46	54	158	195	158	12	185	140	
162	144	112	218	247	245	184	119	31	125	116	63	8	156	118	44	207	187	151	145	182	62	112	215	31	28	154	235	215	12	215	215	
27	77	106	238	86	146	251	113	101	64	254	130	121	15	178	96	126	185	23	239	200	187	36	239	242	237	170	128	55	134	112	249	
38	89	164	218	109	133	216	66	223	152	241	0	170	218	117	89	204	187	63	211	202	107	82	241	135	248	202	58	208	61	112	130	
51	31	67	140	246	147	174	119	95	64	216	230	105	232	180	196	126	171	22	165	199	187	4	255	48	126	143	138	127	142	249	157	
24	36	220	225	182	42	123	23	36	3	222	146	159	7	176	72	103	145	31	152	26	148	65	10	230	207	182	196	164	216	161	49	
41	201	83	200	116	153	235	244	79	65	116	74	57	195	244	164	122	168	6	92	195	58	52	245	62	28	162	104	87	138	98	236	
18	201	98	204	86	128	248	100	205	0	218	130	45	206	52	64	110	185	31	225	194	171	6	221	50	104	138	136	53	142	113	153	
10	147	122	253	242	208	185	51	172	77	95	183	189	159	170	96	166	27	151	5	210	152	34	197	71	237	58	195	39	132	165	243	
9	157	58	85	244	207	255	183	125	77	126	0	187	61	150	48	143	58	87	8	243	184	113	127	111	255	52	192	66	216	199	251	
154	152	46	188	71	211	184	103	148	68	70	131	44	191	34	64	106	187	179	129	100	185	20	223	87	103	218	3	53	12	61	218	
130	184	126	155	110	169	184	198	190	19	80	178	188	222	116	11	239	187	119	145	162	92	130	241	68	27	250	234	20	9	35	137	
10	191	98	187	246	177	188	215	31	93	88	247	172	238	246	128	255	59	151	149	183	216	14	247	60	86	190	235	159	204	189	221	
29	79	78	238	54	130	107	120	4	72	223	230	115	103	179	96	126	229	29	238	201	145	45	63	240	237	171	128	61	171	40	49	
162	64	70	137	68	128	232	65	13	16	112	2	8	138	52	75	106	169	55	145	2	182	2	208	20	40	202	200	21	8	113	128	
38	142	98	154	247	179	186	74	30	5	89	167	40	200	190	128	255	43	131	149	150	186	14	255	30	20	155	239	213	79	125	198	
124	49	185	228	139	77	83	88	35	236	180	41	95	127	75	50	220	213	253	240	8	67	251	16	251	233	165	191	99	162	6	115	
189	68	107	239	116	6	75	56	85	234	247	82	211	77	153	112	92	140	23	238	233	182	109	142	243	249	163	132	103	171	112	113	
34	166	98	136	87	177	184	71	15	13	124	175	40	136	118	128	254	139	147	149	150	58	4	215	30	28	154	235	95	14	255	223	
56	65	122	101	118	10	125	119	101	160	254	2	19	1	145	112	122	172	70	232	200	178	101	12	246	237	36	4	103	184	98	168	
147	90	99	220	98	130	175	112	61	66	86	230	57	199	181	109	118	185	23	238	225	149	36	236	48	42	170	128	63	177	33	241	
50	153	18	174	27	193	22	103	141	4	232	43	46	190	36	84	234	187	135	193	94	11	16	253	177	180	10	59	16	6	173	31	
3	211	98	152	107	212	188	111	143	93	209	183	172	142	190	64	238	19	159	133	214	11	38	213	52	48	154	139	21	4	165	223	
2	152	50	218	87	213	178	99	157	65	121	19	44	220	54	32	254	57	147	145	22	190	50	255	23	28	26	107	85	14	181	214	
33	65	97	77	100	27	239	120	68	224	243	66	83	64	149	164	122	204	22	234	201	178	109	12	36	168	37	132	111	186	114	164	
53	233	97	206	84	196	207	252	69	192	124	66	113	221	181	100	120	248	22	235	203	58	60	189	121	140	165	40	117	186	116	232	
2	77	66	159	212	131	174	232	22	128	216	2	104	234	49	64	122	235	51	227	96	179	10	255	52	38	143	128	21	58	113	136	
34	187	96	138	87	209	186	206	15	69	88	171	172	204	118	0	254	59	147	213	6	58	46	245	63	20	139	235	85	14	63	222	
111	85	102	198	205	214	223	224	225	198	191	10	88	252	63	183	200	228	219	239	237	99	184	204	115	121	207	31	71	119	254	118	
10	136	34	154	93	213	184	67	159	77	84	19	172	220	54	204	233	59	147	149	54	191	18	255	7	119	154	107	155	12	61	222	
18	129	102	158	84	131	234	97	141	0	209	2	108	202	52	64	122	169	23	161	192	187	2	221	20	42	202	136	21	10	113	136	
40	56	113	65	113	239	251	18	123	232	126	104	156	151	132	52	158	124	23	72	129	180	240	226	71	220	33	162	74	129	71	179	
35	233	67	73	85	157	226	117	71	65	120	206	32	128	246	180	120	168	18	92	151	186	116	245	62	28	128	106	127	142	250	220	
34	249	52	255	109	141	208	206	207	56	240	8	174	216	109	25	200	11	119	64	202	42	218	241	135	216	80	58	80	25	82	139	
231	197	237	205	124	6	207	185	86	122	221	214	209	36	152	97	94	196	63	239	233	22	109	159	100	46	239	148	61	251	208	245	
43	175	96	203	213	149	170	239	79	73	88	198	104	232	252	164	221	106	146	221	151	186	12	255	46	28	143	238	223	14	249	156	
2	137	98	137	86	129	248	102	31	0	208	130	40	142	52	65	110	169	23	193	194	187	2	221	20	40	138	200	21	12	113	136	
25	217	123	238	87	215	187	116	68	64	124	2	57	159	34	96	126	185	147	200	66	154	48	253	115	237	162	75	55	138	36	251	
37	67	123	69	116	10	103	184	117	96	126	198	83	65	153	116	122	204	22	238	193	176	109	12	100	172	37	4	111	186	82	160	
189	197	104	109	124	31	207	185	87	123	253	26	219	41	152	32	88	132	23	106	234	54	125	151	231	255	225	180	119	254	208	161	
95	117	102	198	205	84	255	232	233	246	157	15	72	190	127	167	172	197	243	239	205	83	190	224	87	89	207	175	79	119	127	246	
26	162	35	169	63	193	185	73	15	13	89	163	141	207	122	0	254	57	151	149	18	26	2	209	205	213	138	235	54	14	53	243	
55	75	70	142	92	3	206	248	4	224	211	199	97	72	191	64	124	236	31	239	205	147	77	172	48	40	175	148	61	191	120	212	
34	128	98	203	86	131	234	96	93	1	113	2	104	200	60	64	126	169	23	225	178	186	4	253	30	28	138	192	85	15	113	128	
130	133	194	153	196	163	172	71	62	3	90	18	8	170	44	72	121	42	34	144	114	186	1	210	60	46	158	196	149	88	241	136	
2	132	194	153	212	163	172	231	54	3	90	18	8	170	32	64	123	43	34	144	50	250	1	231	60	6	158	196	149	72	241	136	
58	195	98	168	87	195	218	104	5	4	241	163	43	205	54	196	126	185	151	225	78	171	4	221	178	244	138	203	119	142	124	223	
154	29	126	180	51	194	56	103	173	65	94	51	60	191	36	65	230	179	151	129	113	153	16	204	211	241	154	131	47	4	165	219	
12	188	252	225	182	42	125	151	62	115	30	179	157	15	64	72	103	19	31	157	178	220	65	226	206	205	190	196	164	216	129	89	
18	73	98	204	70	128	248	103	141	0	216	130	40	142	52	65	110	169	31	225	192	139	2	221	48	40	138	136	21	12	113	136	
35	131	67	137	94	147	168	115	68	65	216	199	169	8	180	228	110	169	18	205	199	186	68	221	20	40	170	192	125	140	121	156	
18	136	70	141	28	131	170	96	140	0	211	2	104	202	52	64	122	161	23	225	16	187	2	221	144	44	138	192	21	11	113	128	
66	153	82	140	107	132	184	103	141	4	224	135	172	130	38	80	230	33	143	133	70	11	18	221	20	48	154	11	24	12	41	11	
130	186	249	243	166	237	61	151	31	127	20	182	188	191	208	42	7	91	31	153	179	92	235	243	204	159	255	224	132	208	133	123	
4	205	2	158	204	131	174	228	150	128	218	2	96	234	57	65	120	234	51	195	64	179	10	248	60	32	207	8	21	123	176	136	
35	25	118	193	246	179	184	87	79	121	117	183	8	28	246	40	238	59	151	149	150	184	36	212	14	24	154	226	215	140	245	221	
3	191	99	155	246	147	174	247	31	65	90	247	173	238	182	196	127	43	151	149	247	152	12	255	44	70	190	194	63	204	185	221	
10	158	26	185	226	193	189	231	158	31	92	179	172	255	226	64	231	59	183	129	50	153	2	243	238	211	190	195	148	12	165	203	
93	7	78	237	54	18	75	120	36	200	223	230	123	103	187	96	126	164	29	238	201	129	45	140	242	237	171	144	63	171	120	113	
31	12	106	236	86	162	123	80	37	64	95	130	89	143	179	120	126	189	23	239	128	147	36	204	210	233	170	128	39	227	48	241	
2	141	2	159	84	131	174	236	22	130	218	2	104	234	32	64	120	107	51	194	96	179	10	255	52	38	143	136	21	58	49	136	
56	73	122	229	118	26	124	54	101	160	126	2	27	9	145	16	110	172	6	72	200	184	37	140	246	237	48	128	103	184	66	137	
88	184	191	242	19	204	17	103	174	165	174	8	190	183	32	114	161	55	109	16	8	201	176	0	249	231	20	83	96	0	135	106	
216	124	190	116	33	236	117	22	185	158	38	24	190	191	65	123	163	119	253	0	96	237	178	42	211	251	84	19	194	112	7	43	
246	97	230	198	70	0	174	64	137	192	211	135	72	206	127	75	126	253	23	247	192	215	134	200	22	40	202	136	5	119	49	212	
8	61	51	229	115	238	59	82	61	200	74	96	28	215	33	80	182	61	23	64	1	153	48	206	245	180	10	130	34	3	39	179	
3	174	130	153	223	177	176	231	30	83	66	151	172	168	118	200	193	43	179	149	182	252	7	247	46	22	158	227	156	12	185	206	
129	154	59	217	116	141	249	119	92	73	116	86	188	145	180	96	236	42	22	12	195	188	48	223	71	61	50	192	26	136	113	233	
19	12	107	205	86	146	235	118	244	64	94	198	49	134	180	100	110	168	23	207	225	185	36	239	116	46	170	128	61	128	112	252	
90	1	114	174	22	130	234	112	133	0	211	2	109	202	48	64	126	165	31	227	200	131	0	205	146	237	170	136	53	131	48	0	
148	156	158	255	220	7	103	248	118	142	206	6	113	243	41	65	121	110	42	42	104	242	91	63	125	175	231	0	56	122	112	162	
165	176	157	219	204	109	129	152	206	123	33	88	212	209	72	43	201	24	122	24	19	102	251	17	205	146	91	124	216	9	17	162	
252	20	191	236	13	98	85	8	180	182	135	19	87	119	33	91	104	244	237	162	40	229	241	10	211	227	227	21	32	121	52	98	
49	65	99	77	84	27	230	120	100	224	242	74	83	72	149	164	122	204	86	238	201	178	101	12	54	168	165	132	109	186	114	164	
2	162	150	152	203	225	184	71	174	21	192	177	172	142	98	74	231	59	235	145	18	75	130	209	157	50	218	251	144	4	165	218	
88	56	27	112	9	205	81	19	160	17	166	8	191	151	64	58	128	52	104	24	3	41	178	1	193	225	16	56	64	0	7	42	
105	249	17	65	113	79	71	188	115	232	104	72	18	17	128	52	16	220	80	104	193	186	241	30	101	188	37	116	74	186	66	184	
104	41	185	92	77	221	81	7	227	181	164	8	50	149	68	54	136	182	98	8	26	122	242	17	87	185	16	57	66	8	198	106	
29	164	88	235	180	171	67	153	70	53	13	0	215	81	216	32	83	26	30	56	26	176	105	23	205	205	33	116	182	203	213	160	
80	49	155	101	178	74	21	23	42	169	42	168	215	55	128	112	54	181	108	32	25	217	161	0	249	167	37	148	160	226	135	51	
134	72	6	155	20	131	168	64	22	1	83	18	40	202	49	72	121	41	19	145	34	150	0	222	8	6	154	192	149	13	48	192	
166	72	130	158	76	160	170	64	148	128	81	2	32	202	33	72	104	104	19	210	0	190	2	232	16	32	138	136	21	59	48	136	
108	105	185	68	77	79	67	24	99	164	164	8	26	213	64	52	136	252	90	72	73	34	240	0	103	185	5	63	66	56	70	98	
5	175	82	65	112	159	106	178	125	168	126	108	159	50	132	180	22	108	70	124	133	184	65	110	46	156	37	228	202	163	75	133	
248	151	20	254	189	157	84	61	133	24	165	112	255	83	136	211	196	18	253	40	122	9	75	157	227	251	112	90	18	138	216	11	
173	68	109	239	116	14	75	56	85	234	247	80	211	77	145	113	88	236	23	110	233	246	125	14	231	251	225	148	117	187	80	225	
45	199	100	39	52	27	206	184	85	164	250	205	195	104	155	133	26	204	70	111	236	176	77	29	100	88	37	180	119	190	88	196	
108	233	177	68	205	77	71	142	107	181	172	8	26	245	77	62	153	214	98	90	10	114	250	49	79	220	5	63	194	249	214	98	
72	60	151	117	129	236	101	7	240	163	38	24	190	55	65	126	129	54	104	8	41	200	179	8	201	251	84	16	194	64	6	42	
62	120	121	226	45	125	83	200	201	236	181	43	15	221	111	56	186	209	215	114	12	35	120	232	211	217	5	63	227	191	70	243	
61	120	251	102	39	95	215	216	65	236	54	10	91	93	219	42	58	220	149	106	201	178	125	168	115	201	37	149	103	191	86	243	
252	4	159	244	13	98	81	8	164	182	135	19	83	55	9	91	97	212	233	162	40	197	209	8	211	227	211	21	160	121	52	98	
229	176	157	211	108	45	129	152	78	251	161	88	214	208	73	47	201	8	122	90	147	102	251	16	141	24	91	124	152	11	83	161	
0	145	30	237	92	71	231	248	86	32	198	2	209	211	32	64	120	220	58	234	64	243	91	28	125	163	199	4	57	42	112	162	
18	139	2	140	91	129	186	105	140	4	216	167	44	206	34	68	126	169	139	229	86	11	6	221	176	36	138	219	21	14	61	223	
88	81	82	229	50	136	120	87	45	128	114	34	47	11	32	80	166	191	149	128	64	152	0	204	182	253	50	128	38	144	99	9	
34	240	50	203	125	141	184	196	207	25	112	2	172	152	124	0	204	57	23	81	130	58	2	241	39	24	10	234	81	14	241	139	
18	143	123	252	51	192	185	103	173	4	218	163	44	143	166	64	238	187	143	129	66	139	34	253	242	229	154	139	53	4	37	123	
2	184	50	155	117	141	176	70	94	9	80	18	172	154	36	0	236	59	147	17	18	188	18	247	13	28	26	106	16	8	33	139	
18	209	114	188	34	128	60	103	173	1	82	163	172	158	60	64	230	147	159	133	194	137	2	197	176	240	154	138	20	20	161	89	
138	159	94	185	178	163	60	231	190	29	94	247	172	231	162	64	247	59	167	145	50	216	3	255	254	119	62	195	180	68	173	219	
8	157	58	125	244	205	255	183	253	77	126	16	190	183	34	48	135	122	87	8	243	184	112	127	111	255	54	192	66	208	199	251	
19	159	103	142	150	178	174	247	117	64	218	230	121	234	180	228	126	231	62	239	253	153	37	239	56	46	174	128	47	230	177	221	
50	193	98	136	92	131	170	109	132	0	216	2	40	138	48	64	104	169	31	225	202	171	2	221	48	32	138	200	21	10	241	136	
19	159	99	139	150	147	174	247	28	65	90	231	121	238	180	228	127	235	23	157	183	152	45	255	60	46	190	192	189	142	177	253	
2	129	6	153	20	130	168	99	28	17	83	18	172	138	48	64	106	11	27	129	82	152	67	213	4	50	154	192	21	8	177	136	
81	82	255	229	36	110	105	16	96	74	118	230	211	55	145	122	102	212	60	238	137	180	245	8	196	168	98	128	45	241	64	57	
34	157	18	184	253	196	180	103	157	13	104	17	172	190	38	192	200	59	130	1	86	171	18	215	41	52	26	75	16	12	173	142	
103	179	125	190	236	9	255	248	191	184	184	236	223	233	212	18	223	223	127	77	129	99	203	249	252	219	111	252	76	170	3	177	
51	143	67	140	87	147	174	103	93	64	216	231	105	232	180	228	126	171	22	165	215	187	4	255	52	126	138	130	63	142	185	157	
27	143	66	190	87	147	174	231	157	0	90	231	109	234	54	192	254	235	135	133	230	139	6	255	54	118	138	138	63	78	185	141	
41	177	121	99	244	143	111	53	109	104	127	72	211	17	144	48	30	28	86	120	209	184	97	29	111	157	32	192	96	138	194	169	
210	25	27	188	55	192	177	103	172	0	218	162	44	158	32	96	226	59	159	129	64	139	2	221	177	160	154	139	20	0	37	59	
25	13	111	207	86	146	239	113	228	64	95	194	113	205	182	97	126	170	23	239	241	185	36	237	114	45	162	128	55	138	113	232	
162	240	50	219	245	197	184	199	31	89	112	51	140	222	124	0	255	27	147	145	242	190	18	215	45	28	158	235	213	12	181	219	
56	153	18	174	83	205	82	101	15	5	104	3	47	159	34	208	250	187	134	64	94	154	16	189	179	245	2	67	115	14	172	155	
2	216	50	154	87	225	178	66	31	65	121	51	44	220	36	0	250	57	147	145	2	190	18	247	23	20	26	107	85	14	37	210	
120	112	120	224	58	79	91	88	35	236	180	41	95	31	74	48	220	213	221	240	72	83	249	24	251	233	165	183	34	162	6	115	
92	241	156	252	169	108	94	136	175	190	174	1	223	255	75	90	243	213	237	115	8	65	155	208	219	243	111	125	128	115	47	3	
30	143	110	174	191	151	223	244	143	204	222	167	111	237	190	193	254	227	223	231	254	139	45	253	250	85	175	219	55	159	189	123	
128	168	159	187	100	169	169	210	62	27	81	210	181	207	113	73	239	59	63	145	34	220	138	115	196	135	250	168	148	65	33	169	
34	0	102	201	86	163	232	96	77	1	112	2	8	8	52	64	126	169	19	177	146	186	4	221	28	8	138	192	85	8	113	128	
127	93	98	222	221	212	223	246	201	206	188	10	122	125	55	182	200	226	221	203	237	171	242	238	115	127	143	27	71	127	254	118	
255	219	110	238	46	22	78	248	197	200	183	231	107	232	191	247	126	228	252	239	236	227	47	253	178	235	231	156	63	190	120	85	
162	64	66	137	76	32	232	71	141	16	113	18	136	138	116	73	106	137	23	147	16	182	66	192	20	152	218	232	85	9	241	136	
33	233	121	206	84	199	199	125	68	4	124	10	51	221	180	36	88	186	22	106	219	186	116	189	125	140	165	40	119	138	212	168	
124	240	56	96	59	77	91	216	35	172	188	41	31	31	66	48	158	221	221	114	74	67	249	16	251	217	37	255	98	162	6	115	
39	55	98	11	245	183	170	202	95	233	125	199	8	200	190	164	89	10	146	189	151	178	92	222	62	28	139	230	223	207	120	148	
169	73	121	109	116	15	79	184	84	232	244	72	243	1	145	49	88	236	86	106	233	182	101	62	231	201	33	176	116	187	82	233	
55	67	70	140	76	2	206	248	4	224	211	199	113	72	179	64	124	236	31	239	205	147	77	140	48	40	175	148	61	191	120	212	
35	39	98	72	117	179	250	79	77	77	124	175	8	200	182	148	220	171	130	149	150	186	100	223	54	28	128	235	223	206	250	198	
64	144	30	251	48	238	113	18	190	11	87	48	183	87	40	88	135	51	125	16	58	220	17	55	205	255	58	192	128	1	5	59	
35	171	160	137	117	145	186	203	75	101	88	143	168	200	118	132	220	43	147	213	150	58	206	245	46	28	143	239	223	14	91	142	
239	93	102	214	221	214	222	244	225	206	159	15	88	253	55	166	236	229	223	239	237	163	186	238	123	127	143	191	15	247	254	246	
199	156	156	179	169	60	188	135	186	155	130	84	156	50	64	235	167	87	120	17	55	77	155	226	141	179	94	66	136	80	137	15	
25	5	110	237	86	146	239	113	244	64	127	130	121	239	183	96	126	172	23	172	233	177	36	207	114	239	162	128	39	162	112	224	
26	21	123	252	19	224	49	103	141	5	126	162	44	159	36	64	226	187	135	129	34	155	32	221	211	229	26	131	55	0	37	187	
169	76	125	125	100	15	103	176	84	234	118	88	243	17	145	51	88	236	86	106	233	244	97	46	231	251	97	144	80	185	82	233	
19	205	99	207	150	147	239	247	84	65	222	198	121	238	180	100	126	234	23	237	249	153	45	255	56	46	174	192	61	158	241	252	
34	9	98	211	230	145	184	71	205	65	114	147	168	12	244	40	238	59	23	149	210	184	36	240	14	24	154	194	213	140	241	213	
155	23	106	161	246	50	185	55	17	229	94	183	29	47	242	73	111	159	151	181	180	152	37	198	78	75	254	192	167	196	189	217	
40	217	122	234	87	209	179	240	4	4	116	34	57	223	32	64	126	56	147	194	66	186	56	189	103	201	160	105	119	139	108	186	
161	209	121	99	116	15	111	49	124	104	119	96	211	17	152	49	94	140	86	106	241	184	105	13	103	153	32	192	108	138	194	161	
130	140	138	153	212	163	170	231	30	3	90	18	36	170	48	64	121	107	19	145	50	222	1	255	28	6	158	192	149	72	177	136	
162	213	52	254	237	173	246	253	207	59	184	8	174	249	61	3	206	67	223	97	194	39	90	243	55	216	20	190	82	91	209	139	
2	65	66	136	76	128	168	101	140	0	208	2	40	138	48	65	110	169	19	193	64	187	66	221	20	32	154	200	21	8	241	136	
251	19	110	236	54	22	94	120	37	72	215	230	91	11	179	241	126	133	125	239	237	131	37	140	242	233	226	148	63	174	120	85	
36	205	2	158	204	131	174	237	20	128	88	2	96	234	49	65	120	234	51	227	80	187	10	253	56	32	207	8	21	122	240	136	
82	1	98	168	20	130	232	97	141	0	210	2	13	138	48	64	122	161	31	161	152	183	0	197	144	224	138	192	53	41	49	0	
154	1	106	232	214	34	120	83	53	64	215	147	29	15	177	105	126	157	151	173	184	145	5	206	210	233	170	196	183	224	32	209	
47	175	67	78	85	155	166	232	77	192	249	238	104	200	188	164	120	234	146	239	199	179	108	255	62	60	135	170	95	175	122	132	
8	157	58	122	241	205	255	247	255	77	126	0	188	183	38	112	165	123	23	8	242	185	50	127	239	255	54	75	82	80	231	251	
130	200	50	155	101	141	184	196	158	25	80	18	172	216	60	73	200	43	19	65	194	188	2	245	5	24	154	234	20	8	113	139	
119	109	235	196	212	15	238	230	216	162	170	79	82	40	85	35	185	230	83	239	232	115	208	46	61	14	197	48	109	121	82	138	
216	124	190	244	171	236	53	71	185	151	166	57	191	191	65	27	163	247	237	16	42	79	178	104	211	243	86	11	162	112	167	75	
72	140	88	243	242	169	121	151	63	17	94	146	189	55	208	88	119	155	63	156	50	24	73	247	238	207	54	196	182	193	129	41	
2	141	6	159	84	131	174	232	22	128	90	2	104	234	32	64	120	107	51	194	98	187	11	255	52	38	143	128	21	106	49	128	
146	90	78	188	18	130	56	119	180	4	214	231	45	163	178	65	102	171	191	133	236	159	6	207	242	103	250	128	61	132	57	89	
19	143	67	140	86	179	170	103	93	65	218	230	41	232	180	228	126	171	22	173	151	187	4	223	48	62	138	194	63	142	185	157	
49	65	107	77	84	27	231	120	68	224	250	78	83	72	181	160	120	236	86	239	205	179	101	29	52	40	161	148	125	186	120	164	
2	186	150	152	203	193	184	71	190	29	192	177	172	134	98	72	229	59	235	145	18	75	146	241	157	50	154	235	144	4	165	219	
27	143	66	190	87	179	170	103	157	0	218	231	108	234	182	196	254	171	151	165	214	155	6	255	48	118	138	130	63	78	185	141	
19	72	67	156	22	146	170	82	253	64	82	198	57	142	181	228	102	169	31	207	165	157	36	239	16	46	186	128	45	133	49	253	
0	156	158	253	92	143	119	250	214	190	230	4	112	243	34	67	121	116	106	40	32	243	91	31	117	175	103	4	24	104	96	130	
253	97	145	162	173	13	70	200	203	250	177	76	207	88	89	155	152	196	76	126	77	103	202	176	176	216	101	60	74	255	90	5	
26	90	78	188	2	128	184	86	188	7	86	231	45	143	178	73	102	171	191	133	196	157	6	237	208	99	186	128	45	148	41	217	
25	13	110	222	86	146	239	113	244	64	127	2	113	203	182	97	126	162	23	234	249	185	36	237	114	107	162	128	55	170	112	232	
19	141	103	142	150	146	239	247	245	64	218	198	113	238	180	228	126	230	62	239	253	155	44	239	56	46	174	192	63	230	240	124	
166	64	130	158	76	129	174	72	148	128	81	2	96	200	57	73	88	104	51	227	2	167	10	233	16	32	202	136	21	59	48	128	
130	176	50	219	245	133	184	199	30	25	113	50	140	220	124	8	239	27	147	145	210	188	10	245	13	24	154	238	213	12	177	155	
36	225	50	202	252	141	250	197	203	25	121	8	172	218	124	0	206	41	2	81	210	58	138	241	47	24	2	106	80	10	195	129	
134	64	6	153	20	131	168	64	22	19	83	18	72	202	57	73	121	41	27	177	34	245	1	222	8	2	154	192	148	9	49	128	
88	6	133	183	173	104	69	7	169	183	131	145	207	35	66	219	227	199	237	17	60	77	195	128	152	243	86	85	166	117	197	66	
88	32	186	114	43	200	17	6	163	21	167	56	46	151	66	90	162	183	237	16	10	77	162	1	211	245	16	91	162	0	7	107	
169	249	81	69	117	31	103	62	121	232	114	108	58	17	132	181	18	28	86	104	225	184	113	30	46	152	37	98	75	136	194	189	
105	40	49	64	93	221	65	3	235	97	172	8	42	145	68	180	136	180	218	24	11	43	240	149	23	220	16	123	194	14	70	46	
156	133	84	107	189	59	82	185	71	53	167	24	195	65	8	85	18	130	76	122	58	32	73	149	235	217	1	117	178	139	212	32	
60	121	251	102	101	95	87	220	65	232	180	10	123	93	27	48	58	248	149	106	73	178	56	168	115	205	37	49	103	187	84	243	
45	121	107	71	100	94	239	188	64	232	127	14	115	93	155	32	62	236	23	110	201	176	189	40	103	41	165	128	111	187	80	249	
208	219	249	229	50	136	63	182	40	164	78	237	183	39	130	80	38	247	109	64	64	152	161	46	228	229	46	128	36	130	135	123	
18	73	82	181	50	136	120	86	169	0	114	2	47	10	33	80	166	187	31	192	64	153	0	236	182	249	18	130	36	144	35	9	
29	96	137	225	148	79	99	200	86	225	5	10	211	209	73	40	57	76	2	122	11	180	121	50	205	133	133	116	241	59	80	160	
162	233	114	202	116	153	250	229	207	64	113	10	172	200	124	32	202	169	23	83	194	42	108	245	54	24	2	232	85	14	211	133	
17	117	83	69	114	142	38	113	125	168	123	100	92	23	164	244	54	61	22	106	225	145	16	78	38	172	39	134	42	162	131	177	
66	208	34	154	106	128	184	199	141	89	208	163	172	158	56	64	230	19	159	133	194	11	2	241	148	48	154	138	20	20	165	89	
48	173	104	1	213	203	194	226	86	164	238	139	3	40	23	0	41	236	66	237	92	186	69	62	126	7	133	117	101	108	94	206	
97	172	185	68	205	221	84	7	107	224	172	8	26	56	87	182	137	166	248	24	157	106	240	146	47	221	21	119	202	108	218	110	
88	37	182	86	171	200	85	39	171	133	47	40	46	183	64	54	162	54	237	24	16	9	162	96	219	247	20	27	226	66	135	42	
178	193	98	136	92	131	206	109	69	0	208	2	40	136	48	64	120	137	31	225	202	43	64	223	176	4	138	248	21	10	240	136	
70	6	148	183	172	40	109	135	171	191	131	17	143	35	74	91	131	71	108	21	58	77	195	224	140	242	94	87	128	213	133	74	
2	128	22	153	22	130	168	103	142	17	83	18	172	138	48	64	106	11	59	129	82	152	3	213	4	50	154	192	20	8	177	136	
144	20	30	237	78	15	119	123	86	162	238	6	83	243	34	64	121	124	106	42	104	243	91	31	125	163	103	4	56	40	40	130	
92	176	187	240	160	228	113	23	168	93	38	16	159	151	98	122	165	23	189	16	147	77	178	0	203	249	126	201	128	192	167	115	
34	148	16	153	249	237	144	7	31	29	120	49	172	62	38	196	201	27	131	17	22	40	82	215	15	86	26	107	210	76	141	223	
253	101	81	162	173	11	70	136	67	242	185	76	211	8	89	147	154	196	76	126	77	102	205	130	178	217	37	60	111	255	90	4	
120	112	120	229	41	79	91	56	35	172	189	40	95	31	74	48	222	221	221	106	72	83	249	28	243	237	37	181	98	130	6	115	
92	49	184	228	169	76	95	152	171	188	165	9	223	255	67	82	183	213	237	242	10	67	219	144	251	241	47	61	162	114	15	3	
239	93	98	222	253	244	222	246	153	202	188	15	104	252	55	38	205	243	223	207	253	171	250	238	123	127	207	154	199	127	242	127	
50	201	99	218	86	193	179	228	150	68	220	163	32	220	165	100	122	251	147	195	75	155	46	255	48	36	138	139	53	31	52	254	
61	65	107	141	76	19	207	120	68	224	214	199	115	72	179	224	124	236	30	239	205	179	109	140	48	41	173	148	61	191	120	212	
9	157	120	251	242	168	123	183	122	1	126	176	185	55	192	112	55	30	55	152	178	152	237	119	110	175	50	192	182	193	195	169	
3	90	34	154	111	213	184	78	143	93	80	167	172	220	55	107	206	59	147	197	134	15	182	241	21	48	218	187	29	12	53	223	
97	51	121	173	108	9	255	120	62	168	184	108	223	233	208	16	222	221	127	111	137	98	203	221	252	217	47	184	76	170	3	177	
250	213	50	114	255	253	150	255	219	123	189	58	78	253	44	53	191	147	223	35	122	35	58	215	251	223	5	127	83	126	199	23	
38	80	98	152	87	241	184	64	31	71	113	179	40	220	103	8	251	185	147	145	6	182	62	215	23	20	154	235	213	13	53	214	
173	77	109	199	244	26	239	176	84	234	94	198	209	36	147	231	94	108	63	239	233	148	237	174	102	111	239	148	63	251	80	125	
132	44	155	187	228	173	233	91	62	27	83	80	245	231	121	72	247	59	55	153	51	212	138	115	196	135	187	160	148	193	33	161	
189	205	228	109	124	26	207	176	87	98	126	10	91	41	149	101	91	236	23	106	236	180	109	190	102	239	225	180	119	255	80	228	
56	157	26	252	221	213	212	103	213	5	236	3	42	185	38	192	200	186	131	1	126	171	18	159	115	247	144	75	83	12	252	138	
206	188	159	243	171	244	188	135	186	91	10	112	252	246	105	235	167	83	250	147	55	77	154	227	173	243	95	79	136	113	137	31	
137	205	109	95	244	154	239	183	124	74	126	82	251	113	156	101	54	98	62	110	241	188	37	47	102	111	102	128	102	250	209	105	
60	121	58	234	9	93	87	236	169	128	164	8	63	223	73	48	184	249	213	98	72	3	56	168	243	221	5	59	98	51	134	186	
33	109	139	228	212	15	239	230	80	162	74	78	48	41	53	0	184	238	19	239	65	187	144	46	61	142	205	32	73	122	82	136	
169	92	61	117	36	47	97	50	124	250	118	88	247	57	145	59	140	100	126	42	169	244	113	46	199	251	112	16	64	249	66	233	
161	213	125	103	116	15	111	49	116	106	119	112	211	17	152	49	62	28	86	106	225	180	105	31	103	187	96	192	64	130	194	161	
2	12	6	159	84	131	174	98	22	0	218	2	104	234	32	64	120	107	51	194	96	187	10	255	52	38	139	136	21	106	49	128	
134	137	98	211	230	145	188	71	205	81	18	147	172	12	124	96	238	19	23	149	210	188	36	226	44	24	158	194	213	12	241	213	
155	157	96	178	166	145	188	183	155	95	28	183	173	110	254	33	175	179	151	135	246	76	46	247	174	93	222	234	55	140	149	223	
254	149	54	254	255	127	214	255	219	123	189	58	78	253	44	53	191	211	223	35	254	111	58	223	123	223	69	255	211	126	231	23	
12	157	120	123	240	186	123	191	126	57	124	176	253	119	128	112	23	59	23	152	179	152	105	255	110	255	39	192	182	194	195	185	
166	64	226	216	111	81	184	72	91	198	117	179	8	204	127	40	250	185	147	131	228	54	230	194	23	24	219	171	85	61	116	214	
38	141	2	158	221	135	174	228	148	128	90	2	104	234	48	65	248	234	51	227	64	187	26	255	61	52	143	8	17	123	240	136	
251	83	106	236	46	18	93	56	97	236	247	231	91	11	183	115	126	133	253	239	205	135	197	204	210	233	226	148	47	174	120	85	
210	1	66	168	150	2	232	71	13	0	210	18	13	138	48	64	110	141	31	161	88	159	1	198	176	224	154	196	53	0	177	0	
2	184	150	153	203	197	184	71	190	93	64	177	172	150	98	72	197	59	235	144	18	73	18	245	13	50	154	235	16	4	165	219	
57	65	107	76	92	27	199	120	68	224	254	78	115	72	183	164	120	236	86	111	205	179	109	157	114	105	161	148	127	190	120	228	
162	201	50	155	100	133	188	228	140	24	80	2	172	200	56	65	234	41	19	67	194	56	2	245	4	16	154	170	20	28	241	137	
90	124	190	244	139	232	20	71	187	159	166	57	175	191	67	27	167	243	237	144	42	75	130	224	219	243	94	27	162	84	167	91	
0	24	30	205	78	15	33	123	118	164	230	6	210	179	32	65	104	60	106	40	8	251	83	28	85	171	67	0	56	40	96	162	
19	143	66	158	86	179	170	103	29	1	218	231	96	234	182	196	126	171	22	133	156	155	4	255	56	118	138	194	61	14	57	140	
226	221	48	222	253	173	246	239	207	59	184	24	238	248	125	2	143	99	95	3	226	35	138	251	55	28	71	190	80	90	195	139	
38	65	2	142	76	129	142	200	134	0	217	2	96	200	57	67	88	104	19	227	66	35	10	249	16	32	202	168	21	123	48	128	
0	24	158	221	94	15	33	123	118	164	230	6	208	179	32	66	120	108	106	8	0	249	211	29	85	174	215	4	56	40	96	170	
253	101	213	164	172	91	70	168	65	250	185	73	211	105	217	155	153	196	76	110	109	103	201	138	178	217	101	60	106	255	90	0	
23	13	71	158	150	178	234	115	181	64	91	198	125	238	177	229	118	163	31	173	181	153	36	239	176	110	170	192	173	231	49	117	
130	4	134	153	4	163	168	66	62	19	83	18	200	42	56	73	123	5	59	145	48	212	3	214	12	34	218	196	148	72	49	128	
92	162	133	179	172	104	68	143	171	183	171	185	207	39	72	219	227	199	237	16	26	65	203	160	136	243	118	85	162	213	197	98	
121	49	51	66	65	220	112	64	233	65	109	8	62	215	8	180	176	56	192	74	67	51	178	129	147	217	0	43	98	7	78	38	
36	126	127	117	98	235	51	48	57	174	119	236	247	7	129	17	22	60	70	42	224	244	96	12	69	146	97	0	98	163	6	241	
41	49	104	99	69	157	80	17	97	228	109	12	59	24	86	180	152	168	80	76	205	58	244	156	71	217	0	51	75	142	90	222	
60	89	123	102	117	95	87	252	65	224	116	10	123	93	41	48	120	248	151	106	201	178	56	168	115	205	37	1	103	187	68	250	
193	126	122	182	50	140	123	48	184	196	70	173	183	199	131	81	54	253	125	71	224	156	144	46	224	225	42	136	44	163	3	91	
33	167	132	158	220	45	196	175	26	178	40	77	242	104	20	19	221	234	2	13	121	106	218	47	45	22	212	56	217	120	210	152	
33	167	129	158	220	45	196	239	24	170	168	77	178	96	17	17	217	226	2	13	121	106	210	47	44	134	213	56	216	120	210	152	
208	95	87	69	82	74	47	54	56	160	98	228	61	7	129	117	38	253	69	234	97	156	37	110	101	160	32	128	35	177	7	185	
153	5	110	236	84	146	239	113	212	64	255	2	121	235	176	97	122	160	23	234	248	179	36	207	114	235	226	128	55	170	240	224	
97	184	168	115	85	221	81	23	83	229	101	29	34	152	86	52	153	174	80	28	159	122	240	146	79	92	17	123	203	140	90	222	
169	79	70	37	52	139	238	33	124	164	123	141	195	104	178	0	26	44	74	111	236	176	13	30	228	62	5	1	68	174	88	64	
92	176	179	90	19	252	82	64	251	17	101	24	110	215	108	188	177	154	232	24	19	39	186	243	147	255	16	107	226	7	238	38	
178	197	66	136	92	131	206	109	5	0	241	2	2	10	52	64	120	136	23	227	122	171	64	223	176	136	138	216	53	10	240	128	
3	158	130	157	247	178	168	39	95	235	90	247	232	104	182	236	255	111	178	133	183	252	69	255	44	54	223	194	159	76	185	157	
76	162	133	179	173	104	77	135	171	191	131	177	207	35	72	219	129	199	109	17	24	73	203	224	140	242	126	85	128	213	133	64	
2	192	22	155	36	129	168	7	142	17	83	18	172	138	56	64	107	11	59	129	82	152	67	245	4	48	154	192	20	8	177	136	
253	101	213	166	172	91	70	168	65	250	176	72	223	96	217	155	153	196	76	110	109	102	201	170	176	217	101	52	74	255	90	0	
46	179	120	225	239	89	249	89	15	61	181	187	143	13	206	148	175	145	223	49	150	34	105	213	223	209	43	255	87	142	207	247	
2	216	50	154	106	128	184	198	142	89	80	163	172	222	56	66	230	59	159	133	130	9	2	241	148	48	154	138	20	20	33	217	
92	141	80	243	246	168	122	183	63	1	126	146	255	47	72	80	183	155	31	152	50	152	9	255	238	207	175	192	182	199	129	9	
3	80	32	154	111	213	184	204	142	93	80	167	172	220	126	107	206	59	151	197	134	15	186	241	21	16	218	187	21	12	53	223	
19	205	111	207	148	146	239	247	84	64	222	194	113	238	180	100	126	234	31	237	249	187	45	255	120	46	174	192	61	250	240	252	
47	239	66	14	95	147	182	232	207	64	248	239	104	200	190	164	248	235	146	103	199	171	76	255	62	60	143	187	95	31	123	148	
8	157	58	122	241	205	255	247	255	77	124	0	188	191	38	112	165	59	151	8	242	185	50	255	111	255	54	75	82	80	231	251	
18	27	218	244	178	160	59	86	172	5	94	231	45	167	163	64	102	123	175	208	130	153	6	225	212	229	186	131	164	209	37	185	
154	90	78	188	66	128	188	118	172	6	214	231	45	143	163	65	102	179	143	197	192	143	6	233	240	97	250	139	37	148	45	217	
154	69	98	236	22	18	254	119	53	0	222	146	9	47	180	69	126	157	23	233	248	155	37	206	178	239	138	128	55	132	240	136	
198	157	144	186	248	172	30	142	187	27	185	56	238	254	105	90	199	247	255	147	50	71	138	227	189	244	31	250	144	119	163	19	
246	4	226	206	92	2	202	104	145	194	209	131	72	238	61	66	124	213	23	231	168	7	14	238	18	46	139	156	53	175	112	208	
91	30	78	188	18	178	106	118	180	194	218	231	41	170	179	192	110	231	63	141	173	155	4	238	178	111	186	128	45	196	57	93	
191	141	110	227	214	147	239	245	85	64	94	135	89	45	190	97	126	138	23	255	253	184	45	191	110	79	174	192	119	159	240	252	
57	67	107	140	92	19	207	120	68	196	213	207	115	200	187	100	120	236	31	239	205	163	109	141	112	41	173	152	63	190	120	244	
26	158	90	187	114	131	190	247	63	7	94	247	45	238	162	192	127	187	151	133	166	152	4	255	246	103	186	130	61	132	169	153	
82	73	82	182	34	136	120	70	173	0	242	128	173	142	33	80	166	179	95	192	0	185	0	232	148	240	26	130	0	17	35	9	
144	140	138	187	148	163	171	247	22	3	90	18	49	170	32	64	121	43	6	144	58	156	1	63	232	167	190	192	181	72	177	136	
120	113	56	224	41	79	91	88	35	172	189	9	95	31	72	18	150	213	221	98	8	99	217	24	251	217	37	61	98	179	78	3	
242	149	180	220	255	127	158	255	91	123	189	58	78	253	44	49	191	215	255	33	246	107	58	223	59	222	87	255	211	108	231	23	
253	111	221	165	236	123	70	170	105	250	176	72	223	40	209	187	153	196	236	106	109	102	201	8	174	219	101	53	224	248	90	1	
76	162	149	176	173	76	73	143	171	253	170	93	143	35	72	218	131	71	237	21	26	73	203	128	137	246	127	254	128	68	135	97	
237	113	43	66	221	253	115	20	235	101	109	29	58	221	94	178	128	110	114	94	151	54	250	35	103	121	0	121	74	151	210	242	
4	83	243	71	34	106	167	16	108	224	107	224	223	103	133	180	54	116	102	106	129	176	117	74	37	190	33	4	238	243	7	53	
220	97	184	38	143	89	23	200	194	180	140	42	79	220	75	43	179	213	232	115	78	103	174	178	251	193	13	63	102	127	31	70	
90	176	190	254	139	240	28	79	187	31	164	57	175	255	74	90	199	147	237	144	26	75	226	193	219	243	94	59	130	68	167	75	
3	159	103	79	244	182	175	183	92	200	90	230	240	108	180	100	126	110	18	173	241	184	37	239	44	62	175	192	29	238	241	253	
210	108	4	181	10	147	138	168	148	178	146	226	237	2	145	199	34	229	253	235	105	197	77	190	176	226	239	149	37	49	25	44	
2	184	22	153	123	197	56	71	190	93	80	181	172	150	98	72	199	59	251	144	18	72	18	245	13	50	26	203	16	4	165	219	
252	237	163	182	181	108	71	181	177	254	15	25	255	245	91	19	145	70	93	111	121	69	184	34	249	223	101	124	130	127	214	114	
165	220	125	115	48	14	111	49	124	122	119	112	215	83	152	49	86	20	92	106	241	244	105	46	231	187	97	196	96	163	195	161	
16	50	30	33	226	110	53	87	48	111	119	189	23	55	3	25	166	157	69	38	48	208	17	12	213	163	112	128	232	209	135	211	
37	127	99	67	117	159	103	180	121	108	111	76	226	64	158	52	152	168	70	110	201	176	124	45	39	92	0	0	74	159	210	244	
37	93	107	71	116	14	239	244	68	200	126	66	115	121	181	36	92	236	22	110	201	176	125	44	103	173	165	128	109	186	240	249	
109	102	149	164	173	127	68	186	67	250	184	72	223	40	211	187	153	196	236	110	109	102	233	8	183	219	101	61	194	253	90	69	
76	227	149	178	169	72	68	141	171	253	162	221	207	103	72	218	129	71	237	85	27	73	203	161	141	244	119	253	128	86	135	113	
230	213	26	254	252	173	254	239	138	59	185	56	254	248	108	3	143	115	95	35	114	43	138	243	61	159	103	190	208	122	195	131	
2	132	150	145	150	163	168	3	62	19	83	18	204	42	48	73	107	15	59	145	48	220	1	215	12	54	218	192	148	72	49	0	
146	204	98	139	134	128	236	71	13	3	211	18	140	10	48	65	110	131	31	145	248	159	1	246	180	32	154	192	53	88	177	8	
54	76	66	142	92	1	202	232	135	2	241	10	96	232	61	64	88	224	23	227	106	39	10	191	48	46	139	188	21	59	112	128	
251	83	106	236	38	26	95	120	97	238	247	239	91	11	191	113	126	133	189	238	204	151	229	204	210	233	226	148	47	174	122	85	
34	141	6	158	221	133	174	230	150	10	216	2	224	250	48	64	217	106	51	195	114	187	90	255	57	54	143	8	16	122	240	138	
153	197	110	236	212	18	239	119	84	66	214	146	89	239	180	97	126	230	55	234	248	191	37	207	114	107	234	192	55	184	240	224	
2	200	22	155	108	129	168	135	142	17	83	18	172	138	40	64	107	11	59	128	82	152	67	245	4	48	154	192	20	8	177	136	
254	60	182	252	249	231	30	219	187	239	188	57	110	255	103	25	255	247	223	176	186	79	154	254	155	223	31	255	146	101	167	91	
178	205	98	234	212	131	206	237	85	0	241	2	67	8	52	65	120	128	23	227	248	187	65	255	178	202	138	208	53	154	240	136	
140	141	112	243	246	170	126	191	63	1	126	146	253	127	168	80	55	251	23	248	178	152	8	255	238	223	167	192	182	214	129	153	
3	142	34	219	87	179	170	103	94	1	92	230	232	200	182	228	123	42	130	157	183	190	46	255	44	30	154	195	223	142	249	172	
2	208	50	154	108	132	184	204	142	25	80	163	172	222	56	74	238	25	159	197	130	11	10	241	4	16	154	170	20	30	49	219	
59	239	34	138	223	147	158	232	223	68	216	175	104	200	62	132	250	235	151	231	206	43	14	255	58	84	143	251	95	30	249	206	
8	157	58	126	241	205	255	247	255	93	124	0	188	255	38	112	165	59	151	8	242	41	50	255	111	255	54	75	82	64	231	251	
80	16	30	205	10	143	33	87	230	37	238	6	178	147	32	66	104	180	106	8	8	169	211	92	213	164	18	16	24	10	32	42	
19	141	111	207	148	146	239	246	212	64	222	194	113	238	180	100	126	234	31	239	233	187	44	255	120	46	174	192	53	218	240	124	
0	25	28	77	10	143	33	119	102	37	230	6	178	147	0	64	104	188	106	8	8	187	211	28	85	172	18	16	121	8	96	170	
2	208	32	154	109	133	184	204	142	89	145	163	172	220	126	10	206	25	159	197	198	3	10	241	21	24	154	190	20	30	53	219	
210	205	98	223	22	146	222	183	29	66	222	131	105	46	188	97	126	179	23	239	232	158	37	239	50	126	138	128	55	150	240	93	
216	162	152	224	56	12	89	155	170	189	132	89	159	131	64	18	135	85	125	28	26	77	203	19	203	221	61	253	130	128	7	11	
35	221	34	206	125	149	158	236	205	72	153	35	104	92	63	98	206	241	151	231	228	35	40	255	51	28	138	154	23	191	113	95	
62	179	121	225	246	123	219	81	11	125	181	187	15	13	214	60	191	153	215	48	152	50	109	212	223	217	33	247	247	143	86	243	
224	221	184	254	252	45	254	239	142	10	184	58	244	248	125	67	203	99	95	33	242	47	202	251	125	157	239	184	212	122	211	139	
57	69	107	12	20	19	203	120	68	192	223	206	115	72	179	224	120	172	22	111	205	179	37	29	112	45	161	144	125	175	120	228	
137	205	253	95	244	154	239	191	124	66	126	18	251	105	158	101	55	110	62	110	241	252	111	239	102	111	102	128	102	250	209	237	
27	143	71	190	146	146	110	247	181	64	218	199	121	238	178	224	127	239	31	237	237	155	4	255	184	110	174	192	61	214	185	93	
105	56	149	101	77	79	84	51	75	250	34	76	158	57	81	187	136	116	113	17	141	120	217	128	15	219	85	62	202	108	82	10	
34	201	66	139	108	129	172	101	140	16	88	2	172	138	56	65	106	171	19	195	66	58	66	245	36	48	202	200	85	26	241	136	
56	253	122	110	209	207	87	245	33	136	236	8	63	255	32	48	152	251	213	98	88	43	56	189	243	221	5	57	98	50	230	171	
105	57	177	101	77	94	84	49	99	232	58	76	218	57	81	178	136	228	117	9	205	122	209	8	79	223	69	54	202	106	90	10	
24	141	14	175	148	163	106	247	52	1	218	2	255	107	32	64	123	235	29	160	58	185	9	191	232	231	174	192	180	74	177	8	
198	188	146	154	248	172	62	142	187	155	184	56	236	254	105	91	199	247	255	147	50	71	138	243	188	182	31	254	144	113	35	1	
124	49	25	229	57	79	90	88	35	168	185	73	223	31	73	16	150	221	77	98	8	98	217	24	243	221	37	61	98	162	70	3	
45	48	105	65	118	123	235	16	68	232	23	174	219	29	215	40	62	28	23	127	129	176	101	136	78	77	161	164	239	187	84	241	
128	149	158	254	252	45	191	255	158	59	184	56	247	248	104	2	175	83	95	33	114	47	138	127	253	159	127	188	208	120	193	139	
19	141	111	206	148	146	239	246	84	64	222	194	113	238	180	100	126	234	31	239	233	187	45	255	56	46	174	192	53	234	240	252	
136	8	94	99	24	203	113	5	166	97	231	16	243	147	2	80	72	54	106	0	10	184	83	53	69	165	16	81	104	138	68	10	
65	185	149	145	169	204	33	159	170	253	0	124	188	179	192	94	131	71	109	28	19	73	218	81	141	16	127	254	138	0	3	123	
109	41	204	37	236	91	69	59	67	234	190	41	83	49	211	31	9	196	236	108	76	122	201	138	94	223	101	53	203	252	90	74	
120	176	188	126	137	252	84	79	171	31	165	25	175	255	72	26	137	147	237	144	26	75	250	193	219	211	86	123	194	64	167	91	
111	125	34	66	245	189	231	148	233	105	109	12	250	220	31	60	152	106	81	110	211	178	248	165	103	92	4	114	202	95	210	246	
92	241	248	176	34	72	21	144	32	95	20	173	31	23	75	27	38	145	221	85	154	82	144	0	211	195	120	173	172	48	7	83	
130	205	2	147	134	128	238	231	29	19	219	18	172	10	120	65	107	131	31	131	114	29	1	243	188	20	158	192	21	88	177	136	
2	152	22	155	107	197	56	199	190	93	64	181	172	214	34	72	229	59	179	145	18	92	18	245	13	50	154	203	16	4	165	219	
253	83	106	228	102	18	95	120	97	196	247	175	91	11	191	81	126	133	53	238	204	179	117	140	242	233	224	132	47	175	120	80	
246	245	187	214	181	124	87	190	185	218	140	56	86	245	201	63	145	218	93	122	123	71	186	162	187	223	101	191	130	121	214	115	
196	84	125	119	32	14	111	176	124	186	119	112	215	83	136	123	135	84	124	106	233	244	105	44	231	251	97	196	64	177	66	33	
35	142	67	137	86	163	170	111	30	65	218	231	33	72	180	192	123	139	3	149	31	154	69	223	52	38	186	200	181	12	48	204	
32	221	16	158	253	133	150	230	158	9	208	0	164	248	52	64	201	106	51	65	50	42	90	255	45	30	158	122	144	8	241	139	
45	245	141	246	229	126	71	191	179	250	60	120	119	117	201	191	145	94	85	46	121	208	186	47	235	223	117	246	138	253	222	251	
154	140	110	255	68	50	238	250	84	66	215	18	121	43	180	97	127	199	55	171	232	159	45	239	114	239	234	128	55	232	112	8	
33	205	107	79	244	79	239	182	84	192	126	66	243	116	180	100	88	110	22	110	225	184	125	175	101	44	165	0	93	250	240	236	
2	141	2	158	84	131	174	226	150	0	90	2	104	234	32	64	120	106	2	130	34	186	10	255	52	38	139	136	21	42	48	128	
216	52	122	177	162	40	53	51	48	95	70	189	31	55	11	57	55	155	221	37	184	220	144	2	215	227	122	129	172	96	7	123	
2	192	22	155	108	129	168	196	142	17	81	2	172	202	120	72	227	9	59	209	66	28	74	241	4	16	154	236	20	10	177	137	
196	187	145	161	185	12	64	153	171	249	168	109	142	198	200	146	133	69	236	92	27	77	203	83	157	212	47	254	136	38	3	121	
108	41	200	69	237	75	69	59	67	230	190	41	67	49	215	22	25	228	100	44	72	122	201	136	94	223	69	53	239	254	90	74	
2	192	48	154	108	129	184	200	142	25	17	130	172	206	120	67	238	17	31	195	130	3	10	241	4	16	138	174	20	31	49	137	
178	141	102	234	212	3	206	248	85	2	250	18	67	104	52	65	120	136	23	227	248	191	9	191	178	202	130	208	117	154	240	136	
35	107	105	7	244	31	238	52	85	104	127	237	211	12	159	176	92	172	214	238	253	186	109	62	38	29	160	144	79	159	218	213	
3	159	103	143	244	150	175	183	93	73	90	230	224	108	180	228	126	110	50	237	181	184	37	253	44	62	142	194	157	142	241	253	
23	83	67	197	54	82	111	112	117	192	218	230	81	70	181	228	126	236	30	238	205	145	37	204	48	46	171	132	47	179	112	53	
0	157	58	254	241	205	255	247	255	93	124	16	188	255	38	112	165	59	23	0	242	41	50	255	111	255	54	75	80	64	231	251	
224	48	25	75	26	141	1	4	134	37	237	28	182	147	0	84	72	172	106	8	27	47	243	51	213	172	18	122	88	10	163	170	
131	76	7	215	13	150	238	176	213	178	130	70	224	65	49	143	72	100	106	238	105	229	25	172	162	186	209	16	10	185	88	60	
45	80	105	65	118	123	251	16	68	224	23	174	89	29	223	40	62	140	23	126	129	176	117	136	78	73	165	132	239	187	84	241	
40	173	120	110	240	239	87	247	112	13	124	8	51	113	0	48	153	250	6	40	122	186	120	63	111	143	36	97	240	210	198	171	
62	2	121	225	246	123	219	80	9	236	183	171	11	13	214	56	62	153	151	112	152	178	101	148	218	217	161	245	247	143	92	113	
57	5	107	76	20	147	195	120	68	192	253	14	83	72	179	100	120	168	22	111	205	179	36	31	114	109	161	148	119	174	112	228	
2	132	148	153	180	170	56	39	62	19	82	18	204	42	48	73	231	15	51	145	50	216	67	215	12	54	218	192	148	64	161	9	
130	205	96	154	180	129	190	175	159	83	25	147	173	238	124	65	239	115	23	135	242	12	14	247	172	94	223	238	20	92	145	217	
54	192	100	206	76	3	206	232	199	128	176	10	98	200	61	64	88	224	55	99	200	35	10	189	50	8	197	188	117	187	112	128	
58	175	98	186	223	145	222	236	159	5	220	175	110	232	62	132	251	235	135	215	206	171	14	255	186	85	141	251	87	14	190	206	
166	205	96	202	124	151	222	236	157	74	153	139	108	124	188	96	222	243	23	231	224	35	44	255	50	30	143	222	87	191	241	77	
162	205	66	138	108	129	238	229	141	16	249	2	168	10	60	64	106	162	31	227	66	43	64	245	52	56	138	200	21	26	241	136	
189	6	99	141	84	163	234	112	84	192	219	215	81	201	191	192	120	168	23	175	173	183	4	142	50	46	163	128	127	239	120	208	
198	188	154	154	249	172	62	206	187	147	168	24	236	254	97	91	215	247	251	145	50	79	154	251	189	182	95	126	144	113	3	152	
218	137	22	189	174	10	92	53	189	18	146	18	239	98	32	67	98	231	125	226	120	205	3	237	176	243	206	144	36	176	161	9	
93	48	189	245	168	108	81	27	234	251	183	16	222	119	72	122	133	23	125	24	147	97	251	0	203	251	119	92	192	224	197	51	
220	70	26	90	177	172	119	146	253	10	103	80	254	211	15	125	181	118	108	106	242	229	153	103	227	255	0	67	226	209	201	35	
64	188	188	240	248	175	189	239	190	163	184	24	212	254	100	8	191	119	123	17	50	75	218	127	253	143	127	124	208	64	167	155	
2	13	2	159	84	131	170	96	150	0	91	2	104	234	32	64	120	42	51	128	34	187	10	255	48	38	139	128	21	42	49	136	
124	176	184	122	169	109	81	25	163	63	165	25	223	255	72	26	205	147	237	144	26	107	251	17	219	211	81	127	210	64	134	115	
127	64	106	229	102	26	127	112	97	38	246	139	27	11	151	112	126	141	149	239	204	183	133	200	210	233	194	133	39	191	122	68	
72	186	189	189	42	197	49	22	166	245	2	49	188	215	64	114	133	127	232	17	146	216	243	53	205	167	49	120	32	129	133	123	
240	44	232	87	124	107	195	38	123	230	183	56	243	61	214	19	9	228	100	10	40	126	237	42	94	217	117	49	69	170	86	106	
2	152	22	155	123	196	56	199	158	89	80	53	172	214	34	72	197	59	179	145	18	216	18	245	5	50	154	203	16	4	165	219	
37	249	170	99	244	29	239	180	104	76	126	76	211	248	159	48	156	72	86	127	223	176	120	45	111	221	37	212	200	59	218	244	
204	116	27	91	153	237	35	132	244	103	231	24	243	211	8	85	80	62	106	90	59	165	249	55	229	169	34	80	66	91	132	98	
42	138	193	169	84	131	232	79	22	33	216	247	161	8	48	200	91	139	131	149	31	186	69	151	4	4	186	196	157	12	120	136	
210	182	128	178	41	228	24	2	187	83	129	157	143	142	88	91	135	19	221	145	191	79	154	208	153	244	26	255	136	68	47	90	
116	253	189	212	234	79	22	255	171	186	168	104	86	125	69	27	133	215	73	34	104	99	154	8	251	130	85	63	0	112	6	59	
51	141	111	206	20	146	239	246	212	64	222	66	113	234	180	100	120	234	31	239	233	187	45	255	120	46	174	192	53	170	240	108	
167	111	104	15	244	91	239	181	85	96	247	157	211	40	159	37	90	238	83	111	253	184	109	46	102	28	132	144	111	191	218	220	
90	182	154	176	50	236	88	55	49	83	66	157	191	63	2	89	167	155	221	145	190	92	144	195	219	247	122	201	168	196	15	27	
109	173	252	119	182	30	84	191	121	179	46	24	223	113	77	59	23	86	112	58	116	200	251	45	239	255	85	118	162	240	210	160	
195	253	145	165	58	236	33	158	170	241	130	124	189	151	64	214	167	119	121	84	115	77	157	98	189	208	15	126	8	17	131	117	
113	44	233	101	93	91	211	32	83	228	175	10	83	60	86	50	89	236	96	44	77	126	253	10	127	140	69	53	97	42	86	250	
3	159	39	143	183	150	174	165	76	65	90	198	232	104	180	228	126	103	58	237	149	152	117	253	44	62	142	194	159	14	177	92	
205	84	189	119	40	46	121	184	236	186	183	24	215	115	137	123	135	84	124	42	169	229	123	0	199	251	99	148	64	241	67	35	
182	205	100	250	180	130	206	164	93	2	217	18	107	104	60	65	123	227	23	227	248	172	76	255	186	94	206	196	53	223	240	0	
144	189	156	191	184	47	191	255	142	171	188	24	247	255	40	67	239	87	127	33	112	107	219	63	233	199	63	124	80	122	129	155	
34	249	20	155	125	141	176	238	158	57	120	8	174	216	100	64	201	11	127	81	66	42	75	247	45	30	30	122	80	8	209	139	
130	152	34	155	79	241	184	207	158	85	80	183	172	204	122	72	249	43	179	149	22	94	58	241	13	22	154	235	148	12	189	222	
60	0	123	225	118	123	251	80	69	228	247	170	27	13	155	56	126	157	151	250	137	178	101	140	222	201	160	197	231	175	84	240	
204	196	82	123	33	232	99	138	244	3	110	16	243	199	42	113	49	18	232	90	50	149	131	55	231	225	34	65	98	153	196	34	
61	80	107	97	118	122	235	80	68	224	119	166	89	29	223	40	126	156	23	254	137	176	53	136	86	201	165	132	239	187	84	240	
6	200	16	155	108	129	170	200	142	16	17	2	172	202	120	65	106	41	31	211	66	34	74	241	20	16	139	236	20	11	49	128	
194	204	0	155	198	128	174	231	156	19	155	18	172	106	120	65	107	163	31	131	114	13	74	243	188	22	158	136	149	88	177	136	
36	124	25	120	232	237	84	222	27	62	184	108	183	115	1	153	139	251	68	98	123	98	80	53	179	219	117	58	208	121	130	51	
93	149	178	88	161	126	119	186	109	91	110	8	222	243	45	253	181	90	92	58	147	161	186	105	251	255	69	78	218	243	227	39	
176	132	70	236	20	35	206	106	21	2	250	18	99	104	60	65	121	130	23	163	104	183	65	223	178	206	194	16	53	232	112	128	
33	141	97	205	212	255	239	183	85	66	90	66	243	120	180	228	89	238	18	45	189	184	117	191	45	62	134	0	127	248	208	236	
192	255	27	184	202	233	52	199	170	23	136	189	182	134	99	88	161	179	235	17	102	15	146	115	241	1	30	123	144	80	175	122	
61	65	107	229	87	90	251	80	69	224	247	130	91	29	191	32	122	156	151	250	137	179	53	136	87	201	161	133	103	187	116	226	
51	141	111	206	20	146	239	246	213	64	222	66	113	234	180	100	120	234	31	239	233	187	37	255	248	46	174	128	53	170	240	108	
92	176	185	96	169	108	85	31	106	251	183	24	223	183	72	122	133	23	125	24	155	105	243	0	219	249	117	124	194	96	199	51	
124	176	184	250	169	109	81	153	35	61	165	24	223	255	72	58	141	151	253	16	26	99	251	17	219	217	113	127	210	193	198	51	
124	52	31	120	137	109	5	216	244	122	228	72	214	247	9	253	89	26	76	56	59	211	242	20	241	243	103	126	210	120	134	115	
2	152	18	155	123	132	56	207	158	89	81	49	172	214	40	73	199	59	187	145	18	216	10	245	5	50	26	202	16	4	165	219	
45	141	235	65	213	127	103	143	125	65	110	8	211	224	159	52	89	202	66	92	151	184	116	66	47	124	132	68	235	252	218	212	
18	185	23	188	162	205	21	103	168	217	32	8	182	183	1	25	134	59	93	0	81	75	18	28	185	214	92	58	152	80	135	123	
167	237	101	7	213	79	239	164	85	96	194	31	211	108	31	165	88	238	83	239	253	254	117	174	101	10	141	80	111	189	214	244	
104	192	12	175	44	15	67	188	22	61	133	13	215	97	10	83	209	68	108	111	72	72	219	53	205	243	245	92	24	43	80	10	
26	172	211	232	83	225	59	71	63	5	104	162	45	215	96	20	55	59	131	144	18	154	32	247	249	197	26	235	178	66	167	235	
82	172	149	184	17	228	89	39	171	83	202	25	190	62	64	89	165	187	221	149	27	74	146	197	153	246	218	106	128	68	167	90	
81	44	17	176	144	236	12	7	58	243	138	8	191	146	64	187	163	255	120	152	123	88	145	68	185	224	31	120	136	80	131	40	
112	125	241	103	93	111	199	109	83	224	169	74	114	61	68	48	217	254	112	10	73	250	217	46	109	140	5	50	97	107	214	186	
252	33	190	69	141	126	69	131	226	187	166	24	195	177	93	254	1	196	104	24	24	225	235	2	203	239	197	85	195	121	214	34	
92	175	5	161	184	47	67	152	6	189	138	205	215	35	73	11	145	68	109	125	56	64	73	20	236	198	101	116	160	107	148	82	
108	39	185	103	180	45	231	5	66	173	185	9	243	233	88	2	152	110	69	50	24	240	200	40	237	156	37	49	64	123	214	226	
152	239	14	185	139	249	53	199	166	87	76	177	175	135	99	72	227	59	235	21	78	141	130	51	238	225	62	105	178	84	173	218	
200	232	191	243	139	228	57	135	166	53	6	16	189	151	64	122	167	55	249	144	18	77	179	51	207	227	59	121	160	0	133	106	
109	133	235	89	197	124	101	143	117	67	110	8	179	240	159	124	57	138	96	40	95	178	246	35	231	255	20	0	226	240	218	100	
83	64	242	164	69	30	248	64	233	0	178	3	141	138	55	126	238	165	31	237	196	181	148	192	215	120	138	3	15	180	107	134	
87	160	147	178	9	229	25	200	191	93	129	25	156	222	72	91	165	153	89	151	59	71	186	241	217	210	219	254	128	3	7	114	
37	225	235	99	244	203	207	180	98	109	122	8	243	77	157	48	24	232	87	127	219	176	252	40	111	156	165	240	101	187	214	224	
52	253	145	232	159	7	70	216	86	176	168	72	86	83	65	164	89	216	74	122	75	35	89	18	185	132	5	126	250	123	10	160	
69	137	250	104	228	92	119	157	107	13	110	0	87	241	247	112	176	86	116	120	211	57	163	1	123	253	37	77	224	178	230	97	
84	203	254	72	164	124	117	175	237	29	110	8	83	241	159	122	177	70	108	40	18	161	171	1	243	255	100	77	224	242	230	96	
220	207	122	121	128	232	117	159	182	22	238	16	131	199	35	93	33	22	236	24	122	141	163	23	243	225	52	93	242	208	228	98	
152	206	14	185	139	250	117	199	183	22	78	181	175	131	99	88	227	43	237	20	110	157	3	51	239	225	54	65	178	84	173	74	
186	35	64	169	95	131	168	79	22	49	208	151	137	139	114	201	104	137	131	149	14	190	65	144	148	65	154	109	61	12	56	154	
2	12	2	158	84	131	170	99	150	0	91	2	104	234	32	64	120	42	2	128	34	154	2	223	48	38	139	128	21	42	48	128	
76	16	189	117	40	46	121	152	232	186	183	24	223	119	9	123	133	85	124	42	161	197	251	0	199	251	97	148	192	241	67	35	
