香奈儿可可小姐唇膏水亮系列	44 - 水漾纱丽	https://i.chanel.cn/fnbv3/image/full/shades/rouge-coco-shine--44--3g.0173440_S.jpg	https://i.chanel.cn/fnbv3/image/full/chanel__com_type1/skus_full/rouge-coco-shine--44--3g.3145891734409.jpg
70	186	212	185	235	233	56	163	191	53	17	241	140	175	68	90	167	23	239	145	18	88	203	241	156	18	91	247	148	4	133	83	
56	141	34	252	149	199	87	231	148	5	206	0	179	183	32	96	201	178	153	136	122	137	113	191	235	247	150	81	50	72	244	106	
144	221	31	255	60	199	71	180	132	8	216	64	247	215	161	97	200	114	31	74	107	169	90	61	225	161	174	144	24	27	48	41	
27	141	42	190	21	215	175	231	212	65	202	3	57	188	54	96	232	43	147	197	94	171	52	191	233	109	154	65	21	12	249	202	
131	223	45	154	122	197	159	255	143	92	80	231	60	222	190	65	238	35	23	197	231	15	54	253	48	26	190	202	28	28	161	221	
3	174	226	193	214	179	170	71	95	67	124	230	40	136	246	164	127	11	147	157	151	188	36	243	46	12	154	226	223	206	251	141	
139	217	35	158	126	197	175	254	204	76	80	231	188	222	179	97	230	115	19	207	227	15	54	253	97	40	186	136	20	148	53	249	
131	234	7	185	108	157	172	247	222	91	80	215	173	200	242	225	239	43	54	141	247	124	22	241	140	88	254	200	28	12	185	157	
64	56	157	229	16	76	97	23	186	160	34	8	183	183	64	114	129	54	120	24	1	232	243	2	205	189	20	16	64	32	7	58	
130	4	130	153	196	163	168	79	20	3	82	18	8	138	104	73	121	41	34	144	50	246	1	194	20	6	218	196	149	72	241	128	
147	131	3	133	146	130	109	103	45	1	219	214	52	2	182	197	110	143	30	173	253	155	5	205	176	56	154	192	45	0	169	204	
120	97	57	100	20	79	67	56	98	164	172	8	19	23	64	48	152	220	72	122	72	50	248	12	251	205	5	56	96	138	70	34	
50	234	96	154	93	209	154	232	155	68	153	171	96	204	55	4	220	249	147	231	78	39	78	255	51	20	139	251	21	15	94	222	
119	76	102	196	86	50	250	240	125	194	250	131	72	110	183	112	127	229	223	165	164	183	45	206	62	46	139	196	165	247	113	85	
124	164	184	96	221	95	81	120	115	180	165	8	91	49	64	50	153	212	200	56	8	103	251	26	219	223	5	61	98	170	86	34	
68	176	157	229	168	78	69	31	34	187	162	88	215	55	64	114	133	87	124	24	25	201	249	32	205	242	117	52	136	224	135	51	
201	219	78	69	86	22	236	55	100	64	86	70	185	3	178	228	98	44	58	204	197	156	21	205	102	105	190	128	47	144	249	140	
34	135	98	156	86	176	184	99	148	5	89	183	40	238	190	196	126	171	131	133	148	154	134	199	16	36	154	203	21	68	189	198	
42	142	33	155	125	241	176	39	95	75	88	112	168	248	180	228	201	42	146	1	54	172	98	255	13	118	154	235	146	12	244	239	
241	76	83	71	116	86	107	182	113	194	242	66	51	34	149	244	104	244	20	202	233	190	117	238	52	174	162	0	111	185	112	44	
17	48	14	249	76	199	225	72	22	144	206	2	240	211	48	96	121	168	59	169	2	243	91	89	85	43	139	8	49	10	113	162	
2	14	162	153	87	243	186	67	30	71	88	179	140	204	50	64	251	41	147	149	22	148	36	222	44	22	154	195	149	14	181	214	
252	120	252	117	41	110	87	152	179	186	166	24	95	119	73	123	167	213	253	114	40	103	251	34	211	235	101	53	226	241	70	51	
82	217	253	222	159	208	151	238	198	64	204	162	48	253	36	102	106	115	187	193	67	41	183	249	115	47	222	27	63	88	181	186	
1	133	43	171	148	197	143	127	132	77	216	7	177	92	56	64	216	43	19	205	219	138	112	61	233	45	170	192	21	10	241	250	
32	32	110	217	76	203	225	72	94	160	232	10	208	217	116	0	120	169	123	129	2	243	219	81	85	1	139	45	117	10	117	162	
50	99	98	128	76	18	234	64	133	132	210	135	8	140	126	66	108	133	159	245	204	171	164	192	28	0	138	205	5	14	124	204	
145	88	135	145	37	235	224	66	254	202	66	18	52	152	49	233	232	40	58	25	39	253	16	252	149	30	218	3	136	9	120	158	
16	92	75	239	54	195	107	240	20	0	219	226	117	199	161	96	122	184	31	234	73	149	9	63	224	165	171	128	52	171	52	56	
165	96	233	65	244	75	227	144	118	227	247	82	83	65	221	44	121	140	22	126	139	180	125	18	77	14	33	68	229	155	84	224	
58	92	37	174	21	195	155	232	132	64	144	171	127	29	49	65	216	241	157	227	105	39	89	189	241	227	168	145	53	63	20	122	
25	207	107	175	54	131	203	248	70	12	219	231	247	201	178	0	126	232	23	239	202	185	12	63	232	197	171	192	117	138	53	201	
33	33	113	69	116	74	227	16	117	104	126	66	83	21	148	52	122	220	54	104	129	176	101	76	36	44	160	0	103	138	114	160	
8	189	58	115	241	221	119	246	191	77	110	0	190	191	2	16	133	123	215	24	82	184	48	127	239	223	52	65	66	192	143	251	
35	3	230	137	76	19	168	76	86	229	208	199	0	136	182	201	88	40	19	149	148	186	68	144	20	10	154	128	221	12	120	204	
201	220	27	250	96	141	125	247	59	10	117	56	159	211	104	57	151	25	23	10	113	30	10	119	215	223	112	236	80	128	163	35	
35	6	98	136	215	179	186	79	94	69	88	167	40	200	54	0	251	43	147	181	150	186	4	222	42	14	138	195	221	78	249	198	
9	253	185	115	176	172	125	183	124	11	126	88	183	51	144	48	135	30	94	24	179	184	113	103	239	255	54	192	192	208	195	169	
7	200	131	155	213	223	162	192	94	81	80	66	168	216	253	172	217	73	146	95	135	248	126	224	12	94	31	66	223	61	57	132	
161	196	121	123	100	169	109	183	121	83	125	92	179	163	172	56	27	8	6	14	225	188	112	115	70	190	112	40	94	200	194	169	
26	159	18	158	83	242	178	103	157	5	74	51	44	250	38	196	242	59	131	1	54	137	6	255	55	103	26	11	51	68	45	142	
161	110	225	93	84	59	161	87	84	99	120	214	177	40	149	173	124	42	18	9	163	180	101	155	4	14	50	0	255	216	80	172	
210	202	206	189	10	130	61	207	182	23	198	247	109	231	162	80	103	175	175	148	86	223	135	245	220	99	254	203	53	132	173	89	
40	165	120	235	213	217	247	231	70	69	124	2	181	223	42	32	120	26	130	144	86	186	96	151	111	197	134	105	113	10	245	234	
33	159	67	173	118	131	238	119	20	64	218	231	113	170	178	196	126	170	6	172	221	187	5	223	48	44	162	128	61	138	248	157	
155	77	106	220	22	146	237	119	84	64	86	130	57	47	178	96	110	170	23	205	225	152	36	239	98	105	186	128	55	156	112	248	
39	176	169	155	252	165	201	216	94	123	49	95	144	220	92	40	217	136	23	29	151	118	250	19	77	28	185	252	213	75	82	215	
105	32	123	112	69	95	123	16	113	98	102	8	91	95	17	56	152	188	114	42	201	180	240	10	71	237	0	0	99	186	70	226	
7	60	183	95	244	180	169	82	126	219	124	80	184	252	213	44	221	59	19	157	179	252	178	226	13	62	186	194	197	65	115	237	
40	149	41	171	148	197	205	255	6	73	220	3	177	221	56	96	216	10	19	157	90	170	112	31	233	141	186	216	16	10	240	250	
222	76	38	188	15	70	95	96	181	194	199	147	127	95	49	79	96	245	121	239	104	197	17	234	211	227	202	17	39	181	49	66	
20	68	138	169	20	162	235	80	20	3	87	18	81	203	57	64	120	41	23	185	40	148	1	14	224	167	170	192	181	139	48	128	
200	112	17	229	32	76	117	149	44	58	34	80	158	23	64	123	165	85	124	8	1	212	145	0	197	249	51	4	10	177	131	51	
161	68	103	137	22	51	168	94	84	66	88	214	113	8	181	233	90	8	18	61	165	180	69	159	4	14	186	128	253	216	120	140	
152	221	20	254	61	133	87	183	133	8	220	64	191	19	32	193	200	34	29	72	122	169	83	189	227	249	166	208	18	8	248	43	
97	177	17	69	213	95	99	53	107	105	111	72	210	113	28	180	216	30	82	104	145	178	241	61	39	188	1	96	202	10	194	164	
55	73	98	206	84	146	206	112	197	64	215	131	105	204	183	96	124	161	23	239	204	163	36	236	50	104	138	128	119	191	112	84	
120	36	185	102	29	77	81	31	99	245	175	8	83	53	64	50	129	246	104	8	8	107	251	17	251	249	1	125	112	10	198	98	
50	73	98	206	92	131	206	96	197	0	240	2	40	200	53	64	104	161	23	227	200	163	2	253	48	40	138	136	117	59	112	136	
20	4	11	161	20	162	107	80	52	3	223	82	85	67	41	64	127	12	31	184	41	149	1	14	224	167	186	196	180	131	49	160	
232	41	189	102	93	79	83	108	99	180	164	8	19	189	64	51	137	214	96	90	104	107	250	40	251	217	69	57	98	42	70	106	
38	45	6	142	204	34	174	104	132	130	249	2	104	232	49	67	120	234	51	227	80	243	138	232	48	32	207	136	85	123	112	128	
33	185	49	71	213	95	226	180	109	96	106	68	242	16	28	180	216	76	18	110	221	184	113	47	39	188	0	0	75	138	82	188	
35	201	82	234	244	129	238	237	78	1	120	98	188	91	60	128	254	187	19	225	82	186	0	253	60	28	142	104	29	138	177	136	
88	57	255	115	170	200	113	85	171	157	166	40	191	151	64	26	166	187	237	80	90	75	162	96	223	193	52	105	98	129	167	235	
17	219	18	207	21	151	66	246	87	8	220	70	178	210	32	228	220	106	30	74	207	136	122	189	163	188	162	138	26	27	56	13	
23	4	243	145	182	251	185	67	124	67	75	146	29	158	56	104	51	59	27	145	54	149	37	214	157	14	26	71	181	193	165	230	
11	140	2	158	85	246	184	103	189	73	74	19	44	250	54	196	249	171	147	133	55	153	18	255	31	118	154	195	154	4	185	222	
64	56	25	117	8	109	81	23	106	242	166	8	151	23	65	58	129	52	120	24	9	108	241	0	201	137	117	52	64	32	7	58	
166	8	2	154	77	133	162	66	150	8	65	2	160	216	49	73	200	42	19	195	2	42	18	249	1	16	154	40	16	9	48	138	
37	125	49	69	221	95	199	188	67	224	168	72	210	17	21	180	152	236	82	122	73	178	121	60	47	156	5	52	74	187	82	168	
165	121	33	71	85	95	199	56	68	224	234	72	211	16	21	180	216	236	82	110	201	176	121	62	39	156	133	52	75	186	82	164	
189	0	98	72	85	59	66	89	85	194	247	78	67	72	191	188	120	168	134	110	141	183	53	138	18	220	0	20	127	175	122	132	
145	221	29	255	60	199	71	181	212	72	218	64	247	81	32	97	208	114	28	106	107	169	89	61	225	161	38	144	24	26	144	43	
0	156	158	191	94	199	167	250	22	130	198	2	241	243	32	65	121	254	59	169	32	251	91	127	125	39	223	0	17	120	49	170	
144	201	15	174	20	134	79	244	164	8	210	71	245	87	49	65	124	225	29	238	105	137	25	61	241	161	170	128	56	179	48	56	
2	142	18	185	19	163	176	39	28	1	74	243	172	170	32	192	193	43	138	17	22	152	0	255	44	54	26	67	152	76	169	142	
144	91	31	238	18	134	47	244	164	8	210	226	117	71	161	65	118	245	29	234	105	129	9	45	241	160	174	128	52	179	33	57	
134	32	130	155	68	163	168	64	22	1	83	18	8	202	120	73	120	41	51	211	18	246	2	192	20	0	218	196	149	9	113	128	
168	132	24	187	157	229	65	47	22	21	77	16	183	241	40	64	217	10	19	25	58	40	123	23	201	199	154	121	144	72	212	170	
60	121	122	102	117	223	87	212	65	168	252	8	123	221	49	48	152	248	85	106	200	163	120	172	243	205	37	57	99	187	86	187	
53	104	99	74	76	7	199	248	195	226	177	74	83	193	253	183	92	232	82	238	201	39	254	56	51	136	69	60	123	187	114	164	
33	73	99	77	116	146	235	246	76	192	126	66	177	8	181	228	110	106	22	204	193	184	36	236	36	44	162	128	127	153	112	236	
3	150	17	153	87	253	176	111	94	113	73	247	172	188	46	224	183	11	162	5	183	56	23	215	12	22	26	103	156	12	153	223	
39	171	32	138	93	153	154	232	206	244	89	143	96	200	127	128	216	232	147	103	198	35	206	189	60	28	137	255	93	47	90	198	
104	48	57	224	32	205	81	23	34	104	160	8	183	151	8	48	145	51	93	8	11	41	242	19	193	141	48	56	64	136	71	59	
135	121	241	215	109	212	170	200	203	240	80	66	168	220	245	164	202	121	178	219	195	114	190	241	13	24	143	42	87	63	83	164	
91	205	110	221	22	214	237	55	100	68	78	130	57	55	182	97	98	230	59	205	192	152	53	237	119	41	158	0	37	176	245	104	
6	4	134	153	20	163	170	66	22	1	91	2	72	234	56	72	121	43	19	145	18	152	1	223	12	6	154	192	148	75	49	128	
63	69	98	78	20	18	238	112	197	192	255	135	73	204	191	100	124	224	23	239	204	179	36	204	50	104	138	128	119	191	112	116	
2	8	110	221	78	194	249	78	95	64	210	131	244	238	52	96	122	191	59	133	128	187	87	249	85	58	218	0	21	8	117	216	
86	85	190	224	155	68	21	7	169	145	143	25	158	183	64	107	229	85	253	145	25	73	179	192	251	241	223	95	136	96	165	115	
134	72	2	154	20	134	42	64	148	136	83	2	104	194	33	72	120	41	19	210	34	150	2	250	1	54	138	136	16	43	32	128	
41	157	59	95	116	223	247	182	221	76	126	0	186	253	180	100	140	122	22	74	227	184	112	255	103	255	36	0	82	218	84	251	
85	71	21	101	48	14	111	48	100	168	106	68	215	35	145	112	54	68	76	110	137	144	13	14	228	174	37	0	40	179	64	33	
245	80	21	101	40	14	69	56	224	186	163	92	215	19	8	115	4	84	124	106	233	69	249	8	225	170	97	20	104	176	67	33	
16	249	19	251	21	205	194	228	23	64	220	2	182	213	33	164	216	122	139	74	75	168	90	191	169	148	1	123	82	27	20	186	
56	201	98	238	20	18	78	253	69	0	254	2	123	201	181	96	120	236	23	234	200	179	45	173	242	233	167	128	119	186	240	136	
200	176	188	112	201	253	113	83	235	187	164	24	158	151	64	59	129	19	249	24	19	111	178	80	223	217	85	127	194	0	199	179	
50	73	98	238	12	129	206	248	197	0	240	2	107	200	53	96	88	225	23	227	200	35	14	189	178	232	138	152	119	191	112	140	
2	36	166	153	84	163	170	66	86	3	91	18	72	202	49	8	121	42	19	145	130	184	1	222	12	6	154	192	149	73	48	128	
122	165	104	58	223	217	148	239	151	85	172	155	42	236	94	16	201	139	235	145	94	107	238	183	123	69	156	127	119	12	222	206	
217	4	247	237	102	42	105	27	113	226	246	194	219	55	149	247	118	180	60	172	169	180	245	202	150	235	227	0	39	224	98	32	
42	165	32	91	221	245	208	239	94	21	108	26	160	248	124	32	217	10	19	17	30	42	114	183	47	95	150	107	211	76	246	174	
124	85	122	104	19	206	82	112	65	136	253	10	95	95	40	16	250	184	132	98	72	163	16	142	243	253	0	27	115	170	102	3	
24	221	22	190	27	213	190	224	172	12	200	2	172	222	33	193	230	115	219	67	66	9	26	253	177	209	10	11	16	23	37	139	
207	179	27	186	169	132	57	221	175	25	145	48	156	214	104	121	135	19	253	81	114	13	186	247	201	209	58	254	16	0	161	35	
55	75	66	140	76	19	206	248	195	192	184	206	115	200	183	166	124	224	52	239	205	35	14	191	50	76	165	188	127	191	120	4	
130	162	226	145	71	179	184	71	30	103	80	183	8	136	118	8	255	11	147	149	150	158	4	210	28	12	154	231	133	12	189	206	
66	146	156	185	122	137	184	11	158	61	81	245	172	135	104	72	135	27	171	21	18	88	138	213	140	50	122	239	144	4	133	145	
170	162	144	153	127	249	176	143	95	121	84	59	172	152	78	236	203	27	183	17	22	124	67	209	14	83	90	255	150	12	157	143	
138	136	130	153	117	241	184	7	159	73	212	17	168	222	54	204	201	43	179	149	54	142	66	247	70	119	154	203	154	12	57	206	
0	17	30	249	76	135	161	88	86	160	198	2	208	211	32	96	120	172	59	200	2	243	91	17	85	163	139	12	57	10	113	162	
252	120	190	116	169	110	87	216	179	190	182	25	95	255	65	123	167	213	253	114	40	71	251	32	211	235	101	191	226	241	70	51	
11	204	134	189	20	151	232	183	86	65	82	215	241	40	182	224	125	175	62	157	255	220	87	255	172	110	190	192	61	140	248	28	
92	28	126	238	94	230	91	120	132	132	221	34	117	223	35	64	126	241	159	227	40	135	26	239	243	167	171	152	53	171	36	115	
217	4	247	229	100	42	105	27	121	162	110	146	25	51	148	127	114	148	60	168	185	148	229	202	215	234	210	0	167	224	96	160	
35	3	166	137	76	23	168	72	70	125	82	135	128	136	54	72	72	40	51	85	132	187	69	144	20	24	154	196	93	14	120	204	
33	0	194	81	69	159	160	64	92	81	114	70	0	136	246	237	232	8	2	221	135	250	85	192	6	24	210	64	93	140	120	132	
178	201	86	188	21	192	228	103	197	4	250	3	34	171	36	65	232	163	6	192	122	187	2	253	177	242	154	3	113	8	244	14	
9	73	107	79	116	144	239	246	76	64	124	66	185	8	181	228	106	106	22	204	195	184	36	237	38	45	162	128	95	154	113	236	
210	157	123	222	159	192	151	239	206	65	204	6	48	252	36	102	110	115	187	193	67	43	190	253	113	40	158	27	29	24	165	62	
179	34	98	129	68	16	234	64	197	68	145	135	8	136	118	2	104	129	159	231	204	55	133	192	20	24	138	141	5	15	121	212	
28	6	79	238	54	226	107	112	4	136	223	226	113	71	161	96	126	180	31	234	9	145	37	30	240	165	162	128	52	171	52	48	
181	105	227	67	132	207	227	80	84	224	247	66	83	17	213	44	120	172	22	122	201	244	125	8	69	136	37	4	231	187	80	224	
118	76	102	196	214	162	234	224	189	194	250	131	72	238	181	112	127	229	127	183	160	183	13	206	58	46	143	192	231	247	114	85	
38	45	6	142	220	162	174	96	132	130	219	2	104	234	49	67	120	238	51	227	80	251	138	238	56	32	207	136	5	123	112	128	
2	135	98	137	86	178	168	99	20	5	89	247	8	174	190	196	126	11	131	133	150	154	4	215	28	36	154	199	21	12	189	212	
1	249	16	203	21	157	146	254	15	9	92	70	182	147	32	164	216	58	18	64	75	56	90	191	173	148	4	122	90	26	9	186	
54	78	107	250	218	195	159	224	149	142	212	227	105	231	161	89	126	249	135	226	104	7	44	254	240	135	239	185	181	247	36	225	
36	176	157	219	221	237	97	153	86	123	5	24	212	241	72	42	217	26	122	24	51	108	123	17	77	147	113	124	152	73	213	162	
216	205	106	221	21	214	237	119	228	0	206	2	57	59	48	97	104	166	59	200	200	185	52	205	115	233	150	1	39	144	252	42	
25	23	102	172	62	131	75	120	197	76	223	231	123	73	187	197	126	160	93	239	172	161	5	157	240	237	161	144	127	174	48	81	
178	133	99	156	146	194	13	99	165	196	203	163	97	230	178	245	120	187	158	165	125	139	38	141	176	48	138	203	53	6	182	124	
244	92	31	254	12	70	71	56	148	138	195	16	247	87	33	67	216	244	125	98	105	231	59	46	241	163	227	16	48	59	52	115	
0	28	158	253	92	135	163	126	22	128	198	2	241	243	32	97	121	254	59	168	32	251	91	127	125	175	223	0	57	40	49	170	
73	181	185	115	180	172	125	151	126	27	127	80	159	51	136	120	135	26	94	24	179	184	241	103	239	255	52	192	192	192	195	169	
41	167	96	9	116	31	202	156	83	232	120	76	147	72	158	164	92	206	70	109	159	178	109	191	44	28	165	244	95	142	218	197	
68	28	127	206	126	228	123	112	160	136	127	2	116	247	161	114	118	116	63	234	33	131	58	78	115	175	35	136	32	163	113	33	
40	133	40	187	149	229	209	111	86	5	204	19	183	249	58	64	217	58	147	17	58	170	82	183	235	215	154	89	146	12	244	202	
3	162	226	129	215	179	186	71	94	71	80	183	8	136	246	8	127	43	147	149	150	190	4	211	28	12	154	231	141	76	249	206	
105	161	181	76	93	77	65	141	75	176	164	8	122	245	68	55	137	222	96	120	27	106	250	49	127	216	5	126	66	170	214	226	
72	56	159	117	1	204	81	23	250	161	46	24	182	183	64	50	129	54	104	24	1	201	240	2	233	253	84	16	194	0	135	42	
9	157	59	94	117	205	247	246	253	76	126	0	254	253	52	100	164	122	22	74	227	184	56	255	103	255	38	10	82	218	69	251	
139	232	39	153	236	157	172	247	94	83	82	214	188	136	244	237	239	43	62	157	215	252	119	241	12	90	190	200	28	12	249	189	
41	113	113	69	117	95	99	56	115	232	108	72	18	17	196	180	24	220	82	106	203	50	248	31	47	220	5	52	74	170	66	176	
108	160	185	64	77	95	65	152	115	180	164	8	82	93	84	52	153	220	114	26	10	114	251	27	95	159	5	61	194	40	86	226	
130	4	130	153	212	163	168	79	22	3	90	18	72	138	40	72	121	42	34	144	50	246	1	194	12	6	158	196	149	72	177	128	
2	28	162	154	23	227	186	67	30	71	81	179	172	206	50	64	251	59	147	145	50	156	0	255	41	22	154	203	148	14	181	210	
88	49	155	229	42	72	81	23	46	168	42	40	255	55	64	114	54	87	109	16	1	89	179	0	217	229	117	144	32	160	7	123	
248	221	52	254	61	149	85	189	149	24	150	16	247	19	40	101	200	146	93	104	106	13	83	191	227	251	244	219	50	140	248	43	
129	169	243	89	244	207	233	215	127	89	118	80	176	245	180	44	91	58	18	24	179	252	119	247	13	30	22	64	215	136	196	173	
82	234	222	249	106	225	57	70	174	23	246	179	173	135	160	88	103	187	239	128	2	207	166	241	212	225	58	139	177	208	39	235	
35	37	99	73	87	95	226	120	111	96	120	66	72	16	148	164	120	140	18	110	193	178	117	222	52	60	131	34	95	142	114	164	
8	189	58	250	209	221	119	246	191	77	108	1	62	255	34	208	165	123	211	64	66	137	50	127	251	255	22	75	66	16	175	219	
134	8	130	153	68	163	170	192	22	0	81	18	0	202	105	73	120	40	34	210	18	246	10	224	16	2	154	192	149	41	48	128	
72	56	187	117	129	237	117	23	167	167	38	24	190	151	64	58	129	54	104	8	1	105	176	0	201	249	20	48	130	64	135	42	
228	132	91	250	224	137	121	183	57	26	117	88	151	195	232	121	55	137	6	26	115	94	2	119	206	155	114	236	48	128	195	161	
18	250	206	189	26	162	56	223	54	23	198	247	41	167	162	88	103	239	175	148	170	222	199	253	220	99	254	193	61	148	169	217	
85	4	237	165	162	106	125	25	32	246	143	145	213	39	27	91	55	213	125	175	56	212	193	0	197	163	251	132	164	227	37	112	
161	204	251	95	100	169	237	151	122	27	117	80	177	227	188	44	27	10	2	12	163	180	34	115	70	190	114	164	223	216	195	161	
189	78	106	78	77	155	195	112	197	198	245	15	99	200	183	165	88	232	134	110	236	167	110	188	82	105	64	11	119	191	122	196	
207	186	253	243	162	124	57	151	59	123	22	244	156	55	192	251	167	23	189	148	179	92	225	224	206	251	254	226	142	213	131	121	
58	167	234	168	245	242	219	103	19	141	89	187	11	109	126	16	217	159	133	53	62	186	224	142	251	85	156	239	247	78	246	194	
88	52	59	224	50	200	81	87	42	13	122	40	183	151	0	80	182	23	93	0	3	25	177	17	245	165	48	57	32	0	135	123	
26	135	124	251	178	144	188	183	44	29	95	247	45	43	168	193	102	19	175	132	210	152	5	213	126	229	186	193	63	128	169	9	
60	89	122	236	87	214	255	112	133	136	245	2	57	223	177	100	124	184	151	234	200	163	48	172	115	233	162	137	55	187	100	243	
169	237	121	103	244	207	71	244	81	232	124	8	51	117	17	48	24	250	86	106	201	186	120	47	103	157	37	48	67	251	214	170	
209	74	95	236	34	2	47	244	164	130	86	230	125	35	177	67	102	229	60	238	225	149	37	236	240	171	234	128	45	177	33	40	
240	88	23	252	45	196	84	182	133	26	130	80	226	147	33	87	200	240	125	66	105	79	83	189	179	242	210	27	26	24	112	11	
50	135	72	233	213	163	226	111	79	1	121	2	1	200	124	128	120	139	2	144	30	186	72	223	44	132	134	101	245	10	248	130	
170	170	161	153	109	241	144	134	223	89	80	113	172	152	118	236	201	43	179	17	22	110	66	241	7	82	154	235	150	12	221	207	
34	193	0	158	108	133	136	238	142	25	216	8	164	200	56	64	200	10	87	65	74	42	66	181	36	16	154	184	80	24	16	136	
38	234	32	138	93	145	154	232	142	228	153	139	168	204	119	132	201	105	211	87	198	47	78	255	61	20	143	251	85	15	95	206	
40	133	57	235	213	227	179	111	86	69	125	2	48	151	40	32	121	154	3	144	18	186	112	223	109	133	130	97	209	10	245	234	
165	176	157	219	204	237	161	152	94	59	5	24	212	209	72	40	217	26	122	24	51	100	123	17	77	147	211	124	152	73	85	162	
39	97	233	195	204	13	206	200	74	240	49	203	209	76	93	42	92	201	83	255	139	114	222	80	29	8	205	60	221	187	82	144	
166	160	173	187	204	109	193	200	218	115	129	27	144	220	92	42	201	8	115	19	19	102	250	50	77	24	219	124	208	73	86	226	
41	113	99	73	77	93	225	112	105	96	100	8	122	89	20	181	88	168	114	78	201	50	113	245	55	56	192	8	75	174	82	228	
198	248	159	179	139	64	49	134	190	183	2	49	156	183	72	75	163	87	233	145	114	77	155	224	205	243	222	79	128	81	165	122	
62	76	36	190	95	193	154	232	142	68	153	171	105	204	55	132	220	177	147	227	74	7	74	191	177	85	139	187	21	15	28	222	
1	149	3	139	244	135	234	119	84	73	90	70	176	32	48	228	220	42	18	173	219	184	17	223	45	60	162	64	24	10	248	189	
88	248	190	114	43	201	113	85	175	29	37	40	191	215	66	25	166	185	237	80	66	77	162	113	219	209	112	105	226	144	7	235	
3	135	66	141	244	162	234	119	20	9	218	199	225	226	182	196	94	170	6	173	223	186	69	223	36	60	170	192	61	142	248	141	
1	203	16	137	52	145	78	239	95	13	88	34	167	130	178	196	216	42	6	76	70	56	102	191	166	156	54	104	18	154	136	140	
158	88	39	254	47	196	27	240	133	74	84	98	61	215	177	101	110	121	23	207	193	135	58	189	227	232	234	138	54	255	53	249	
161	12	229	95	20	187	225	22	84	67	90	86	243	40	149	169	89	42	18	157	179	188	101	174	4	14	242	0	253	217	112	172	
72	48	151	229	163	110	117	19	45	170	99	96	222	151	0	254	166	55	124	24	17	209	145	66	213	254	48	2	170	66	131	51	
43	161	97	92	77	221	197	236	83	240	228	8	58	216	84	181	216	232	114	108	203	122	254	149	15	88	197	62	91	142	82	252	
24	5	6	169	20	34	74	114	36	1	223	2	91	43	48	64	120	134	29	185	24	153	1	158	250	229	162	196	182	203	48	0	
186	77	98	222	20	144	206	244	85	66	222	130	105	79	181	97	110	225	23	207	232	139	36	239	50	239	138	128	55	191	112	76	
185	4	77	205	22	51	232	126	84	98	90	214	115	40	181	237	121	138	18	173	173	188	101	158	4	15	240	128	253	200	88	172	
7	188	183	83	245	180	185	83	94	219	81	114	188	252	244	44	173	59	51	153	183	252	51	246	13	30	190	194	140	5	113	245	
212	92	31	254	12	198	71	184	212	74	210	64	247	87	33	99	208	116	124	106	105	135	123	63	241	163	227	24	48	59	52	59	
7	12	167	147	244	176	168	18	94	211	82	214	177	168	245	233	75	43	50	157	183	252	71	230	12	30	254	192	140	205	57	156	
45	151	17	203	245	183	162	249	86	41	125	102	80	97	188	196	89	10	130	186	147	178	89	215	108	13	171	100	223	139	248	177	
6	132	134	137	20	163	170	66	22	1	91	2	72	234	32	64	121	43	59	144	2	153	1	221	12	6	138	196	148	75	49	128	
59	201	98	238	92	145	206	252	197	64	212	130	113	205	181	96	92	226	23	239	200	43	46	189	114	233	170	136	55	191	112	216	
200	176	190	112	233	253	113	83	235	187	36	24	158	151	64	63	129	59	253	16	18	111	178	16	223	217	85	127	194	0	199	179	
3	135	34	137	214	146	168	119	28	69	90	215	40	42	182	196	111	11	19	141	214	152	5	215	44	36	154	196	29	12	185	212	
6	109	6	134	212	162	174	226	172	130	218	2	108	234	49	2	122	239	51	227	48	243	138	238	60	38	207	136	133	107	49	128	
153	72	71	95	36	180	106	146	253	194	114	198	57	202	181	249	102	232	52	206	165	188	22	233	2	121	226	128	111	245	104	29	
34	193	64	158	124	1	200	236	143	1	248	10	168	72	56	64	216	195	31	193	74	42	66	253	52	52	154	184	21	26	112	136	
92	17	122	108	102	102	125	113	224	140	125	2	89	247	43	123	118	124	55	234	80	227	178	72	83	169	99	8	99	227	102	163	
9	205	123	79	116	144	239	244	76	64	124	66	185	72	181	228	106	106	22	202	195	184	36	253	102	105	162	128	87	154	113	237	
36	45	2	158	204	163	174	226	148	130	90	2	96	234	33	65	120	110	51	226	80	251	138	237	48	32	207	8	5	123	48	128	
186	67	111	252	74	192	157	101	128	132	214	163	97	207	165	67	126	181	175	160	72	207	166	141	114	225	173	153	39	184	180	186	
92	243	62	250	43	205	85	81	171	29	165	9	63	215	106	27	166	185	237	82	66	67	154	113	211	209	112	43	34	18	175	243	
54	64	98	172	87	194	218	96	129	196	209	171	75	207	53	65	120	185	151	227	72	131	4	140	178	224	138	155	55	175	52	210	
118	76	102	198	214	162	234	96	189	194	250	131	72	238	53	64	127	245	95	181	160	183	13	238	62	46	143	128	165	119	115	209	
0	17	30	201	92	7	161	95	70	36	198	2	208	211	32	97	120	156	122	168	0	179	115	80	245	168	139	0	57	8	113	170	
9	245	57	115	180	140	117	183	255	25	126	0	254	247	8	48	149	26	94	24	211	184	56	119	239	255	52	64	192	210	195	41	
124	124	190	116	169	110	87	154	179	186	182	41	95	255	65	59	167	213	253	50	40	71	251	0	211	251	117	191	226	241	6	51	
216	133	70	165	148	42	74	48	37	48	210	2	75	35	48	67	96	135	61	224	56	153	65	141	186	227	234	192	54	136	96	0	
2	132	130	153	213	166	170	207	22	3	74	18	8	234	32	72	121	42	19	144	50	158	17	194	13	6	158	68	149	72	177	136	
0	74	26	188	108	128	174	230	204	6	208	71	173	130	163	64	106	99	10	206	64	143	6	239	48	164	250	137	20	184	41	137	
92	6	204	181	141	106	124	7	33	183	131	147	207	43	11	219	99	198	237	177	60	197	195	128	206	227	214	21	166	240	180	66	
165	176	157	219	108	109	129	152	94	123	5	92	212	210	73	43	217	8	122	26	51	100	251	16	205	152	115	124	152	9	81	160	
2	14	162	154	23	227	186	71	30	71	90	179	44	204	50	64	251	59	147	149	22	188	4	255	41	6	154	195	149	14	181	222	
129	136	247	89	180	223	225	151	126	91	114	80	184	20	180	173	91	42	50	24	179	252	119	247	13	30	22	64	215	136	193	172	
88	43	158	246	35	200	16	103	175	141	174	169	46	183	98	82	162	183	237	0	66	201	130	97	251	225	118	11	34	0	175	11	
248	7	78	236	54	18	74	49	37	12	223	230	91	39	177	209	118	132	189	238	248	145	37	140	242	235	224	197	39	174	124	97	
161	49	80	69	116	159	226	125	123	232	124	76	178	16	212	180	156	44	70	108	231	184	245	31	46	220	37	36	75	136	74	173	
105	169	113	64	93	221	198	166	203	224	172	8	26	24	84	182	136	164	82	76	207	42	240	153	63	92	5	62	91	46	90	44	
88	123	121	228	50	200	59	23	43	172	126	237	191	183	192	80	38	247	109	64	64	152	225	110	252	229	44	128	32	128	7	123	
43	53	66	12	93	23	162	104	79	192	248	206	72	200	182	164	248	205	146	231	197	179	93	222	54	60	131	187	95	14	123	148	
184	135	124	235	188	27	83	57	71	53	135	24	223	83	136	101	82	146	92	106	122	40	105	157	234	219	33	85	50	138	220	32	
24	157	58	250	219	213	55	246	191	77	108	0	62	255	34	80	167	123	147	66	66	11	58	255	251	255	22	75	82	18	175	251	
92	33	188	167	160	42	125	157	42	183	7	17	223	39	90	91	167	87	125	157	24	80	203	64	206	227	254	213	132	243	133	99	
18	202	206	189	26	162	104	215	182	23	198	215	169	163	178	88	111	175	175	132	174	220	199	245	212	99	250	128	189	212	169	216	
35	14	34	138	22	179	186	71	70	69	90	167	104	200	182	0	127	43	147	149	150	184	12	255	40	4	138	195	213	78	249	206	
190	74	98	62	69	187	210	96	213	198	241	143	107	204	55	129	216	232	135	103	236	167	110	191	83	109	0	59	119	191	126	198	
219	88	7	158	42	132	142	246	156	74	208	231	60	246	177	225	198	115	191	205	225	15	18	255	48	34	250	136	28	52	41	121	
172	96	126	65	244	207	225	81	116	174	119	16	83	17	249	40	121	60	6	56	168	180	49	14	79	143	37	68	231	186	84	160	
182	78	203	252	26	195	159	228	148	134	208	227	97	231	161	81	126	249	135	226	104	7	36	238	240	199	239	153	181	241	36	241	
165	109	233	228	204	15	238	232	72	162	24	78	17	169	85	2	121	237	19	239	233	54	216	42	53	12	141	60	109	123	82	128	
206	188	189	242	232	228	57	150	187	95	21	117	188	255	238	110	135	91	189	21	179	77	186	243	203	95	255	238	150	69	133	123	
32	193	64	139	124	9	204	173	15	49	185	26	194	72	92	0	217	130	87	33	90	34	73	149	44	28	159	124	85	10	208	128	
80	19	211	229	178	74	57	23	45	13	90	224	61	55	128	84	54	159	237	144	17	152	161	76	253	164	54	130	166	128	165	123	
240	193	20	255	44	13	84	61	221	27	163	120	230	83	136	87	198	18	109	34	122	109	75	157	162	250	80	94	18	136	192	11	
105	189	113	65	93	223	64	23	107	224	172	8	26	152	84	180	136	174	218	24	143	42	240	159	47	221	5	126	218	14	90	44	
249	19	102	172	62	23	74	120	69	72	150	239	91	73	178	197	126	164	92	237	237	163	69	156	178	234	161	144	127	174	120	21	
103	165	232	0	221	29	210	206	75	241	188	13	130	248	94	48	217	194	82	125	159	43	254	145	63	28	133	127	217	110	218	214	
54	110	34	190	93	217	154	192	143	132	153	139	42	204	55	132	136	233	211	71	78	39	74	191	177	84	137	187	85	47	31	206	
234	187	181	218	109	221	148	206	203	31	48	88	174	156	102	175	201	27	226	81	198	107	242	241	31	80	92	59	82	92	223	175	
229	97	145	162	172	13	70	200	203	250	177	92	215	72	89	159	217	192	108	127	109	103	202	176	152	216	69	62	216	123	82	133	
231	112	133	242	205	109	198	136	219	250	177	88	210	89	93	47	217	196	125	123	235	103	218	178	157	154	205	62	216	121	82	146	
62	12	6	174	29	227	154	104	133	4	217	171	111	206	35	129	200	177	159	227	12	3	74	157	177	209	139	155	55	47	60	82	
151	88	103	222	7	230	75	80	149	202	213	226	113	247	177	109	78	248	53	235	169	135	50	234	145	104	202	138	55	255	52	113	
40	167	64	139	213	217	166	239	6	37	92	147	161	200	42	132	88	10	130	144	86	58	124	149	47	212	142	111	55	14	221	222	
84	1	237	165	130	98	111	136	32	246	143	147	213	39	89	90	115	213	125	239	24	208	253	64	209	167	239	4	164	243	37	112	
92	20	191	229	15	106	85	8	36	134	135	19	87	55	9	91	112	212	237	162	40	229	211	8	211	227	227	21	160	123	52	98	
88	41	62	118	51	200	49	71	171	141	174	41	46	151	98	82	162	183	237	0	2	137	162	97	251	245	20	11	34	2	167	107	
42	163	112	139	239	89	176	205	15	125	21	187	140	24	94	143	203	19	215	17	86	32	207	209	78	81	155	255	22	14	221	199	
50	205	96	204	92	3	198	232	197	0	248	2	98	72	61	0	88	224	23	227	232	35	12	191	50	44	128	156	117	187	112	136	
134	8	138	153	68	163	170	64	150	130	83	2	17	202	113	72	120	40	2	211	2	246	8	98	20	5	171	128	149	41	48	128	
11	168	135	147	180	182	168	18	94	89	83	212	189	232	240	232	215	43	59	29	183	216	7	247	140	30	250	192	140	141	57	165	
166	56	249	219	87	228	177	90	18	219	117	22	48	253	109	40	93	59	147	144	163	254	250	226	79	15	146	226	217	73	116	251	
7	184	183	155	117	181	185	82	94	89	81	118	156	220	244	172	229	57	51	153	183	252	59	247	13	30	187	194	156	5	49	245	
185	12	68	157	151	187	232	55	84	99	94	214	251	40	178	237	89	174	182	141	189	184	101	174	78	111	242	64	191	204	248	12	
178	77	98	254	20	128	206	228	213	2	216	2	106	104	53	64	120	227	23	227	232	167	4	239	178	46	138	136	53	187	112	8	
33	167	104	9	244	27	234	45	86	164	124	237	195	8	150	0	24	140	70	125	158	184	77	31	46	13	165	245	85	142	90	204	
35	135	2	137	116	179	235	51	92	77	91	199	225	96	190	68	93	42	6	157	158	184	69	223	44	60	170	192	156	142	248	204	
40	181	51	201	213	231	179	67	78	65	121	2	156	21	32	164	217	26	18	24	19	184	120	159	45	157	130	102	218	10	245	178	
169	12	101	91	181	187	225	22	84	3	122	82	251	33	157	173	59	42	134	28	179	188	101	175	4	238	50	0	255	204	80	172	
36	77	102	142	92	163	174	104	212	0	250	2	96	232	53	64	120	232	34	227	224	179	10	255	52	46	143	8	213	123	112	128	
0	16	158	221	92	143	161	123	54	161	198	6	240	243	32	64	121	254	106	136	32	251	91	93	85	163	211	0	57	8	113	170	
208	89	30	190	40	212	21	101	172	76	198	1	246	182	34	243	196	243	236	96	108	139	51	109	241	179	222	19	0	24	172	123	
53	132	109	73	20	110	233	186	84	113	222	18	211	53	156	101	89	132	54	169	185	176	117	151	77	46	162	212	119	171	80	100	
216	201	106	220	87	212	236	103	228	0	70	2	57	187	48	225	96	179	51	136	96	153	54	237	115	105	222	1	39	16	229	42	
133	198	219	123	224	169	109	147	122	19	117	112	157	227	232	56	51	8	6	8	51	212	10	115	68	158	114	236	214	192	195	161	
161	32	102	9	69	157	160	64	76	88	115	70	136	152	246	232	232	8	18	213	135	180	87	192	4	24	194	66	93	12	121	132	
2	178	158	155	104	141	184	89	190	29	81	245	140	199	168	72	166	57	187	21	18	88	10	213	4	48	58	238	24	0	129	145	
240	4	214	205	70	42	105	3	113	163	234	18	19	35	16	123	104	140	42	168	56	188	213	74	213	174	210	1	225	224	96	160	
148	8	138	185	4	163	171	80	22	130	82	2	17	203	49	72	120	104	23	211	8	150	2	42	192	135	171	132	181	105	49	128	
124	124	252	230	169	110	83	154	43	186	182	56	223	255	65	26	167	213	253	18	168	103	219	34	219	223	101	183	226	243	71	19	
52	137	64	161	220	11	198	233	15	48	185	26	75	8	84	16	89	140	87	114	90	58	73	148	190	220	129	116	245	171	208	128	
13	181	59	123	176	140	127	189	254	25	127	80	255	243	136	112	151	26	94	24	243	56	56	119	239	253	54	196	208	194	195	35	
2	28	130	154	23	227	186	67	30	7	89	179	108	222	32	64	251	59	147	145	50	156	16	255	41	6	154	195	148	14	181	218	
10	154	206	189	88	165	104	150	54	21	214	215	169	163	178	88	111	171	191	157	142	216	215	241	196	99	250	128	188	196	41	216	
24	157	58	250	219	213	55	246	191	69	108	1	60	255	34	80	231	251	147	192	70	11	58	255	251	255	22	75	115	2	175	219	
188	10	106	62	13	251	210	96	213	198	241	3	107	204	55	128	216	225	135	103	172	167	78	190	83	237	0	27	119	63	124	194	
2	132	130	153	213	231	170	207	22	131	74	18	136	250	56	72	217	42	34	145	50	190	18	194	9	22	158	68	144	72	176	138	
106	182	240	202	237	89	212	173	203	127	189	57	142	60	222	134	143	19	223	33	246	35	202	211	126	93	157	255	214	206	223	71	
174	162	120	161	239	121	153	73	143	61	157	187	142	28	206	143	235	145	223	49	22	50	233	209	86	81	171	255	215	78	157	199	
62	12	14	174	29	225	90	96	133	134	221	139	111	223	51	192	200	177	151	227	44	7	90	191	243	197	137	57	55	63	28	82	
4	77	2	158	220	162	174	226	148	130	218	2	96	234	49	65	120	110	51	195	96	251	10	239	48	38	207	8	21	123	48	136	
124	21	126	206	74	102	95	121	128	134	237	2	80	243	35	115	122	252	51	170	0	131	186	72	115	169	227	8	51	227	102	163	
38	77	102	142	92	162	174	224	84	128	218	2	104	234	53	64	120	233	51	227	160	179	10	255	52	46	143	136	149	123	112	128	
218	129	80	253	230	8	124	49	49	2	118	146	95	39	144	81	118	199	61	234	120	28	129	211	214	251	242	196	54	162	160	1	
13	33	231	129	164	127	236	113	237	224	27	66	219	248	252	175	58	12	22	111	213	241	60	192	132	88	239	4	76	254	209	244	
54	65	98	172	85	195	218	96	129	68	241	171	99	205	55	1	88	185	151	227	72	163	68	140	178	240	136	155	55	191	116	210	
92	130	133	183	173	104	109	135	171	191	131	177	207	34	74	91	129	199	109	21	26	73	203	160	140	246	126	85	128	213	133	66	
229	98	149	161	173	109	71	136	75	250	177	88	215	64	217	191	137	196	76	127	109	102	235	144	140	152	69	60	208	253	82	37	
88	161	114	78	123	232	83	101	169	13	173	40	46	247	232	52	50	179	239	0	18	11	170	229	211	245	16	75	98	130	166	43	
168	126	119	85	114	219	35	50	125	234	114	248	190	21	133	181	38	124	198	98	225	252	97	126	38	154	96	2	70	177	71	189	
97	188	168	68	85	223	80	7	123	225	172	12	34	184	86	52	153	174	80	29	143	58	240	154	11	92	21	63	203	12	90	94	
151	16	195	196	22	18	106	80	52	194	211	230	81	194	169	236	126	172	30	186	173	149	53	202	144	174	171	132	173	163	49	20	
217	19	110	229	166	18	76	53	53	12	214	230	75	3	178	213	126	132	189	238	252	152	101	140	242	235	224	196	47	140	248	81	
192	126	90	182	114	136	123	48	185	196	70	189	189	199	130	80	54	253	13	78	224	156	144	111	228	177	42	128	44	131	7	121	
97	167	128	190	220	45	204	175	88	163	168	93	242	40	28	19	221	202	2	37	249	106	218	47	44	30	212	56	217	120	210	152	
191	23	76	163	132	39	108	81	4	242	159	199	81	66	219	203	124	172	63	175	221	208	93	128	222	73	239	164	61	254	120	208	
210	129	70	180	132	10	76	49	53	18	210	18	79	43	32	81	98	133	61	226	120	159	65	223	154	251	210	192	55	168	240	0	
253	101	149	164	172	47	70	184	73	250	176	92	223	104	89	155	153	196	108	110	109	102	201	138	186	219	101	188	202	249	90	1	
84	97	237	231	160	106	111	152	32	183	143	128	215	39	89	90	51	212	125	250	24	208	233	0	233	233	239	69	164	243	134	98	
15	120	181	219	227	165	185	216	94	57	117	114	188	223	237	45	205	27	51	24	131	244	186	240	77	154	123	174	219	25	33	187	
3	188	147	201	213	247	178	66	94	65	88	70	148	152	100	164	217	26	18	25	147	184	16	215	13	28	26	102	221	75	121	182	
53	109	139	228	212	79	230	230	80	162	104	74	51	185	113	0	56	238	19	111	65	186	152	46	125	140	141	32	73	123	83	168	
35	142	1	155	116	187	234	74	95	77	89	247	161	72	182	196	217	42	6	29	150	188	109	255	12	22	186	192	148	140	81	196	
92	2	133	183	173	104	101	135	171	191	163	185	207	35	72	219	131	199	237	17	56	77	203	160	140	242	118	85	130	213	197	66	
178	205	98	254	20	128	206	236	85	2	248	2	98	104	60	64	88	226	23	227	232	167	10	255	178	174	194	144	53	187	112	8	
15	120	183	155	167	181	185	93	94	89	81	118	156	220	248	237	197	59	179	21	147	212	59	241	141	90	63	234	154	5	177	181	
11	170	134	187	53	184	168	17	126	89	87	212	189	202	242	236	195	42	190	29	151	216	7	245	142	91	186	192	142	133	153	133	
120	180	115	82	19	249	83	64	251	1	109	56	46	215	108	180	179	186	204	16	19	175	186	231	155	221	16	123	226	3	230	39	
129	255	30	5	52	31	228	119	124	168	114	124	150	24	150	177	166	12	70	108	229	252	69	15	38	219	37	210	72	136	203	141	
105	56	186	87	85	221	80	7	123	225	101	24	58	152	86	52	153	170	80	28	191	122	240	183	15	221	16	115	202	12	90	206	
210	219	83	229	114	202	63	55	57	68	98	229	189	7	128	80	38	127	5	204	99	156	177	111	229	164	46	128	38	128	167	121	
212	237	142	179	148	134	119	165	182	149	143	19	247	99	74	67	112	199	72	218	126	217	25	45	233	225	142	69	160	19	173	10	
170	133	4	155	223	223	164	109	22	53	145	179	128	92	46	133	104	26	138	32	118	184	77	157	47	64	135	119	115	12	157	214	
163	66	34	136	109	157	130	72	204	12	209	135	130	136	55	1	200	40	27	103	196	39	70	148	20	24	138	184	85	15	113	198	
219	88	135	220	106	148	26	82	148	202	212	230	61	246	177	239	70	113	62	206	229	143	182	234	146	107	234	136	62	245	57	157	
176	197	96	232	20	131	198	236	85	0	248	10	99	72	61	0	88	136	23	99	232	163	13	159	50	206	129	20	117	186	80	136	
92	113	30	250	171	197	93	77	171	29	165	41	47	215	106	27	166	147	237	210	74	67	154	81	211	193	101	255	50	86	175	83	
86	76	102	196	214	162	238	96	189	194	90	131	72	238	53	64	127	245	55	183	160	183	12	206	62	46	143	128	133	119	113	208	
154	5	108	161	182	163	123	51	132	81	30	131	221	47	146	65	38	147	31	253	186	136	5	220	238	201	170	192	182	204	145	65	
151	74	238	61	6	172	234	146	245	198	86	199	51	200	151	75	102	232	53	207	172	188	23	232	70	107	226	128	109	245	120	88	
3	143	36	155	150	128	172	183	28	69	90	215	172	10	182	196	111	11	19	141	247	152	5	247	44	44	186	192	29	140	185	220	
0	56	30	201	78	143	161	123	70	36	198	6	144	147	32	64	104	188	106	136	64	187	211	84	213	160	146	16	57	8	113	170	
82	75	83	252	38	192	236	230	173	14	218	162	45	139	53	64	234	235	21	193	72	143	2	237	176	188	186	137	37	144	37	10	
25	136	196	187	149	187	248	54	85	99	86	214	235	40	154	236	121	174	182	157	189	248	69	166	206	127	210	65	191	141	120	12	
191	92	167	156	79	246	139	82	148	194	210	198	49	245	177	239	76	240	179	207	169	143	118	170	147	98	202	136	39	255	52	252	
59	55	98	8	93	151	186	104	223	192	216	207	104	200	182	164	248	233	146	103	199	163	28	223	58	92	139	187	95	14	123	134	
129	168	245	89	181	223	225	159	126	83	114	80	248	156	212	237	27	26	34	24	179	252	119	247	13	26	86	64	215	136	209	172	
60	100	126	96	85	238	113	81	245	142	119	16	91	217	41	24	184	180	198	56	40	181	16	14	83	207	33	5	227	186	110	130	
49	109	139	228	212	15	238	246	80	162	122	78	49	41	21	0	56	238	19	239	193	186	144	46	125	14	239	32	77	122	82	136	
41	132	108	73	52	126	233	186	84	53	126	18	211	57	156	109	89	148	54	40	184	184	117	151	71	43	240	68	215	201	84	96	
66	173	170	178	212	228	109	199	186	151	202	27	52	187	112	82	225	255	51	145	18	91	146	98	125	36	158	105	128	80	183	170	
34	76	98	204	92	130	174	104	212	128	218	2	104	232	53	64	120	237	19	227	224	179	12	222	54	46	143	136	21	122	112	128	
13	181	57	107	244	174	127	189	126	89	127	80	223	243	200	112	151	90	94	58	243	184	56	55	239	223	37	196	192	195	195	161	
2	156	130	154	23	227	186	67	30	3	89	179	44	222	32	64	251	59	147	145	50	156	24	255	41	6	154	195	148	14	181	218	
237	109	149	165	236	127	68	171	73	250	176	72	223	40	81	187	137	196	108	46	109	102	193	8	174	219	101	53	72	252	90	73	
3	138	206	189	248	165	104	151	190	21	70	215	169	163	50	72	109	43	63	157	190	216	87	245	204	115	250	192	156	196	185	216	
92	162	149	163	168	104	76	156	171	255	179	253	207	103	72	218	193	199	237	18	26	65	203	0	138	243	119	245	160	243	199	113	
110	142	224	193	229	123	219	1	75	191	181	187	138	61	214	158	143	149	215	51	188	32	108	214	78	93	165	247	247	239	222	71	
4	31	87	71	34	235	182	48	109	194	123	224	255	119	133	180	54	53	230	34	129	176	37	76	4	190	98	2	78	243	7	181	
173	113	123	82	69	253	243	212	227	117	109	29	58	217	94	56	136	42	82	94	135	182	186	33	71	89	0	105	74	159	210	214	
67	108	107	188	114	194	123	48	184	198	78	129	245	199	35	81	54	125	21	238	96	149	176	77	224	168	42	128	36	162	39	112	
236	189	133	183	245	110	71	183	48	255	11	93	215	117	88	155	145	206	53	30	121	220	248	38	237	239	245	240	138	248	214	120	
220	101	184	166	143	93	87	140	194	246	141	9	95	216	75	34	177	81	249	115	78	103	186	178	251	193	5	63	34	127	159	66	
124	120	254	230	169	110	90	216	171	186	190	40	223	191	65	26	167	213	253	16	168	231	203	234	219	223	117	190	226	243	3	19	
217	135	108	193	54	50	107	48	36	44	94	230	89	35	146	97	118	134	63	254	184	152	37	204	126	235	226	196	39	130	120	121	
251	147	110	229	166	22	110	49	97	74	246	231	75	43	150	213	118	132	189	238	253	156	69	140	242	235	226	192	47	174	248	29	
128	54	31	117	226	47	61	119	60	238	119	181	20	39	130	25	39	31	71	46	176	220	49	78	85	162	112	128	232	208	135	243	
173	113	58	74	205	253	119	216	235	81	109	24	90	209	111	188	176	74	210	90	87	39	186	51	119	217	0	109	218	27	202	134	
237	110	149	177	173	127	69	138	91	250	160	88	143	0	83	191	153	76	108	127	109	102	235	144	141	218	69	62	194	125	82	100	
92	195	133	163	172	72	76	156	162	253	187	253	207	103	72	218	195	197	237	82	26	65	203	32	138	241	117	213	160	243	134	113	
3	42	144	153	117	173	163	87	95	15	80	86	172	216	119	44	221	43	18	29	183	188	82	243	13	28	26	106	216	12	89	133	
58	93	114	206	79	199	222	120	5	8	252	34	106	93	53	100	222	240	151	226	200	163	88	189	51	232	128	155	119	191	100	159	
139	161	199	161	164	127	108	253	109	242	27	70	221	184	248	171	50	76	62	111	213	209	181	192	158	88	111	132	12	252	217	213	
116	28	127	78	94	230	195	80	193	142	253	2	112	247	37	102	72	244	18	234	40	135	58	206	115	168	195	8	243	227	100	162	
220	241	119	106	139	248	87	200	227	81	173	8	94	215	107	254	162	208	232	82	79	7	186	177	211	249	0	79	98	19	175	38	
23	25	74	164	82	130	170	80	160	128	219	230	89	203	177	194	126	253	19	239	9	147	148	200	176	160	171	128	45	163	57	144	
36	188	130	154	205	229	176	199	158	27	72	16	164	248	96	72	201	106	51	17	50	254	90	243	13	54	223	106	144	89	176	130	
126	46	120	160	231	123	251	64	9	174	189	187	15	13	199	142	175	149	207	243	28	51	101	226	222	85	169	247	231	239	95	199	
114	192	194	229	196	8	110	37	57	2	242	2	75	34	4	80	115	197	61	130	88	150	193	195	178	238	218	128	37	178	242	0	
170	152	192	155	85	241	168	206	31	113	64	183	168	142	54	204	89	139	147	149	63	156	87	243	6	86	154	67	158	13	28	222	
178	205	100	238	20	130	206	237	85	2	216	2	99	232	61	65	88	232	23	227	232	167	10	191	178	238	202	148	53	186	112	8	
129	160	181	91	165	253	224	143	126	115	114	80	184	152	220	237	203	26	58	25	183	252	127	215	13	90	86	70	221	76	209	172	
54	141	96	225	212	171	202	240	77	160	186	10	75	8	84	16	123	236	23	114	152	186	73	190	158	204	129	244	245	171	80	128	
182	12	235	222	12	226	203	80	213	198	215	131	115	253	55	109	88	248	49	207	168	167	118	170	209	42	192	8	167	239	116	114	
220	241	31	106	139	220	87	136	227	81	175	8	94	215	107	254	179	208	236	90	75	5	186	49	243	225	0	95	162	19	175	38	
4	205	2	158	212	163	174	226	148	128	88	2	96	234	49	65	120	106	34	227	96	186	10	255	48	38	135	8	21	123	48	136	
24	157	58	250	219	213	54	246	191	85	236	1	60	255	34	208	231	251	147	192	86	11	58	255	251	247	30	107	114	16	175	219	
130	193	4	155	15	223	164	237	207	55	64	147	236	8	62	197	105	0	138	33	118	60	95	213	47	18	214	87	50	12	221	206	
184	76	104	62	13	249	210	96	212	6	244	11	35	205	51	1	200	227	135	67	108	167	74	63	83	231	96	25	117	251	94	202	
212	105	251	225	180	74	107	144	32	164	135	8	215	71	89	82	51	212	125	250	72	208	169	2	233	229	167	197	164	179	86	96	
92	113	254	250	171	209	85	205	167	29	165	185	15	223	107	27	166	147	237	80	74	67	138	209	211	209	85	191	50	84	175	83	
142	57	181	219	203	229	181	223	95	153	85	114	156	223	109	173	221	27	183	153	211	240	250	240	13	216	63	238	219	92	161	179	
223	12	206	162	182	182	234	80	249	202	147	87	93	248	183	233	54	229	60	255	181	229	28	202	18	111	239	132	205	231	123	20	
28	4	14	161	148	162	106	55	36	161	219	2	223	35	32	64	113	133	29	176	56	145	1	156	250	231	171	196	166	203	177	0	
191	28	231	212	3	246	10	80	213	202	195	194	24	254	181	239	108	253	189	202	173	199	182	234	19	106	202	138	175	243	48	117	
248	209	18	190	97	68	117	125	49	6	102	3	127	215	42	80	240	186	35	2	72	30	178	155	245	231	214	9	50	22	164	250	
105	56	145	244	237	79	68	23	91	250	178	72	158	57	85	187	137	252	117	17	201	122	209	128	159	219	85	62	202	124	82	10	
188	32	254	94	84	206	241	81	244	142	119	16	83	209	61	24	56	56	66	58	112	229	58	74	83	171	33	9	99	187	102	162	
185	77	106	206	84	146	239	240	68	64	255	2	113	233	183	96	122	236	23	238	233	179	45	191	114	237	163	128	55	187	112	232	
66	48	190	112	41	253	80	83	235	25	164	24	174	159	68	27	165	51	253	16	18	111	178	192	155	217	80	123	194	0	71	27	
92	120	251	116	33	109	83	148	121	238	182	40	159	223	65	58	191	253	253	90	137	228	242	232	219	217	37	185	226	241	70	123	
59	175	34	170	93	151	154	232	223	196	216	143	110	232	62	132	248	235	151	103	206	163	14	255	186	84	143	187	95	14	123	198	
0	57	28	201	78	143	33	81	230	37	230	6	178	147	0	64	104	188	106	8	0	187	211	20	85	164	18	80	56	10	32	170	
126	42	248	225	231	121	251	192	9	172	183	187	15	45	215	159	175	209	199	243	156	50	100	224	222	213	173	247	231	173	94	199	
3	174	142	189	152	167	104	151	62	21	70	213	161	163	18	88	109	175	63	157	186	216	215	245	204	99	250	192	172	196	184	216	
251	210	236	229	36	22	92	49	97	74	246	231	75	43	158	215	126	197	181	238	205	148	213	200	182	251	226	128	47	182	250	21	
6	156	130	154	23	227	186	194	30	3	83	179	44	222	32	64	253	59	147	145	50	156	26	255	41	6	154	195	148	15	53	210	
13	181	121	107	244	143	127	185	127	105	127	88	215	115	152	112	151	90	86	58	243	184	41	63	239	159	37	196	208	226	195	161	
10	162	128	155	109	217	232	205	31	115	81	151	172	200	126	141	217	10	131	21	70	116	78	209	6	80	218	175	158	204	221	220	
216	114	153	164	42	46	88	24	43	188	147	125	143	27	64	210	167	197	253	52	40	69	137	2	218	193	47	246	32	33	3	67	
92	112	250	227	40	108	91	148	59	170	182	41	255	255	65	26	191	245	253	80	136	231	217	234	219	223	37	186	194	241	7	51	
86	178	145	161	169	12	1	155	171	253	2	125	142	35	200	222	167	69	108	29	19	73	251	193	156	244	127	254	130	36	7	117	
105	41	204	165	108	91	68	43	11	250	188	137	147	41	211	158	9	196	228	12	76	122	195	136	78	223	245	53	195	236	90	72	
237	244	58	90	197	253	247	252	249	82	109	28	90	253	63	61	185	74	82	110	243	39	186	255	115	29	5	126	202	127	210	246	
20	91	255	39	226	78	63	244	36	108	119	165	84	55	131	80	38	213	87	238	80	153	41	104	245	170	100	128	161	179	167	243	
237	245	185	246	180	124	87	183	57	251	15	120	223	117	200	255	147	94	213	58	249	212	232	162	235	223	117	242	166	249	214	113	
236	252	157	246	229	126	87	191	49	250	28	120	247	117	203	191	17	94	213	106	121	208	232	175	235	219	117	246	162	253	214	115	
85	125	126	179	226	174	127	247	32	111	95	177	127	55	11	121	55	255	85	167	184	146	25	44	241	231	126	129	164	211	167	243	
239	116	34	82	213	189	231	148	249	74	109	28	250	220	95	61	153	106	82	78	227	118	248	247	103	24	0	114	74	95	210	246	
233	41	216	103	109	28	112	53	235	233	55	93	250	57	84	150	136	100	117	12	129	126	209	160	79	249	85	48	74	174	90	139	
220	242	145	161	45	12	64	152	43	253	139	109	207	6	193	210	167	69	109	117	131	69	155	194	152	244	47	126	136	38	5	113	
109	41	204	4	237	91	85	43	3	246	188	169	83	49	215	31	9	196	238	44	76	98	197	136	86	223	197	53	231	252	90	74	
128	113	94	75	10	201	51	4	230	33	239	16	179	147	2	64	72	56	106	74	67	188	83	51	69	160	0	80	120	139	0	170	
221	245	59	90	155	252	87	157	245	82	175	16	94	215	105	121	179	82	232	122	115	5	186	115	243	253	4	95	186	115	175	51	
178	220	37	221	13	205	197	254	23	62	84	42	50	29	188	37	72	154	23	73	106	44	115	183	97	186	112	186	119	24	84	251	
147	177	181	129	135	94	173	255	123	243	2	82	29	28	220	47	55	207	122	207	243	93	181	192	149	10	94	38	37	84	145	109	
24	189	58	250	219	213	54	247	191	93	236	1	60	255	34	208	231	251	147	192	86	11	58	255	251	247	30	107	18	20	175	219	
48	167	8	187	158	161	146	41	18	5	137	187	245	72	74	1	89	139	73	177	62	202	201	31	232	197	170	253	53	10	159	131	
59	175	34	154	95	147	154	232	223	196	220	143	110	232	54	132	250	235	151	103	142	43	14	255	186	84	143	187	95	14	59	198	
194	184	190	240	73	237	16	71	171	25	164	25	190	159	100	59	165	51	251	16	18	79	146	209	219	145	90	123	208	0	167	155	
24	157	58	254	91	213	55	246	191	76	236	3	60	255	34	80	239	123	147	194	66	11	58	255	123	239	6	75	83	18	173	251	
133	160	181	91	237	253	160	143	254	123	115	80	152	156	220	237	201	26	106	24	183	252	255	209	13	218	87	102	208	72	193	164	
191	28	227	222	5	246	75	64	149	202	195	66	112	254	53	237	88	248	57	203	169	199	246	170	17	106	202	138	165	103	116	116	
27	188	152	184	219	181	24	119	31	59	156	82	60	179	96	236	229	59	183	144	50	79	18	215	219	215	158	235	154	68	169	139	
189	13	106	238	84	146	207	112	84	64	255	2	115	233	179	97	120	236	23	234	233	179	44	191	114	239	163	128	55	187	112	160	
220	205	86	181	182	138	76	183	181	48	146	18	207	43	49	67	230	231	125	241	120	201	1	252	250	243	238	212	38	176	161	8	
60	45	98	225	212	43	226	244	85	160	186	10	107	41	117	16	59	174	23	243	184	186	1	142	190	205	133	240	231	155	80	136	
38	252	144	155	205	229	180	199	158	27	64	16	164	248	97	10	201	122	51	17	50	110	218	243	13	22	222	106	144	89	177	138	
224	76	181	92	125	228	195	210	204	14	244	2	48	243	165	110	200	114	6	202	41	47	98	255	17	190	34	154	83	121	101	173	
114	196	194	231	196	8	110	103	57	2	250	18	75	42	4	80	123	205	53	130	88	150	129	227	182	236	202	128	37	242	242	128	
18	192	66	137	15	221	166	239	79	36	74	3	108	136	62	196	121	1	171	1	70	57	31	215	181	70	26	23	119	30	189	206	
232	153	115	248	197	196	119	251	21	4	96	19	8	151	32	212	72	154	179	194	82	26	114	247	117	126	146	78	18	140	244	242	
6	77	2	158	84	163	174	226	148	128	90	2	96	234	49	65	120	106	2	227	96	186	10	255	48	38	143	136	21	123	48	128	
178	197	102	238	28	2	78	253	213	2	217	2	99	233	60	65	88	232	55	227	232	166	10	191	50	239	198	140	55	186	240	8	
143	45	100	187	133	185	124	135	239	83	79	151	169	200	95	236	99	42	187	149	150	124	207	243	238	89	150	67	190	221	217	134	
34	77	98	158	92	131	174	96	214	128	248	2	104	232	53	64	120	234	2	163	224	179	10	255	48	46	143	136	85	106	112	128	
187	205	112	206	54	151	222	252	85	72	124	2	105	89	188	100	94	18	23	235	228	169	45	191	98	255	162	130	119	154	113	141	
60	13	98	227	212	43	238	246	85	162	250	10	107	41	21	0	121	238	23	243	168	186	73	174	62	207	165	192	231	219	112	136	
28	151	238	165	226	14	125	187	160	20	78	165	221	119	11	82	54	219	213	225	152	144	22	13	238	231	239	133	172	242	175	83	
39	181	174	82	229	189	230	252	249	95	125	76	242	248	31	185	153	74	86	111	247	240	122	41	47	95	85	6	200	123	218	245	
240	36	232	71	108	107	209	39	27	231	183	185	211	53	198	18	9	228	100	8	56	126	237	10	94	201	213	49	101	168	86	106	
93	220	180	88	163	124	85	250	127	90	108	8	94	243	109	253	183	218	220	58	243	67	58	249	187	254	69	78	154	245	227	39	
118	204	226	231	212	2	110	247	121	3	250	18	75	42	28	80	123	207	53	130	248	158	137	235	182	238	158	128	37	243	242	128	
39	249	46	90	229	157	246	252	233	89	108	12	242	248	63	61	153	74	83	111	215	99	58	61	59	91	69	126	200	123	219	182	
92	96	250	228	185	111	123	220	59	162	174	8	223	223	65	26	191	221	253	88	8	243	217	170	223	223	5	59	226	243	67	10	
224	36	232	70	124	123	209	39	91	231	191	152	115	61	214	18	8	228	108	12	56	126	229	10	95	249	213	49	69	232	86	106	
194	176	177	145	58	236	57	27	234	241	2	253	156	151	72	126	135	87	121	16	147	77	251	82	205	20	27	126	136	128	135	113	
134	141	6	158	84	131	174	227	150	130	91	2	96	234	49	65	120	106	34	131	32	186	10	255	48	38	139	136	21	106	48	136	
5	181	121	99	244	143	111	185	126	232	127	96	215	115	136	48	23	94	86	122	243	184	41	30	239	159	37	196	192	227	194	161	
220	18	238	167	98	10	123	184	160	150	103	173	93	87	11	27	54	213	213	226	232	212	24	8	214	227	105	133	44	163	7	83	
34	12	98	156	92	131	170	106	214	0	89	2	104	232	52	64	120	40	2	161	160	179	2	223	48	46	139	136	85	42	112	128	
6	220	130	155	23	227	186	192	22	3	89	179	172	222	33	64	217	59	147	211	18	156	90	255	45	6	154	203	148	31	53	146	
11	168	156	187	237	253	248	207	158	89	80	85	188	186	122	234	203	43	59	29	151	88	210	241	206	89	158	234	156	76	153	159	
160	30	181	220	44	244	131	154	220	14	244	98	50	52	165	237	204	114	62	74	171	47	98	187	17	250	242	154	81	89	100	45	
116	253	188	212	180	14	86	191	187	146	172	8	86	117	77	59	151	214	93	98	248	75	186	45	251	218	85	62	128	240	198	43	
3	168	142	191	152	175	105	151	62	21	70	149	161	163	18	88	77	175	63	157	186	216	211	245	204	123	250	192	156	196	248	216	
54	178	8	162	79	21	178	200	139	62	189	175	72	220	111	142	253	209	219	243	30	35	90	209	31	85	139	255	159	47	28	215	
24	157	58	250	219	213	23	246	159	69	236	3	60	255	34	80	239	251	147	192	70	11	58	255	251	231	30	107	112	18	175	219	
91	210	240	229	37	28	124	49	105	74	54	231	223	58	150	246	230	229	181	175	205	148	148	193	134	251	226	131	47	180	72	21	
116	189	252	116	164	30	84	191	187	178	44	40	87	117	205	59	151	86	93	32	248	73	186	13	235	223	85	126	128	240	214	43	
215	240	145	135	26	108	43	132	234	240	131	92	223	151	73	214	39	213	120	222	3	69	157	98	157	240	15	118	8	179	3	116	
16	153	10	184	197	197	119	231	135	12	78	11	54	156	34	64	233	187	3	1	94	59	18	247	249	150	154	107	16	8	188	202	
126	10	248	225	247	121	249	16	9	188	182	171	15	13	215	156	175	145	215	209	156	114	100	224	222	209	235	247	231	173	95	103	
32	248	144	155	237	141	180	207	30	27	80	16	172	250	96	10	205	75	34	17	18	120	219	241	13	18	94	122	144	88	131	139	
0	178	247	81	166	251	161	143	126	63	115	112	140	182	236	236	51	59	38	24	179	252	43	215	12	158	119	198	214	200	197	165	
35	157	88	216	253	245	176	231	92	65	124	18	168	190	166	245	201	59	178	24	55	58	114	213	15	57	146	75	155	12	105	158	
58	175	34	186	95	147	154	232	159	4	220	143	110	232	54	132	251	235	135	103	206	43	14	255	186	85	143	187	87	14	63	198	
176	139	12	169	28	7	74	186	22	25	132	81	215	105	26	64	217	0	125	45	126	12	75	23	201	199	239	93	80	136	216	2	
168	214	53	217	46	201	149	255	23	63	52	122	242	29	188	37	15	18	247	9	235	60	107	151	37	218	112	182	87	24	212	233	
220	101	27	123	9	233	55	4	244	70	239	16	179	211	40	81	88	58	74	74	106	165	112	55	229	161	32	17	114	89	132	98	
212	116	27	89	145	237	7	134	244	70	230	24	179	211	40	81	88	186	74	106	123	165	240	55	229	169	34	88	88	89	133	98	
192	184	190	184	74	237	177	71	170	17	32	25	180	159	96	27	165	51	123	16	18	79	146	81	221	145	90	107	208	0	167	154	
61	5	110	205	212	50	239	117	116	192	255	2	81	107	183	97	122	238	23	238	217	179	37	204	114	235	230	128	55	250	240	224	
114	180	153	186	171	237	21	231	187	95	33	61	166	183	72	25	135	59	77	17	58	74	90	51	217	210	92	122	208	64	135	123	
124	104	251	228	25	239	94	198	163	162	238	8	159	159	65	16	169	253	125	24	8	251	208	162	251	223	5	57	226	241	70	42	
72	145	159	237	80	14	120	59	33	128	110	5	53	55	0	82	36	149	121	172	73	136	19	73	207	173	133	4	40	160	42	186	
224	100	171	116	212	104	199	7	120	167	163	25	243	249	92	27	153	254	97	2	56	246	224	34	117	186	85	49	65	121	214	226	
165	233	171	49	228	13	255	250	251	223	126	8	246	248	95	48	153	66	119	125	246	244	42	35	109	30	101	204	192	249	83	195	
93	97	26	180	193	6	78	164	32	226	138	8	119	243	73	251	176	239	120	254	77	210	208	44	249	235	71	40	40	115	170	16	
228	173	149	118	235	13	20	173	186	186	161	72	246	51	65	147	135	85	72	34	96	107	218	42	217	150	85	62	200	112	3	171	
28	111	165	163	184	43	65	159	22	181	130	157	199	37	65	10	145	76	109	53	58	208	201	30	205	199	189	116	160	123	6	114	
213	36	155	182	129	100	72	1	176	242	131	88	215	211	73	251	177	141	124	191	41	214	208	2	153	233	223	40	168	97	42	48	
37	235	190	104	108	13	247	248	234	13	60	8	246	248	27	50	152	64	119	127	198	41	58	49	233	157	37	124	192	58	82	227	
100	102	187	119	244	172	231	134	232	191	59	9	243	233	94	27	153	78	69	50	18	240	200	33	237	186	117	113	192	91	215	226	
220	80	238	229	72	46	123	24	161	214	39	157	89	71	11	91	52	213	121	238	40	197	155	72	195	171	193	4	42	179	38	114	
5	213	61	97	180	15	111	189	126	168	127	64	215	115	152	49	151	86	126	106	241	248	41	95	111	159	37	196	208	178	195	161	
101	163	254	72	224	30	117	189	235	29	44	8	122	249	223	114	182	66	124	120	146	41	170	81	111	255	101	77	192	242	202	97	
105	193	12	175	29	14	71	188	7	60	133	13	247	99	26	83	216	196	109	110	72	2	91	61	225	243	225	28	56	171	80	10	
232	206	12	187	61	175	67	188	22	63	131	29	215	33	82	65	209	6	109	30	42	108	91	55	236	147	245	84	24	139	16	10	
44	123	217	101	106	15	114	250	171	160	44	109	63	55	65	18	6	81	102	112	1	184	82	8	207	157	33	52	232	161	10	147	
130	12	2	159	84	131	170	96	22	130	83	18	96	234	32	64	120	40	34	128	32	182	10	223	16	38	138	136	21	40	48	128	
54	90	122	234	110	5	155	216	11	172	189	239	86	207	107	8	222	217	7	243	136	35	88	184	219	149	175	189	85	59	38	211	
75	80	147	148	101	60	248	70	233	75	48	69	172	186	55	254	230	165	218	133	133	101	144	192	23	121	90	42	30	116	11	158	
3	176	153	187	237	249	184	207	222	89	80	115	188	154	250	232	227	11	63	21	151	88	194	241	140	89	190	235	156	76	137	143	
24	157	58	254	219	197	23	230	151	69	236	3	60	255	34	80	239	251	147	192	110	11	58	255	251	199	30	107	50	18	167	219	
3	168	142	191	152	175	105	159	62	29	70	149	177	163	18	88	73	175	127	156	58	216	211	245	204	123	250	192	188	196	248	216	
162	64	102	157	84	162	168	64	84	1	83	18	104	202	52	72	120	169	51	161	160	183	2	223	20	46	155	192	21	41	113	128	
182	205	226	247	212	2	110	247	121	3	250	18	107	42	60	80	123	207	23	194	248	158	137	239	190	238	158	192	165	251	242	128	
62	2	104	225	231	123	249	64	41	164	182	171	15	15	87	8	110	149	135	213	28	179	101	192	219	209	139	247	231	173	118	99	
218	251	254	184	235	209	28	207	171	31	180	189	14	207	111	27	167	243	237	209	78	75	138	209	251	209	95	255	177	84	175	91	
134	216	146	155	151	197	190	192	30	3	81	2	236	222	41	72	253	123	147	211	98	150	26	255	45	6	159	139	148	27	53	155	
84	4	255	122	164	122	111	155	229	23	110	0	83	99	187	123	51	198	108	58	88	225	43	0	219	235	117	77	226	243	230	96	
128	240	148	155	237	141	176	206	158	57	48	24	172	216	104	10	205	91	106	17	82	110	202	241	13	16	95	126	208	88	129	139	
0	150	122	81	178	171	187	247	62	39	126	246	125	35	174	84	55	31	7	24	178	184	45	127	108	174	55	196	253	192	229	185	
