香奈儿炫亮魅力唇膏丝绒系列	44 - 歌剧名伶	https://i.chanel.cn/fnbv3/image/full/shades/rouge-allure-velvet--44--35g.0162440_S.jpg	https://i.chanel.cn/fnbv3/image/full/chanel__com_type1/skus_full/rouge-allure-velvet--44--35g.3145891624403.jpg
53	42	191	116	172	157	208	80	239	60	54	8	211	236	21	56	136	48	108	24	156	33	122	16	195	217	33	55	192	232	78	38	
102	62	122	68	242	136	59	82	59	32	116	237	61	215	128	52	55	255	151	144	162	154	144	106	127	188	52	168	111	166	38	187	
89	48	30	176	34	200	113	64	232	64	38	41	95	151	2	112	162	181	252	0	5	65	177	0	211	225	34	3	40	0	47	83	
32	52	113	65	109	13	99	24	123	44	100	12	18	5	20	52	28	12	66	12	161	114	240	18	103	156	1	32	74	136	86	240	
94	50	90	80	227	202	52	64	185	10	182	169	12	247	131	220	54	181	238	32	16	211	128	200	214	243	97	131	162	208	47	3	
7	32	103	85	195	82	237	200	59	114	112	194	121	103	149	188	59	220	18	142	65	242	173	192	7	58	71	128	103	244	102	244	
84	170	123	106	186	208	48	200	244	9	246	176	149	215	168	112	39	159	239	128	2	195	175	97	211	225	59	201	32	128	167	163	
72	162	92	36	105	26	88	152	35	28	52	173	207	3	130	150	135	197	205	4	14	65	137	193	210	243	32	149	106	132	10	19	
39	116	101	69	213	31	175	176	125	162	102	198	209	36	149	37	93	84	82	44	225	244	117	206	37	30	197	0	79	252	82	180	
184	78	92	126	98	170	87	180	21	6	102	225	115	67	161	81	86	240	4	106	104	180	73	63	246	235	97	17	122	249	68	11	
85	169	147	199	146	68	43	129	106	224	139	64	213	242	197	114	54	223	60	252	157	16	189	98	188	172	175	164	136	115	35	52	
108	42	152	165	172	14	84	144	58	186	2	73	215	249	81	26	145	228	125	31	140	80	217	2	223	255	101	53	160	120	90	2	
98	104	173	116	201	104	29	167	186	182	162	153	177	167	69	27	201	247	105	128	104	75	226	42	117	166	221	57	128	112	198	122	
252	78	140	181	141	43	84	166	148	182	130	137	199	33	67	11	65	230	232	35	108	109	65	40	224	195	85	17	32	121	28	10	
69	241	152	3	188	12	70	136	74	249	137	68	210	114	200	112	209	78	108	94	155	64	219	49	172	188	167	124	152	19	219	0	
149	65	61	107	8	39	153	12	228	16	227	145	211	30	24	41	204	145	120	227	236	167	115	16	193	169	170	28	81	147	165	18	
13	164	17	59	189	189	50	136	223	63	41	24	206	210	104	252	145	11	234	28	54	36	122	247	143	223	17	127	210	79	137	7	
112	48	189	68	79	127	144	107	83	191	160	57	2	60	68	59	137	149	225	33	40	111	243	136	91	210	81	63	193	104	70	182	
102	186	149	82	237	92	96	190	235	185	160	120	194	119	204	246	193	214	232	24	11	72	251	241	31	154	213	126	138	192	198	52	
93	34	144	116	169	60	68	146	107	187	162	88	207	162	201	250	133	68	236	28	148	64	235	0	154	249	87	76	138	241	235	5	
4	184	155	178	202	201	177	224	234	241	32	40	54	252	106	50	163	123	66	17	6	107	170	113	93	128	85	123	192	8	7	203	
64	6	211	69	82	14	107	56	121	132	102	196	89	39	132	213	118	204	2	44	33	208	181	78	45	190	6	0	99	162	102	240	
66	162	42	90	42	208	152	200	174	28	132	161	225	206	230	82	87	243	239	129	6	67	174	113	218	97	171	187	20	132	47	7	
64	51	113	64	48	76	17	16	32	108	60	108	23	23	128	52	20	148	68	72	9	34	240	0	193	172	32	184	96	130	6	51	
51	53	122	74	91	213	146	72	123	192	236	10	122	220	38	180	187	184	210	232	135	35	190	255	51	29	1	43	83	6	110	182	
17	32	94	33	36	27	226	0	109	96	250	69	207	200	150	160	186	13	108	13	141	240	149	192	134	253	35	19	108	6	75	6	
122	34	100	56	105	1	73	72	163	12	176	233	11	207	4	148	204	149	237	128	8	67	202	208	146	240	169	187	115	132	38	97	
2	18	117	69	34	11	171	16	124	36	114	230	204	6	132	36	54	21	106	8	129	240	37	78	4	62	34	130	71	128	5	181	
122	34	83	104	66	2	56	88	49	44	116	235	13	135	128	148	62	157	231	128	0	210	128	192	86	161	33	171	99	128	46	131	
35	32	23	73	105	95	160	72	207	96	224	72	18	156	164	164	204	28	210	8	133	227	243	80	23	24	1	58	81	8	106	165	
41	56	19	88	73	221	144	74	206	96	164	8	158	216	100	180	200	48	234	9	7	107	250	17	19	25	17	59	91	12	75	143	
212	239	255	127	154	98	62	254	54	150	235	243	105	239	141	91	55	255	239	242	112	213	175	127	255	231	103	197	165	243	165	227	
3	141	136	188	169	160	76	39	150	31	200	53	164	179	34	65	201	43	51	140	94	10	66	243	164	48	222	139	24	68	184	218	
37	235	80	27	220	221	166	245	198	88	184	74	251	248	215	166	76	234	218	203	223	43	206	249	62	89	7	56	93	191	248	140	
157	203	111	47	14	27	198	184	197	80	146	194	243	72	185	99	104	224	94	239	237	165	109	61	240	171	227	20	125	187	120	8	
242	20	189	86	9	118	16	39	225	243	163	24	50	62	4	123	129	183	120	128	61	79	241	8	155	186	80	51	0	64	70	62	
133	239	247	87	255	191	166	238	255	250	126	112	104	248	157	167	191	110	230	122	245	253	175	255	46	127	103	6	195	117	203	165	
156	223	255	127	178	98	63	188	54	174	239	224	89	103	137	116	119	127	236	242	120	213	41	110	251	231	103	132	163	243	164	113	
134	255	247	85	242	170	191	246	189	170	126	226	124	247	133	36	39	127	127	202	225	217	47	111	111	46	103	130	231	241	167	189	
71	50	249	81	248	109	249	27	107	255	61	188	156	190	223	58	151	95	125	29	147	98	254	64	77	28	63	252	196	99	7	241	
13	180	248	195	228	126	185	154	106	255	31	50	153	191	219	170	127	94	255	152	147	112	251	192	79	13	191	228	134	239	223	243	
157	237	246	55	181	59	230	172	127	226	219	84	223	120	155	161	179	103	252	127	253	244	93	238	174	255	103	149	238	127	201	4	
238	239	132	158	248	167	79	254	187	182	237	253	232	231	79	21	221	239	239	247	120	71	203	255	252	54	207	188	138	247	170	208	
38	37	237	197	252	11	238	248	73	160	184	74	211	105	85	3	250	205	95	227	249	243	201	204	60	24	167	180	77	251	82	160	
188	73	122	101	118	26	111	112	101	160	246	10	91	11	177	16	122	236	23	234	200	179	32	14	242	237	32	128	103	187	98	128	
89	93	23	229	48	206	101	55	109	168	106	68	191	51	129	245	38	54	92	40	97	152	49	44	229	232	36	16	42	144	193	57	
246	254	215	94	250	241	30	239	187	151	249	248	106	238	237	155	191	251	230	146	122	111	138	255	56	150	117	191	229	241	166	173	
191	255	229	31	182	63	190	236	86	234	219	230	211	120	159	161	127	95	182	103	253	240	111	62	174	79	239	134	237	255	185	133	
168	191	26	59	242	141	190	247	22	13	124	253	181	227	34	1	191	59	7	109	114	186	8	63	108	133	46	233	89	136	171	155	
167	0	226	212	70	50	184	64	121	211	87	146	8	142	255	105	127	141	51	189	165	246	166	192	22	42	218	140	133	237	113	212	
43	34	70	141	79	27	169	75	12	164	222	135	141	138	82	70	104	140	255	133	4	184	69	192	150	80	154	163	63	12	121	222	
25	205	50	118	209	148	118	246	245	8	234	69	104	250	62	208	184	235	2	206	204	185	16	239	51	255	6	0	75	22	235	142	
134	32	162	157	68	162	168	64	30	194	83	19	108	202	51	72	126	41	19	151	160	214	6	202	4	38	155	136	149	109	49	192	
252	253	221	231	190	123	87	188	122	234	63	42	87	117	139	51	51	86	236	99	97	241	169	46	253	231	101	23	230	123	143	43	
34	61	178	208	243	244	186	83	169	204	252	39	44	158	119	36	174	251	151	209	150	171	50	236	59	92	30	235	199	5	39	223	
45	115	96	7	84	31	206	248	101	228	239	205	67	72	159	148	92	204	198	238	205	178	125	44	118	77	133	20	111	191	90	212	
34	43	226	158	205	249	182	195	94	71	89	131	168	236	55	8	217	43	131	7	134	58	110	243	22	22	155	171	213	127	95	206	
0	159	43	237	180	194	71	55	68	72	218	100	176	51	176	96	216	42	31	136	217	184	113	29	232	166	182	128	24	10	244	123	
200	25	190	245	37	156	120	23	237	143	118	24	191	187	3	251	132	55	252	8	140	252	240	136	199	251	112	17	194	136	79	11	
84	245	249	103	170	123	86	236	127	186	59	40	215	125	201	58	179	87	236	98	100	117	233	58	255	199	101	55	240	251	133	35	
19	77	111	133	22	146	175	118	228	192	94	130	49	174	179	100	126	236	23	237	193	153	36	236	112	45	174	128	37	240	49	236	
41	32	70	141	93	25	232	67	109	97	118	87	141	8	22	166	106	141	222	133	133	188	197	192	148	61	146	33	79	12	123	140	
58	73	114	236	118	130	94	116	45	128	250	2	47	139	49	80	126	189	21	226	200	147	0	204	242	237	162	128	39	178	99	137	
90	176	18	250	75	192	16	71	175	21	161	49	44	223	108	80	167	179	223	128	82	11	146	241	147	241	26	107	18	0	167	27	
216	253	149	247	191	107	87	190	159	59	143	56	247	113	8	3	3	86	108	96	122	109	73	63	233	231	53	84	162	219	133	43	
32	141	2	158	84	163	170	99	20	129	91	2	96	234	48	64	120	106	19	131	112	186	10	255	32	38	138	8	21	106	240	128	
65	2	216	101	100	42	105	19	104	3	102	80	179	35	145	122	98	140	60	44	128	176	197	72	196	168	114	0	165	224	67	40	
125	81	125	103	36	78	111	184	101	232	247	104	211	117	153	112	94	212	126	106	201	176	125	44	231	239	101	132	101	187	64	49	
148	252	223	178	250	233	182	239	254	183	56	186	124	254	238	59	171	251	226	19	54	111	170	115	121	135	127	123	209	121	143	207	
222	144	150	248	137	236	80	3	171	27	165	25	142	191	68	27	165	179	253	16	58	79	146	192	155	243	86	91	210	68	135	19	
133	176	159	243	118	143	43	152	62	153	83	242	213	211	232	104	55	25	127	29	179	220	11	86	204	142	59	196	156	129	1	161	
153	93	122	229	118	18	255	117	52	72	118	162	121	31	178	96	126	189	151	238	224	156	37	206	118	233	170	128	39	178	229	249	
118	203	106	174	104	133	79	244	132	140	156	199	97	207	59	80	124	241	143	231	202	3	78	253	240	1	175	185	53	191	54	216	
200	20	190	241	161	108	53	23	250	223	34	17	156	187	74	107	165	23	121	16	48	237	179	66	207	187	86	70	138	112	165	83	
0	223	117	91	154	223	103	190	68	54	108	98	114	85	164	117	103	114	10	106	227	184	127	61	103	138	117	16	114	154	196	169	
58	35	38	173	11	19	57	75	134	180	206	135	137	134	39	204	236	141	239	181	74	219	99	220	150	225	203	151	23	44	36	214	
2	204	2	155	20	163	170	198	22	3	90	18	40	202	49	64	121	107	19	129	98	156	8	255	36	38	154	128	21	91	48	136	
214	232	246	183	46	2	254	236	175	178	146	130	205	78	93	75	167	197	127	227	226	93	139	225	190	218	223	198	37	177	161	9	
226	160	178	218	205	224	240	67	219	23	177	26	40	154	108	91	233	155	163	129	26	127	130	209	31	48	218	111	145	12	246	134	
34	57	162	152	215	229	186	71	15	9	88	227	40	156	117	128	220	59	147	145	150	26	210	243	61	20	154	235	149	14	183	159	
221	111	202	166	144	6	110	212	113	200	235	71	115	227	115	80	116	239	4	254	236	151	156	106	248	229	167	8	41	243	170	8	
165	253	103	74	213	143	239	252	228	80	237	198	81	205	61	53	124	218	83	254	243	163	30	125	107	8	133	76	91	155	242	176	
252	205	199	86	209	110	111	252	53	194	111	92	83	231	41	213	117	222	34	238	121	210	57	238	63	174	197	4	171	251	228	48	
31	31	98	214	211	150	255	112	61	204	223	199	73	238	183	228	118	253	191	231	229	145	61	206	127	127	143	128	175	246	45	117	
124	253	245	71	238	91	215	184	91	234	63	42	86	124	205	183	179	214	236	98	225	241	233	46	63	239	101	55	231	251	198	103	
38	140	66	158	84	163	170	98	20	1	89	18	104	232	60	64	120	42	19	129	48	186	0	255	24	46	138	200	21	75	113	128	
236	205	17	254	233	68	71	188	145	170	173	8	242	243	65	246	209	246	124	74	105	78	250	43	127	190	197	58	2	243	210	43	
148	253	191	191	234	233	183	238	222	246	104	58	246	252	107	105	179	123	34	67	118	125	42	63	253	135	127	63	208	121	133	203	
134	62	230	144	235	245	184	194	187	127	17	191	12	254	127	43	175	187	247	129	164	87	170	210	23	22	219	175	133	117	39	215	
2	236	2	154	20	163	170	230	22	3	90	2	104	202	48	64	121	106	2	145	98	190	8	255	40	6	159	192	21	11	48	136	
2	140	106	153	214	131	170	231	30	3	90	147	44	238	48	64	127	59	19	149	178	155	0	255	60	38	158	192	149	72	177	152	
34	197	246	206	252	34	252	239	89	193	248	139	104	108	60	2	255	247	183	165	208	251	68	204	62	62	207	130	213	254	240	217	
19	90	94	149	34	146	184	80	172	5	82	231	173	138	183	200	38	41	191	205	132	152	5	232	132	105	58	128	44	133	41	221	
134	24	146	157	198	130	186	67	30	3	82	178	172	238	113	72	119	123	179	145	50	220	2	234	12	38	158	128	149	109	33	137	
201	120	178	241	37	220	120	23	249	255	54	24	159	155	66	250	133	55	253	17	180	253	176	194	207	249	86	99	130	4	203	75	
81	223	7	109	176	6	111	183	229	200	218	100	115	51	177	244	116	230	28	236	201	153	1	77	176	188	166	128	43	178	160	61	
192	78	63	117	36	110	97	18	252	222	243	80	247	37	145	123	134	100	108	14	168	229	97	42	197	250	114	16	64	241	69	105	
165	192	73	187	236	3	237	252	22	178	83	82	209	195	249	105	123	204	54	251	97	246	75	80	76	170	255	196	61	185	113	160	
252	215	92	99	171	93	85	189	105	63	167	60	222	51	200	223	151	214	236	106	121	97	251	16	255	243	117	119	250	250	140	43	
104	83	150	214	184	157	20	53	141	141	183	109	230	241	235	158	148	50	238	16	89	203	75	44	170	214	117	154	138	218	140	27	
11	159	18	153	242	191	184	247	63	13	90	229	172	170	166	196	183	59	135	21	182	152	4	255	46	119	62	195	158	196	169	157	
96	88	56	254	108	141	209	216	207	24	176	8	182	153	53	123	200	0	95	72	138	47	114	177	71	184	80	58	80	25	80	138	
233	89	85	69	168	30	68	182	225	248	38	76	147	51	129	247	0	100	124	106	233	248	113	12	167	250	100	16	42	176	64	45	
2	201	6	143	30	131	168	101	142	0	82	2	172	202	48	64	110	41	59	193	66	152	3	253	36	48	138	192	21	10	161	136	
3	157	83	155	211	193	186	231	31	65	88	231	172	238	38	196	110	59	131	213	23	152	22	255	44	4	158	194	191	14	169	157	
234	184	182	240	205	236	16	199	251	27	164	24	174	191	100	27	133	147	251	16	50	111	146	209	155	219	86	123	194	72	199	27	
204	20	183	117	173	110	117	23	248	255	35	85	158	49	64	219	133	7	105	28	177	253	179	2	205	251	118	68	194	96	197	99	
18	73	82	140	126	128	190	101	141	0	210	130	172	142	52	64	238	57	159	193	66	139	2	221	180	56	138	138	21	30	49	137	
254	106	198	164	42	90	57	76	169	174	182	171	239	142	199	95	110	245	237	226	8	71	231	200	144	240	235	155	165	183	38	77	
6	44	146	155	86	162	184	66	62	131	90	146	172	206	49	72	127	59	179	145	34	220	2	234	28	38	158	194	149	65	33	153	
85	45	139	166	240	70	110	212	96	192	106	68	113	242	209	112	114	238	20	252	141	146	156	42	188	172	175	8	168	114	34	8	
84	175	251	102	226	74	118	248	115	162	122	234	119	245	192	50	55	223	100	98	172	114	173	42	250	134	101	37	228	250	7	35	
85	36	154	164	246	10	102	136	122	162	10	108	86	240	193	16	179	237	100	23	37	80	136	10	188	132	37	102	172	114	11	3	
21	247	85	69	186	11	174	168	108	178	10	236	215	32	221	35	55	85	72	123	241	240	61	94	172	130	111	116	76	243	3	33	
252	112	173	55	141	125	85	150	226	247	166	29	147	117	75	59	129	194	232	2	108	100	243	32	199	195	84	49	192	121	222	114	
165	196	5	89	236	7	231	232	150	58	177	80	83	81	57	43	89	64	115	238	105	102	75	29	109	138	229	196	89	123	242	160	
244	50	157	62	40	76	85	184	130	254	165	109	214	119	75	91	133	212	108	98	105	71	251	8	217	163	101	60	88	112	6	115	
73	128	156	87	137	125	81	187	231	247	39	24	255	115	74	255	129	70	232	24	54	108	251	17	203	219	85	117	194	104	8	78	
12	168	156	243	237	253	113	154	223	127	36	28	223	225	107	26	129	10	110	26	54	100	26	51	207	223	85	125	218	217	77	210	
104	48	189	244	205	109	144	71	83	187	161	24	154	61	68	138	137	151	225	17	25	122	211	130	221	215	80	123	193	72	134	178	
125	95	223	238	160	46	87	176	33	142	234	101	83	103	33	90	244	244	44	102	77	146	73	40	242	239	101	0	168	251	96	83	
34	171	160	158	205	241	190	203	158	87	88	139	172	236	119	8	201	123	163	5	6	58	110	243	21	22	218	171	213	77	85	222	
51	4	37	69	29	31	205	32	101	238	178	4	195	40	148	167	204	196	122	175	237	240	117	156	161	218	207	16	73	104	80	116	
99	168	222	83	201	156	48	134	235	177	38	24	138	186	68	126	197	118	104	24	23	123	218	240	15	154	85	127	192	224	202	140	
98	50	72	32	40	24	88	16	35	40	188	237	79	3	130	22	7	196	205	140	12	64	217	192	206	241	161	145	46	134	74	147	
24	162	127	105	56	2	105	152	54	36	226	229	195	71	128	208	214	149	237	132	170	208	233	17	192	227	171	132	32	128	36	113	
109	34	216	100	168	28	88	17	98	245	38	13	211	35	83	90	129	204	108	28	28	66	181	0	219	233	117	37	160	240	74	72	
51	0	143	93	1	22	160	72	248	192	226	68	82	224	52	246	248	252	232	136	141	227	183	77	3	186	194	0	73	34	106	148	
16	34	63	49	42	203	49	72	246	180	240	169	151	198	224	0	55	57	78	129	2	227	46	29	200	130	47	57	112	8	39	227	
82	34	14	124	8	132	152	74	166	148	192	133	193	206	114	66	204	125	233	129	142	67	138	17	211	161	171	157	0	0	63	82	
221	119	107	97	162	126	95	16	225	238	189	236	91	5	215	191	54	212	212	126	233	116	188	10	242	201	37	180	239	247	74	113	
49	181	122	72	95	151	146	232	95	32	236	10	120	216	110	48	251	185	210	224	134	35	58	223	115	77	3	47	89	6	111	134	
1	35	93	69	50	94	170	0	108	96	106	64	206	10	148	224	182	69	106	73	133	176	53	76	164	62	10	0	76	130	73	4	
114	34	73	232	104	1	72	72	163	36	176	169	2	207	196	144	206	145	239	128	10	67	202	81	150	144	169	187	117	128	6	225	
3	32	103	65	3	86	169	64	44	96	242	194	216	6	148	164	46	149	122	140	129	225	37	192	21	58	11	128	67	132	33	116	
50	34	87	65	66	19	184	80	53	36	240	227	9	143	4	144	126	157	195	128	4	211	129	192	22	225	3	131	67	128	47	129	
33	32	16	56	13	221	144	72	206	104	176	72	159	216	54	32	200	33	126	1	141	99	222	144	129	216	11	59	89	12	75	132	
107	184	48	56	45	157	208	207	203	124	164	13	174	216	94	148	129	3	204	13	134	107	218	177	153	89	17	58	90	12	11	79	
19	32	207	77	72	82	168	72	230	208	242	194	81	190	244	166	233	221	122	136	5	243	175	193	31	249	207	135	77	32	107	164	
34	143	136	189	184	192	20	39	158	75	88	113	164	178	162	64	193	42	191	133	118	136	66	247	164	54	190	139	24	76	184	15	
82	50	91	160	98	82	56	80	185	0	226	225	77	167	160	208	54	157	234	128	5	211	134	204	150	227	75	131	33	128	47	149	
105	48	115	64	107	13	97	80	171	44	100	12	30	149	132	180	164	28	98	12	128	241	176	80	23	56	1	34	66	132	66	245	
103	50	225	96	244	109	235	90	107	233	57	236	158	190	221	60	191	223	117	157	147	114	252	64	157	28	61	174	205	227	71	245	
33	33	93	229	252	11	239	121	204	176	248	74	211	41	149	35	106	196	127	107	201	242	201	76	124	24	239	180	77	170	83	160	
88	48	123	32	98	72	112	80	49	96	114	169	95	23	0	112	54	157	247	0	4	82	133	64	214	225	33	137	96	128	39	3	
209	74	71	172	14	11	96	184	197	80	146	194	115	72	177	103	104	164	110	239	237	165	111	157	212	42	225	20	127	185	120	12	
34	170	114	85	82	150	171	214	59	5	116	194	40	195	164	180	62	251	19	136	162	218	164	239	22	188	18	138	99	128	99	173	
133	238	223	94	234	189	182	239	254	154	254	114	105	248	173	175	191	127	110	194	245	239	175	255	62	255	119	11	193	241	235	141	
156	239	253	119	154	34	127	188	54	166	235	213	201	103	9	81	119	223	237	230	248	208	253	126	239	231	231	133	161	243	164	112	
92	88	187	244	66	104	51	210	177	134	110	41	63	183	97	90	38	245	233	66	0	215	176	104	211	167	81	9	160	113	39	107	
94	223	238	111	178	6	111	188	53	174	255	165	193	103	139	84	117	214	237	238	200	208	105	44	238	239	167	132	163	243	164	113	
33	189	40	40	188	13	198	191	67	109	184	77	147	56	86	0	73	194	94	93	222	42	221	183	248	93	52	124	221	222	218	205	
47	251	97	78	250	147	207	252	83	228	252	239	105	204	223	180	94	248	151	254	223	58	238	255	62	28	37	252	127	191	234	253	
227	252	213	95	253	255	71	175	91	59	108	120	102	115	140	247	147	214	96	42	115	92	251	255	63	190	85	126	154	217	194	45	
220	223	80	174	170	8	23	184	27	166	47	239	111	101	137	210	55	215	236	98	64	49	139	63	252	231	101	63	102	251	141	49	
82	184	18	186	203	192	50	207	175	21	161	49	172	222	108	82	231	179	251	131	82	15	154	241	153	240	26	107	16	3	167	155	
37	67	141	189	100	11	237	184	22	178	82	70	213	67	217	105	122	76	54	238	193	240	79	16	204	138	255	132	28	185	113	160	
124	119	245	71	254	90	247	184	105	168	191	106	90	125	205	182	54	212	236	98	193	241	173	40	63	239	101	55	103	251	199	37	
182	237	253	127	202	243	190	238	254	214	248	187	233	254	13	171	255	255	239	195	124	111	239	127	61	231	255	187	197	113	167	254	
197	253	252	55	180	59	118	188	127	226	91	68	207	120	155	224	51	199	238	227	245	240	93	254	174	127	71	7	238	247	137	4	
7	223	247	87	210	134	191	246	190	134	126	226	249	247	165	100	39	119	122	202	224	217	47	254	45	46	15	130	71	241	165	173	
125	81	125	103	100	78	111	184	101	232	247	106	211	117	153	112	94	212	124	106	201	176	253	44	230	233	97	132	111	187	82	49	
45	28	239	87	164	126	237	178	80	246	86	22	83	125	159	171	59	102	49	46	161	240	61	42	71	111	245	128	239	253	92	241	
6	140	2	158	84	163	170	98	148	1	90	18	96	232	48	64	120	42	19	129	50	186	2	255	40	38	138	200	149	11	48	128	
134	62	242	211	226	225	184	67	190	219	81	183	140	254	127	8	239	59	179	149	178	222	138	210	28	22	219	239	133	69	167	211	
134	0	162	158	68	162	168	64	22	130	81	18	72	202	49	72	120	41	51	145	160	182	2	202	16	38	155	136	149	105	48	128	
189	239	172	63	156	183	206	254	86	234	217	87	241	232	91	32	221	239	118	239	253	246	255	63	236	207	239	165	253	251	187	132	
156	239	254	255	154	171	191	238	54	182	249	187	255	230	107	1	63	123	238	227	118	247	47	63	232	199	111	45	245	251	167	227	
220	255	251	230	210	107	55	252	115	166	63	234	127	247	201	48	55	214	228	98	116	243	173	110	251	135	101	37	227	251	135	35	
18	65	114	142	54	128	254	101	141	0	208	130	172	206	60	64	126	185	31	225	194	131	0	221	176	56	138	152	53	26	161	137	
154	85	122	239	114	18	127	117	53	66	119	162	121	31	177	97	126	189	151	234	232	148	37	206	118	235	238	128	39	182	228	251	
0	140	11	159	212	163	171	231	22	1	90	210	49	238	48	64	123	43	19	129	50	152	1	127	124	38	190	192	149	8	177	136	
239	221	199	94	249	246	102	174	183	218	238	80	122	246	173	255	217	254	234	222	121	207	251	255	47	254	199	14	218	125	232	180	
218	188	158	243	139	224	53	135	186	23	34	179	188	190	74	75	167	83	233	145	54	77	171	227	237	243	94	207	160	81	165	91	
210	72	114	172	54	130	94	100	45	0	242	2	47	138	53	80	126	185	159	227	200	151	0	207	178	249	138	136	53	178	33	9	
134	32	130	153	68	162	168	64	54	130	83	146	72	206	121	72	126	41	51	147	0	214	0	194	0	6	155	136	133	109	49	128	
6	197	214	158	222	3	236	237	157	144	217	2	236	234	56	67	122	235	23	161	112	235	74	204	60	50	207	136	149	122	241	136	
90	136	24	190	161	76	92	167	189	19	135	145	159	191	40	88	231	151	189	131	88	13	145	243	211	247	90	91	22	130	165	90	
43	212	164	223	125	148	220	191	95	91	244	18	232	61	190	101	221	202	55	137	238	110	123	247	111	255	222	218	22	156	208	239	
198	232	214	148	106	0	254	238	171	178	146	130	236	206	117	75	167	213	127	195	64	69	139	241	180	154	207	172	5	49	33	137	
35	61	50	218	255	180	186	86	139	201	92	35	44	158	247	32	206	59	151	145	150	43	162	239	63	28	158	234	215	70	35	223	
151	77	103	229	54	130	238	112	117	192	82	198	121	15	181	225	126	245	23	239	233	181	5	236	48	170	171	128	45	179	112	49	
13	52	248	193	245	124	187	218	98	237	31	38	217	181	219	174	63	94	255	152	147	112	249	194	79	205	167	229	143	239	95	241	
216	157	23	237	48	206	85	55	165	73	202	96	191	55	0	115	6	54	125	8	121	137	113	13	225	240	118	16	42	128	165	59	
43	216	36	255	61	212	221	190	95	91	212	20	184	253	62	228	205	10	183	141	239	106	115	183	103	127	218	154	22	28	216	255	
153	191	30	187	178	143	94	247	53	74	88	69	183	82	34	49	255	107	22	231	255	220	24	63	232	195	47	192	56	208	163	217	
202	176	150	248	137	236	16	67	171	27	161	24	142	191	68	91	165	179	255	16	50	79	146	208	155	243	90	123	130	64	135	19	
40	89	125	79	138	91	103	188	196	4	238	166	243	97	165	102	70	118	106	74	65	185	127	61	103	175	101	16	123	251	196	57	
253	109	66	180	240	134	78	246	113	202	234	69	115	227	51	81	89	238	4	238	253	218	208	46	248	239	167	136	42	245	234	88	
230	238	204	156	248	173	79	239	187	183	172	157	167	231	86	159	207	239	239	6	58	79	218	243	188	183	223	188	148	245	218	248	
83	141	7	158	149	212	108	103	164	77	202	67	32	254	50	224	232	162	179	129	124	139	50	255	177	38	154	203	17	6	180	78	
167	32	226	209	198	50	168	67	120	227	83	147	8	142	119	104	127	141	51	181	132	246	166	194	22	42	218	132	133	109	113	196	
236	223	208	70	235	89	55	188	59	182	47	172	111	247	203	214	55	214	224	98	80	124	185	51	126	231	85	55	114	251	207	27	
8	207	42	124	244	148	254	231	245	13	254	5	99	233	62	80	216	106	195	141	126	187	2	47	115	127	150	73	74	212	254	154	
165	229	136	75	189	63	207	206	94	27	185	24	211	104	157	168	217	74	66	251	59	38	121	59	45	223	173	116	217	123	218	164	
162	160	224	218	205	241	248	203	155	31	117	27	12	222	126	44	233	155	147	145	22	126	234	211	31	28	154	239	215	4	215	198	
133	98	157	249	110	130	169	88	62	184	83	226	213	3	209	106	126	93	127	223	195	212	75	64	204	136	171	132	140	145	33	161	
204	20	183	188	131	108	53	23	189	215	99	17	220	183	32	223	167	55	249	16	48	205	179	66	193	242	86	2	138	112	165	115	
255	253	111	70	189	118	95	167	193	198	142	24	90	124	23	55	201	230	253	239	253	195	254	174	251	127	197	31	39	119	254	118	
162	144	244	251	253	31	252	191	95	59	117	26	206	121	156	97	221	14	63	25	242	120	107	215	175	254	213	246	214	140	208	143	
188	120	189	251	143	205	177	216	22	147	101	18	151	221	97	75	193	121	51	83	2	116	250	32	197	193	126	104	144	57	5	163	
43	212	116	251	109	221	220	191	95	91	116	18	234	125	158	100	221	26	55	13	254	120	123	151	111	255	210	254	22	156	208	255	
218	218	54	188	47	70	92	181	141	90	214	191	255	63	34	75	231	245	255	227	232	79	67	255	211	243	250	155	54	188	181	91	
153	206	66	239	21	147	78	240	84	2	94	198	99	65	179	196	88	232	134	110	233	180	45	191	226	207	160	129	127	191	120	232	
18	133	71	158	151	192	110	105	164	1	203	3	96	234	56	228	120	163	27	163	94	139	30	253	177	36	138	73	53	6	180	110	
6	76	2	152	84	163	170	103	20	1	90	2	96	234	49	64	121	42	19	145	32	190	0	223	40	38	138	192	149	10	48	128	
97	5	91	229	116	10	234	55	104	169	250	72	215	11	148	112	222	237	110	105	136	186	193	76	228	188	162	144	77	138	67	169	
195	190	1	147	58	184	186	174	63	123	18	245	172	6	214	199	167	71	253	151	231	76	143	247	156	16	31	254	12	5	11	93	
66	104	150	149	110	0	188	236	174	178	146	2	236	138	113	74	231	101	127	195	64	69	131	233	180	50	223	140	4	48	33	9	
130	193	150	159	252	3	172	237	158	144	209	18	236	234	56	67	122	107	59	225	112	253	75	205	44	50	207	196	21	58	177	136	
2	241	160	153	207	229	180	207	30	117	88	155	172	190	110	8	141	27	179	145	18	122	218	241	13	20	222	239	149	92	149	219	
35	181	242	202	118	180	186	95	11	73	124	163	44	254	190	32	222	59	151	149	150	58	34	215	46	28	158	234	215	198	227	223	
34	185	160	156	221	233	178	206	143	117	88	171	172	188	118	0	201	59	179	65	22	58	210	241	61	20	154	43	213	78	149	222	
47	118	225	103	118	125	234	90	107	233	121	238	25	158	221	188	63	221	215	157	131	178	252	194	30	124	33	172	239	231	74	245	
93	93	62	174	34	143	95	184	45	202	206	44	255	114	163	113	246	243	93	239	237	131	61	61	240	239	111	144	56	114	169	27	
3	172	90	87	112	134	171	246	60	128	122	196	49	195	180	17	126	107	19	140	163	152	16	111	36	174	170	128	73	128	99	184	
6	12	130	155	214	163	170	67	30	131	91	146	108	238	49	72	127	59	19	145	50	152	8	238	12	38	154	192	149	77	49	144	
228	223	219	86	211	251	55	254	251	182	47	190	108	243	205	245	55	254	226	98	113	127	190	127	62	46	69	111	235	243	207	189	
57	237	66	55	244	134	111	246	113	202	126	68	115	99	147	212	121	238	20	238	237	218	68	47	110	239	165	128	43	245	250	201	
217	221	113	78	154	29	71	188	70	2	254	230	243	245	165	100	118	246	108	106	201	169	125	59	243	237	36	24	123	251	196	57	
124	251	241	70	246	27	183	248	107	168	191	234	91	124	221	166	62	221	228	99	193	179	173	168	58	205	37	182	103	187	207	165	
244	253	247	86	210	107	55	238	123	179	111	58	107	241	205	55	63	254	98	250	112	255	142	111	59	174	69	47	227	243	231	164	
141	238	190	63	172	187	254	239	254	211	251	145	235	232	94	43	187	111	234	131	254	255	143	115	236	127	87	13	197	245	235	140	
96	32	82	84	66	137	49	72	171	128	100	42	12	211	100	150	34	252	115	8	0	243	146	64	22	40	1	42	99	128	99	163	
19	54	87	37	18	15	42	96	60	164	98	228	205	38	128	145	182	213	108	165	165	208	5	78	164	230	43	128	97	32	35	181	
94	219	108	101	50	26	111	184	37	164	254	229	219	103	141	84	118	212	237	238	200	144	237	76	110	239	167	132	39	178	100	113	
113	160	184	186	14	193	209	200	198	80	160	11	180	248	114	2	201	227	122	145	14	99	222	49	216	1	143	59	93	40	122	130	
204	239	237	127	184	162	79	190	55	182	239	144	241	231	73	87	93	255	111	250	122	214	251	127	255	191	199	132	163	243	164	112	
202	176	150	248	9	237	48	66	171	27	161	24	142	191	68	91	165	179	251	16	50	79	146	209	159	211	90	123	194	64	7	19	
86	184	18	186	139	196	18	200	175	25	161	17	172	222	108	90	231	243	255	210	18	11	154	241	155	240	26	251	144	3	167	147	
182	239	173	255	184	235	174	238	54	190	249	243	225	238	153	129	125	255	239	227	120	246	239	63	189	231	239	181	245	115	135	240	
213	253	174	62	221	191	118	254	247	250	251	31	122	232	63	99	249	231	110	231	252	247	159	255	254	62	71	4	201	253	250	70	
167	237	206	189	248	171	190	230	190	182	108	157	181	226	19	17	203	111	123	78	118	223	218	63	252	167	255	169	140	113	155	218	
134	32	130	153	20	162	168	64	22	131	83	18	72	202	57	72	120	41	19	145	50	214	0	202	0	38	154	128	149	105	48	128	
3	93	70	95	178	134	175	246	60	142	126	198	248	227	181	68	127	111	59	206	224	216	19	111	110	190	239	128	79	241	161	184	
64	0	76	229	24	6	73	24	55	164	102	133	213	39	0	80	86	213	109	140	40	208	217	13	199	227	235	128	40	160	36	48	
184	76	82	228	102	42	126	116	53	130	250	2	11	11	49	89	122	237	23	226	104	183	0	206	178	233	162	128	103	243	98	137	
51	0	37	101	44	75	193	32	109	232	178	40	210	56	148	39	200	68	124	45	41	225	101	12	129	186	225	146	76	40	80	101	
111	113	96	74	237	84	223	88	193	200	189	5	26	220	127	191	204	128	149	255	205	35	122	192	83	89	133	31	83	127	122	118	
88	88	187	252	1	228	117	22	177	134	110	9	62	183	97	90	160	247	233	128	64	207	178	105	209	183	92	11	32	112	38	122	
220	137	25	242	135	236	91	166	53	23	103	26	95	55	104	89	225	147	57	218	120	30	89	182	219	239	210	73	178	1	164	42	
35	159	23	188	189	132	20	55	220	73	202	100	164	176	32	224	196	50	10	1	239	139	18	255	161	54	190	138	24	68	176	31	
99	51	137	161	112	12	106	16	40	232	104	205	148	14	86	16	148	205	87	68	133	144	208	64	164	60	175	160	8	130	67	208	
159	92	71	228	38	2	238	112	117	194	211	230	89	255	177	229	126	245	63	239	225	149	13	206	48	234	235	132	47	183	113	49	
125	89	123	103	100	78	111	184	101	232	247	78	83	85	153	112	126	196	124	106	201	176	253	44	246	233	165	148	111	187	82	49	
125	91	223	231	178	14	87	184	33	140	234	101	91	119	43	82	118	228	44	110	201	147	185	40	243	239	37	0	170	251	96	113	
78	170	172	182	171	192	57	169	154	23	5	163	236	239	75	10	183	123	237	145	86	73	138	241	201	87	223	251	148	102	5	75	
149	111	123	103	116	194	111	112	112	232	122	96	113	82	144	112	114	252	20	250	233	146	172	46	236	169	167	128	32	162	38	161	
223	55	249	64	163	125	93	89	41	254	183	189	79	12	223	191	39	149	221	62	245	101	189	192	219	217	69	183	111	246	143	117	
61	25	237	119	181	126	89	186	81	255	87	2	91	125	159	175	49	214	181	61	189	248	61	172	79	239	245	133	231	237	92	119	
108	225	232	32	156	205	81	139	35	245	172	141	151	13	90	18	137	132	73	85	30	104	250	17	203	197	5	125	224	136	222	82	
74	34	6	188	9	196	89	90	167	156	132	129	196	207	114	66	205	245	105	133	10	75	194	209	209	176	139	61	18	132	54	82	
1	48	21	105	45	79	144	72	206	224	160	72	214	216	84	38	136	21	106	1	141	97	219	16	145	154	11	58	88	8	9	6	
51	34	199	173	16	6	232	75	52	164	226	197	65	6	4	208	252	205	67	164	41	210	81	78	144	238	171	128	9	0	98	180	
75	32	7	76	9	82	168	72	230	128	130	64	200	218	148	230	200	213	122	137	141	227	231	192	145	122	139	24	65	4	41	36	
3	50	72	161	32	15	184	73	62	160	66	197	149	3	2	64	94	13	115	4	4	208	213	8	196	131	171	160	12	0	11	146	
83	33	34	164	85	142	67	64	117	132	202	15	66	200	114	84	248	237	106	197	140	179	150	202	176	52	1	10	105	142	112	70	
1	107	85	229	100	11	239	48	76	184	82	64	213	3	208	98	90	108	110	110	193	176	195	0	228	136	111	128	12	186	81	169	
40	169	49	120	221	221	243	194	223	149	104	9	46	217	116	132	169	107	195	81	2	107	186	245	123	93	7	107	211	12	247	234	
56	167	233	161	252	43	79	159	19	237	248	221	131	41	218	16	89	142	7	61	154	186	69	151	238	221	181	244	245	204	214	232	
178	197	82	174	30	129	206	109	141	0	209	2	239	202	56	64	126	169	31	227	106	7	72	223	176	240	138	152	53	26	177	0	
0	2	87	216	106	203	33	72	247	176	226	170	239	213	224	244	51	184	234	0	2	99	15	81	156	146	5	63	118	136	37	36	
97	0	223	77	40	90	130	72	254	0	234	0	210	242	164	242	216	108	122	8	13	227	251	93	1	62	194	31	88	42	122	134	
112	49	248	100	16	76	65	19	96	228	174	13	147	7	67	82	80	196	104	88	8	72	241	0	203	173	5	49	224	160	70	82	
100	166	219	71	210	11	46	184	114	162	106	200	115	97	64	19	55	221	66	34	32	242	141	106	124	134	5	36	229	242	38	160	
5	168	223	87	202	138	180	232	186	178	32	0	116	242	76	178	51	127	98	24	35	209	154	121	13	170	71	38	193	96	67	162	
104	48	184	241	237	109	144	7	75	59	181	24	158	189	68	186	141	31	243	17	27	106	211	130	95	215	84	123	202	72	142	163	
12	176	188	209	237	125	113	27	255	255	37	29	158	241	75	26	145	10	110	28	2	100	251	147	207	223	85	125	218	104	71	242	
165	37	65	45	242	42	70	184	16	162	96	232	115	99	137	81	91	206	4	110	104	214	201	14	108	174	37	52	56	250	66	160	
52	23	21	229	188	47	71	184	68	170	187	108	211	49	137	24	89	212	76	106	41	162	89	30	225	134	229	52	248	251	82	32	
117	44	210	150	214	136	102	192	58	162	98	9	102	225	97	30	51	238	32	30	52	210	140	106	60	4	5	40	160	120	82	136	
116	168	188	16	137	253	20	135	235	183	160	25	14	184	71	26	129	231	232	16	30	107	226	112	219	218	85	127	208	112	199	78	
45	237	172	191	188	175	238	252	86	234	91	69	243	232	27	32	221	110	118	111	255	240	223	61	237	239	239	36	252	123	216	210	
140	239	247	191	154	107	55	254	55	182	239	250	239	231	41	69	63	255	238	226	120	247	79	255	253	150	69	52	242	251	165	33	
34	177	160	138	223	229	184	207	11	105	88	47	172	188	110	0	157	27	151	17	146	58	218	209	63	20	158	239	213	78	151	219	
214	54	253	68	106	123	121	121	41	254	181	189	74	62	222	63	167	149	253	39	245	101	172	192	90	90	117	183	103	228	7	119	
112	185	105	96	84	77	65	19	34	228	172	9	19	21	80	48	24	156	81	88	75	58	240	4	207	141	5	116	97	136	86	122	
0	34	85	201	74	15	41	10	62	164	226	192	196	3	132	84	94	156	106	136	0	176	69	92	4	6	1	32	80	136	4	160	
81	32	23	76	10	11	176	73	255	160	226	42	214	152	68	36	178	29	106	1	4	121	135	80	148	18	11	58	65	8	3	6	
17	34	15	173	16	7	104	91	52	160	98	212	211	2	16	80	252	141	54	173	173	216	65	30	149	174	186	0	105	0	50	136	
17	32	12	165	18	11	104	75	54	160	66	195	151	3	16	64	114	13	91	45	5	216	69	12	196	174	171	0	44	128	17	128	
98	233	0	154	93	221	66	200	131	4	232	9	162	205	60	148	200	232	203	69	14	43	218	177	51	117	0	59	82	14	94	74	
40	169	51	122	221	221	210	199	223	21	108	9	174	221	116	132	137	58	195	81	2	43	154	247	107	85	20	107	82	12	223	170	
86	169	148	94	11	192	176	128	171	145	160	8	232	242	68	182	129	123	104	208	6	75	202	113	153	146	87	123	192	2	43	142	
104	176	152	243	237	253	149	23	75	127	189	24	158	185	74	14	141	31	246	17	18	122	242	128	79	221	20	123	194	72	143	139	
44	48	184	113	237	125	113	27	107	255	61	29	158	241	78	30	145	26	239	28	18	100	251	210	207	221	81	126	218	108	199	243	
106	168	148	92	201	248	148	167	170	31	160	25	42	250	68	154	129	83	232	0	22	75	194	33	155	242	92	123	192	68	207	14	
0	38	85	101	122	11	174	56	112	162	34	204	211	33	128	19	63	84	98	46	96	240	77	12	108	138	101	0	105	240	67	160	
220	119	127	101	50	6	79	184	100	172	190	100	91	83	129	115	54	212	76	234	233	245	57	12	243	233	231	148	42	179	98	49	
253	81	255	36	50	14	87	184	161	204	182	36	95	83	131	83	118	228	124	126	233	199	185	12	251	235	101	148	107	179	98	115	
115	33	18	44	29	200	194	72	207	0	224	1	198	216	36	116	208	173	106	65	78	35	206	81	144	60	3	63	89	10	107	6	
65	2	189	69	44	75	225	32	108	168	146	104	214	56	132	99	130	84	126	41	137	240	197	4	132	58	99	16	68	40	81	33	
98	32	77	69	82	10	104	8	63	160	98	193	81	35	0	80	114	220	107	172	32	208	193	76	68	170	193	0	96	160	66	160	
34	177	176	144	239	229	184	79	139	121	89	43	140	190	76	0	141	27	179	145	146	26	218	209	29	20	159	239	144	78	135	219	
17	32	86	36	74	3	104	72	55	128	226	129	69	195	0	16	58	221	106	132	12	211	151	68	84	162	11	8	97	128	43	128	
16	40	94	92	74	128	176	74	168	128	224	2	0	195	68	18	42	237	98	136	2	235	146	65	22	40	3	42	65	0	99	128	
17	15	91	229	50	70	111	112	52	202	250	96	85	119	160	113	126	125	20	234	233	144	33	14	224	175	171	128	41	242	35	161	
96	168	190	50	137	201	144	198	202	181	160	25	166	184	102	26	129	119	234	17	30	107	202	112	217	19	95	127	208	72	143	14	
237	21	149	101	188	47	71	184	96	170	170	76	215	49	129	23	21	212	76	106	57	224	89	14	225	166	101	20	234	251	66	49	
53	6	84	173	242	10	102	122	48	162	106	226	87	99	129	80	115	204	6	42	97	144	69	14	108	166	101	4	109	250	66	161	
105	49	113	76	80	78	67	56	97	232	226	76	83	21	129	116	84	220	116	110	201	178	241	8	197	188	33	24	106	162	66	112	
190	133	64	174	4	3	78	249	21	2	241	2	75	74	56	65	122	201	23	227	120	135	72	191	178	233	139	156	53	171	240	0	
2	132	34	137	212	163	170	103	84	1	90	18	40	170	48	64	121	43	19	177	146	184	0	223	40	38	154	192	149	10	177	136	
248	233	24	250	25	213	82	136	131	49	164	8	175	215	72	176	200	147	249	208	74	11	218	49	187	213	133	123	50	2	10	42	
89	221	115	78	178	154	71	190	117	74	254	238	251	245	165	116	118	254	12	234	233	184	253	63	242	239	36	152	127	251	192	61	
3	181	240	203	246	177	186	79	95	65	93	163	172	206	188	32	255	27	19	157	150	56	108	215	46	28	154	234	215	206	241	221	
1	97	9	161	112	15	107	16	40	232	104	76	149	22	16	48	148	13	93	109	193	144	241	12	229	172	43	128	8	2	3	240	
57	223	67	63	214	158	103	246	113	202	126	102	115	113	163	244	127	238	22	206	237	154	101	47	62	239	180	128	43	247	250	205	
86	184	18	186	139	228	18	200	175	25	177	41	108	222	109	88	229	179	255	210	26	11	154	241	155	208	11	255	144	3	39	147	
6	13	130	155	214	162	170	67	30	131	91	146	108	238	48	64	127	59	19	145	50	152	8	254	44	38	158	192	149	74	177	128	
41	205	237	205	116	18	207	182	84	230	94	198	241	45	151	101	94	204	23	239	233	188	101	174	102	111	238	128	63	252	208	248	
96	160	56	188	13	201	144	200	198	48	128	9	183	216	82	66	201	225	106	1	14	99	218	17	217	129	143	61	80	8	30	130	
21	174	190	63	173	159	238	232	254	186	242	1	231	232	57	171	217	111	110	15	252	249	155	125	189	255	95	1	192	115	233	134	
13	120	254	103	109	94	241	156	194	253	119	2	121	253	223	42	42	116	177	88	132	240	187	160	79	107	229	129	231	175	84	243	
60	255	222	87	147	103	167	238	114	190	253	26	123	224	205	177	63	255	228	242	121	242	187	47	185	239	101	109	233	115	239	160	
171	245	116	251	253	157	252	191	95	123	93	58	142	253	254	100	207	27	255	29	246	56	123	215	175	223	183	254	150	204	208	223	
94	170	161	186	123	192	27	200	187	157	29	163	236	199	74	20	183	251	237	144	2	74	138	241	217	212	155	239	50	7	39	123	
9	207	198	95	180	134	239	247	124	138	126	102	248	227	181	196	125	110	38	140	227	152	7	111	46	174	182	128	111	208	233	185	
216	217	27	240	179	204	53	167	168	89	38	16	190	151	96	114	163	51	217	80	83	13	178	97	249	241	30	67	0	16	135	59	
93	89	62	238	170	78	95	184	228	200	158	40	255	123	171	113	118	245	125	235	237	131	61	60	242	239	111	157	60	243	41	83	
22	222	10	186	29	165	18	216	150	73	201	87	96	250	42	192	221	43	155	145	190	7	26	247	185	54	155	207	152	31	188	147	
241	93	63	220	7	198	21	119	228	200	202	6	48	182	33	99	104	246	56	192	105	139	50	44	241	32	214	2	41	48	112	122	
125	235	242	70	118	27	239	248	99	228	254	170	107	233	223	180	62	221	230	234	205	179	173	238	122	237	5	44	103	191	110	164	
66	192	150	143	108	0	172	236	142	146	90	2	236	202	105	66	122	109	59	194	64	86	203	225	52	50	223	136	4	58	49	136	
97	75	81	229	124	9	239	48	196	160	242	66	183	1	144	226	122	236	94	110	73	178	197	12	228	169	163	160	108	186	81	168	
125	179	99	76	82	19	75	56	37	164	254	238	91	71	157	244	126	156	254	236	201	146	229	14	126	237	161	132	111	162	102	48	
141	172	206	181	176	139	109	115	63	230	90	165	255	227	179	64	115	111	127	13	112	216	7	78	236	183	239	128	172	228	1	211	
134	174	197	221	219	175	111	250	183	182	238	218	232	231	1	213	125	254	235	142	120	218	91	127	191	150	69	20	178	248	132	180	
166	181	116	241	244	175	252	187	95	59	59	58	206	185	92	104	191	159	127	17	178	120	75	215	175	222	85	246	214	136	209	135	
102	168	231	95	120	2	107	184	55	180	230	128	97	231	205	117	95	252	107	168	88	210	235	125	31	254	199	132	231	160	102	176	
40	167	233	97	244	203	73	23	23	237	124	185	147	45	208	16	89	142	7	28	154	184	69	22	110	223	181	245	229	202	214	240	
167	114	235	69	102	30	238	88	121	234	117	254	89	141	223	184	126	204	23	238	197	182	172	66	86	45	225	172	109	179	122	213	
218	88	182	252	111	76	124	151	191	90	210	191	236	255	39	91	231	245	255	131	200	71	131	227	215	251	254	155	22	252	181	91	
101	172	166	158	253	143	228	233	255	250	242	13	114	248	127	83	249	231	122	165	252	227	155	221	124	62	199	14	200	108	122	198	
134	193	86	159	236	3	172	237	140	48	211	2	204	202	56	67	122	69	127	227	80	247	75	213	60	50	207	204	21	42	241	128	
222	144	30	186	41	188	48	216	191	29	167	21	206	222	106	219	165	17	253	83	22	5	154	241	211	241	90	79	154	5	47	19	
252	201	209	243	193	204	119	167	49	59	99	18	19	55	104	89	225	223	53	210	122	222	200	163	255	235	244	65	179	81	230	170	
2	132	2	137	212	163	170	99	20	1	91	2	8	170	56	64	121	11	19	177	18	186	1	223	44	36	154	192	149	10	177	128	
33	14	209	101	18	14	106	55	52	163	106	212	243	35	128	80	118	46	34	44	49	184	69	14	44	174	48	0	105	168	64	168	
45	49	185	227	253	125	241	27	91	253	61	28	158	189	78	42	155	30	198	24	147	120	251	210	207	221	53	126	202	74	199	243	
45	181	249	105	189	125	113	27	31	125	61	28	151	125	92	56	157	26	127	28	147	120	123	147	207	221	53	246	210	72	214	243	
109	181	185	83	253	253	241	155	91	125	61	56	158	249	78	48	157	27	87	17	147	122	250	179	79	221	53	126	194	75	214	227	
28	245	180	239	203	101	55	254	0	178	188	42	255	119	72	7	47	215	209	226	120	106	218	162	253	193	71	44	227	122	167	171	
234	233	56	88	217	221	17	231	219	53	164	24	42	159	70	52	201	186	195	16	90	42	242	183	127	221	20	123	82	8	198	238	
38	181	240	194	244	181	186	75	11	233	121	43	140	252	92	32	159	27	151	17	146	58	232	211	30	28	155	238	213	206	211	215	
50	97	2	200	9	129	72	72	167	160	168	8	0	195	100	150	232	160	106	204	72	3	130	80	145	160	131	59	17	2	38	164	
0	142	209	71	52	170	162	55	124	33	123	244	241	35	128	64	86	46	44	8	177	184	69	15	228	174	50	0	108	128	65	41	
32	32	6	137	72	3	104	75	166	160	224	193	128	131	48	84	72	140	106	140	8	203	195	80	20	48	147	24	80	128	98	136	
80	32	18	44	75	137	160	74	238	176	224	8	134	216	96	18	160	173	106	1	6	107	134	81	145	0	1	63	80	8	35	138	
86	170	225	178	91	240	59	200	155	181	157	171	44	199	77	132	247	249	181	147	10	86	170	243	159	212	143	239	38	7	38	243	
25	85	127	229	34	30	111	48	36	170	158	100	223	55	129	115	54	212	93	234	233	145	49	12	243	235	231	128	42	243	38	49	
103	150	252	24	235	124	24	139	171	119	36	189	142	54	206	191	135	87	233	20	183	72	243	209	14	115	81	255	154	197	143	87	
184	228	24	104	89	197	81	234	83	52	164	8	51	19	74	49	217	152	64	40	106	46	112	23	251	201	1	125	112	0	70	138	
34	178	184	18	233	253	181	199	218	95	49	189	174	252	78	26	143	59	227	17	150	106	242	99	79	21	84	123	192	76	199	223	
124	243	206	109	88	74	235	232	38	180	238	132	113	231	140	208	120	252	238	232	9	210	255	29	31	239	231	133	233	162	110	176	
16	40	22	89	10	131	160	66	246	128	226	2	128	130	4	0	104	173	106	136	0	251	195	96	20	34	3	0	97	0	99	128	
100	33	185	98	216	108	67	136	98	53	45	8	214	117	73	26	145	222	96	88	26	98	251	32	205	141	5	125	192	123	70	98	
109	85	149	101	137	79	71	184	97	250	42	76	214	53	1	255	16	84	108	106	121	112	249	8	173	250	69	20	202	251	194	48	
114	32	18	90	73	145	16	72	171	148	160	9	34	195	108	146	233	225	234	128	14	99	138	113	19	144	7	59	81	0	106	6	
44	89	254	103	109	94	243	156	194	189	54	2	121	249	81	98	42	116	251	88	128	241	187	160	79	233	37	1	231	187	92	163	
221	103	85	69	32	30	78	176	97	170	190	108	211	3	145	247	20	196	108	110	233	144	201	12	162	249	101	148	106	179	74	33	
112	32	71	69	24	10	104	8	62	160	226	192	81	35	0	80	112	204	106	172	40	208	193	76	4	170	195	0	65	160	98	128	
72	19	149	101	36	14	167	48	108	168	122	100	215	33	128	98	22	84	110	74	129	176	193	0	228	174	103	0	72	234	65	33	
80	0	148	173	14	11	64	8	86	176	194	3	199	224	0	64	81	68	106	1	12	241	79	29	140	162	69	20	112	40	16	0	
16	32	150	21	11	139	160	72	190	176	226	10	66	224	100	130	185	109	106	0	6	241	138	17	153	162	79	55	65	40	43	134	
253	80	127	228	42	78	95	56	161	254	182	36	91	87	131	123	118	213	125	234	233	197	249	140	243	235	225	148	107	179	98	113	
63	255	99	78	91	211	75	248	115	72	253	238	105	195	191	244	94	248	134	234	207	50	236	255	62	92	161	232	127	166	106	244	
6	141	130	155	148	163	174	71	22	131	91	146	104	238	48	64	123	43	19	145	50	152	8	255	44	38	158	192	149	78	177	128	
253	89	127	238	58	78	95	184	241	204	182	40	127	119	163	115	118	245	125	234	233	199	173	44	243	235	103	144	54	179	38	115	
28	178	214	101	23	91	67	56	119	164	255	174	219	104	139	164	59	253	236	224	73	240	125	12	234	231	101	21	231	34	46	34	
136	174	198	149	118	235	107	118	189	238	94	247	237	227	178	212	51	238	191	12	32	220	5	255	254	39	55	129	174	228	60	201	
25	95	199	95	182	150	238	55	117	202	254	230	249	115	183	228	126	102	54	238	237	184	37	239	46	239	166	128	111	246	104	221	
156	121	208	251	131	141	87	220	23	162	167	2	46	211	105	92	119	218	140	90	106	229	91	178	251	220	5	55	186	251	132	43	
10	48	177	179	227	109	185	15	58	247	17	221	188	31	92	26	167	31	243	149	146	92	147	194	77	85	94	164	197	68	135	251	
57	223	115	79	246	154	111	255	117	72	126	230	123	116	183	244	118	254	150	236	237	186	45	191	182	239	164	128	63	254	226	253	
29	161	158	189	31	75	224	232	126	252	242	7	238	248	27	193	251	109	110	101	141	241	219	93	156	231	111	7	233	42	105	67	
118	48	18	184	233	229	16	75	175	24	176	41	204	222	109	88	253	177	223	145	26	3	146	209	153	208	11	255	144	32	39	19	
125	176	190	189	95	203	177	235	254	212	242	39	246	248	26	195	123	108	106	33	165	251	223	29	220	39	119	31	237	44	123	195	
17	141	15	237	180	134	111	55	36	8	218	66	183	35	176	96	112	166	29	232	121	152	65	61	225	173	162	128	60	162	240	40	
134	181	116	241	252	175	252	251	127	59	59	58	206	185	124	40	191	159	127	17	242	124	75	215	190	222	87	230	214	200	209	133	
54	190	222	223	219	211	181	232	254	254	230	166	104	226	175	247	127	255	234	160	117	211	191	253	60	166	71	39	153	98	45	245	
166	219	152	186	184	133	28	221	158	29	80	117	172	215	235	72	213	59	151	208	82	79	10	241	168	22	191	239	152	92	168	155	
190	13	68	172	196	3	78	248	21	2	240	2	75	107	49	81	123	233	23	226	120	182	72	190	178	203	227	196	55	171	112	128	
41	33	65	161	112	15	74	80	49	168	248	76	19	3	144	148	88	204	22	236	9	146	193	14	116	220	161	160	107	130	82	160	
66	92	182	188	105	44	124	150	187	91	218	187	236	191	97	90	231	255	191	129	224	87	194	227	151	246	218	138	150	244	37	91	
220	222	152	186	146	232	71	174	186	30	160	29	222	227	105	89	113	219	141	242	106	71	154	127	249	167	127	125	144	113	165	35	
178	100	254	244	234	3	93	111	147	182	68	187	103	191	99	27	135	255	117	1	104	223	195	154	243	211	93	179	36	248	148	203	
195	180	213	193	226	42	168	159	59	243	18	246	221	54	220	175	39	85	125	189	181	84	165	192	28	26	127	230	173	228	131	181	
222	22	206	168	26	50	24	89	23	183	211	247	77	238	170	219	119	149	175	181	188	215	13	214	154	103	235	199	191	231	173	21	
2	133	2	138	20	162	170	99	20	1	91	18	104	234	40	64	121	42	2	160	18	152	0	223	40	38	138	192	148	10	176	128	
45	181	253	227	252	127	113	25	127	249	61	24	223	29	90	56	157	26	95	60	179	120	121	150	207	221	53	244	210	202	212	243	
33	0	70	13	72	11	96	79	38	33	98	0	176	131	0	88	72	12	106	12	0	216	67	20	4	34	208	0	0	128	80	168	
195	14	247	214	108	32	175	55	201	186	55	246	252	51	181	103	39	119	126	174	225	71	175	234	52	62	255	138	142	240	161	45	
45	181	57	227	253	125	241	153	91	125	61	60	158	93	94	40	159	26	86	57	147	114	249	151	79	221	53	126	206	138	215	243	
39	36	224	195	246	185	250	218	91	225	125	139	8	205	221	56	63	155	23	157	150	50	236	210	14	28	157	238	247	207	83	213	
1	74	84	113	22	138	96	20	116	33	66	192	179	0	144	104	114	44	42	24	11	188	69	37	132	166	50	64	104	136	65	40	
251	159	103	95	182	154	239	118	117	206	254	231	123	108	182	228	127	230	190	238	237	185	37	239	62	127	166	130	111	245	248	93	
63	255	110	110	55	215	158	248	198	204	253	231	123	220	191	36	254	249	215	231	239	163	44	191	122	77	175	249	111	175	123	221	
73	17	149	101	48	14	102	48	37	168	110	68	223	51	128	246	20	92	108	108	1	176	209	8	165	252	37	0	74	162	9	33	
66	50	18	184	233	229	152	75	175	153	176	57	140	222	96	88	215	49	255	48	18	3	130	209	153	208	155	255	144	36	167	147	
73	38	132	37	56	10	104	48	36	160	234	64	209	35	128	215	48	68	104	172	1	208	193	12	132	175	227	0	10	162	75	160	
50	32	6	13	73	131	128	72	166	0	224	65	192	194	36	146	200	100	106	128	12	67	218	16	20	32	139	59	81	0	34	134	
40	228	56	104	93	201	81	234	2	21	172	8	50	209	72	17	153	152	193	32	74	38	234	21	75	193	17	125	80	8	86	170	
153	255	190	189	223	255	181	255	246	253	222	63	254	253	146	228	127	254	238	65	191	255	255	255	255	99	119	191	127	125	191	251	
208	88	159	244	0	70	125	52	160	130	198	0	247	183	33	123	224	245	125	234	105	197	179	40	241	235	98	0	32	49	37	42	
27	94	230	157	114	250	111	118	63	206	86	247	105	231	182	244	55	238	183	198	180	216	165	255	126	111	247	129	47	245	253	221	
25	23	85	101	50	30	110	48	100	136	126	228	223	35	128	244	54	68	92	110	201	144	1	14	164	239	34	128	42	242	11	33	
37	241	129	65	213	31	194	152	74	232	33	76	210	80	221	180	220	76	80	126	207	50	249	0	47	157	5	60	201	187	90	148	
71	48	237	64	203	124	125	15	171	255	167	157	72	62	79	59	167	151	253	148	150	69	189	64	95	58	85	247	195	244	135	119	
63	127	106	78	124	211	206	121	85	108	253	238	105	204	191	176	92	234	150	238	207	178	108	191	54	77	161	169	95	183	122	245	
220	80	127	101	34	94	95	48	33	206	182	100	91	55	129	123	38	213	125	234	233	197	177	200	243	235	229	144	42	179	102	113	
10	176	177	241	195	109	185	95	59	123	21	153	156	191	88	142	167	27	243	149	147	88	147	193	77	91	91	230	207	68	135	243	
253	81	127	228	42	78	95	48	161	238	182	168	91	55	131	123	102	213	125	234	233	199	241	200	243	235	231	144	35	177	102	115	
252	82	255	252	42	78	93	120	225	238	182	108	95	95	129	123	102	245	253	234	233	199	235	200	211	235	231	144	38	177	38	115	
1	10	196	53	48	174	106	55	116	33	99	80	243	35	144	80	120	174	8	140	57	156	69	47	164	174	176	64	232	128	96	168	
109	52	249	97	244	126	243	152	123	255	61	60	223	61	221	58	151	221	116	26	131	116	248	66	79	221	37	246	207	243	71	243	
82	4	194	161	148	34	108	87	53	35	219	18	15	11	48	72	122	133	31	145	24	183	1	194	146	237	154	132	167	216	240	0	
98	232	16	58	25	145	18	232	135	128	169	9	174	210	101	148	200	185	202	66	78	7	202	191	145	212	9	59	18	7	46	6	
42	184	177	59	235	237	177	143	26	85	112	189	172	252	78	24	143	91	195	21	146	106	250	243	77	84	30	111	210	76	135	219	
45	52	249	99	252	127	243	24	123	253	61	28	159	61	220	42	155	94	86	60	147	112	249	194	79	221	37	116	206	203	199	243	
45	177	185	67	249	125	81	25	123	249	61	56	154	125	78	62	145	30	212	48	151	114	248	16	79	221	5	127	194	202	198	247	
194	124	182	189	109	172	188	198	187	27	90	178	172	254	101	90	231	127	255	129	162	223	130	227	151	126	222	138	132	116	33	155	
220	46	145	180	187	99	31	250	147	230	140	189	141	163	67	223	227	103	204	162	44	79	201	190	248	215	223	61	178	245	45	75	
62	12	86	255	198	43	74	240	29	162	250	2	79	107	53	73	123	237	23	227	56	247	9	190	146	251	195	132	55	251	112	128	
134	173	118	241	236	171	252	227	127	59	123	26	142	168	116	9	175	159	127	17	178	124	11	215	158	222	95	230	196	200	193	129	
28	229	148	207	159	117	86	254	83	190	188	26	111	115	200	183	63	222	204	106	120	123	170	163	187	223	69	63	242	250	174	175	
163	190	152	142	108	45	152	250	142	191	25	253	172	172	234	2	143	91	215	53	166	110	202	211	12	20	127	254	156	76	27	155	
88	4	210	225	214	42	106	23	53	35	254	18	11	43	16	88	123	143	21	152	56	154	1	198	182	253	182	196	167	192	224	8	
234	252	90	240	75	241	58	202	19	178	4	186	45	159	97	56	251	219	147	146	111	95	138	243	95	199	159	239	55	17	46	154	
6	141	2	154	148	163	174	231	22	1	74	2	104	234	48	64	121	42	19	177	50	152	24	255	41	38	142	64	148	74	177	136	
1	132	33	157	84	227	161	111	94	5	88	82	176	248	180	96	217	26	18	41	179	186	103	159	13	14	187	76	20	8	117	172	
57	223	119	223	54	182	111	254	119	73	126	230	123	103	182	244	127	238	158	238	253	152	117	255	174	255	182	128	63	221	240	253	
221	105	58	70	60	220	219	156	74	172	158	10	176	217	215	96	112	124	61	122	194	33	252	238	123	45	167	184	71	155	85	43	
56	5	98	229	212	19	206	127	85	162	254	10	83	41	188	0	120	140	23	168	248	179	101	142	114	207	165	148	119	250	240	128	
88	4	134	37	19	90	97	56	54	228	198	134	195	32	2	213	48	204	234	172	44	208	125	12	236	227	69	1	99	172	44	68	
6	132	34	139	84	163	170	202	86	1	91	2	72	202	56	64	121	11	19	177	146	184	8	223	8	6	154	196	149	11	48	128	
194	60	150	157	252	172	184	198	191	155	90	176	172	254	101	74	231	127	63	145	50	216	130	227	28	62	94	138	132	80	163	137	
130	60	182	253	255	164	184	199	187	219	88	51	172	254	101	74	231	123	255	149	178	79	130	227	31	126	222	170	132	84	167	219	
222	63	149	149	171	113	95	247	181	238	142	181	238	231	195	223	231	231	237	134	61	95	233	238	186	214	215	187	162	245	134	95	
70	172	246	209	252	169	252	231	255	59	122	26	140	168	116	72	175	187	127	145	242	120	75	247	158	30	95	238	196	200	161	129	
6	188	246	241	253	189	184	247	255	123	188	58	140	255	244	8	175	59	255	17	178	127	34	247	159	94	95	238	214	204	129	211	
39	96	226	67	70	49	234	200	91	227	117	26	72	200	221	44	127	201	23	155	134	118	236	194	30	12	151	172	231	255	114	132	
66	48	18	136	234	165	184	78	175	25	177	185	140	158	96	88	199	17	255	208	18	11	138	240	156	176	27	254	144	3	163	147	
188	252	252	95	63	123	82	254	91	191	188	58	74	122	206	183	251	220	228	32	46	111	251	239	187	223	85	127	251	254	110	143	
222	38	158	181	139	98	56	3	185	183	131	179	205	239	74	91	167	151	237	177	52	197	139	194	219	227	223	199	164	100	173	2	
45	116	249	65	97	127	115	152	107	235	61	108	222	54	207	190	151	92	212	58	129	244	249	2	79	221	33	182	202	243	71	245	
86	12	194	227	148	34	106	87	61	1	251	18	15	42	36	88	123	143	31	144	58	154	1	194	186	236	158	196	165	202	240	8	
162	255	152	190	252	173	158	255	158	63	17	255	236	237	202	10	143	123	223	5	178	78	202	183	60	22	63	254	156	95	155	145	
92	118	251	101	96	110	123	88	123	239	191	44	223	191	195	58	191	221	127	58	137	246	249	194	215	221	35	164	239	243	71	243	
103	48	191	242	237	116	249	83	171	255	23	92	220	255	89	46	173	31	119	153	145	119	186	192	95	218	219	238	143	97	171	179	
95	48	238	180	171	112	93	31	163	255	151	189	206	183	202	62	39	199	253	156	29	65	163	192	218	243	253	247	174	228	174	87	
78	186	180	86	171	220	28	174	251	255	4	189	236	254	223	175	135	119	253	23	182	73	174	241	11	122	95	255	134	116	143	95	
45	52	241	193	245	127	243	216	123	249	189	124	223	61	221	62	63	220	87	56	147	112	249	194	223	221	37	246	239	239	71	241	
118	148	228	5	147	82	70	184	115	230	198	143	67	124	22	215	57	196	236	162	236	242	253	30	187	102	197	23	99	246	124	86	
47	177	241	65	253	127	241	25	75	249	61	60	222	29	222	172	159	26	87	61	147	112	121	208	79	92	37	246	206	206	215	247	
237	112	209	69	96	30	231	144	121	234	55	108	218	24	197	190	151	76	116	126	133	244	249	2	6	223	101	182	202	251	74	181	
38	36	226	195	84	51	234	200	95	163	121	2	8	200	253	40	121	137	19	145	130	182	45	210	30	12	159	228	213	95	112	132	
62	65	246	230	230	35	108	92	5	128	243	2	111	107	57	75	126	229	55	227	136	243	9	204	146	235	239	128	167	251	96	137	
48	42	14	13	9	203	161	74	54	164	194	4	192	130	2	208	104	108	234	0	9	209	215	16	148	34	171	17	25	0	62	128	
217	83	85	69	34	30	111	48	105	200	118	228	95	55	133	247	54	212	124	106	225	144	181	76	182	233	100	128	42	178	66	49	
221	80	255	100	98	78	127	48	113	238	246	236	91	55	199	123	54	213	125	234	201	214	177	202	215	251	229	128	39	243	102	115	
73	3	16	37	48	26	106	48	101	8	126	100	199	35	128	244	18	68	108	108	1	144	193	76	164	252	34	128	10	162	75	1	
252	82	255	228	110	70	127	48	57	206	246	238	95	63	129	123	118	213	125	234	233	215	227	202	243	235	231	144	39	243	102	115	
1	134	49	171	20	163	161	123	86	37	89	114	245	16	176	96	89	58	18	25	179	188	109	31	141	38	186	64	148	10	53	168	
42	252	88	240	67	225	63	199	19	162	92	171	45	159	97	56	235	187	147	128	6	30	192	251	95	199	159	171	53	80	38	154	
124	71	115	78	253	26	79	248	233	134	189	136	75	109	189	182	122	208	204	106	232	35	44	238	179	221	37	60	119	255	230	36	
27	223	99	223	183	150	238	246	125	74	126	230	105	238	183	228	127	238	190	204	239	184	101	255	62	127	182	192	63	221	248	125	
199	126	247	214	238	52	191	144	248	251	83	124	252	251	221	239	167	119	117	207	177	86	170	226	28	62	255	170	142	241	163	165	
42	186	50	58	125	213	147	200	219	236	252	45	170	220	102	4	217	123	130	0	142	43	250	187	107	84	5	59	83	14	78	215	
130	188	182	157	247	164	184	71	191	27	88	51	172	190	100	72	231	59	183	145	178	220	146	195	13	54	222	202	148	76	161	155	
134	239	144	155	252	169	190	255	158	191	89	255	236	226	234	10	159	123	95	95	242	86	202	247	172	22	63	254	156	223	129	153	
24	141	120	67	246	186	255	183	117	99	127	18	121	41	156	96	63	142	55	152	186	184	45	247	110	239	54	196	231	194	224	173	
242	254	244	87	123	251	82	246	219	255	244	63	74	254	198	190	239	253	230	0	175	247	248	255	31	222	85	55	235	252	78	159	
2	141	2	154	149	231	166	231	22	1	72	18	160	250	48	64	217	42	19	145	50	184	26	255	41	54	158	75	144	72	180	138	
153	133	110	67	212	58	239	191	117	99	126	18	89	41	156	100	123	142	55	137	176	184	37	239	126	111	182	196	231	204	240	232	
6	4	2	138	20	163	170	192	22	1	91	2	64	202	57	64	121	40	19	177	18	180	8	255	40	4	139	192	149	11	48	128	
214	126	247	150	179	217	127	183	189	206	214	191	44	230	231	86	167	231	255	134	252	205	174	238	186	54	223	211	134	244	134	127	
118	13	194	162	212	34	106	67	57	3	251	18	11	42	44	80	123	143	6	176	58	154	1	230	184	236	158	196	165	75	240	0	
47	52	241	65	245	127	251	88	107	233	63	110	219	61	221	188	191	221	214	126	145	240	253	194	15	221	33	230	239	239	71	245	
79	176	243	209	237	124	185	87	187	255	53	60	156	191	222	190	175	31	247	145	147	122	186	192	95	88	255	238	199	68	167	247	
42	175	234	233	243	235	191	231	28	133	124	163	45	175	38	0	238	59	147	145	18	152	32	238	111	69	190	193	181	220	215	250	
6	184	18	138	234	161	184	201	175	49	145	176	140	150	104	88	199	23	255	144	18	11	138	209	156	176	26	254	148	2	163	145	
246	207	115	78	221	59	198	248	233	130	185	74	107	109	189	182	123	210	70	106	236	35	108	238	59	222	133	31	119	251	214	4	
139	142	202	153	245	189	184	151	31	67	94	215	168	234	183	204	95	42	179	157	182	220	70	243	78	31	158	195	158	204	217	142	
195	174	132	147	170	168	172	135	191	51	2	245	172	42	64	207	167	71	249	149	54	92	143	227	140	22	222	230	140	84	137	29	
74	186	172	18	235	216	88	151	171	125	22	189	172	190	198	190	167	215	253	148	150	73	175	241	222	83	124	251	134	212	143	95	
2	184	246	249	252	141	184	99	255	59	112	50	172	190	116	64	239	59	255	17	178	127	2	213	158	94	91	234	148	12	33	155	
18	47	74	169	182	163	62	199	142	173	88	167	45	175	35	0	230	235	135	213	22	153	0	252	252	69	174	163	180	92	157	203	
122	20	228	5	23	90	71	40	97	238	238	175	75	44	150	215	89	196	236	166	140	242	237	12	62	39	229	149	103	102	94	86	
149	2	17	187	22	163	35	88	86	33	83	114	213	193	184	232	89	8	2	155	51	180	109	55	132	166	186	64	180	139	49	160	
252	82	254	236	104	14	127	56	57	206	246	170	95	63	131	123	118	213	125	238	201	215	225	202	247	251	235	152	39	179	102	113	
124	65	214	230	94	2	110	93	165	128	243	2	75	203	57	66	126	229	127	242	72	179	139	136	250	233	167	132	103	187	240	128	
77	116	241	69	98	126	243	144	107	234	62	108	222	28	215	190	23	76	212	126	133	244	253	72	70	221	101	166	207	247	75	245	
104	58	26	26	105	221	16	72	155	12	228	45	46	193	102	148	221	186	194	0	14	99	202	51	18	85	1	59	90	12	78	151	
126	114	243	101	96	126	127	16	105	238	254	236	91	63	197	126	126	221	245	234	137	214	241	202	215	255	227	160	231	247	102	241	
38	96	226	139	84	163	170	200	86	163	113	2	64	200	125	8	121	104	19	179	130	182	8	242	24	12	143	164	213	123	112	128	
205	112	241	69	98	94	127	48	121	234	118	236	219	23	197	127	54	221	244	106	193	212	181	74	102	251	101	128	110	179	67	113	
89	6	100	69	52	26	102	48	125	238	126	228	203	32	150	213	50	68	108	46	172	240	101	14	166	255	97	128	102	166	88	69	
235	60	254	95	125	251	112	218	127	191	118	58	234	221	135	252	219	252	254	154	174	245	107	251	151	255	209	183	247	221	78	143	
47	53	113	193	245	127	250	216	127	249	191	110	90	61	221	188	63	156	214	62	155	114	125	210	30	93	5	246	239	239	82	245	
