香奈儿炫亮魅力唇膏	172 - ROUGE REBELLE	https://i.chanel.cn/fnbv3/image/full/shades/rouge-allure-_-172-rouge-rebelle-35g.0160172_S.jpg	https://i.chanel.cn/fnbv3/image/full/chanel__com_type1/skus_full/rouge-allure-_-172-rouge-rebelle-35g.3145891601725.jpg
89	93	21	101	180	14	71	55	101	168	174	68	247	51	129	245	64	38	92	108	201	152	113	28	165	248	36	16	42	176	64	41	
153	93	123	207	118	6	255	117	116	200	118	162	121	31	176	97	126	188	23	238	225	184	37	206	118	169	162	128	103	178	225	249	
39	78	99	206	126	179	203	216	79	74	121	230	121	192	189	228	127	104	22	238	195	163	46	255	48	126	163	136	95	255	112	253	
38	37	249	229	252	11	238	248	75	160	184	74	211	105	93	2	250	205	95	107	232	243	233	200	62	156	133	180	69	251	82	192	
45	115	96	7	84	31	206	184	97	224	239	205	211	76	159	148	28	204	66	111	205	178	253	44	38	77	133	20	111	191	90	212	
191	239	229	79	182	51	158	236	94	226	219	226	123	124	157	161	63	223	150	103	253	242	109	190	170	79	239	134	237	255	249	133	
183	255	238	23	222	59	182	252	116	234	251	231	209	124	159	160	127	126	246	231	253	244	109	46	46	103	239	134	237	255	249	213	
149	74	127	125	44	26	237	184	228	82	243	198	243	72	189	235	122	196	110	239	233	165	47	61	128	235	227	4	125	185	113	32	
129	168	179	91	65	173	233	71	127	23	100	20	184	135	116	45	201	58	2	28	147	252	50	241	13	152	82	72	218	8	229	252	
135	74	230	31	71	19	188	0	223	87	83	247	232	232	183	175	238	97	179	133	180	252	47	232	14	58	222	131	223	61	121	197	
220	238	255	94	138	240	62	254	182	150	206	179	249	231	169	123	119	247	239	194	112	207	175	127	127	231	255	137	167	241	165	123	
141	253	247	95	251	191	166	254	127	186	123	112	108	242	141	181	183	126	226	106	241	244	187	255	63	126	71	6	195	119	227	165	
252	253	221	231	190	107	87	172	122	234	63	42	119	121	203	51	179	86	236	99	121	241	169	46	253	231	101	23	228	123	159	35	
246	253	246	94	219	241	150	239	251	215	189	186	104	254	238	63	235	255	234	130	63	111	238	243	58	126	87	63	247	117	238	215	
192	184	191	178	138	224	49	135	174	23	2	49	188	247	96	75	163	119	121	145	50	77	186	97	217	163	94	75	128	64	165	122	
0	204	2	154	20	131	170	230	22	1	90	2	104	202	32	64	121	106	2	208	98	158	8	255	40	6	159	64	21	10	176	136	
108	53	188	103	168	111	83	25	123	238	191	24	223	119	75	58	149	212	125	58	184	240	249	10	199	255	97	20	194	227	70	115	
89	176	154	176	11	204	81	87	162	117	38	29	63	147	66	80	167	159	108	16	15	73	146	0	217	161	52	48	40	0	131	83	
25	53	19	229	52	143	97	55	116	169	90	100	183	51	128	224	54	62	28	8	209	152	17	14	237	207	52	0	42	200	129	41	
2	141	2	158	84	162	170	99	148	128	91	2	104	234	48	64	120	42	19	131	48	186	10	239	48	38	138	136	21	106	176	128	
97	56	56	88	77	141	115	18	123	44	100	13	50	145	66	16	129	174	66	12	2	120	240	51	95	189	20	32	74	136	66	250	
162	133	4	153	233	161	156	47	142	31	72	53	164	178	42	66	201	11	187	133	54	12	66	211	4	52	154	251	152	76	152	219	
32	236	130	139	84	131	170	230	22	1	120	2	96	200	48	64	121	106	2	209	66	190	8	255	40	6	151	64	85	11	48	136	
205	120	187	241	165	190	73	23	249	235	182	92	159	191	83	122	197	165	125	28	153	252	241	130	207	253	117	80	130	232	194	121	
150	6	192	136	250	51	152	89	23	166	145	247	73	206	238	204	127	153	151	181	246	7	15	218	24	6	175	175	191	228	45	213	
166	0	226	208	68	34	232	64	89	211	115	147	8	142	119	105	126	141	51	181	160	247	134	192	22	42	218	140	133	109	113	212	
53	170	57	82	172	157	80	208	235	60	180	72	147	200	84	48	137	178	68	24	142	97	122	48	155	217	37	117	192	8	78	39	
80	48	255	216	42	208	17	72	190	132	180	162	29	215	224	112	119	185	238	128	2	67	174	81	217	163	43	153	48	32	39	179	
137	180	147	253	48	174	105	51	116	138	122	116	183	179	128	96	22	62	20	8	177	152	193	11	196	174	50	128	8	224	35	169	
38	61	114	80	211	245	186	67	169	205	252	39	44	158	103	20	236	251	151	209	150	139	178	236	59	84	142	235	195	7	167	215	
39	7	226	29	213	177	190	67	95	70	125	135	104	232	183	136	248	43	147	5	150	178	6	219	38	28	139	171	221	127	251	198	
72	35	88	37	96	10	126	48	33	12	116	173	207	3	130	146	150	197	205	110	76	208	193	12	230	241	32	145	106	166	10	19	
74	190	218	100	114	168	122	87	51	65	124	237	61	215	192	16	55	255	151	128	130	154	128	107	126	165	32	169	46	194	174	155	
134	0	130	156	68	162	168	64	22	130	81	18	104	202	49	72	120	41	19	131	32	182	2	202	16	38	155	136	149	105	48	128	
134	255	247	85	242	202	191	246	190	206	126	228	124	247	165	36	39	119	255	194	225	217	45	127	45	62	39	130	231	241	167	249	
230	239	132	190	248	167	79	255	187	191	248	253	232	231	15	21	221	239	239	246	250	79	203	255	248	182	223	188	202	245	166	208	
41	56	19	88	201	221	144	78	198	96	228	24	154	208	36	164	200	50	234	17	21	107	250	16	27	89	17	123	219	12	107	174	
51	48	55	65	77	95	160	64	94	104	242	106	82	156	132	164	252	28	210	1	133	243	113	208	21	26	3	50	67	8	74	165	
3	50	125	69	82	14	41	20	60	100	118	229	81	7	132	84	54	92	115	140	129	208	37	76	68	42	34	128	111	128	35	241	
3	18	119	69	34	27	169	16	109	96	114	230	204	6	132	164	38	21	106	8	129	240	53	200	4	58	3	130	71	128	5	181	
114	98	96	56	105	1	73	72	163	12	176	233	11	199	4	148	204	149	237	132	8	67	202	208	144	240	171	187	115	132	38	97	
50	98	91	120	106	209	16	72	171	12	176	170	15	223	164	148	174	177	198	128	8	99	138	80	147	208	1	187	101	128	38	39	
3	34	85	69	48	90	170	0	125	64	122	224	201	2	148	244	50	13	102	202	133	240	165	192	4	254	3	2	71	131	75	165	
21	32	76	33	55	27	226	0	109	96	251	69	207	8	147	160	186	133	108	127	141	240	213	200	134	253	3	17	109	7	75	6	
35	241	58	94	93	157	242	232	251	72	109	8	126	216	126	176	184	42	210	79	199	35	186	255	51	93	1	43	81	46	123	230	
94	50	83	240	234	200	48	88	171	184	102	233	12	215	192	214	39	245	238	144	5	81	138	192	222	177	39	199	162	132	47	3	
96	48	121	100	80	204	17	16	32	108	100	108	22	23	0	18	4	60	68	16	3	152	176	0	193	133	32	112	64	0	6	243	
82	170	42	90	42	208	152	204	174	28	196	161	233	206	238	82	71	251	237	129	6	67	174	113	218	97	187	187	20	132	47	239	
48	184	218	50	106	201	49	192	234	240	160	40	54	220	110	50	163	243	66	16	7	107	154	113	25	129	5	59	65	8	15	131	
96	6	211	69	82	14	111	48	121	134	107	196	89	39	133	117	118	204	2	108	161	208	181	78	45	174	134	0	98	163	102	240	
93	34	146	112	177	60	68	146	235	187	162	92	207	178	205	254	133	69	108	28	151	65	169	64	154	253	69	110	138	245	171	5	
108	186	149	214	237	92	97	186	187	185	34	124	234	119	204	246	193	214	236	24	11	72	251	241	31	154	213	126	130	224	198	61	
19	36	103	69	83	91	233	96	57	224	114	194	89	39	148	180	62	220	18	140	1	242	165	204	5	42	65	128	103	164	103	244	
240	52	189	100	77	127	208	107	211	254	176	56	74	60	68	59	137	181	236	33	172	103	243	136	91	219	81	63	65	104	70	119	
13	228	148	186	173	189	50	152	222	59	61	88	222	211	105	172	151	27	202	30	54	100	90	243	207	223	17	126	218	89	137	131	
246	238	215	254	234	241	87	239	179	150	248	250	111	239	237	159	191	251	239	146	122	111	170	251	186	214	85	187	229	241	166	45	
248	36	140	228	9	14	76	43	33	178	166	25	83	35	80	27	200	228	121	168	104	79	193	8	211	235	213	61	33	224	94	10	
69	160	149	163	172	13	160	156	106	185	3	88	215	49	72	10	129	69	120	89	19	120	203	0	141	154	127	116	200	10	129	33	
181	100	121	46	26	103	139	104	84	70	233	11	243	88	27	49	90	137	82	239	236	39	125	31	209	141	35	60	117	115	35	192	
69	225	189	99	40	30	107	184	102	245	39	0	247	71	218	114	16	68	104	126	203	64	255	17	207	201	37	116	32	162	64	96	
141	237	215	87	178	122	174	173	126	226	123	240	249	98	157	245	51	110	238	106	245	240	173	255	46	255	103	4	207	243	203	165	
201	88	190	117	44	46	121	16	237	90	182	16	255	63	129	123	134	244	124	74	136	229	243	1	195	251	112	144	66	241	66	43	
2	186	178	186	107	192	184	71	175	21	193	177	172	222	100	90	231	51	235	129	2	79	130	241	145	176	154	235	16	4	167	219	
98	42	237	84	200	104	93	135	170	182	162	153	179	174	69	26	137	246	105	0	8	95	224	32	95	162	221	49	128	112	86	106	
93	46	156	164	173	44	84	150	186	186	10	89	215	185	81	26	145	102	125	31	156	81	217	2	223	255	117	53	160	120	90	2	
39	116	101	69	85	15	235	48	125	224	110	198	209	37	148	37	92	92	82	110	225	240	125	206	37	30	193	4	79	190	82	180	
134	32	130	145	70	162	184	64	20	130	83	18	72	202	113	72	122	45	51	145	32	246	130	194	16	34	155	136	133	105	49	128	
85	169	153	67	178	70	47	156	42	224	14	192	213	246	197	116	54	85	124	252	145	16	189	98	188	172	47	196	136	179	129	48	
252	94	94	126	32	46	86	180	53	14	246	237	115	67	161	89	84	244	36	106	104	246	73	63	242	235	97	17	58	249	108	11	
92	230	157	231	174	91	87	168	91	190	60	40	199	117	195	54	51	84	236	98	108	113	235	42	251	199	101	55	226	251	15	103	
141	237	252	55	181	59	238	173	126	226	123	84	223	120	155	161	179	103	124	111	245	240	93	190	174	255	103	21	238	247	203	133	
201	17	191	245	36	44	121	23	237	203	118	92	191	191	19	123	132	39	124	12	137	248	241	136	199	251	112	144	66	200	67	121	
49	66	111	77	68	82	237	117	69	70	246	198	51	8	183	109	106	164	38	236	205	191	101	140	86	42	224	0	119	168	116	236	
169	71	94	247	116	159	105	53	245	10	119	118	59	19	176	117	110	170	22	234	233	188	100	175	102	251	176	128	127	136	106	169	
24	89	82	236	54	130	126	116	37	0	250	34	63	155	49	80	126	185	21	226	72	147	0	204	242	237	162	128	55	178	97	9	
10	223	18	159	255	153	182	238	31	21	88	227	172	254	166	196	247	123	167	65	70	184	67	255	46	86	30	195	22	92	141	143	
220	255	151	127	154	98	55	252	54	174	207	112	253	247	201	116	117	95	238	226	112	211	235	127	253	231	111	141	162	243	165	225	
220	253	185	99	170	123	86	236	91	250	61	40	215	117	201	59	179	86	108	98	100	117	169	58	255	195	101	55	242	123	133	99	
132	176	159	179	54	143	169	152	190	153	19	242	213	211	249	72	183	17	127	89	179	197	11	84	140	142	59	196	140	137	33	33	
188	73	106	100	116	11	99	112	101	160	254	10	83	9	177	16	122	236	6	234	200	179	96	14	118	237	161	0	103	187	114	160	
216	244	157	247	180	111	87	191	22	59	143	120	223	49	72	99	19	86	109	56	58	237	217	55	233	215	53	116	226	216	133	35	
105	40	189	245	44	62	73	22	233	234	246	72	159	61	147	123	196	228	125	28	137	252	241	136	199	251	112	144	194	248	82	121	
124	253	245	71	238	91	215	248	91	186	63	42	86	125	205	167	179	84	228	98	97	113	169	42	127	223	101	55	103	251	198	99	
236	237	25	254	237	68	71	188	145	138	173	8	242	243	73	247	209	246	124	106	73	70	250	47	255	255	197	59	2	115	214	42	
130	190	242	146	235	245	184	231	187	127	145	191	140	254	126	9	175	59	247	145	178	79	186	211	31	22	223	239	133	68	167	215	
24	79	106	87	244	154	238	102	245	172	254	161	43	41	182	80	40	238	199	204	228	185	4	46	114	111	52	129	71	214	254	200	
130	140	2	159	84	162	170	99	180	130	91	18	104	234	48	64	120	47	19	161	48	186	2	239	56	38	139	128	21	106	49	128	
56	34	78	169	108	11	232	91	14	164	250	135	141	142	114	64	110	173	255	133	0	184	67	208	212	225	186	160	53	8	49	216	
27	111	106	197	86	146	235	118	100	192	94	194	57	140	177	32	126	236	23	253	133	153	36	236	118	45	174	128	39	247	113	233	
164	193	77	187	204	3	237	248	30	178	241	82	209	194	121	73	127	205	55	251	97	118	75	86	28	42	239	204	29	57	241	160	
214	233	246	183	174	0	254	237	171	178	146	146	237	110	77	75	167	215	127	195	242	93	139	225	188	218	223	198	37	176	161	9	
35	32	114	141	124	137	248	67	109	97	114	151	141	10	22	10	238	133	95	133	132	188	197	196	22	124	146	194	77	12	107	137	
252	205	199	94	209	110	111	252	53	194	111	92	91	231	41	213	117	230	34	238	121	215	57	47	63	174	197	68	171	251	228	112	
169	191	26	186	242	189	190	247	58	73	120	253	61	255	96	144	191	43	151	213	247	26	152	63	252	197	46	232	89	84	171	155	
4	120	219	255	110	0	168	216	62	145	81	226	149	254	121	75	118	89	63	221	131	225	139	112	12	46	255	172	157	49	33	177	
132	252	191	190	250	233	183	239	222	247	105	58	116	254	106	59	163	123	226	19	54	127	170	51	125	135	127	63	208	121	135	203	
164	245	103	74	213	143	239	252	228	80	101	199	80	205	60	53	124	216	19	254	243	163	62	125	107	8	133	76	91	155	246	240	
166	104	172	209	236	73	236	204	158	254	16	187	148	140	215	11	201	73	127	215	198	118	227	208	70	24	255	188	148	248	85	216	
11	136	131	153	36	242	248	23	126	89	82	119	188	158	182	236	227	43	63	157	151	220	7	241	140	126	250	194	158	4	185	93	
221	111	218	166	146	6	110	212	113	192	235	71	95	194	115	80	118	237	12	254	237	151	156	106	248	229	167	8	41	243	170	16	
255	77	167	38	149	118	79	181	225	230	143	20	89	127	19	182	89	228	89	238	253	135	188	142	251	255	141	4	43	247	250	116	
18	74	110	165	34	146	184	86	172	4	82	231	45	142	182	64	38	173	191	197	132	153	5	200	150	97	186	129	37	132	45	221	
236	223	215	71	211	126	111	188	123	162	111	192	105	103	141	244	119	94	34	234	241	240	189	238	47	190	71	4	227	243	230	172	
220	151	149	97	184	127	87	191	229	191	175	124	215	51	136	87	3	150	236	58	121	97	105	22	250	219	101	84	250	250	128	33	
51	90	99	220	78	7	199	120	85	202	244	238	113	221	181	108	124	248	55	239	201	183	54	154	82	46	225	136	127	189	112	253	
2	201	38	143	30	131	168	101	142	64	80	131	172	206	48	64	110	41	59	197	194	152	3	253	36	48	154	192	21	14	33	136	
218	145	30	184	169	204	92	55	173	26	135	49	223	31	32	75	231	55	253	129	120	13	19	215	195	243	250	211	18	0	133	91	
224	88	56	222	108	141	209	156	207	89	180	8	182	153	61	43	200	128	95	73	138	38	242	177	199	152	112	56	80	9	80	139	
34	61	162	152	255	180	184	70	139	9	88	35	44	158	101	160	236	59	147	145	150	26	130	243	31	20	154	235	149	68	63	207	
49	74	107	79	68	90	237	116	69	102	255	198	115	41	182	100	122	172	38	142	201	186	101	200	86	47	240	0	111	170	116	248	
98	114	72	101	32	27	90	56	33	168	180	237	79	3	130	22	22	196	205	238	76	208	209	204	230	241	161	145	110	134	74	147	
99	184	48	56	13	157	209	202	203	221	164	13	174	216	94	156	137	35	200	13	134	107	218	177	145	88	17	62	90	12	11	78	
43	96	37	69	29	31	206	40	118	160	226	68	203	8	20	164	220	76	122	239	237	240	117	156	39	251	203	16	75	62	90	164	
49	33	18	8	45	93	144	72	206	104	176	72	214	216	54	32	200	9	126	69	141	99	214	144	145	216	11	59	89	12	107	132	
88	34	127	101	40	2	11	24	54	172	234	225	203	7	128	208	118	213	237	128	136	209	233	12	192	231	35	129	96	130	36	97	
19	32	79	69	74	83	168	72	116	192	242	226	89	158	180	160	122	221	114	137	5	243	167	64	22	171	139	131	101	0	107	132	
16	50	94	97	98	91	176	64	170	96	118	233	29	223	198	16	166	29	238	0	4	209	142	80	86	161	35	35	105	128	11	147	
82	50	91	160	98	80	56	80	169	128	226	233	77	199	224	240	38	157	235	128	4	211	130	64	150	225	11	139	35	128	47	149	
58	34	87	73	106	18	184	88	49	4	224	225	9	135	132	148	126	157	227	192	0	215	131	192	22	225	131	171	67	133	46	128	
105	48	115	80	107	141	97	87	171	125	100	28	62	151	68	20	37	14	98	12	130	251	178	81	31	56	21	34	66	132	194	233	
3	33	119	65	2	95	169	5	172	96	242	210	217	134	148	228	46	149	122	140	129	241	37	192	21	58	3	128	67	132	161	116	
114	35	73	104	104	1	88	72	131	52	176	169	35	207	196	16	206	145	229	192	78	67	202	81	146	144	169	191	117	130	110	224	
88	186	123	176	34	216	48	23	54	65	226	249	95	158	192	240	55	183	237	129	14	91	165	65	222	227	63	139	36	128	167	27	
5	35	93	69	50	90	170	0	108	96	106	64	222	8	148	224	178	69	106	105	133	176	53	76	164	62	10	0	76	131	73	4	
125	94	94	174	160	46	87	184	49	142	234	109	87	115	35	89	212	231	36	102	205	147	88	44	240	239	97	16	248	251	2	113	
55	245	58	92	91	149	146	232	219	4	236	10	120	216	127	48	249	249	210	99	198	35	186	223	123	93	3	47	81	39	107	167	
85	41	139	166	240	66	111	213	112	200	74	72	241	242	209	112	114	239	20	252	205	218	172	104	188	172	175	132	168	178	163	44	
84	167	251	100	226	75	118	248	115	162	58	234	87	245	201	48	55	220	100	98	100	115	173	10	250	134	101	37	228	250	7	35	
82	170	14	52	11	152	176	7	174	21	2	177	172	138	66	74	167	39	233	21	22	205	134	65	208	97	26	67	136	4	175	78	
16	35	62	61	42	203	51	72	246	188	240	169	151	198	224	32	55	57	78	65	2	243	46	29	200	135	47	181	112	10	7	163	
99	65	143	92	89	150	226	8	241	64	226	68	114	242	36	246	216	124	234	232	77	227	246	65	35	190	194	10	88	34	106	148	
84	34	200	36	128	88	69	18	96	198	166	12	211	163	67	90	32	196	108	26	76	65	245	0	211	175	101	25	160	240	78	72	
103	168	220	82	233	156	48	134	235	177	38	88	18	182	196	254	197	118	104	24	23	123	250	224	31	58	85	127	194	224	202	12	
104	48	189	244	205	109	144	15	83	187	185	57	18	61	68	186	141	151	225	17	25	107	211	130	93	215	80	123	193	72	198	179	
12	172	152	179	237	253	117	154	223	127	44	28	223	225	107	26	147	10	110	26	54	116	122	179	207	223	85	125	218	217	13	194	
73	132	156	84	137	125	80	171	235	179	38	24	238	51	66	255	129	86	232	8	62	105	251	17	203	219	85	127	250	236	8	15	
236	146	157	46	40	76	87	184	131	254	161	109	214	119	75	91	149	212	108	98	105	71	219	8	249	243	101	60	216	114	6	83	
165	196	5	123	76	7	231	248	22	26	241	80	83	81	57	41	89	64	115	238	105	102	91	61	101	138	229	140	89	123	114	160	
213	37	154	164	246	10	102	142	122	162	10	124	214	240	193	16	179	239	108	17	21	112	137	34	188	132	37	38	172	114	139	3	
252	116	173	55	141	124	85	150	160	119	166	29	147	101	75	59	129	194	232	10	108	101	243	32	195	211	85	61	194	121	222	114	
69	247	117	71	170	11	167	184	108	178	10	232	215	96	201	35	55	84	104	99	193	228	109	63	172	130	103	116	76	242	3	33	
194	232	214	148	106	0	188	239	171	178	146	130	236	238	113	67	167	245	127	225	66	77	131	209	188	18	223	174	4	52	161	9	
124	247	245	71	238	91	183	248	75	174	191	106	79	125	205	182	191	212	228	98	193	115	169	168	123	207	101	55	103	251	199	165	
253	109	66	182	208	6	78	246	113	202	234	71	115	227	51	209	120	238	20	238	237	154	156	46	248	239	167	136	41	243	234	24	
220	255	251	230	242	107	55	252	123	166	63	234	127	245	201	48	55	214	228	98	116	115	173	46	255	135	101	39	231	251	135	35	
92	223	80	238	170	9	23	184	11	166	15	239	111	101	137	214	55	215	236	98	64	49	139	63	252	231	101	55	102	251	141	49	
239	205	199	95	209	246	230	239	243	219	235	80	106	246	189	245	217	254	226	234	253	247	251	239	43	254	199	78	203	119	234	180	
156	255	190	191	178	107	55	254	118	183	249	187	255	230	235	32	55	123	238	99	242	241	47	63	232	199	111	53	244	123	133	171	
47	235	96	78	248	147	207	252	19	236	252	237	99	237	159	180	92	232	151	238	223	186	236	191	62	28	165	184	127	191	254	253	
225	252	213	94	253	255	71	191	91	59	46	120	110	115	140	247	131	214	96	42	115	92	251	255	63	190	85	126	146	217	194	45	
141	239	172	63	156	55	158	254	86	250	221	215	241	232	27	33	221	111	118	239	253	246	207	63	236	207	239	189	253	251	187	136	
28	223	239	103	186	6	127	188	55	174	239	165	65	103	137	84	119	222	237	234	232	208	105	46	238	239	231	132	163	243	164	113	
154	85	122	239	118	18	127	117	53	66	119	163	121	95	186	97	126	185	151	238	232	148	44	207	118	235	170	128	39	182	228	249	
220	239	239	127	154	34	111	190	54	167	235	213	225	231	73	88	127	255	237	226	248	214	239	63	239	231	255	133	165	243	164	112	
73	120	186	240	1	252	113	71	251	219	46	24	190	159	98	122	165	59	253	16	3	205	178	194	219	221	30	75	130	64	167	123	
149	255	255	95	254	63	182	254	126	250	123	114	237	248	189	167	191	127	230	107	245	245	175	255	62	255	103	6	229	115	235	133	
216	88	254	116	45	60	89	16	233	26	182	56	255	59	129	123	134	117	125	74	136	101	243	128	195	251	112	144	194	177	67	43	
66	186	150	154	75	192	184	199	175	21	193	177	172	222	104	90	231	59	235	145	18	75	138	241	157	48	154	107	16	6	167	218	
182	236	253	95	202	241	191	238	254	215	248	187	105	254	205	187	127	255	239	131	124	111	239	123	63	231	255	187	197	113	167	254	
216	89	23	245	32	206	85	55	165	136	166	32	191	23	0	119	32	183	109	72	105	201	49	109	225	178	118	0	34	144	165	59	
133	255	246	55	182	59	238	188	127	226	91	68	239	120	159	228	51	71	238	227	245	240	221	238	174	127	71	7	238	247	201	12	
41	217	105	229	52	159	239	180	77	104	94	70	187	29	182	228	94	108	21	111	193	184	101	189	102	125	164	144	94	190	80	249	
18	65	50	142	62	129	190	101	141	0	209	131	236	206	56	64	126	185	31	231	194	3	2	221	176	52	138	152	53	30	161	137	
170	216	34	186	79	197	146	230	158	68	192	3	44	222	38	192	232	187	147	195	70	47	18	255	53	20	154	43	21	29	61	222	
107	91	99	204	111	145	142	121	197	72	88	238	104	204	181	228	94	168	183	239	197	51	166	221	22	62	203	170	95	174	120	157	
230	238	204	92	216	177	207	239	187	183	188	221	225	230	70	27	207	247	239	148	58	79	202	115	62	183	223	249	245	240	174	248	
41	73	105	237	60	150	207	188	69	200	92	198	177	13	151	228	92	228	21	239	201	176	101	173	102	249	162	132	63	191	80	120	
34	11	162	158	207	241	190	195	158	69	88	163	172	236	119	8	201	123	179	133	22	58	110	241	21	20	154	171	213	111	53	222	
6	223	118	87	242	166	191	246	190	134	126	230	249	247	165	100	39	127	123	202	240	216	61	110	111	46	103	130	231	243	165	185	
3	61	178	216	255	180	184	86	139	73	124	35	44	190	183	32	206	59	151	145	134	43	162	239	63	92	154	234	215	84	99	223	
188	76	122	101	118	10	127	112	117	130	118	2	91	9	177	49	122	236	6	234	232	180	37	14	114	233	32	0	103	187	98	160	
66	217	162	156	79	208	156	134	143	84	128	175	172	204	118	66	224	115	251	213	70	11	150	241	189	48	222	187	20	28	189	94	
19	22	64	137	218	50	138	123	22	227	218	247	73	46	190	196	127	141	151	181	189	155	5	222	56	6	171	228	191	198	184	149	
2	140	130	158	148	163	174	199	22	3	90	18	104	234	49	64	121	43	19	129	50	152	8	255	32	38	154	128	148	91	177	136	
51	50	104	168	44	31	209	88	67	36	145	239	131	8	158	0	90	136	93	45	140	39	85	152	208	89	33	188	125	174	122	71	
130	132	128	153	249	161	60	47	30	23	72	177	172	38	10	192	195	11	171	5	50	24	67	215	12	54	154	235	144	68	133	219	
255	93	231	118	149	118	79	183	113	202	143	20	123	125	23	183	217	230	157	174	253	206	249	174	235	255	133	154	175	246	250	118	
166	32	226	144	68	34	168	66	88	195	83	18	8	138	117	72	123	141	51	177	160	246	134	194	20	42	218	140	133	109	113	192	
130	190	242	147	255	229	184	199	191	123	80	183	140	254	116	8	239	59	151	145	178	95	138	211	60	22	159	235	133	68	167	219	
201	25	191	244	37	220	113	23	249	91	118	24	190	159	2	123	164	55	125	8	179	237	178	193	199	251	114	10	130	0	135	107	
108	52	185	103	56	111	115	25	123	234	191	24	223	117	201	58	149	220	124	58	185	244	249	10	207	255	33	116	194	227	70	115	
38	141	214	157	252	35	172	239	156	144	88	2	172	234	53	67	111	107	19	161	112	251	66	204	60	58	207	136	149	104	241	136	
88	88	179	244	98	104	117	150	185	134	102	40	62	183	97	126	34	116	109	66	65	85	178	106	209	182	80	10	34	241	39	43	
38	140	2	158	84	163	170	226	148	1	91	18	104	232	48	64	120	42	19	129	48	186	8	255	56	38	138	200	149	11	112	128	
209	74	103	124	108	26	104	56	213	210	114	246	211	72	177	235	122	164	46	239	233	52	103	95	84	171	227	132	125	185	112	32	
2	172	2	154	20	163	174	198	22	3	88	2	96	234	33	64	121	106	2	130	34	188	8	255	40	6	139	192	149	91	48	136	
35	160	113	81	108	221	200	207	203	121	176	200	178	140	212	180	141	58	198	8	143	107	238	209	15	24	17	58	83	136	90	172	
218	158	140	167	186	50	30	191	52	174	154	247	237	106	2	66	247	231	253	167	188	205	205	174	248	231	175	145	172	102	185	91	
37	64	201	253	108	3	237	152	22	176	82	66	213	67	217	105	95	76	54	235	65	242	203	16	204	138	255	164	61	185	113	160	
36	33	221	197	252	11	239	121	204	176	248	74	211	105	85	3	106	197	95	107	201	243	201	76	124	24	231	180	77	186	82	160	
96	45	249	101	124	11	238	123	105	160	250	72	247	41	21	18	250	205	127	33	201	250	193	76	188	190	167	52	109	234	66	169	
130	223	86	159	127	153	182	239	31	5	88	231	172	238	36	196	246	123	131	65	102	184	7	255	174	116	30	195	22	28	173	141	
210	65	82	174	54	128	94	100	45	0	242	130	47	206	53	80	126	185	159	227	72	135	0	207	178	249	138	136	53	146	33	9	
233	56	186	245	165	188	81	23	249	235	246	24	191	185	83	122	128	54	125	28	185	252	242	130	199	255	112	144	194	192	210	107	
12	104	165	177	236	205	237	23	142	251	80	75	157	143	81	10	201	41	115	21	67	116	211	208	77	217	255	188	148	216	85	184	
34	141	246	157	252	35	188	103	89	162	120	130	172	44	52	3	239	63	23	129	240	250	64	206	60	62	222	162	213	108	177	137	
2	217	166	152	143	209	188	199	142	85	154	167	172	188	118	74	237	51	251	129	86	9	19	241	13	16	222	203	149	28	189	94	
134	32	130	153	68	162	168	64	52	131	81	18	72	202	33	72	121	41	51	144	32	214	0	194	0	6	155	128	133	105	49	128	
134	0	130	156	68	162	168	64	22	131	81	18	96	202	33	72	120	40	2	144	32	182	2	202	0	38	155	136	149	107	48	128	
99	143	98	140	127	177	250	99	29	68	92	175	40	200	182	196	222	171	147	133	198	58	6	255	54	60	138	171	31	14	120	223	
2	140	146	155	150	162	186	231	62	129	90	146	44	238	48	64	127	59	19	145	50	152	10	255	44	38	158	192	148	64	177	153	
115	9	105	196	116	11	206	117	77	160	186	202	83	9	148	48	254	164	95	239	201	171	69	204	182	188	162	144	101	138	114	9	
41	89	122	229	53	159	255	182	77	200	118	42	63	29	183	164	134	120	149	79	193	184	36	173	99	249	36	128	118	188	80	109	
43	91	99	79	70	151	231	116	69	72	123	230	112	156	180	228	124	172	54	207	201	186	100	237	52	44	162	128	127	143	240	253	
212	137	88	250	131	200	95	167	57	7	71	25	143	63	104	88	227	151	57	146	90	28	154	247	219	247	218	73	176	1	133	2	
188	76	126	231	102	42	126	116	117	130	126	2	91	43	177	89	126	236	23	234	168	180	1	174	246	239	98	128	103	251	96	137	
195	254	144	147	58	152	58	174	63	127	18	245	172	6	198	199	167	71	237	87	231	76	207	247	172	80	63	250	14	5	11	93	
33	107	93	229	108	11	239	57	204	160	122	74	213	1	208	2	106	228	126	107	193	186	195	12	108	136	175	164	76	170	81	169	
66	192	150	149	110	2	188	111	190	178	82	2	172	170	112	67	239	101	63	129	64	92	131	193	60	50	223	140	4	48	161	137	
61	109	67	38	244	134	78	246	113	202	254	68	115	115	179	244	121	238	20	238	237	154	76	46	242	239	167	128	46	247	250	217	
130	137	150	157	252	131	188	103	28	144	82	18	172	42	48	67	234	43	51	129	112	248	67	204	44	50	222	192	21	40	177	137	
124	251	241	70	246	91	183	248	107	168	191	234	95	124	221	166	62	221	228	99	193	179	173	168	58	205	37	182	103	187	199	165	
33	168	122	80	107	157	177	66	235	49	116	26	28	147	228	180	38	62	114	12	2	251	178	81	23	40	17	42	67	0	99	161	
64	2	76	101	112	6	107	16	53	36	110	197	197	39	0	80	86	221	111	140	136	208	241	76	229	183	139	0	32	130	36	112	
99	114	72	37	96	10	122	56	41	96	232	237	211	11	6	16	150	205	85	230	204	208	193	76	134	188	128	144	8	130	74	211	
34	153	160	158	223	225	186	207	142	85	88	171	172	188	103	0	201	123	147	193	18	58	210	241	61	20	154	171	149	77	149	218	
163	173	90	67	242	166	170	246	56	8	122	86	113	227	180	16	62	107	19	172	33	154	16	111	108	142	170	128	9	194	227	152	
91	159	133	167	173	22	142	173	141	224	154	199	237	108	150	230	214	103	253	239	221	193	223	224	160	116	239	146	12	118	153	93	
126	219	108	101	50	10	127	184	37	228	254	229	219	103	139	84	118	212	125	238	200	144	205	76	238	239	167	132	47	182	96	113	
19	50	215	37	18	14	42	64	60	172	226	228	205	6	132	208	182	85	108	165	161	208	37	78	132	230	43	128	41	32	35	181	
97	160	56	58	14	193	144	200	194	208	160	9	178	216	114	34	201	235	122	129	14	99	222	113	208	41	143	63	93	8	123	134	
204	239	237	127	153	34	79	190	55	182	239	144	233	231	9	85	95	255	239	234	120	214	251	127	127	182	199	132	227	243	166	120	
141	238	190	127	232	181	190	238	254	211	251	80	233	232	127	171	255	111	234	135	246	239	143	123	62	255	87	9	193	243	235	140	
51	68	165	37	60	95	194	40	79	232	146	12	210	56	148	162	216	68	124	111	173	225	121	156	161	254	205	146	72	58	80	100	
213	253	174	62	221	190	118	238	247	250	255	23	114	248	31	97	249	230	110	231	252	255	159	127	254	63	87	5	233	243	250	6	
167	237	206	189	248	171	190	231	190	183	76	157	181	226	83	19	203	111	123	78	118	223	218	63	252	167	255	233	140	113	155	218	
253	89	223	174	176	14	87	188	33	236	234	101	87	115	35	82	246	228	44	110	25	147	57	40	242	237	101	16	169	179	96	115	
157	107	59	103	48	198	111	244	96	168	86	96	241	83	145	112	50	236	20	250	201	146	172	46	249	173	175	128	32	178	102	41	
116	39	243	85	242	75	183	104	123	162	98	234	71	241	196	54	55	252	96	98	32	242	141	78	60	38	69	38	229	170	71	164	
225	6	249	77	100	42	105	26	117	226	126	246	147	33	145	120	123	172	38	12	169	244	229	10	68	174	112	132	253	232	112	33	
246	157	253	95	151	114	87	175	81	199	142	50	115	125	22	119	243	246	253	35	253	233	253	174	251	255	213	19	231	244	214	126	
2	134	84	153	58	136	56	47	30	23	72	245	172	34	130	64	199	11	163	5	118	28	67	215	12	54	186	195	148	68	157	139	
116	168	188	48	141	237	85	142	235	247	160	25	142	184	71	26	129	67	232	16	22	107	162	16	219	219	85	127	208	117	199	70	
49	48	29	73	41	95	144	72	206	96	178	72	214	152	20	36	200	21	106	1	141	227	243	16	145	152	11	59	88	8	75	134	
75	32	7	72	9	86	232	72	236	64	162	64	216	158	148	228	200	149	122	137	157	203	231	192	149	120	138	24	67	4	97	36	
35	50	72	169	106	13	184	72	42	36	108	143	149	130	2	16	238	13	83	12	4	210	208	16	212	165	171	40	12	0	27	152	
81	119	2	164	85	14	99	80	117	32	202	79	79	136	51	84	248	141	106	229	140	179	149	206	176	52	3	2	107	182	112	6	
223	55	121	96	163	127	95	81	233	254	191	189	75	29	207	191	55	213	213	126	237	119	188	202	250	217	101	183	239	247	78	117	
220	120	254	116	45	28	89	16	233	26	182	24	191	155	65	127	134	244	108	74	136	101	227	192	211	249	112	154	66	161	66	43	
66	176	18	154	203	225	184	205	175	21	193	145	236	222	104	90	231	187	251	145	18	75	154	241	149	48	154	107	144	4	165	210	
108	169	232	32	188	205	81	143	35	245	164	141	151	141	90	18	137	132	73	85	30	107	250	17	251	213	5	125	224	136	222	82	
74	34	46	188	9	132	89	91	166	140	194	1	198	207	50	66	204	37	105	133	12	75	211	16	209	179	155	25	0	4	52	90	
19	34	71	37	48	39	168	75	52	164	226	197	65	6	4	144	252	157	71	164	44	208	81	78	144	198	187	128	65	0	35	180	
12	233	51	122	253	221	243	238	251	21	40	9	46	204	116	176	137	123	195	81	66	107	186	245	123	93	23	107	210	28	119	234	
0	35	53	249	42	139	35	88	55	180	234	232	199	199	128	4	63	185	110	192	10	240	79	93	204	130	1	36	118	138	37	32	
99	0	207	77	41	90	130	40	254	0	235	0	210	242	164	242	216	108	122	104	77	163	251	93	35	62	130	26	88	42	122	134	
112	49	136	100	0	76	65	49	96	196	166	13	83	35	66	82	80	196	104	12	8	64	241	0	211	165	68	24	104	162	70	82	
100	168	223	86	194	154	52	232	186	178	32	8	116	242	236	178	51	126	98	16	35	211	154	105	31	170	71	38	193	96	99	160	
104	56	184	112	237	109	145	23	91	59	189	56	158	61	68	42	141	159	245	17	27	106	211	128	95	223	80	123	202	72	138	163	
44	180	184	241	237	125	113	27	251	255	61	29	222	225	75	14	145	10	110	28	2	100	250	210	207	223	85	125	218	232	71	242	
60	86	149	237	164	43	71	184	86	170	185	104	211	113	137	24	89	212	4	106	169	182	73	26	224	134	225	20	240	251	86	33	
93	67	209	69	170	15	14	184	38	168	58	236	215	97	193	34	54	68	108	110	193	48	205	24	164	140	37	148	109	243	1	33	
181	165	210	161	214	11	102	206	58	160	40	93	87	226	73	16	51	110	0	60	115	216	140	14	188	4	5	100	168	242	210	128	
55	251	99	72	126	151	135	252	199	232	176	106	114	212	253	164	92	248	86	238	203	35	126	189	57	8	165	254	127	186	114	245	
34	249	48	184	77	197	148	230	158	21	208	3	172	158	38	133	204	59	147	193	70	43	82	245	161	80	154	59	17	28	61	222	
74	188	178	254	11	252	48	7	191	23	102	16	188	191	100	122	167	51	251	16	18	77	146	227	219	247	90	75	130	64	167	27	
143	221	238	95	178	134	175	246	60	130	126	198	249	227	181	68	127	127	51	206	224	152	27	111	110	174	239	128	15	243	225	176	
3	132	2	154	21	244	186	234	30	73	73	83	104	254	62	228	249	43	147	149	55	140	10	247	9	54	154	195	145	7	185	198	
237	112	249	101	116	78	123	24	123	234	247	88	223	87	201	58	148	220	124	122	169	244	249	10	199	255	33	148	226	171	70	113	
156	239	189	191	186	99	158	238	54	186	249	242	243	238	217	161	127	255	239	227	120	255	239	63	189	231	239	181	245	115	167	160	
197	64	235	119	36	60	233	16	124	90	119	80	211	5	153	107	102	36	54	14	161	244	109	34	196	251	114	128	204	249	81	97	
152	68	82	238	118	2	126	116	53	130	251	2	111	75	41	81	126	185	151	226	104	151	0	206	178	249	162	128	103	242	96	137	
234	170	160	155	173	181	200	159	23	63	148	223	160	108	214	140	205	106	255	29	190	110	207	179	14	86	189	249	150	204	220	204	
41	73	104	237	52	30	223	180	65	232	86	134	187	13	151	100	94	236	21	239	201	184	101	172	102	249	164	144	55	191	80	249	
140	81	61	235	236	77	181	216	206	56	48	8	182	151	105	27	132	89	91	67	67	37	186	49	69	137	114	60	80	27	7	171	
182	197	82	174	30	129	206	105	29	0	217	2	111	202	56	64	122	169	31	227	106	7	72	223	176	240	138	152	53	42	240	0	
247	205	199	95	185	254	198	238	255	219	235	16	226	250	173	247	217	126	126	106	127	239	251	255	43	254	199	95	216	123	234	134	
244	253	247	86	214	123	183	238	123	178	127	58	106	241	237	55	51	254	98	122	112	247	174	110	59	174	69	111	227	251	231	165	
66	217	162	152	207	197	188	231	143	93	146	163	172	190	102	66	229	51	187	129	86	11	146	241	189	48	222	251	20	28	181	95	
56	201	112	225	116	159	222	182	77	40	182	10	171	9	181	36	170	160	23	72	200	184	96	188	230	217	36	176	119	188	80	137	
88	92	187	244	3	228	117	150	177	134	238	9	62	183	99	90	160	247	233	194	0	207	178	106	211	231	82	9	32	113	39	122	
154	223	30	191	114	153	52	231	159	4	82	231	173	202	34	193	231	59	175	1	102	156	6	255	182	247	62	139	52	12	173	139	
228	255	216	87	211	251	183	239	250	182	45	60	108	242	206	183	55	126	226	98	113	125	188	127	62	46	85	55	219	115	207	175	
156	255	247	191	154	235	55	254	55	183	207	250	239	231	41	77	63	255	238	226	122	255	79	127	253	134	85	52	246	251	165	41	
88	4	70	161	22	34	72	16	37	32	215	2	223	11	57	72	118	133	61	169	40	149	1	142	210	239	170	128	38	128	32	0	
72	149	59	225	177	204	117	55	169	73	110	20	158	183	32	112	166	63	21	16	83	152	176	68	239	253	54	66	200	0	133	59	
43	31	99	206	247	177	174	101	77	72	121	238	104	200	180	228	126	170	146	239	213	186	36	255	54	60	130	138	95	223	248	181	
2	172	146	155	214	162	186	231	62	1	90	146	44	238	48	64	127	59	19	145	50	156	0	255	44	38	158	192	149	64	177	137	
134	219	130	155	233	161	184	206	158	29	80	181	172	218	106	200	195	43	179	213	22	76	74	241	12	18	154	235	144	29	189	207	
5	150	253	253	182	6	239	186	90	202	95	230	221	127	176	96	23	125	53	239	161	216	45	78	104	175	239	132	189	227	1	121	
195	118	229	29	250	166	175	30	222	218	91	244	245	246	208	102	23	127	63	175	179	84	191	95	44	58	111	168	28	243	129	245	
10	142	94	191	118	177	184	103	31	7	90	247	45	234	34	192	254	59	167	129	230	156	7	223	150	103	186	131	61	204	41	159	
2	192	150	157	100	130	188	39	28	27	82	18	172	170	48	65	239	43	51	129	112	220	67	197	12	50	222	130	4	8	177	137	
82	1	71	65	82	14	107	16	53	36	106	135	65	7	0	84	114	140	107	204	0	208	209	76	117	170	131	0	34	130	0	32	
25	223	91	231	178	70	111	241	52	202	250	98	117	119	160	113	54	255	20	234	233	145	45	47	225	175	175	128	32	242	163	169	
48	168	94	88	74	128	176	78	170	145	224	18	32	211	68	18	43	255	98	136	18	235	146	97	22	40	19	104	73	128	107	136	
205	255	222	86	219	119	183	254	250	254	175	252	120	246	207	183	55	255	226	226	245	207	191	127	127	47	117	111	203	115	239	253	
17	32	79	45	74	2	104	74	55	160	226	193	85	131	0	16	122	221	98	133	12	210	135	72	212	162	139	0	97	128	35	128	
34	177	176	136	223	197	184	207	11	73	88	43	172	190	108	0	205	27	147	145	146	58	210	241	61	20	158	235	213	14	151	219	
120	160	40	186	13	193	145	200	198	148	128	11	183	217	90	2	201	227	107	1	14	99	219	49	209	129	143	61	84	8	62	194	
125	235	242	70	118	27	255	248	99	228	127	170	107	233	223	180	62	220	230	106	197	179	173	238	122	237	37	44	103	191	110	165	
80	66	61	69	46	75	194	32	108	168	186	104	214	56	133	34	18	84	124	99	137	240	69	12	132	174	97	18	68	59	85	37	
28	253	222	119	147	123	183	238	114	186	251	10	123	248	205	177	59	255	228	242	121	243	187	47	185	239	101	37	233	115	239	160	
61	223	195	63	214	150	103	246	113	202	126	102	115	115	179	244	127	238	22	238	237	186	108	47	118	239	165	128	47	247	250	237	
1	49	1	165	112	15	235	16	40	232	106	77	213	23	17	16	148	13	91	111	129	144	241	12	229	156	43	32	8	35	3	240	
5	175	190	63	173	183	238	238	254	154	242	1	234	232	125	171	217	111	110	143	252	235	155	121	189	255	95	9	192	115	235	142	
137	207	194	95	240	134	239	247	116	138	126	198	121	227	181	196	127	106	54	206	225	248	15	111	110	174	183	128	111	240	233	185	
253	89	254	166	58	14	83	184	177	236	182	44	95	87	131	115	126	229	124	110	233	199	185	44	250	233	101	148	106	179	98	115	
127	51	99	77	16	22	75	56	39	164	238	196	91	71	157	212	118	156	125	236	201	146	245	14	254	237	167	148	111	162	96	48	
220	121	127	103	34	14	95	176	101	172	182	100	123	83	129	115	54	244	93	234	233	229	57	44	243	233	103	144	43	179	102	49	
102	168	231	95	248	2	111	184	55	180	230	160	97	231	141	85	95	252	107	234	88	210	203	253	126	254	199	132	166	178	102	48	
100	168	158	114	201	153	176	194	206	177	160	8	32	232	102	18	169	119	234	16	6	107	138	49	25	131	93	127	209	8	15	142	
101	172	166	158	253	142	246	236	255	251	242	13	114	248	63	91	249	231	122	199	254	235	155	255	124	62	199	74	200	127	242	70	
141	237	206	189	178	139	110	247	62	230	90	229	255	227	179	64	115	111	127	15	112	220	13	111	236	239	239	128	172	244	137	211	
187	213	109	205	214	18	207	63	84	98	222	230	81	36	150	101	94	204	23	237	233	154	101	158	100	47	238	132	63	188	240	252	
32	102	213	69	82	15	174	40	48	178	162	200	211	33	16	19	63	84	74	106	96	240	93	76	108	130	101	20	105	226	67	160	
57	89	114	228	52	159	254	182	73	200	118	42	59	25	183	36	174	240	21	73	204	184	32	173	226	249	36	144	119	188	80	109	
232	120	246	116	109	29	89	16	235	184	182	40	143	153	213	63	174	164	108	88	136	103	226	192	215	249	80	186	66	185	66	37	
70	184	22	154	203	229	184	203	175	29	128	17	172	222	104	90	229	59	251	145	18	75	154	209	153	48	159	255	144	4	167	211	
156	120	152	251	131	203	23	220	23	131	197	51	223	215	105	72	243	89	173	82	42	244	91	50	201	199	23	87	178	27	5	51	
190	141	64	172	84	131	78	248	21	2	248	10	75	75	57	81	122	233	23	226	120	167	72	191	178	239	227	140	55	187	112	128	
106	168	150	92	201	136	148	135	171	31	160	25	42	246	68	158	129	115	232	0	22	75	194	161	25	242	84	123	194	76	207	14	
81	48	23	40	111	75	144	75	207	32	242	42	134	152	4	36	170	157	106	1	5	123	215	208	148	48	27	58	121	8	3	15	
1	32	76	161	18	11	104	83	60	32	66	197	151	3	0	64	114	13	95	12	5	152	69	12	196	168	187	128	44	128	19	144	
42	233	104	94	93	209	82	232	131	0	236	138	42	205	38	20	72	250	211	194	78	43	218	191	115	213	128	59	115	143	126	142	
215	52	255	68	163	95	125	121	169	254	183	189	75	60	222	63	167	149	213	38	253	117	188	192	219	91	69	183	103	228	7	119	
113	5	107	228	52	11	202	97	77	32	250	202	115	9	148	16	122	172	21	239	201	186	69	140	176	172	162	16	109	138	114	40	
96	185	105	96	84	79	65	51	34	228	172	9	19	29	82	16	8	156	81	56	74	122	240	4	223	141	5	125	97	128	86	250	
250	169	25	250	25	213	90	136	131	49	164	8	175	215	72	244	201	146	249	208	74	11	218	177	155	213	129	127	50	0	14	42	
17	10	5	37	16	7	104	103	52	161	98	213	211	34	0	0	252	141	36	173	169	216	81	12	148	166	186	0	105	0	32	8	
99	32	14	156	13	208	192	72	207	144	128	8	226	216	52	226	200	181	122	65	14	99	206	81	149	48	139	59	80	10	122	6	
0	2	85	201	106	11	41	43	62	164	226	192	192	3	132	84	94	156	106	168	0	176	69	92	4	6	1	0	80	136	4	160	
113	0	83	77	62	90	130	73	110	32	234	96	210	210	164	112	242	28	106	32	69	163	199	90	16	44	3	27	85	42	105	4	
40	233	179	122	221	221	180	239	219	29	44	9	174	221	116	132	137	59	195	81	66	107	154	247	111	85	22	107	210	28	223	250	
9	107	17	229	108	9	239	48	100	168	122	64	215	3	208	99	78	108	110	110	193	176	197	8	228	169	167	160	12	186	81	168	
45	84	149	101	184	47	71	184	84	170	186	76	215	33	129	159	29	212	76	106	169	160	89	30	164	198	101	52	234	251	66	49	
53	111	80	37	242	10	70	62	112	162	104	236	87	33	129	112	86	204	4	110	233	146	69	14	180	166	37	148	44	250	66	161	
44	52	184	241	237	61	113	27	107	255	61	29	158	241	78	30	153	10	239	28	18	96	251	210	207	221	113	62	218	108	71	243	
3	159	16	189	56	164	24	55	30	75	88	245	164	162	160	192	199	43	143	5	247	136	66	223	172	54	58	202	24	196	153	29	
67	141	229	199	172	126	239	191	76	224	154	70	243	124	148	230	88	102	124	239	217	169	255	236	172	126	207	144	79	254	209	124	
91	143	129	166	180	52	78	191	33	224	154	207	255	104	208	226	214	231	188	239	221	24	221	171	184	125	175	184	44	246	153	92	
105	51	113	68	112	78	67	48	97	200	226	76	83	21	193	118	84	220	100	108	201	178	241	8	197	184	32	0	74	162	70	113	
64	168	214	84	72	128	160	202	186	144	160	0	240	242	68	50	17	125	104	192	2	203	138	105	9	186	71	59	65	32	35	132	
105	181	152	243	237	125	149	23	75	191	189	24	158	57	78	46	143	31	230	17	18	122	243	130	79	221	20	123	202	72	139	131	
34	234	104	155	126	153	154	194	158	20	80	171	164	204	55	0	143	43	131	71	70	46	78	255	4	20	26	187	85	29	31	205	
151	16	231	197	38	34	233	89	33	226	83	246	93	55	185	111	62	149	55	174	161	148	165	200	148	40	235	132	47	227	49	177	
2	192	146	149	110	128	188	39	62	161	90	2	172	170	112	64	238	47	51	129	64	216	131	193	4	54	222	128	4	24	161	137	
63	251	227	78	87	213	242	252	123	204	125	110	104	220	255	180	62	232	150	222	199	187	174	255	58	109	37	235	111	191	122	253	
221	255	190	95	251	247	183	255	114	255	252	252	120	254	135	183	191	127	230	226	247	127	191	127	124	239	127	175	219	117	175	255	
28	249	222	103	23	91	215	248	119	164	255	130	251	104	139	160	59	253	236	226	73	240	125	60	232	231	101	21	239	50	47	50	
17	10	210	69	82	10	40	119	54	161	98	210	115	33	128	80	58	204	34	140	32	248	69	14	12	174	112	0	97	168	96	168	
222	74	238	36	38	50	106	80	225	166	247	231	73	235	183	91	38	229	173	238	140	213	132	232	210	235	235	133	39	247	127	69	
2	132	34	137	20	163	170	99	84	1	91	18	72	136	56	64	121	43	19	177	146	186	1	223	44	36	154	192	149	74	176	128	
166	183	144	138	237	57	188	239	142	63	24	253	172	232	238	131	143	75	211	55	214	75	202	243	44	16	127	191	156	94	153	223	
252	213	181	230	203	68	183	255	128	182	188	26	253	119	72	3	127	215	243	227	112	107	216	171	253	231	111	44	227	122	167	187	
3	134	2	157	116	183	168	103	31	11	90	247	172	234	188	228	255	43	151	141	183	152	5	223	132	118	154	194	156	76	185	157	
114	33	70	65	16	10	106	64	61	32	226	129	65	3	4	84	112	140	107	236	8	209	193	92	180	170	131	0	33	130	99	160	
64	19	149	101	52	14	163	48	108	40	122	104	215	33	129	96	150	85	110	106	129	176	193	76	164	166	98	16	64	171	1	33	
217	85	127	231	34	94	95	180	164	174	222	100	219	119	129	115	54	244	125	234	233	145	49	44	243	235	231	144	46	243	39	57	
34	177	176	202	245	165	186	79	11	105	89	171	12	189	124	0	159	27	151	17	146	58	200	209	63	28	159	238	150	78	147	211	
0	168	94	89	74	131	160	71	246	17	226	82	176	130	0	0	107	175	98	136	18	250	199	113	68	42	51	64	105	0	227	136	
114	168	18	90	73	149	64	203	171	148	160	9	42	195	100	150	233	163	234	128	10	107	202	113	19	144	151	63	81	4	106	142	
16	32	22	124	11	143	160	74	238	176	226	11	67	200	100	130	169	109	106	1	4	227	142	16	17	224	3	63	81	8	75	134	
16	32	20	173	14	11	64	8	94	160	194	3	199	136	16	64	216	77	106	1	12	240	79	18	132	166	11	17	116	10	16	2	
89	141	161	165	180	62	78	191	113	224	218	206	243	60	144	224	208	239	60	239	221	154	245	175	188	109	175	176	44	254	152	92	
253	80	127	228	42	78	95	184	161	238	182	44	123	87	131	123	118	245	124	238	233	199	185	172	243	235	225	144	43	179	98	115	
109	21	149	101	169	78	71	184	97	250	42	76	214	53	1	255	17	212	108	122	121	240	249	12	173	250	69	20	202	251	66	49	
49	7	192	69	18	10	78	59	48	160	234	192	83	35	145	148	58	204	64	238	72	152	77	14	36	174	165	20	99	226	74	136	
98	179	248	18	235	249	181	15	203	95	53	189	174	252	78	26	135	19	230	20	150	106	242	99	78	22	84	123	192	76	207	215	
156	121	144	251	131	77	87	220	23	178	228	2	31	211	97	109	119	218	157	90	74	241	155	160	243	208	69	62	50	251	160	35	
76	181	184	227	253	125	241	27	91	253	61	29	159	61	78	10	147	31	207	24	19	120	251	210	207	221	53	127	218	74	199	243	
248	168	24	120	25	221	80	106	131	16	160	8	187	211	64	177	200	185	200	128	78	14	210	31	211	217	129	61	50	0	74	10	
17	40	23	185	78	139	160	71	110	33	226	90	23	152	0	40	170	189	106	1	0	254	199	16	148	160	18	122	65	8	3	140	
50	32	3	136	9	131	232	73	167	36	136	11	130	195	32	148	120	172	75	172	8	3	130	92	145	176	139	58	113	10	50	162	
42	177	56	248	253	221	245	239	219	93	60	24	190	221	78	36	137	26	215	17	211	106	250	183	111	221	21	123	210	12	214	235	
248	225	184	40	153	200	81	205	99	21	165	25	6	209	74	16	145	138	200	112	90	107	202	19	251	209	21	125	194	2	206	66	
66	178	22	152	235	229	176	79	175	29	208	53	172	214	96	90	229	59	255	145	18	75	210	209	157	48	159	255	144	4	167	211	
66	178	249	19	234	109	185	75	58	247	49	189	188	60	94	27	167	27	211	21	182	124	247	66	93	30	124	174	197	68	135	251	
95	150	252	81	235	124	89	154	43	119	47	189	78	38	206	191	167	135	236	52	183	69	191	208	158	251	81	247	235	229	143	87	
33	34	4	173	72	7	104	79	22	160	226	193	145	3	16	88	72	140	106	140	8	222	67	28	68	162	155	64	48	128	114	136	
1	14	209	69	54	10	226	55	124	161	122	240	243	33	128	64	114	46	44	8	177	184	69	14	36	174	50	64	108	160	81	169	
106	233	56	88	217	221	17	231	131	61	172	24	42	159	70	52	201	186	195	16	94	106	242	181	123	221	20	123	210	12	198	238	
125	253	190	191	223	203	183	238	254	214	250	47	246	248	27	195	123	111	106	115	245	251	223	63	252	39	103	95	237	125	251	203	
102	227	207	79	88	75	107	232	46	164	111	128	97	199	140	80	122	252	107	234	64	210	203	61	63	237	231	133	33	179	102	176	
170	88	20	190	79	197	146	194	159	22	192	19	172	222	33	201	200	115	155	195	98	15	82	251	145	50	154	59	16	61	61	26	
163	251	98	154	79	208	188	230	25	69	84	167	40	206	118	197	238	251	147	199	198	26	182	241	54	16	222	171	23	29	189	222	
121	223	115	95	246	154	79	255	113	74	126	230	123	117	181	244	127	254	22	234	233	186	109	191	250	239	39	128	63	251	226	253	
253	89	255	238	58	78	95	184	225	204	182	40	127	119	163	115	118	245	125	234	233	199	189	44	243	235	103	152	38	179	38	123	
186	13	100	237	150	3	76	123	21	162	248	2	11	43	49	65	122	173	23	161	232	190	65	158	178	251	227	132	55	236	112	136	
141	239	198	181	246	138	111	247	191	238	94	231	237	227	179	212	51	238	63	78	244	216	13	255	254	103	39	129	174	244	189	201	
2	145	178	157	101	196	184	71	62	89	80	51	172	158	52	64	230	59	179	129	130	24	146	209	5	52	154	203	20	4	181	219	
242	252	253	95	22	74	83	174	123	103	162	58	115	125	28	112	115	213	125	209	235	236	125	127	121	46	245	80	101	144	214	122	
204	236	18	184	248	96	15	234	186	22	168	24	221	227	41	81	243	211	75	178	34	71	138	127	249	167	47	125	144	113	7	34	
45	101	64	101	81	7	110	112	49	160	249	202	83	3	16	148	92	204	6	238	72	178	201	14	116	140	129	36	107	166	114	160	
56	69	96	229	84	27	206	125	69	226	188	10	3	9	149	32	120	140	23	235	232	178	101	158	114	205	165	180	119	190	208	136	
158	122	222	188	42	160	26	88	191	156	213	167	108	207	227	95	102	121	175	211	6	71	142	248	210	99	107	171	55	167	45	215	
20	255	222	95	219	83	183	236	126	246	231	38	104	242	175	245	127	255	226	226	119	210	255	127	60	38	71	39	217	115	175	229	
29	233	190	63	159	75	246	232	126	244	251	7	238	248	27	193	251	111	110	103	205	241	219	61	188	231	111	7	249	51	105	199	
188	68	246	228	198	34	110	120	117	130	247	18	91	107	57	89	122	204	6	170	168	183	1	138	242	235	230	128	231	249	98	128	
65	157	29	237	180	142	77	55	36	8	202	64	183	51	144	97	68	38	28	40	249	152	81	61	229	169	162	16	40	128	192	41	
220	81	127	103	42	78	95	56	165	206	182	164	123	119	137	123	54	213	125	234	233	197	185	232	243	235	229	144	46	243	102	113	
89	23	87	103	50	14	111	48	100	136	126	228	255	115	128	245	54	118	92	110	193	144	5	45	164	239	97	128	46	242	3	49	
60	127	78	111	153	95	239	252	39	172	255	132	251	199	139	208	120	252	238	226	73	179	251	63	255	237	167	149	107	179	238	240	
2	132	2	137	20	162	170	99	20	1	91	18	64	234	56	64	121	42	2	177	50	152	0	223	40	38	154	192	148	10	176	128	
252	90	255	254	40	78	95	248	249	254	182	104	95	223	139	123	246	245	253	234	233	71	251	40	211	235	227	156	36	179	38	115	
114	42	2	24	73	129	160	79	174	144	160	73	32	194	68	146	200	171	106	128	14	75	202	17	149	160	155	59	25	0	106	142	
80	0	23	173	14	11	98	72	86	160	202	11	70	128	32	64	112	204	106	1	0	241	143	16	148	38	1	16	112	10	8	0	
73	102	196	5	56	10	103	32	36	160	234	64	209	35	128	214	120	196	104	234	104	208	197	12	164	175	227	16	65	162	91	32	
108	52	249	99	244	126	241	152	107	253	61	60	223	61	207	58	151	93	245	49	147	112	249	64	79	221	37	247	204	227	71	243	
38	164	224	195	246	185	250	90	11	225	125	139	136	236	220	40	191	27	23	157	146	58	236	210	14	28	155	238	215	207	83	213	
58	126	142	182	134	175	156	134	26	171	218	235	54	61	1	25	237	255	255	129	44	219	65	45	216	39	254	145	141	121	27	11	
55	127	106	78	124	151	238	248	82	76	253	238	105	204	183	176	220	234	150	230	207	178	108	255	54	77	165	173	95	183	122	213	
10	177	177	49	235	109	181	143	26	87	48	189	188	188	78	138	135	27	211	21	178	106	242	243	77	87	94	111	199	76	135	243	
63	223	230	149	246	154	111	246	55	206	94	231	105	231	183	212	55	238	183	206	245	216	165	255	126	111	231	129	47	245	253	221	
220	46	20	173	187	99	31	251	149	174	140	61	205	35	3	215	99	103	205	170	56	79	201	190	250	215	207	63	178	245	175	131	
38	182	144	152	120	41	186	234	138	63	16	253	172	238	234	3	207	91	199	53	54	78	202	243	12	22	223	255	148	76	13	223	
109	181	249	227	252	125	113	153	123	253	61	60	223	61	74	58	159	159	94	56	147	112	249	194	207	221	53	124	196	203	199	243	
46	28	134	190	79	240	184	64	141	134	201	163	204	206	33	206	203	57	171	131	4	131	82	200	149	118	202	11	150	127	61	150	
108	177	185	99	249	125	81	25	107	253	61	56	154	63	78	62	145	27	196	16	151	122	249	144	79	221	21	127	194	66	198	247	
109	113	145	69	233	31	70	152	107	234	43	72	210	48	77	190	145	76	112	106	193	114	249	0	39	156	69	52	202	115	202	164	
106	233	16	26	25	145	18	192	143	148	169	9	174	210	100	148	200	185	202	66	78	3	202	189	153	212	9	59	18	7	46	14	
17	10	192	117	16	170	104	55	116	33	226	212	243	35	144	80	88	174	32	140	57	156	69	15	132	174	176	64	105	136	96	168	
224	96	121	68	108	9	200	80	233	56	176	72	51	137	213	51	234	165	95	234	201	39	198	64	20	184	96	56	77	186	66	169	
66	178	22	152	233	229	184	79	175	93	208	53	140	150	96	74	229	59	255	145	18	75	130	209	157	48	154	255	144	4	165	219	
146	12	86	189	182	43	252	103	29	162	218	18	175	42	48	65	239	175	31	129	104	191	65	206	180	246	218	128	52	104	177	9	
3	134	66	155	118	179	168	67	31	1	83	243	172	202	178	200	255	43	163	133	54	158	7	223	6	54	154	195	157	140	169	132	
156	228	148	199	191	60	86	254	65	190	252	58	111	115	200	183	127	222	204	106	120	127	170	171	187	221	69	47	98	254	174	173	
34	221	34	154	207	212	188	231	155	85	88	183	44	222	126	65	239	59	147	133	214	26	178	245	55	48	158	235	21	28	183	223	
32	40	4	141	72	139	96	79	6	177	98	0	48	3	16	88	72	44	98	28	2	220	67	28	4	34	144	0	16	136	82	136	
90	5	82	225	150	42	106	23	53	1	250	18	15	43	0	88	114	143	29	176	26	154	1	198	154	253	154	196	167	192	224	0	
77	65	17	101	48	14	174	48	44	8	107	68	223	51	129	196	22	68	108	110	65	176	209	12	164	253	34	0	74	163	1	33	
45	177	185	243	253	253	241	155	75	125	61	60	158	93	78	40	159	27	87	17	147	104	251	145	79	221	53	255	202	136	199	243	
82	4	66	160	20	34	72	87	45	3	218	18	143	10	32	72	122	133	31	176	24	145	1	194	144	228	154	148	165	201	241	8	
1	10	86	113	22	138	96	23	116	33	66	224	243	0	144	232	114	46	40	24	27	184	69	13	132	166	50	64	108	136	65	40	
120	40	16	56	29	233	80	107	163	4	160	9	46	217	65	148	136	168	201	0	14	35	194	157	209	208	1	59	82	12	86	10	
253	80	127	230	42	78	95	184	177	238	182	168	95	87	131	123	118	245	125	234	233	199	169	232	211	235	231	144	37	179	102	115	
40	249	57	90	253	221	213	239	207	125	172	8	170	28	70	176	137	27	195	17	222	42	114	181	111	221	20	123	211	12	198	238	
17	188	186	58	215	189	178	195	126	71	109	15	46	216	126	0	179	171	19	21	150	186	158	115	58	13	23	107	253	70	171	207	
14	176	161	177	203	109	185	91	58	123	17	217	157	191	88	142	175	31	243	149	179	116	144	194	93	87	91	230	199	69	135	179	
87	52	239	80	139	126	121	27	171	255	167	157	72	62	95	59	167	149	253	182	188	71	189	66	91	62	85	246	225	245	102	119	
164	225	49	65	221	79	65	169	67	240	164	8	146	85	77	53	153	152	64	120	123	102	122	20	77	152	5	124	82	8	86	226	
41	181	189	227	188	127	113	31	63	121	61	24	151	61	74	56	151	159	127	24	155	120	249	21	207	223	53	245	240	202	197	243	
157	255	190	189	159	255	183	255	246	254	222	47	254	253	147	231	127	255	238	67	255	251	255	191	253	103	103	191	255	125	191	251	
110	25	146	174	79	208	146	65	143	132	201	131	172	254	99	206	202	185	187	209	4	3	218	224	147	116	138	27	150	47	61	150	
131	250	136	146	252	41	184	206	158	253	17	253	140	170	210	10	135	75	211	21	166	77	138	243	12	22	127	254	156	173	139	221	
131	130	138	153	116	167	168	71	30	11	81	215	132	202	188	200	255	41	18	149	182	156	71	215	12	54	186	198	156	8	185	133	
2	156	178	150	246	136	188	103	189	11	82	178	172	190	32	65	231	51	159	129	240	153	0	239	180	54	222	130	132	76	161	137	
79	186	134	26	169	213	19	170	190	221	142	173	236	246	234	166	133	115	232	21	7	73	187	115	201	23	125	219	138	100	13	127	
188	244	244	95	63	122	82	238	91	183	252	58	74	106	206	182	251	212	196	40	44	127	189	239	187	255	85	127	250	252	110	143	
6	132	2	139	20	163	170	66	22	1	91	18	72	234	56	64	121	43	19	177	18	184	9	223	8	38	138	196	149	11	48	128	
109	52	145	65	97	127	115	152	107	250	61	104	222	21	207	190	149	92	212	58	129	116	249	0	79	221	37	182	202	227	70	179	
45	181	113	227	253	109	241	153	79	121	61	126	222	93	220	44	63	154	95	56	147	112	249	214	79	220	37	246	206	142	199	243	
34	157	34	155	207	213	188	239	31	85	88	147	172	252	126	65	255	27	147	129	214	26	58	245	45	16	158	235	21	76	181	222	
45	177	113	227	253	109	241	25	91	121	61	60	222	93	222	44	159	26	87	57	147	112	249	214	79	220	37	246	206	142	215	243	
118	245	164	6	203	87	150	232	27	238	168	47	74	124	79	158	157	213	241	243	204	99	251	106	59	6	77	191	195	118	94	87	
92	112	251	101	98	110	123	152	57	238	55	44	223	127	195	122	183	221	125	250	137	212	185	66	215	255	103	165	231	243	71	115	
114	4	66	160	148	34	106	71	61	1	251	18	15	42	32	80	122	143	31	176	24	155	1	194	182	236	154	192	165	200	240	8	
222	63	21	151	171	225	95	231	133	238	142	183	238	167	195	215	231	231	236	166	125	95	233	238	186	214	197	179	178	245	132	125	
88	9	134	45	27	91	34	8	54	228	206	142	67	224	2	212	48	236	234	160	45	211	221	28	253	39	69	21	106	46	44	112	
109	52	249	97	241	127	115	24	107	251	61	56	222	63	207	62	151	93	212	58	145	112	249	192	79	221	33	246	202	227	71	247	
95	48	142	180	171	120	89	27	179	255	151	189	207	55	202	222	39	199	253	156	29	65	171	192	218	243	125	215	174	228	174	87	
2	186	22	155	235	197	184	199	174	57	209	53	172	158	104	72	231	27	255	144	18	75	203	241	157	16	154	235	144	4	165	219	
48	42	6	29	9	203	161	78	118	164	194	4	224	130	2	208	104	110	106	0	9	217	199	48	148	34	155	1	25	0	126	136	
39	96	224	83	86	49	250	200	91	227	125	154	8	204	223	44	63	217	19	159	134	54	172	194	14	28	159	172	199	223	115	196	
252	82	127	228	106	78	127	184	41	206	246	238	127	119	139	123	118	213	125	234	233	215	249	202	215	235	231	144	37	243	102	115	
205	81	95	69	34	78	127	48	105	234	54	236	223	55	129	127	54	212	124	106	225	212	181	72	230	251	101	128	42	179	67	49	
120	100	82	44	85	91	70	104	117	36	234	8	74	129	0	148	120	140	226	226	72	178	209	222	180	244	1	43	107	46	106	4	
73	3	16	37	48	26	106	48	101	8	110	100	199	35	129	244	18	68	108	110	129	144	193	76	164	252	34	128	10	179	75	1	
208	88	31	252	40	204	85	166	180	30	166	16	183	183	33	123	160	117	109	66	104	205	178	41	209	227	114	25	32	49	37	43	
1	135	65	203	52	162	234	51	84	1	91	246	241	34	184	224	94	42	22	141	157	184	69	159	140	46	186	192	189	138	121	141	
197	28	247	215	236	36	175	52	233	187	119	118	252	247	221	111	231	126	54	138	225	252	170	226	36	58	119	168	142	243	225	165	
167	98	115	90	108	13	232	216	239	26	113	92	218	200	253	175	158	72	86	126	195	118	206	240	20	24	99	236	221	187	83	165	
230	127	176	154	236	161	156	207	155	63	153	191	236	204	207	9	207	115	247	19	118	99	202	247	52	18	255	251	148	95	151	211	
138	170	243	154	215	165	179	206	255	7	120	23	44	205	118	140	187	43	131	21	146	62	154	243	93	28	22	107	247	77	247	203	
97	99	89	229	108	9	232	80	232	40	241	72	179	9	149	51	106	165	86	234	193	54	196	64	84	168	98	40	77	187	67	169	
110	52	175	242	237	116	248	83	187	187	159	92	220	255	93	62	173	23	247	153	145	103	186	194	93	95	255	238	207	101	251	243	
43	149	194	141	213	167	107	127	67	225	95	79	80	225	182	212	88	206	51	236	153	154	221	157	62	60	133	228	191	238	210	212	
162	171	96	158	71	145	190	105	95	70	85	175	40	204	254	4	250	43	147	135	198	58	238	251	54	28	158	171	87	14	253	206	
2	141	2	154	149	167	174	231	22	1	74	2	104	234	48	64	121	107	19	145	50	152	24	255	41	38	158	64	16	74	176	136	
197	220	255	213	238	36	175	246	122	155	114	118	112	243	253	107	127	127	55	202	177	244	170	99	108	42	231	168	141	241	225	161	
47	53	241	65	245	127	251	24	123	233	61	108	222	61	221	188	191	221	215	58	147	112	249	194	15	220	37	230	207	239	71	245	
122	15	228	5	19	90	71	40	113	230	238	175	66	44	150	215	88	228	236	226	172	242	237	14	58	39	229	149	103	230	94	86	
214	126	247	150	187	217	95	247	189	206	222	191	108	230	167	215	231	231	239	134	253	221	238	238	190	54	221	211	134	181	134	125	
106	186	152	26	251	217	16	134	171	125	180	189	174	215	198	150	135	243	236	20	38	75	234	115	190	85	53	251	210	132	143	95	
73	7	86	69	52	26	110	48	125	174	126	228	203	32	150	245	50	68	108	110	236	176	101	14	166	255	101	128	110	230	74	5	
92	118	251	229	98	110	123	152	41	238	254	236	95	63	193	122	55	221	125	234	137	214	185	202	215	253	103	164	231	243	103	243	
106	190	90	90	121	221	18	202	155	28	172	45	46	220	102	148	137	186	194	0	6	107	234	181	58	85	1	59	90	12	78	223	
205	82	253	69	98	90	127	48	41	206	118	236	223	23	129	127	54	213	253	234	225	212	177	202	230	251	101	128	46	179	6	113	
134	255	145	154	248	169	190	207	158	191	25	255	228	230	201	11	159	123	75	23	114	68	202	247	44	22	127	252	156	217	131	145	
34	156	32	154	95	241	186	234	159	87	88	187	44	252	126	1	249	27	147	133	22	58	62	247	31	20	219	239	21	13	117	222	
1	134	2	153	116	167	170	67	94	9	90	86	148	130	184	224	221	43	18	157	183	156	69	87	12	46	186	196	156	8	57	137	
133	112	155	251	100	140	169	80	126	27	113	116	151	211	233	41	182	56	38	90	131	244	154	32	196	136	114	168	200	145	3	161	
120	217	56	236	117	197	95	247	3	13	124	11	62	255	34	80	216	187	135	64	74	11	154	177	115	253	128	43	49	154	228	235	
180	66	64	187	94	163	202	72	86	37	65	179	193	192	186	200	123	168	2	223	46	182	79	183	148	6	154	65	53	139	56	128	
2	152	178	158	118	132	184	230	188	11	80	50	172	254	32	67	231	59	155	129	162	205	2	231	28	54	90	202	148	4	33	137	
170	170	241	152	207	245	176	207	159	87	116	19	44	205	102	140	239	43	131	149	18	126	138	243	31	84	30	107	215	4	175	239	
195	190	133	147	170	168	172	135	190	211	18	245	172	162	212	207	167	71	123	157	183	76	143	243	172	18	255	194	140	84	137	29	
218	94	142	188	27	160	62	230	188	6	194	231	45	238	35	201	230	115	169	199	102	205	22	239	210	103	218	139	56	85	41	27	
153	133	98	99	214	58	235	183	117	67	127	18	27	41	148	96	127	142	23	152	188	184	37	230	126	239	182	196	231	192	240	168	
246	252	213	92	251	211	22	231	187	254	176	253	42	254	198	247	231	253	238	134	253	79	250	238	59	126	85	251	219	52	238	95	
134	238	141	155	232	169	46	190	30	51	89	245	245	226	232	64	23	75	51	159	179	92	79	115	108	6	191	228	156	195	129	185	
6	184	182	153	234	165	184	195	142	121	208	177	140	158	104	74	199	27	255	149	146	91	195	209	156	16	154	234	148	12	161	211	
231	71	102	74	236	25	238	232	201	146	185	202	67	232	253	179	122	192	86	111	204	35	78	232	54	24	229	188	125	251	218	132	
109	48	241	69	113	127	123	24	107	234	63	108	223	63	199	190	151	93	212	122	129	240	253	202	79	221	33	166	202	247	71	245	
51	189	67	141	245	191	234	91	79	225	216	78	32	224	180	212	88	110	19	124	147	187	252	191	62	108	165	242	159	206	210	252	
2	176	22	153	235	133	184	71	175	25	208	49	172	222	104	72	239	59	255	144	18	11	194	209	157	16	26	250	144	4	165	155	
109	112	241	69	96	126	115	144	107	234	63	108	222	20	199	190	151	92	212	122	129	244	253	72	70	221	37	166	202	247	67	245	
118	13	194	227	212	34	106	71	57	1	251	18	11	42	36	80	123	143	23	144	58	154	1	230	186	236	158	192	165	203	240	0	
255	60	246	95	127	251	114	154	247	191	246	58	235	217	143	253	251	252	252	152	174	247	237	187	151	255	145	151	247	213	78	143	
74	178	236	144	170	48	124	159	187	255	150	253	140	174	222	62	167	215	253	145	150	73	167	194	158	119	252	247	134	212	143	95	
