香奈儿可可小姐唇露	784 - ROMANCE	https://i.chanel.cn/fnbv3/image/full/shades/rouge-coco-gloss--784-romance-55g.0156784_S.jpg	https://i.chanel.cn/fnbv3/image/full/chanel__com_type1/skus_full/rouge-coco-gloss--784-romance-55g.3145891567847.jpg
29	12	235	239	214	50	239	82	84	194	223	134	81	237	179	104	127	238	23	175	169	183	45	142	114	47	171	128	167	235	112	240	
34	173	2	155	148	163	174	231	22	1	88	2	96	232	48	64	121	106	19	177	50	186	8	255	40	4	143	192	213	74	176	136	
2	132	98	137	86	162	168	103	60	65	90	147	172	174	52	96	127	11	19	149	178	152	5	223	28	46	154	192	149	12	177	220	
35	189	50	202	245	213	186	119	15	73	88	35	44	156	118	32	222	59	151	145	150	58	34	247	47	28	154	235	215	14	177	223	
34	185	160	154	221	193	178	199	10	69	72	139	172	140	118	0	200	59	147	145	22	58	210	241	61	20	158	107	213	14	151	222	
27	159	67	143	114	146	174	246	61	192	90	231	109	238	182	196	118	239	151	231	229	153	13	239	62	110	170	192	63	166	57	221	
2	191	98	154	230	241	188	231	159	85	88	183	44	254	182	64	255	59	183	133	150	219	38	243	30	20	154	235	149	204	181	223	
2	187	98	155	246	179	186	230	31	69	90	183	44	238	182	64	255	59	147	149	182	154	46	255	62	30	158	203	21	76	181	221	
59	1	114	224	54	57	250	80	109	64	255	130	31	13	182	96	110	153	31	189	142	179	101	196	210	253	170	208	103	142	113	65	
2	157	54	156	253	228	188	231	191	91	88	53	172	190	38	64	231	123	191	129	242	137	18	255	45	54	158	139	144	92	165	219	
130	205	150	157	240	169	60	167	62	3	90	16	172	162	0	64	231	47	59	128	114	220	67	247	44	54	94	192	0	80	161	137	
3	18	26	185	116	172	184	19	190	89	82	117	188	142	182	72	230	41	55	157	183	156	2	215	68	62	186	194	156	132	41	157	
79	211	46	158	47	151	190	232	205	204	214	167	236	216	55	97	254	225	255	231	196	35	31	253	178	115	207	155	95	62	57	87	
59	21	107	225	54	50	75	80	101	196	255	230	27	13	183	96	126	136	23	189	141	178	37	142	242	205	162	132	111	142	112	241	
179	134	206	173	20	2	104	127	20	195	210	215	49	35	146	80	125	172	63	173	185	218	213	206	220	46	186	128	173	164	120	216	
127	83	46	172	47	22	222	104	205	204	222	175	206	200	63	66	254	229	255	231	204	35	143	220	242	115	203	159	31	63	57	87	
130	221	54	153	253	229	188	231	158	91	88	49	172	190	32	64	231	59	179	1	242	152	18	247	45	54	158	139	20	92	165	219	
122	1	98	232	124	19	202	81	109	64	255	139	11	15	180	116	110	133	95	253	216	171	101	196	210	249	170	220	39	142	112	80	
78	219	46	190	47	149	159	232	143	158	150	175	236	232	51	67	238	97	255	199	196	99	138	253	242	115	207	155	22	63	61	71	
61	93	99	207	84	31	238	248	117	232	126	70	91	89	181	228	120	204	22	238	201	178	125	238	54	108	167	128	127	191	112	164	
34	157	34	158	223	209	190	230	159	68	92	163	40	236	55	68	234	123	147	195	102	171	62	255	55	22	158	171	23	93	61	222	
118	125	98	6	79	83	222	104	137	228	189	175	72	236	119	7	248	245	215	231	204	99	190	200	51	80	205	187	103	127	126	214	
3	136	197	185	116	154	232	23	124	97	82	215	183	8	144	232	106	44	54	157	167	188	69	207	132	62	186	192	156	140	89	156	
126	67	106	172	111	6	95	104	161	140	222	175	79	239	51	82	254	245	253	231	204	131	168	200	243	245	143	159	39	183	54	83	
39	207	98	158	215	147	190	224	95	196	252	167	104	232	183	132	122	234	131	231	230	187	46	255	54	60	143	171	119	191	124	204	
130	157	146	153	244	172	188	39	62	25	90	48	172	190	32	72	231	59	179	17	114	216	67	215	45	54	158	194	148	72	129	139	
50	97	98	236	12	3	104	121	237	160	243	2	11	138	52	66	122	173	127	225	200	163	129	212	146	232	138	156	53	138	112	136	
187	17	106	232	54	18	91	112	101	96	255	166	27	13	182	116	126	157	151	238	201	179	37	204	242	233	162	196	103	174	112	241	
2	221	50	155	245	197	188	231	158	89	88	49	172	190	36	64	231	59	147	17	114	152	18	247	45	22	30	203	144	92	165	219	
122	65	98	232	110	19	90	113	45	96	244	138	11	15	180	116	126	149	95	238	200	167	101	204	242	249	170	152	55	142	114	221	
79	133	246	211	230	58	253	151	105	243	62	146	153	63	222	111	39	87	255	156	181	248	165	224	110	123	118	196	167	212	225	253	
1	128	245	81	116	187	225	23	126	97	114	80	187	8	148	236	107	46	6	24	177	188	101	223	12	190	114	64	212	136	81	173	
240	141	82	252	157	194	86	101	85	6	226	11	98	25	36	209	248	166	172	226	124	191	81	191	187	230	144	83	113	8	252	14	
61	117	115	79	84	79	103	120	101	232	255	74	83	209	145	116	120	236	6	106	201	178	253	63	116	172	37	36	127	187	114	160	
187	81	122	228	54	19	223	121	101	96	247	170	27	31	183	48	126	157	151	238	200	183	36	204	242	233	162	144	103	158	114	113	
60	117	123	100	119	91	87	88	97	224	255	42	91	223	41	48	58	252	149	226	73	178	184	140	243	205	37	37	111	187	102	243	
255	67	102	68	71	26	110	112	225	224	247	206	75	40	159	247	122	196	252	238	237	243	165	204	50	104	197	133	111	183	122	4	
166	121	226	154	207	213	190	192	139	220	149	175	108	222	103	11	236	249	151	243	196	99	186	224	51	16	207	171	23	127	55	215	
35	239	98	26	127	145	158	236	95	68	124	175	104	232	183	132	95	235	147	231	198	58	78	255	62	28	143	171	95	159	122	205	
2	253	34	154	211	209	190	231	159	69	72	179	44	254	102	0	235	123	147	145	86	26	50	247	63	22	158	235	149	28	181	222	
217	71	87	197	6	2	111	48	101	96	247	198	91	35	177	247	118	196	62	238	233	145	37	204	182	232	226	132	47	163	112	32	
18	207	106	156	63	145	188	103	140	5	218	167	44	138	182	192	238	43	155	133	214	137	6	255	48	37	154	139	53	12	185	207	
72	188	183	241	169	236	116	151	187	219	166	17	158	191	64	219	165	119	253	16	50	109	146	224	207	251	86	67	194	68	135	91	
47	253	99	78	93	151	206	248	67	232	125	206	122	224	189	180	88	236	22	110	203	178	124	191	62	28	133	172	127	191	122	180	
120	200	226	108	69	70	102	101	113	6	230	2	107	57	52	208	120	236	177	234	72	191	145	175	115	239	212	1	99	58	254	138	
249	67	71	237	6	10	111	48	101	0	246	66	91	3	177	231	122	196	62	234	233	177	101	204	244	234	226	128	47	186	96	32	
120	126	146	188	77	215	86	127	145	206	248	13	110	252	34	144	216	252	196	34	77	167	210	175	179	247	5	59	91	126	254	219	
37	33	249	65	244	111	99	17	97	229	127	72	83	53	217	48	90	156	6	120	153	178	125	8	111	141	37	68	231	235	214	160	
41	117	121	99	116	207	103	112	112	44	124	8	51	21	144	48	30	152	6	122	203	178	112	62	103	141	33	32	97	154	70	161	
150	62	198	149	178	178	184	66	190	135	90	247	45	174	247	200	103	127	175	149	180	221	134	234	30	103	251	131	165	117	45	221	
166	105	226	158	207	209	190	204	155	22	212	163	40	222	103	140	238	251	147	195	70	79	170	243	51	20	223	171	23	125	191	222	
39	33	225	65	212	63	234	88	65	232	123	206	81	40	213	164	120	204	22	255	141	178	253	200	30	12	163	164	239	239	122	148	
218	156	50	186	155	212	18	231	191	85	196	51	44	223	34	210	231	251	185	209	6	11	186	247	243	243	26	75	18	4	173	90	
6	46	158	177	235	233	48	66	190	191	86	179	172	191	99	75	167	127	235	145	22	221	130	226	220	87	31	195	132	69	45	203	
61	5	107	108	214	34	111	113	84	192	255	2	81	235	177	96	126	236	23	238	217	179	37	142	114	237	163	128	119	251	240	224	
104	124	56	115	245	223	119	22	177	236	62	13	159	31	66	16	132	254	221	72	200	248	240	46	239	221	53	113	66	248	206	251	
72	60	58	119	113	204	119	54	185	206	110	13	191	159	2	16	164	123	221	0	64	253	176	42	231	253	52	67	66	0	207	251	
33	80	97	71	116	95	235	112	93	104	121	70	248	48	180	164	126	72	18	110	225	176	125	207	38	30	162	128	79	174	82	181	
22	184	187	240	169	237	177	194	190	181	164	25	142	183	96	26	235	55	235	16	18	75	178	240	221	209	91	127	144	73	7	226	
60	1	106	236	148	18	78	113	69	0	255	2	91	107	181	64	120	172	23	234	216	179	36	140	242	237	163	128	55	186	240	0	
77	80	249	69	100	110	107	16	97	142	127	64	211	55	153	126	86	220	54	106	129	176	245	72	71	190	160	128	226	243	68	225	
86	184	157	240	239	237	113	195	143	53	181	27	142	159	96	26	171	147	207	17	18	111	122	240	223	211	27	127	144	73	135	227	
7	54	195	147	242	178	168	83	62	193	83	247	77	238	246	204	119	47	183	157	183	216	13	194	28	46	191	198	175	228	169	149	
246	121	98	94	75	208	158	96	137	196	253	171	104	252	119	151	234	255	243	227	76	99	190	232	51	112	207	171	103	126	126	222	
166	120	226	158	79	209	150	200	219	198	209	143	104	204	119	10	216	233	179	199	198	103	190	250	19	20	207	171	85	63	126	214	
244	80	175	214	77	76	117	204	249	222	183	31	114	223	47	91	248	212	111	227	104	103	186	234	209	163	238	25	33	59	119	122	
215	64	255	246	15	68	93	204	57	150	178	138	111	78	31	123	183	213	125	239	108	71	191	232	147	250	223	154	37	241	103	108	
2	148	18	155	53	172	186	64	62	11	83	48	236	222	40	72	247	59	147	17	50	156	10	247	5	54	26	194	144	11	161	131	
119	125	228	198	207	83	222	232	193	254	188	175	74	124	95	39	220	245	215	227	204	99	254	232	59	88	205	191	103	127	214	215	
130	48	146	152	203	228	176	67	191	23	96	19	140	158	100	11	235	59	163	145	50	111	146	193	21	16	90	107	128	68	39	146	
182	121	240	218	207	85	158	200	139	254	177	47	76	220	127	11	207	217	247	243	198	99	250	240	63	16	207	191	213	127	183	215	
134	208	144	155	127	229	186	200	30	27	81	51	204	222	104	72	255	25	147	211	50	84	26	243	13	22	27	238	144	15	165	147	
71	182	227	145	230	50	173	159	58	243	90	246	157	174	222	238	55	79	55	157	151	216	165	194	12	46	255	196	141	196	161	245	
15	4	235	213	230	50	237	87	124	195	95	214	89	238	158	238	127	206	55	189	177	240	165	194	92	47	255	196	175	244	241	245	
9	154	31	249	48	143	41	158	22	9	86	116	189	211	160	228	87	58	54	8	163	152	99	63	196	239	50	128	26	136	161	169	
134	120	176	155	235	229	186	200	30	123	81	59	140	222	105	8	255	89	147	211	130	86	202	240	29	16	31	238	145	29	37	211	
61	4	235	205	198	50	239	83	85	194	127	210	89	109	191	108	127	174	23	174	185	182	37	138	86	111	243	128	231	239	240	240	
2	182	208	147	235	185	188	207	187	63	25	255	140	174	206	138	183	31	231	17	22	88	138	211	28	20	63	239	132	68	143	151	
34	240	176	219	255	201	144	207	159	61	48	59	172	156	78	0	139	27	215	17	50	110	74	211	31	20	30	255	212	12	207	139	
230	123	244	194	239	69	158	204	139	250	176	175	12	222	79	27	238	217	247	211	196	99	218	224	55	16	207	191	5	127	7	223	
7	182	210	145	242	170	184	91	62	243	91	247	204	238	206	140	183	31	183	149	151	216	141	194	28	22	255	230	140	196	171	149	
34	180	144	155	255	201	176	207	30	63	49	59	140	254	108	8	203	27	207	17	50	122	203	211	189	20	31	255	208	12	133	139	
2	140	20	152	109	229	176	207	159	29	248	19	172	218	108	192	201	27	235	1	2	43	82	245	29	16	154	107	16	8	165	138	
116	72	104	238	14	1	223	248	1	76	177	171	115	77	187	32	94	224	29	239	204	35	108	61	242	200	161	184	117	187	116	83	
9	176	31	249	242	143	185	223	62	57	86	114	157	151	104	224	183	59	151	153	19	216	18	23	205	199	63	228	152	0	169	187	
25	134	158	247	177	159	121	191	119	109	126	84	255	99	170	240	55	46	172	60	191	216	41	191	234	223	55	69	170	132	137	9	
2	188	114	219	227	225	184	199	159	91	88	179	172	254	36	64	231	59	183	129	146	153	2	241	28	16	218	234	148	12	165	219	
31	14	227	151	214	50	171	91	52	199	95	214	89	230	179	108	127	239	55	191	177	208	45	202	92	46	239	192	175	231	49	245	
61	50	116	69	225	30	106	176	117	32	246	244	75	35	132	252	63	220	228	186	189	240	245	206	142	254	5	134	107	228	202	53	
140	44	171	179	199	124	171	66	186	215	61	18	157	247	91	43	107	220	211	155	49	117	190	224	85	1	235	109	197	105	119	242	
185	1	120	99	52	27	123	53	101	0	127	16	91	9	152	113	62	136	20	42	248	176	109	157	230	233	32	192	119	130	66	161	
2	149	52	153	253	244	188	103	158	91	72	19	172	190	38	231	229	51	187	1	55	73	50	213	13	50	218	75	18	68	181	223	
157	180	46	115	211	253	113	81	118	123	87	18	153	151	74	109	125	26	254	184	179	212	121	146	79	203	243	229	163	205	196	243	
141	181	237	243	245	249	233	89	62	119	85	154	221	119	90	43	43	27	146	56	51	116	126	210	77	195	122	101	150	200	133	240	
53	73	67	78	84	146	238	112	196	192	241	70	81	200	181	164	120	232	22	238	205	179	44	236	48	40	163	128	125	187	114	164	
184	76	98	252	84	163	74	120	85	2	245	26	115	203	49	81	120	168	6	170	232	183	0	159	210	235	226	136	119	169	112	128	
79	189	244	211	186	180	191	183	171	255	30	180	189	127	222	231	167	87	253	157	179	72	175	225	110	127	127	230	134	212	133	125	
67	182	249	145	226	48	189	159	58	243	94	246	157	174	222	238	39	79	55	157	151	88	167	194	44	46	254	228	141	212	161	253	
79	190	236	211	186	180	191	183	186	255	30	183	253	127	222	110	39	87	255	157	179	72	175	227	110	127	255	198	142	212	133	121	
35	68	99	73	117	23	238	124	93	98	120	198	72	104	180	164	88	8	18	239	229	178	125	222	36	30	131	134	95	222	120	156	
53	13	67	206	212	162	111	113	69	192	251	66	113	225	181	116	122	236	22	234	201	179	44	236	48	168	165	128	119	251	112	160	
130	176	178	145	199	237	176	71	190	19	64	18	140	158	100	9	163	59	147	17	50	252	18	211	13	22	90	107	144	72	165	130	
134	123	178	154	235	197	190	192	159	216	80	35	172	222	101	8	239	121	151	211	194	86	154	240	29	16	143	235	148	31	39	219	
153	5	87	237	22	11	111	120	100	0	250	226	83	3	176	97	120	132	30	234	233	177	101	140	240	233	162	132	61	170	112	32	
188	4	102	237	68	50	108	115	117	130	127	18	89	43	181	127	123	164	55	170	168	183	37	206	86	235	242	128	231	253	112	128	
27	52	99	200	211	215	171	94	63	73	92	230	108	215	228	228	127	251	147	156	131	154	190	251	63	28	143	170	191	134	39	253	
34	186	123	176	206	201	185	199	158	117	48	191	172	158	102	8	239	59	211	145	22	123	178	241	93	0	190	235	213	8	167	219	
5	247	9	139	254	75	175	252	22	248	24	238	213	197	249	32	95	72	2	127	195	115	111	61	108	0	175	188	85	251	149	241	
6	238	178	155	243	225	186	198	30	23	88	179	172	238	111	8	255	123	131	211	2	30	10	243	44	20	30	235	149	95	165	203	
2	157	50	158	249	228	188	230	159	74	88	35	172	254	37	64	231	123	179	193	242	152	18	255	45	54	158	139	16	92	165	219	
79	157	244	211	246	176	252	183	191	211	126	178	237	111	220	111	231	87	191	157	182	216	175	227	110	251	223	198	167	212	161	221	
18	157	59	216	147	240	185	103	156	69	76	50	60	190	38	96	230	59	147	129	18	153	50	215	121	39	154	195	20	0	165	250	
57	4	106	225	118	50	75	80	85	224	255	134	91	13	183	100	126	140	23	173	137	178	101	142	242	237	160	128	103	175	112	241	
51	142	204	189	20	130	104	51	52	227	210	215	177	34	146	80	109	172	63	141	173	156	69	15	204	46	186	192	45	132	120	152	
59	1	98	232	86	18	74	112	69	96	255	138	11	15	180	116	122	141	31	239	204	179	101	204	242	233	170	144	119	142	114	192	
56	153	18	252	197	199	84	103	85	12	250	43	42	185	38	208	248	186	166	64	92	187	19	189	187	231	208	75	123	14	252	27	
2	221	34	158	223	209	190	230	159	68	88	163	44	254	38	64	239	123	147	195	102	139	58	255	53	54	158	139	21	92	181	222	
2	221	54	155	253	197	188	231	158	27	88	17	172	190	32	64	231	59	179	1	242	152	18	247	45	54	30	202	16	92	165	219	
1	158	51	217	116	188	233	19	124	75	82	80	188	184	176	236	199	43	54	29	179	188	32	215	5	62	58	192	152	136	81	237	
34	207	98	158	223	209	190	228	223	68	92	163	104	236	55	4	250	235	131	199	198	186	46	255	54	54	143	171	87	126	125	206	
119	69	102	12	87	18	254	96	225	196	255	143	74	232	191	215	120	228	230	231	204	163	164	204	50	120	193	139	103	183	126	196	
45	93	67	78	117	31	230	248	87	200	248	78	106	200	181	244	120	232	22	110	201	178	124	255	54	124	133	14	127	191	122	172	
2	221	50	155	245	197	188	231	158	27	88	17	172	190	36	64	231	59	179	17	114	152	18	247	45	22	30	203	144	92	165	219	
187	1	98	236	22	19	94	121	101	64	245	138	27	15	180	112	126	141	23	238	204	179	36	206	242	233	162	148	103	174	114	112	
1	156	59	89	52	173	249	55	124	11	118	80	188	179	164	100	135	58	6	24	179	188	32	87	77	190	50	192	216	136	65	169	
255	71	70	196	87	18	110	120	101	0	255	198	73	35	181	247	122	196	190	238	233	179	37	204	50	234	226	132	47	174	120	36	
56	219	58	108	69	214	86	117	85	12	246	39	98	185	38	208	216	236	167	66	200	187	144	185	115	237	160	131	123	42	254	155	
153	67	71	237	78	10	110	112	101	32	246	102	91	3	177	229	122	132	62	234	233	179	69	204	182	234	226	132	63	170	120	32	
140	60	174	243	197	125	241	210	118	255	87	18	153	247	75	47	105	154	255	154	179	244	187	224	223	195	243	229	162	109	101	243	
147	91	70	157	6	144	174	246	156	64	82	231	41	138	183	197	110	105	183	199	197	153	6	253	48	96	170	130	61	156	57	157	
124	113	123	226	59	211	95	200	169	200	189	168	127	223	43	48	254	249	221	242	73	131	184	236	243	213	5	187	99	179	38	115	
61	117	123	100	86	95	119	240	69	192	126	6	91	93	179	48	126	252	22	234	201	178	60	14	115	205	37	0	111	187	114	243	
18	174	206	157	250	144	188	230	158	143	218	167	45	174	167	64	111	251	175	129	102	219	134	255	60	39	254	139	53	84	45	223	
47	253	67	78	93	159	198	248	87	232	120	78	106	192	189	180	88	232	18	110	207	178	252	255	54	60	5	46	95	191	90	164	
34	239	96	154	223	145	190	238	31	5	92	167	40	236	54	0	223	235	131	215	198	58	78	255	62	20	143	235	85	30	189	206	
74	188	151	178	139	252	52	231	191	27	34	17	172	190	100	223	161	115	251	17	50	201	146	225	141	242	94	67	130	68	165	63	
55	182	225	69	214	15	207	232	123	239	250	207	67	40	148	16	253	205	102	165	157	178	125	94	60	46	37	82	237	170	226	213	
25	156	178	249	177	214	90	183	127	77	254	52	110	246	162	244	183	175	156	156	191	201	49	223	235	255	55	199	170	132	173	95	
130	189	50	153	229	172	188	39	173	27	121	49	172	190	116	3	207	27	215	5	146	56	194	195	5	56	90	234	212	76	129	139	
162	249	226	158	203	209	190	238	155	86	80	179	44	222	102	9	235	251	147	195	70	79	186	243	55	16	222	171	21	28	189	222	
47	118	226	12	117	55	234	88	87	232	121	207	104	200	183	164	120	232	146	111	133	178	220	202	54	28	133	170	239	255	122	148	
31	30	194	149	146	178	170	115	60	195	91	247	105	234	182	196	119	175	191	149	181	217	5	238	56	110	175	192	175	229	185	21	
37	112	211	69	84	126	226	88	97	232	123	74	83	48	149	180	120	204	22	234	137	178	245	202	54	44	33	32	239	251	82	164	
25	156	18	249	147	215	120	215	55	105	86	114	191	151	34	228	247	59	191	136	59	152	49	191	235	215	54	199	58	132	169	59	
89	158	118	92	177	222	95	191	119	111	238	21	107	111	190	244	55	230	236	44	174	185	53	191	250	255	21	215	122	132	204	95	
37	53	113	65	116	79	231	120	113	232	125	96	19	21	156	52	126	152	22	106	225	178	108	94	103	142	33	4	103	138	66	161	
61	69	106	108	212	2	239	117	84	192	255	2	83	233	185	97	122	236	23	234	249	179	37	142	114	237	166	128	119	186	240	160	
162	37	86	137	236	169	172	71	12	35	250	18	172	138	80	66	234	43	127	1	80	190	65	194	20	16	154	160	20	72	129	137	
88	61	58	114	49	220	118	118	169	204	110	9	62	255	34	144	160	123	221	2	6	233	178	175	251	253	20	11	66	66	47	91	
14	168	190	241	235	233	49	67	190	61	119	57	140	151	96	88	163	63	239	16	18	89	170	208	221	209	63	231	144	64	135	227	
60	5	98	236	148	2	78	125	69	0	255	2	91	233	57	80	120	172	23	234	216	163	0	142	242	237	163	152	119	250	240	0	
109	80	243	69	100	94	238	48	105	202	122	74	91	48	149	244	122	204	54	234	201	182	245	202	54	62	226	0	111	251	112	36	
6	160	58	176	235	233	177	199	174	61	21	187	140	159	98	72	163	27	239	17	18	121	10	209	220	209	63	239	148	12	133	227	
23	133	107	193	214	162	235	247	116	193	94	198	81	238	190	100	127	238	23	189	177	152	37	206	60	46	175	196	173	194	241	245	
114	253	102	30	75	208	150	230	137	196	236	171	40	252	55	39	234	251	243	195	68	107	182	237	51	48	206	43	87	126	63	222	
230	253	244	198	238	5	158	239	137	250	184	171	44	190	93	19	207	215	247	231	192	99	202	232	63	24	207	190	69	127	134	219	
130	242	80	155	255	201	176	207	158	61	112	251	140	158	110	128	239	27	199	17	54	122	74	241	12	22	62	255	212	12	143	139	
118	61	228	198	223	87	222	250	201	238	188	175	106	124	23	55	223	247	223	227	236	107	252	238	59	94	205	191	103	126	86	95	
134	216	146	155	236	169	186	200	30	25	81	50	204	218	105	73	247	89	51	83	2	244	10	241	4	48	26	206	148	27	161	129	
25	152	18	249	51	151	115	150	23	9	86	102	189	147	162	228	119	58	190	8	163	152	115	191	231	239	50	130	58	140	41	169	
31	132	235	193	214	50	237	223	118	195	94	210	89	175	254	236	127	206	55	157	177	248	165	194	126	111	190	196	167	212	249	244	
3	176	235	145	246	50	169	223	126	241	94	246	157	174	222	232	55	79	55	157	183	216	165	194	108	15	191	228	173	212	187	253	
2	242	210	145	242	137	184	223	62	119	80	255	140	142	206	140	183	11	215	149	151	88	142	211	12	20	63	230	140	132	139	221	
178	4	70	252	196	35	108	103	21	2	250	18	75	43	53	73	121	175	23	163	56	183	0	206	178	238	218	128	183	249	240	128	
61	4	234	237	212	50	238	83	85	195	255	18	89	233	189	104	121	238	23	168	184	179	37	142	122	239	166	128	231	250	240	160	
11	186	225	145	246	144	169	223	58	113	94	246	157	174	222	236	55	95	55	157	215	88	173	227	108	15	191	228	175	196	161	253	
75	189	244	215	254	180	187	191	171	253	30	183	252	255	222	102	167	119	253	149	183	72	175	247	110	127	191	238	134	228	149	127	
7	164	227	145	214	50	173	215	62	231	95	214	89	230	250	108	119	143	55	189	183	216	165	198	108	46	191	196	175	196	177	245	
47	3	102	141	125	147	186	104	143	196	217	231	200	200	190	196	252	105	187	231	196	179	79	221	54	124	139	159	31	14	121	212	
26	184	35	187	151	201	187	199	30	69	80	183	173	143	32	128	111	59	147	129	2	184	18	179	205	199	154	161	54	12	165	250	
94	156	50	186	27	208	26	234	159	20	205	163	44	254	34	196	239	251	187	131	14	11	170	247	179	117	142	187	55	6	45	94	
21	5	235	199	212	34	239	115	85	195	223	210	81	237	181	100	127	238	23	189	185	177	45	206	122	46	175	192	167	235	240	240	
55	50	117	69	192	31	104	16	125	168	114	78	67	11	148	116	125	204	102	156	157	240	245	202	30	254	5	66	235	130	66	149	
59	5	98	224	54	58	218	82	69	64	255	130	27	15	181	112	126	137	23	189	140	179	101	206	242	221	162	144	103	142	112	229	
47	131	70	153	93	151	174	232	95	224	89	199	104	232	190	164	253	40	146	239	231	178	79	223	46	30	203	134	95	46	121	148	
118	127	102	198	79	215	158	96	137	204	189	175	104	252	55	3	236	245	215	227	204	99	186	236	51	48	205	187	71	127	118	215	
38	125	50	222	239	197	190	224	139	202	152	175	44	254	101	3	238	123	151	195	196	107	154	232	59	24	207	187	21	127	39	223	
43	95	67	207	117	23	238	120	85	200	124	70	104	232	181	228	120	236	150	238	205	178	60	254	54	124	134	138	127	190	120	132	
2	157	22	153	244	172	188	167	62	27	90	48	172	186	32	64	199	59	51	17	114	216	3	247	44	54	158	194	144	72	129	137	
42	172	227	218	119	209	234	221	23	9	93	98	104	223	252	228	123	250	183	136	130	18	174	255	63	28	143	235	23	142	244	165	
6	121	178	154	235	133	190	196	158	152	80	34	172	222	101	9	206	123	147	211	194	90	10	241	45	16	207	170	20	117	37	155	
230	121	162	158	79	213	182	96	139	196	217	143	104	252	119	3	236	249	243	199	196	99	186	233	51	16	207	187	69	127	118	222	
56	127	154	236	125	199	87	125	147	204	252	109	102	253	167	20	220	248	132	98	205	163	96	191	243	247	37	155	91	190	254	219	
53	183	5	165	190	15	143	252	6	224	216	238	215	101	217	160	62	78	94	111	201	179	109	28	188	132	47	180	85	250	145	249	
66	33	90	136	42	153	24	74	169	4	164	169	142	206	39	80	166	185	203	96	4	3	134	220	210	145	11	59	80	128	15	1	
53	13	67	78	212	178	239	241	196	194	251	66	113	232	181	228	120	238	22	234	217	179	44	238	48	44	167	128	125	251	240	164	
82	169	90	16	27	217	186	192	170	212	164	137	173	206	71	82	34	225	235	212	70	73	158	117	223	145	11	57	32	4	47	210	
114	241	174	156	137	212	16	207	166	85	142	17	164	254	102	74	201	215	249	145	95	75	211	193	251	51	222	91	136	20	188	94	
252	82	191	222	76	70	85	252	112	222	181	62	90	95	47	123	249	213	239	227	233	103	187	202	241	163	231	157	17	122	118	115	
236	116	186	254	105	125	51	220	183	74	215	57	127	223	235	107	221	93	255	98	168	215	187	130	215	249	113	171	66	255	38	243	
137	148	253	249	237	121	125	223	63	119	85	144	221	247	122	239	35	26	178	24	119	220	127	211	207	219	94	101	182	204	141	244	
53	77	99	78	196	178	238	241	196	192	249	70	113	224	181	224	120	234	22	238	201	179	44	44	48	40	167	128	109	251	240	164	
130	177	146	153	195	225	180	71	62	23	64	19	140	158	96	73	235	59	163	145	50	94	146	243	13	22	94	107	144	84	165	210	
146	76	215	156	67	224	188	231	149	2	210	179	36	190	37	77	107	123	179	129	100	207	2	239	48	38	222	139	181	124	165	143	
61	65	99	79	132	3	238	112	68	192	243	198	83	192	185	224	120	236	22	239	201	179	45	12	176	104	167	132	109	187	112	244	
130	248	178	153	211	193	180	199	30	23	64	179	172	158	100	72	163	91	131	145	114	92	26	243	45	22	30	107	144	84	165	202	
3	168	106	154	79	149	186	199	223	65	100	151	40	202	118	160	255	43	147	133	151	90	190	243	30	29	158	107	29	4	171	220	
166	121	226	158	79	209	182	192	155	198	81	171	40	220	119	42	218	121	179	195	68	103	174	251	55	16	207	171	85	63	55	223	
171	182	181	185	111	109	185	255	30	127	20	58	156	189	74	143	143	19	243	21	179	108	235	209	77	83	127	238	214	76	135	251	
54	141	198	147	196	34	236	231	61	19	122	18	72	42	37	73	107	207	55	144	56	250	1	226	188	42	222	192	165	120	241	136	
34	125	50	222	110	133	190	230	137	138	120	171	44	254	117	2	206	123	151	195	192	43	130	239	61	28	207	170	21	127	37	219	
154	203	110	188	50	144	158	230	149	4	214	167	41	143	183	65	110	243	159	197	236	143	6	237	242	99	250	139	55	148	61	95	
149	0	235	197	70	34	235	81	84	194	87	214	81	13	191	104	126	140	23	175	161	180	37	202	68	46	162	132	45	251	112	244	
1	142	75	181	52	170	104	55	124	73	90	212	177	34	144	96	66	46	30	141	181	152	101	79	132	62	186	192	12	128	80	92	
91	211	42	174	47	157	159	232	205	68	222	175	236	200	55	64	254	225	255	231	196	35	158	253	242	117	143	187	31	62	57	87	
186	1	98	232	20	3	74	113	69	0	251	10	11	11	52	80	122	141	31	225	136	163	69	206	178	233	128	144	119	138	114	128	
122	71	107	236	119	6	95	120	1	140	252	175	75	239	51	80	254	237	149	231	200	179	32	142	243	237	175	155	55	190	118	115	
35	207	98	206	117	151	238	248	93	72	124	70	104	232	182	228	120	234	150	239	197	178	108	255	54	60	135	139	95	174	120	141	
2	221	34	158	223	193	190	231	158	69	88	163	44	254	38	64	239	123	147	195	102	139	26	255	53	54	158	139	21	92	181	222	
2	157	22	159	245	133	188	231	158	27	88	48	172	254	32	64	231	59	147	1	114	152	18	247	45	54	30	138	16	92	161	155	
24	157	63	252	147	212	181	103	172	1	78	50	60	191	32	96	230	59	155	128	83	137	50	223	123	231	18	67	50	0	165	58	
35	223	66	78	245	151	230	248	95	200	124	70	104	232	182	164	88	234	146	110	197	178	124	255	54	28	133	42	95	190	122	140	
186	5	98	236	20	3	78	121	69	0	253	10	11	9	176	80	120	140	23	234	200	179	4	142	242	233	162	148	119	170	114	0	
34	239	96	155	223	209	190	239	30	69	88	163	40	236	54	0	219	107	147	199	70	58	110	255	62	22	159	235	85	94	189	222	
9	156	27	125	49	172	49	119	252	9	126	84	188	179	32	96	165	59	6	8	179	184	16	95	79	191	50	64	200	0	225	171	
118	95	102	14	95	210	214	96	233	196	255	175	104	236	55	84	248	229	243	231	204	163	188	237	51	60	195	139	103	63	126	214	
147	74	99	158	22	146	170	112	212	192	82	198	105	200	181	228	126	233	54	207	229	149	36	239	48	110	170	128	63	191	57	93	
60	121	123	238	51	211	87	240	33	192	252	42	127	223	41	48	250	249	213	226	73	163	56	172	243	221	5	59	107	179	102	115	
61	93	123	71	86	7	231	240	68	200	126	70	115	125	181	32	126	252	22	234	201	178	61	46	119	173	37	128	111	187	112	241	
146	14	206	189	210	146	188	246	158	142	90	231	45	174	183	65	111	239	183	133	228	216	6	239	60	38	254	129	37	244	45	221	
39	239	96	78	245	157	230	252	95	232	124	78	104	232	191	180	217	234	146	110	199	58	78	255	62	28	133	234	95	191	218	140	
90	188	183	156	219	208	180	231	191	151	66	179	44	255	102	207	163	123	235	145	50	73	130	243	185	54	94	203	134	84	165	255	
56	155	122	104	245	213	114	119	69	76	254	103	42	189	166	208	252	186	167	64	223	187	32	189	123	253	32	203	123	142	252	219	
189	69	106	110	212	18	207	117	84	192	255	2	83	233	177	113	120	236	22	234	233	179	36	14	114	233	165	128	103	186	240	160	
130	157	178	155	237	172	188	103	174	27	120	16	172	190	108	67	231	59	147	17	210	56	130	241	45	16	94	234	144	68	161	155	
130	253	50	158	203	193	188	239	155	85	72	163	44	254	102	1	237	123	179	195	86	75	154	241	63	16	222	107	21	92	167	222	
37	53	113	65	116	91	235	120	117	232	121	98	80	17	148	180	122	200	18	106	161	178	109	222	36	30	33	132	111	171	82	165	
31	159	71	147	146	178	174	119	60	195	91	247	73	234	182	228	119	239	63	189	181	153	13	206	56	110	175	192	175	198	185	21	
43	80	226	76	69	30	230	120	89	234	120	78	74	216	181	244	120	236	182	111	205	182	252	202	54	62	133	170	127	190	122	148	
90	189	50	254	27	220	54	226	173	68	236	9	62	223	34	208	162	115	217	66	70	75	178	239	243	245	22	11	2	70	47	91	
127	71	102	204	87	146	110	120	229	140	255	226	72	234	191	245	122	228	182	238	204	179	37	204	50	120	194	135	55	175	120	4	
18	186	222	177	178	139	57	231	190	61	87	179	205	231	226	72	39	63	175	16	50	216	139	215	222	231	63	199	180	128	173	195	
130	173	20	145	228	169	188	71	172	19	122	18	172	170	80	67	235	43	115	129	82	156	67	195	36	16	158	192	148	72	161	137	
19	133	107	193	214	162	239	247	116	193	94	198	81	111	188	100	127	238	23	189	185	152	37	207	124	46	175	196	173	194	240	248	
60	69	106	236	212	146	78	245	69	128	254	2	91	233	176	80	120	238	23	234	216	187	36	142	242	237	166	192	119	186	240	128	
98	157	102	158	91	208	150	230	137	68	220	175	40	252	54	3	238	243	179	195	70	43	186	253	51	48	206	171	87	94	55	222	
235	67	98	78	101	22	238	120	113	72	118	198	72	232	182	245	120	236	182	238	237	178	132	206	54	122	192	130	111	190	120	133	
26	178	94	185	242	153	184	215	190	53	82	247	173	142	234	192	183	27	191	149	182	216	14	215	158	71	63	231	188	140	169	157	
34	125	34	158	79	197	182	96	137	196	216	143	44	252	55	3	204	251	179	195	196	107	154	233	55	48	207	171	85	63	55	222	
184	219	122	108	181	214	247	117	69	76	252	103	51	221	166	64	220	190	135	66	217	187	48	189	114	249	160	195	95	142	252	219	
6	237	150	138	236	33	190	204	142	18	88	2	140	202	121	75	239	75	51	83	82	65	10	240	60	16	207	174	148	123	161	129	
98	253	244	198	254	5	158	238	139	234	184	171	108	126	85	2	239	247	215	227	224	107	200	234	62	28	207	190	69	126	179	155	
25	132	234	225	214	50	239	223	118	195	94	146	89	173	254	96	127	206	23	157	155	184	165	198	126	239	183	196	167	192	240	236	
3	180	235	145	214	147	169	223	62	97	94	246	157	142	218	36	55	79	23	157	183	216	45	247	44	14	191	228	173	132	163	253	
130	182	80	153	238	153	184	223	30	61	80	255	172	142	238	141	191	27	167	17	182	124	2	247	12	18	62	239	29	12	141	159	
27	156	82	223	19	223	91	247	55	77	78	6	175	215	34	228	119	186	158	136	175	152	49	255	227	255	16	131	58	132	40	127	
226	253	244	198	255	5	190	239	137	186	184	171	236	126	93	3	207	247	215	231	224	107	202	238	61	30	207	190	69	126	131	219	
26	188	35	187	23	209	123	199	23	69	78	147	175	223	34	196	127	59	151	133	43	152	58	255	227	215	154	131	54	140	189	250	
27	156	50	217	19	215	90	247	55	109	254	22	46	191	38	244	247	187	158	136	175	153	49	255	251	255	20	211	58	132	168	95	
56	159	42	237	212	214	231	117	100	76	254	98	56	153	182	97	120	190	151	234	216	187	48	141	119	233	162	129	115	10	244	235	
49	91	190	236	60	207	87	125	141	204	252	45	119	221	166	0	222	112	197	100	237	171	96	173	242	253	37	154	88	186	230	123	
19	182	206	147	146	155	184	247	62	113	83	247	205	238	238	68	55	15	55	149	183	216	13	215	46	6	191	230	172	132	169	213	
90	249	42	184	25	197	17	198	162	84	128	9	170	159	67	82	232	243	233	193	74	75	146	125	217	133	154	123	9	4	39	90	
27	156	54	248	177	215	88	183	255	77	190	53	46	190	166	116	245	191	189	148	191	137	49	223	251	255	22	211	146	132	236	95	
98	249	190	184	157	192	16	135	142	17	128	1	166	190	98	82	193	55	233	17	78	75	210	241	249	48	158	91	16	12	180	90	
124	90	191	236	109	86	87	248	0	254	181	46	90	55	171	123	252	212	255	226	201	103	249	200	211	171	227	156	19	123	118	115	
53	165	193	37	244	15	235	248	98	232	250	206	211	36	148	48	60	204	118	173	153	178	253	28	61	174	47	80	205	42	114	240	
46	174	242	218	255	209	186	202	95	1	124	34	40	218	254	164	251	251	146	144	22	58	142	247	62	93	159	107	23	143	124	142	
156	48	182	243	205	126	113	216	119	219	117	54	219	127	75	47	237	220	255	176	177	244	251	128	223	219	243	199	163	253	103	243	
53	167	1	165	148	79	207	248	6	224	216	206	215	100	144	164	126	204	86	239	153	50	125	29	188	132	173	180	61	250	145	176	
30	180	244	241	173	123	121	159	95	119	70	18	143	191	126	109	51	27	183	24	55	220	187	211	207	219	87	103	182	204	133	246	
63	3	34	156	125	145	186	104	143	12	221	175	204	200	62	196	252	233	191	231	140	35	78	220	50	84	139	187	31	47	57	198	
189	5	107	108	86	18	111	113	85	192	127	130	83	109	179	97	126	172	23	238	233	178	37	142	114	235	224	132	103	171	112	224	
157	69	75	167	134	2	78	188	116	226	210	198	83	65	153	225	118	196	28	239	237	144	13	42	240	233	239	132	45	243	176	24	
130	249	178	158	207	197	190	230	158	208	64	3	172	222	97	0	204	123	147	67	66	90	154	241	37	16	159	43	16	125	53	218	
23	133	227	195	214	178	239	119	119	195	91	214	89	230	188	228	127	174	23	189	177	216	45	206	60	46	191	196	173	230	241	244	
52	95	63	236	60	71	83	252	133	236	180	109	118	253	167	83	222	245	207	98	233	227	113	172	251	187	101	146	72	187	116	123	
252	0	116	251	46	8	88	25	249	19	177	24	207	75	28	27	183	129	125	34	168	100	75	209	130	251	113	222	119	163	195	1	
19	159	75	197	86	6	175	119	52	168	94	230	117	39	160	68	118	246	23	238	241	152	5	79	52	38	170	128	45	234	161	185	
11	168	34	186	213	213	187	198	222	69	84	19	172	202	118	0	249	43	147	133	150	26	62	243	105	93	158	107	87	13	191	206	
53	13	235	206	212	162	239	119	85	195	223	210	81	237	180	100	121	238	23	188	185	187	45	206	122	46	167	192	165	234	240	224	
62	5	194	236	212	34	206	127	21	131	250	18	75	169	52	72	121	238	23	160	24	187	0	202	178	238	150	132	247	251	240	128	
53	13	67	78	212	34	239	113	196	194	251	66	113	224	181	96	120	238	22	234	249	179	44	46	56	172	167	128	237	251	240	160	
162	249	226	158	79	209	190	228	158	198	80	171	44	220	103	0	238	123	147	195	70	122	174	251	53	20	207	171	85	63	55	222	
210	217	127	252	3	208	53	103	164	64	70	34	61	159	32	99	98	179	189	192	96	137	34	237	243	227	126	139	39	16	165	123	
119	79	102	78	95	210	250	96	205	196	255	167	72	200	183	116	122	224	130	231	204	179	38	204	50	60	131	11	119	175	124	196	
58	87	106	172	55	151	95	120	5	68	220	143	107	205	50	80	254	233	151	231	204	179	60	159	243	253	137	155	55	190	118	82	
27	156	50	223	19	213	91	246	55	77	206	23	42	223	38	228	237	187	159	128	175	137	50	255	251	255	146	211	58	132	172	95	
130	146	90	185	102	169	184	223	30	55	80	247	172	142	234	73	247	27	167	1	166	124	6	247	140	22	122	231	188	200	137	157	
34	157	34	158	223	193	190	230	158	69	88	163	172	254	38	64	255	123	147	193	102	154	26	255	61	54	158	139	21	12	181	222	
25	165	234	225	212	146	235	255	86	193	94	18	89	169	188	96	123	206	23	189	186	184	37	238	126	239	183	196	165	202	240	168	
98	189	240	212	254	7	190	239	155	170	184	171	108	124	84	2	255	247	223	165	224	107	192	239	62	30	207	186	197	124	147	153	
34	175	98	159	253	209	190	238	94	69	88	171	168	236	54	0	217	107	131	199	198	58	110	255	62	20	143	235	85	30	253	206	
27	158	82	185	178	147	186	255	63	97	90	247	173	142	186	192	55	139	151	149	183	152	4	247	190	71	62	198	61	132	169	157	
151	76	103	158	22	178	235	80	212	194	211	198	113	204	181	228	126	236	62	239	173	149	37	238	48	46	170	128	47	191	113	244	
210	153	95	252	18	192	53	103	172	4	224	179	44	183	32	81	226	179	159	128	112	139	34	221	241	227	90	139	49	0	167	59	
60	125	123	238	51	211	87	224	161	192	236	42	127	223	35	48	254	249	213	226	73	131	56	189	243	253	5	59	123	179	38	114	
35	175	96	27	253	157	190	238	95	76	124	143	104	232	254	148	217	107	130	71	214	58	78	255	46	28	13	235	95	30	218	206	
61	95	123	79	118	7	231	240	68	200	126	70	115	125	181	32	126	248	22	110	201	178	61	44	119	173	37	0	111	187	112	241	
103	15	98	30	125	146	254	96	93	76	255	175	104	232	190	213	124	238	167	231	204	179	46	253	54	58	194	139	87	191	124	197	
34	157	38	158	91	213	190	230	137	68	216	143	44	254	38	1	236	251	147	195	102	43	186	255	55	54	142	171	21	94	55	222	
25	141	111	201	214	130	239	247	84	193	222	130	81	239	188	96	126	238	23	252	249	185	37	239	122	47	166	196	39	138	240	248	
162	235	224	158	239	145	190	236	31	14	80	171	40	236	118	0	217	235	131	199	198	58	206	255	62	20	159	171	85	62	158	206	
47	39	103	73	119	27	162	232	95	232	120	230	72	248	180	164	123	72	146	111	165	240	109	222	46	30	135	166	95	47	123	165	
27	151	70	177	178	146	46	247	60	65	90	247	109	234	186	192	55	239	191	173	181	153	13	255	184	102	191	196	173	132	169	93	
2	253	50	158	203	197	188	239	158	85	72	163	44	254	102	1	237	123	179	193	82	75	154	245	61	16	222	107	21	92	165	218	
19	141	103	133	150	146	238	247	245	64	218	198	89	238	180	228	127	231	62	173	253	153	37	239	56	46	175	192	47	230	177	125	
39	81	66	78	109	31	230	120	89	74	121	78	106	232	191	244	216	236	178	111	197	182	222	223	54	62	129	42	95	190	122	148	
82	189	58	190	27	208	22	224	175	84	237	43	46	255	34	80	162	243	217	194	78	75	154	253	243	245	10	11	48	2	47	86	
26	150	90	189	178	138	56	247	62	37	94	247	109	231	170	80	55	63	175	133	182	153	13	255	254	231	62	197	180	132	173	89	
47	101	103	73	127	27	162	200	95	232	120	230	200	24	149	164	250	72	178	111	133	176	109	220	36	28	131	134	95	63	121	165	
2	148	176	249	181	247	88	39	95	69	238	17	174	191	38	124	215	187	191	16	190	200	115	223	171	127	22	83	146	68	165	127	
2	157	146	155	229	172	188	231	190	27	88	48	172	254	104	65	199	59	147	17	82	248	2	243	45	16	94	202	144	64	161	139	
130	173	22	155	228	169	188	167	172	27	90	16	172	170	112	67	199	43	51	1	114	152	66	227	44	20	158	194	148	88	129	137	
56	155	122	237	181	211	215	117	69	76	252	103	43	157	166	80	252	186	135	98	223	187	48	189	242	241	160	195	123	142	252	219	
56	133	98	236	212	131	78	253	85	128	254	2	91	233	48	81	120	238	23	234	248	187	0	190	250	237	164	192	119	186	240	136	
90	172	215	156	251	208	188	103	191	151	82	163	44	174	166	199	39	127	239	129	38	217	166	253	58	34	94	139	167	68	45	223	
3	31	66	157	246	146	174	246	28	202	90	231	233	234	183	196	127	239	183	207	237	152	5	239	44	46	174	128	45	244	57	157	
66	173	228	215	254	128	254	191	175	177	26	130	236	239	84	66	167	127	191	145	210	88	142	255	46	62	159	232	135	166	129	153	
126	15	34	154	31	145	154	232	143	20	156	175	108	206	62	196	254	233	175	231	14	3	202	253	178	84	139	187	23	63	61	199	
60	133	226	236	212	34	238	255	85	129	254	2	75	169	52	64	121	206	23	152	152	187	5	238	58	239	182	196	247	218	240	136	
134	237	22	139	236	33	174	206	142	146	88	2	172	234	113	66	111	75	42	243	82	19	138	242	60	16	207	172	149	123	161	136	
35	175	98	30	125	159	246	238	95	76	124	79	104	232	182	164	217	234	130	79	198	186	78	255	62	28	5	43	95	174	122	205	
2	157	18	159	245	133	190	231	158	27	88	18	172	254	32	64	231	123	179	1	114	152	18	255	45	54	30	202	16	92	161	155	
27	156	114	93	51	215	90	246	127	77	254	7	42	190	166	116	231	251	190	140	175	153	51	255	51	255	18	131	58	132	108	127	
41	37	195	44	84	15	202	88	87	224	120	202	83	233	176	180	124	236	22	189	137	178	205	222	60	60	133	36	127	174	122	128	
147	214	202	147	146	163	169	247	62	99	90	247	85	234	190	64	119	47	63	149	183	156	13	95	252	38	191	196	189	128	161	153	
26	188	34	187	21	213	91	198	151	77	204	19	174	223	50	196	233	187	159	129	62	137	50	255	171	87	158	107	50	12	188	254	
230	201	98	30	79	149	190	232	223	4	101	143	104	236	55	17	248	235	163	199	70	43	254	253	55	56	201	43	81	63	122	206	
52	133	235	204	212	162	239	247	116	193	223	66	81	233	188	96	121	238	23	184	249	187	36	206	120	46	167	192	229	234	240	160	
2	125	50	158	125	133	190	230	140	136	88	162	172	254	53	2	206	123	151	195	192	43	130	239	61	28	142	170	20	61	35	219	
56	5	98	236	84	51	74	121	85	0	254	10	27	9	181	81	120	140	23	233	184	179	101	142	242	237	160	128	119	139	112	128	
35	143	98	158	117	151	254	232	95	76	124	135	104	232	182	228	216	234	130	199	198	186	110	255	54	62	131	171	95	142	120	205	
58	172	178	155	215	209	178	198	95	5	108	3	168	216	118	132	251	123	131	145	38	43	62	247	43	85	159	107	215	14	255	206	
2	42	38	189	9	194	56	66	174	132	66	1	172	138	48	66	226	45	107	145	6	217	130	240	197	48	154	3	0	0	37	138	
21	133	111	230	148	130	239	247	116	195	219	214	81	104	176	96	127	230	22	173	253	185	45	14	120	175	175	196	173	226	240	160	
252	91	190	228	109	86	91	112	136	254	183	60	94	191	163	123	204	244	255	110	233	103	235	232	211	251	227	156	2	189	102	243	
17	95	95	101	34	10	47	53	96	234	122	230	245	35	129	99	54	116	12	234	225	208	37	12	228	171	111	128	44	242	129	57	
47	173	192	154	215	145	234	238	31	5	104	139	104	224	126	132	121	234	162	156	6	58	222	243	62	92	133	111	211	238	250	140	
156	50	180	243	173	126	112	89	55	251	247	51	223	255	73	47	237	157	253	144	188	116	251	128	223	219	119	199	226	236	100	211	
26	188	180	249	181	253	88	11	95	119	102	17	143	191	70	108	131	27	189	16	62	220	115	211	203	223	90	119	146	76	133	94	
56	219	126	236	62	206	215	117	133	76	246	37	126	157	162	80	206	181	221	98	205	171	113	173	242	249	36	147	125	158	236	91	
6	141	198	151	196	34	236	231	63	19	90	2	232	106	41	75	105	239	55	128	112	250	73	226	188	38	222	192	149	120	161	136	
151	4	227	133	70	50	173	81	116	194	83	214	81	236	189	109	126	236	54	175	161	213	164	202	20	42	235	132	173	239	113	244	
234	180	188	26	233	253	16	15	171	95	165	61	172	190	78	159	129	19	235	16	54	79	242	241	79	83	92	123	146	68	143	215	
145	93	75	229	18	78	111	53	52	200	94	198	113	39	147	97	54	236	23	238	233	144	53	46	244	169	166	128	45	178	160	121	
252	0	244	115	46	42	74	152	241	178	183	26	75	75	93	91	59	196	108	106	168	100	207	160	210	219	225	212	231	251	66	0	
189	4	234	197	212	50	239	87	84	195	127	146	81	45	190	96	122	140	23	188	185	180	37	206	118	175	162	132	231	248	240	224	
34	77	98	94	93	213	218	224	205	68	233	11	106	204	55	112	216	225	131	231	206	171	126	255	51	60	128	27	83	63	116	206	
58	13	107	238	87	215	95	104	5	68	236	131	107	239	50	80	120	251	151	230	72	179	56	191	243	237	129	1	119	190	118	226	
147	158	91	153	50	171	186	222	62	99	82	247	181	174	178	64	63	11	31	133	167	156	13	127	236	6	58	196	189	200	169	217	
226	173	226	148	252	135	190	231	155	170	216	26	172	172	20	2	239	247	95	161	224	123	192	239	60	30	159	186	69	120	147	137	
2	157	34	159	223	197	190	238	30	69	88	163	172	254	38	64	253	123	147	129	98	154	90	255	61	22	158	203	21	76	181	218	
38	207	98	30	125	210	254	232	221	68	249	163	104	236	190	64	216	235	163	231	132	171	110	255	54	54	139	139	85	31	124	198	
151	4	239	197	150	50	235	81	116	194	215	214	81	228	191	109	127	172	30	189	185	181	37	206	16	46	171	132	173	241	113	116	
34	157	50	158	95	197	190	230	158	95	88	3	44	254	38	0	237	123	179	193	98	11	154	255	61	54	154	171	21	79	181	219	
34	175	96	155	253	217	190	238	31	69	88	171	168	236	54	0	217	107	131	69	86	58	110	255	46	22	159	235	85	14	213	222	
215	30	198	180	2	178	42	80	180	194	211	247	77	238	179	203	103	229	255	183	165	213	4	202	146	99	235	128	173	245	41	85	
61	93	123	110	87	215	87	240	69	192	236	10	123	125	35	48	122	248	19	234	73	179	56	45	115	237	5	1	115	187	98	250	
19	31	99	143	116	150	239	114	92	200	90	230	113	108	181	228	126	110	22	239	229	184	37	239	52	46	174	128	45	254	113	253	
2	14	198	157	114	146	190	118	53	143	82	231	45	174	182	196	103	235	167	133	166	216	6	255	44	38	190	129	39	196	45	221	
57	141	110	206	212	146	239	247	84	64	254	2	113	105	176	96	122	230	23	234	249	187	45	191	122	239	166	192	55	154	240	168	
163	175	96	30	253	153	190	236	95	12	125	143	104	232	126	0	217	235	131	103	214	122	206	255	62	28	141	235	85	15	218	206	
27	158	67	191	50	147	42	246	63	65	90	231	125	238	178	192	119	175	159	133	167	153	5	255	188	103	186	128	61	132	169	93	
91	143	71	173	146	146	110	247	61	65	218	199	125	238	184	228	119	239	63	173	237	153	5	255	184	110	190	192	47	198	169	93	
26	158	94	189	50	130	62	247	63	69	94	247	109	227	162	80	55	239	175	164	166	153	5	255	254	231	58	192	61	132	169	89	
47	103	70	9	127	27	174	104	79	232	250	230	200	200	183	164	254	77	242	231	133	179	79	220	54	28	143	131	95	62	121	133	
83	141	103	206	150	146	239	247	244	192	218	198	113	236	180	101	127	230	62	239	249	187	37	239	48	46	175	128	45	246	241	124	
86	61	58	190	26	192	23	104	174	4	233	35	124	222	34	80	234	243	219	195	78	67	186	125	241	165	11	43	48	115	39	82	
43	172	66	72	93	155	234	200	91	0	104	10	40	201	116	148	121	234	146	172	6	178	222	223	62	92	133	47	87	142	122	132	
131	182	197	145	226	50	172	223	63	243	90	247	157	46	222	175	55	79	55	181	181	220	165	194	140	6	254	196	173	196	161	245	
2	189	50	154	219	197	180	239	158	89	72	19	172	254	96	1	237	123	147	129	82	90	26	247	61	20	222	107	17	92	165	219	
102	207	34	158	95	145	154	232	143	20	156	175	236	206	127	196	253	227	251	199	134	3	142	253	186	84	139	187	22	63	61	198	
17	141	79	173	146	171	111	190	116	97	90	198	117	39	184	96	55	239	31	237	163	152	13	63	252	175	174	196	45	194	161	25	
91	159	78	165	146	146	110	247	53	67	218	231	125	235	178	208	55	231	253	237	237	153	5	239	250	103	175	128	45	246	171	25	
27	156	114	218	49	213	90	246	255	77	246	55	40	190	38	116	229	187	191	128	175	137	50	255	123	126	146	195	18	4	236	127	
35	175	98	27	245	157	182	238	95	77	124	15	168	232	182	132	217	107	130	71	134	186	110	255	46	28	5	235	95	14	251	207	
2	157	18	159	177	133	62	239	30	27	88	16	172	254	32	64	247	123	179	1	114	152	18	255	45	54	30	202	16	88	161	139	
25	173	234	193	212	178	235	254	86	65	94	2	17	169	180	96	123	206	23	185	186	184	45	255	126	175	183	196	165	138	240	168	
186	219	122	237	37	214	215	117	133	76	254	39	43	31	166	64	238	179	143	226	221	169	49	253	243	249	162	147	119	30	252	91	
2	180	180	249	181	253	88	7	95	119	38	17	174	191	70	120	135	155	191	16	54	88	115	215	143	222	30	115	146	76	133	94	
42	184	178	186	217	213	144	207	219	93	228	25	172	252	102	140	201	59	163	17	54	107	250	243	251	85	30	123	211	76	175	222	
42	168	128	90	221	213	178	198	155	29	236	27	40	232	102	148	201	107	162	145	22	107	202	243	63	85	159	107	211	12	254	206	
2	189	146	155	245	165	188	231	190	27	88	16	172	254	104	65	231	27	147	17	82	88	26	243	45	20	94	234	144	64	161	139	
130	141	146	155	244	140	188	167	190	27	90	16	172	162	104	65	199	43	51	128	114	152	2	247	44	22	94	202	16	88	129	137	
35	174	98	158	125	149	186	226	95	76	124	7	104	232	182	4	217	171	130	5	166	186	110	255	62	28	139	171	87	14	121	207	
81	91	95	229	34	14	31	53	164	192	214	228	247	55	129	67	54	117	125	110	201	153	53	45	224	161	110	128	44	178	161	121	
98	253	32	218	221	197	148	239	155	81	168	25	168	220	110	16	201	147	211	145	122	43	90	247	63	22	157	123	208	12	150	222	
48	133	106	236	148	130	239	247	84	129	254	2	83	225	184	96	121	238	23	232	248	187	37	46	122	175	167	192	229	250	240	160	
252	90	190	244	45	94	49	208	169	250	182	63	94	159	163	123	238	245	255	98	168	231	163	168	211	249	107	147	66	189	39	123	
223	88	126	244	42	122	93	16	185	246	150	153	95	31	151	127	166	245	253	238	236	197	183	232	211	251	79	147	38	245	39	119	
2	141	134	151	212	138	174	167	62	145	90	2	236	234	96	66	123	111	34	144	114	248	11	237	44	54	207	192	133	104	161	136	
34	93	50	158	125	133	190	230	157	136	88	34	172	254	53	0	206	123	151	193	192	171	2	239	53	62	158	170	20	57	49	155	
98	189	148	149	253	172	188	239	185	171	248	26	172	56	16	2	205	231	95	1	112	107	194	239	61	54	222	250	192	72	211	137	
206	48	188	242	233	125	185	11	171	127	53	57	140	191	74	155	167	23	255	21	50	71	251	192	87	91	91	255	130	69	143	115	
98	181	144	155	253	165	180	175	27	25	57	24	172	58	72	10	205	19	247	17	50	106	219	247	45	22	30	238	208	72	163	139	
33	142	65	101	84	14	111	190	116	162	250	194	243	33	144	112	121	238	118	46	233	184	69	47	172	174	165	0	109	234	210	168	
177	205	110	101	148	2	79	245	116	160	254	2	83	97	184	97	120	198	92	234	233	185	45	46	242	175	167	148	101	250	240	40	
210	233	84	189	46	137	108	173	191	176	18	2	237	202	84	67	35	239	125	227	98	73	138	253	174	251	207	172	36	176	195	137	
56	173	106	235	148	163	235	246	86	1	254	2	113	233	176	96	121	234	23	249	186	187	45	191	122	239	167	196	181	202	240	168	
56	13	107	238	85	215	127	112	21	4	252	3	123	237	50	64	120	234	151	238	74	179	56	191	115	237	161	1	119	170	116	226	
185	5	110	225	214	50	239	247	85	195	126	18	91	41	181	97	127	206	23	184	184	188	37	142	126	239	182	196	231	216	240	168	
34	217	98	222	93	213	214	238	199	77	252	7	42	220	62	100	216	187	147	193	206	43	122	189	35	92	144	59	83	30	244	222	
2	157	34	159	223	197	190	238	30	69	88	131	172	254	34	64	221	123	147	129	50	26	90	255	45	22	158	203	20	12	181	218	
157	132	110	241	214	50	237	183	116	115	94	146	89	45	150	105	127	198	55	188	177	252	37	206	110	107	246	196	167	216	240	232	
34	175	32	155	253	217	186	238	30	69	88	131	168	236	118	0	217	123	131	21	54	58	110	255	47	22	159	107	213	14	213	222	
89	204	237	87	166	50	237	191	116	115	94	146	217	47	154	107	55	70	61	175	241	220	165	109	102	43	254	196	167	240	241	121	
32	205	123	78	212	207	231	246	196	8	252	2	115	245	49	32	88	234	22	106	72	171	40	63	115	141	36	8	113	250	116	234	
17	93	107	206	212	150	239	114	76	192	90	70	113	252	181	100	124	238	18	239	193	185	60	239	49	44	142	0	61	250	113	252	
2	142	198	157	114	146	188	246	191	15	90	231	45	174	166	197	111	251	167	133	166	216	6	255	44	38	254	131	39	132	45	221	
89	205	111	239	150	10	111	185	116	96	222	194	115	103	145	97	54	230	124	238	233	153	45	47	240	239	229	144	37	178	160	120	
86	207	42	190	158	193	158	232	158	4	140	163	229	238	107	64	255	251	171	199	6	67	138	255	251	5	143	185	20	63	61	194	
38	237	96	24	221	209	182	238	31	117	184	187	40	236	126	0	217	219	211	241	126	43	110	247	63	22	157	127	215	28	214	222	
92	121	51	190	27	192	31	232	182	132	232	161	253	215	40	80	118	249	191	227	74	3	138	127	241	229	15	43	48	51	167	242	
43	35	70	13	127	27	174	104	95	224	250	230	72	200	183	164	254	77	242	231	197	243	79	220	54	28	143	131	95	62	121	133	
83	159	94	191	50	138	126	246	53	66	94	231	125	227	162	80	55	239	15	236	164	153	5	127	242	239	58	128	45	128	169	25	
83	141	79	174	18	146	110	246	53	64	218	199	117	238	176	240	118	231	63	239	229	153	37	255	184	110	174	128	45	242	177	93	
17	157	79	175	146	171	171	247	62	65	90	231	245	103	176	96	119	123	31	141	179	152	45	127	236	167	174	128	188	194	161	249	
19	159	67	191	18	146	110	246	63	65	90	231	125	238	178	224	119	239	159	237	167	153	5	255	186	111	170	128	61	134	41	93	
57	141	110	239	212	146	239	246	84	64	254	2	113	233	176	96	120	230	23	234	248	187	45	191	122	239	167	192	55	154	240	168	
2	221	50	158	95	197	190	238	158	75	88	3	108	254	44	64	253	123	179	193	34	11	26	255	61	54	158	235	17	30	165	219	
34	221	98	158	95	209	158	238	159	69	252	171	40	236	63	64	219	251	179	193	110	43	126	255	63	54	159	59	87	93	116	222	
162	172	130	149	252	143	190	231	154	171	216	26	172	170	48	0	239	255	95	129	96	251	192	239	60	22	158	170	69	88	147	137	
58	205	106	196	212	146	239	246	117	192	254	2	57	169	181	100	120	238	23	233	232	187	36	239	122	239	167	128	39	185	112	168	
15	189	237	147	178	187	175	183	126	251	94	246	253	102	158	47	39	123	63	159	179	216	111	253	110	11	255	192	142	212	129	253	
34	156	50	216	253	213	24	199	159	93	244	49	172	222	38	116	205	187	191	144	166	11	50	247	43	94	158	235	146	12	228	223	
56	205	110	231	148	2	79	252	116	160	254	2	115	105	176	97	120	230	29	234	232	187	45	47	250	239	167	212	37	186	240	40	
130	233	86	157	190	128	188	231	191	145	82	2	172	202	52	67	230	111	127	193	114	201	130	253	172	184	223	200	20	0	161	137	
2	205	18	158	124	133	190	230	158	8	88	2	172	250	49	64	206	123	23	193	66	43	2	255	53	52	154	138	21	24	33	137	
42	172	2	26	93	209	178	202	223	140	236	11	40	216	118	132	217	106	130	0	6	43	138	255	59	92	133	59	83	14	122	134	
42	184	176	184	233	209	144	199	155	93	180	57	174	156	102	140	201	59	227	17	30	106	242	243	207	85	30	123	210	12	143	223	
66	180	180	219	245	253	120	15	63	121	53	25	174	190	76	120	135	155	255	16	50	88	115	211	143	222	30	119	210	76	197	95	
252	104	196	247	12	42	70	152	51	178	179	10	75	233	77	27	123	196	108	242	40	119	203	162	150	235	197	52	231	251	82	0	
252	104	252	102	46	58	95	152	241	242	183	10	219	105	217	59	55	228	125	106	232	103	239	170	214	235	229	188	231	243	66	33	
237	79	68	69	164	30	78	184	97	162	190	76	211	96	149	183	24	196	108	110	237	240	237	44	166	235	229	20	111	251	90	4	
125	99	192	5	178	26	78	184	97	164	254	238	67	96	147	180	58	196	76	238	204	178	237	12	190	237	165	148	103	182	90	4	
78	176	180	241	235	125	184	203	187	127	53	57	140	191	78	30	167	27	255	17	18	79	234	208	207	211	95	255	130	68	143	215	
47	180	240	99	252	61	88	217	91	249	189	56	203	125	220	62	159	158	213	60	158	114	235	146	78	221	53	254	214	207	210	215	
222	88	182	245	47	124	48	80	189	218	246	51	206	159	99	107	239	117	255	67	168	101	163	224	215	243	122	139	130	125	37	211	
218	219	126	188	47	214	157	117	141	92	182	183	46	159	166	67	238	241	223	227	237	175	50	253	243	241	234	147	119	60	165	91	
222	54	166	148	171	114	56	3	171	255	151	191	204	110	78	223	167	149	253	181	180	69	175	192	158	115	219	151	134	100	175	87	
194	232	86	189	46	139	124	172	191	178	82	18	237	202	16	75	166	109	127	195	96	205	131	253	164	242	223	136	4	48	33	9	
41	177	49	67	221	61	193	29	83	121	189	24	146	89	92	52	153	10	66	56	155	58	251	21	79	220	21	126	218	10	210	166	
2	172	146	157	124	141	188	231	158	11	90	18	172	170	48	0	239	123	127	129	50	250	194	255	60	54	158	200	5	72	145	137	
56	191	58	174	125	131	86	240	135	12	248	109	110	249	162	144	220	251	135	99	142	171	8	191	250	213	37	251	88	14	62	155	
28	205	100	243	214	50	238	183	117	147	126	18	123	41	156	105	123	206	23	187	248	248	45	238	254	239	246	192	231	221	240	136	
32	141	43	94	116	195	227	246	86	13	252	34	48	253	180	100	89	186	23	136	42	186	40	255	115	15	162	137	85	10	116	235	
47	149	96	203	252	21	219	249	87	121	189	191	219	125	222	36	95	138	151	61	159	34	111	151	110	93	161	252	215	142	212	245	
2	156	34	159	95	197	190	230	30	65	72	147	172	254	32	64	221	123	147	129	34	154	90	247	45	22	158	107	20	12	181	219	
32	159	122	126	116	195	87	246	134	12	252	32	114	251	160	32	216	122	7	66	74	171	72	63	107	173	164	201	113	138	228	171	
34	189	32	155	213	201	182	238	30	69	72	155	172	252	126	0	217	59	147	17	50	58	90	247	45	22	159	107	213	12	149	218	
3	159	78	157	80	134	234	246	60	65	74	199	177	226	182	64	126	107	19	205	133	152	20	239	36	46	154	128	29	132	57	220	
2	176	180	219	253	253	112	143	63	121	52	25	140	158	76	56	135	27	255	17	50	88	243	211	143	94	30	255	210	76	197	223	
95	205	244	119	182	26	126	188	251	211	22	131	249	111	159	107	55	119	253	239	244	200	239	233	238	255	255	128	167	247	209	121	
32	223	123	110	244	203	199	246	196	12	252	96	115	241	161	48	216	122	6	106	74	170	104	61	99	141	36	136	81	250	230	171	
33	141	43	222	84	198	239	230	84	72	90	66	241	248	180	96	216	106	22	205	233	186	52	63	45	46	174	0	93	74	240	252	
34	253	96	24	221	219	148	239	31	119	168	155	8	188	118	0	201	155	211	145	126	122	119	215	63	22	157	127	213	28	214	222	
30	109	51	174	91	194	31	232	183	132	200	163	108	215	33	212	126	249	147	226	74	131	170	255	241	244	143	43	50	183	39	226	
86	111	42	172	62	3	190	104	30	132	216	167	197	200	51	64	254	237	187	231	76	147	143	158	240	37	175	189	21	62	57	210	
19	111	74	141	126	147	190	104	94	224	218	231	200	136	183	224	254	109	250	231	196	179	71	222	54	101	175	131	93	62	57	133	
221	77	111	110	42	26	79	189	225	194	246	138	123	103	145	115	54	228	125	234	233	193	173	45	242	235	229	144	39	178	224	97	
81	141	79	191	18	130	111	246	52	64	218	198	113	110	176	113	118	239	63	239	237	153	45	109	176	42	238	128	45	242	33	121	
19	159	79	191	18	130	126	246	60	64	90	231	117	110	176	96	118	239	31	239	229	153	13	255	182	46	170	128	61	162	33	89	
57	141	110	238	212	146	239	246	212	64	254	2	113	235	176	96	120	230	55	234	248	187	45	191	122	239	167	128	55	250	240	168	
34	221	96	152	223	211	150	238	31	69	216	139	40	188	54	64	201	251	179	193	110	43	119	255	63	22	158	63	85	92	244	222	
25	157	127	175	178	138	111	181	36	64	94	230	255	103	176	96	118	247	29	238	217	152	45	63	252	239	174	192	62	162	161	121	
34	152	50	216	253	213	184	199	223	89	240	21	172	222	54	112	207	59	179	17	182	42	114	247	47	30	30	203	86	12	229	223	
56	141	106	235	148	163	238	255	84	1	254	2	123	107	176	64	121	234	31	250	250	185	13	191	250	239	167	192	55	202	240	136	
34	156	102	222	117	140	184	230	191	73	210	51	172	188	52	64	239	251	247	133	162	235	66	255	55	62	154	138	85	12	241	219	
15	249	236	211	182	146	255	189	94	81	94	162	249	111	158	102	39	123	183	223	215	216	111	253	110	79	255	192	166	215	145	249	
194	72	150	157	40	139	184	166	191	178	210	16	236	138	49	75	231	125	127	195	96	205	131	235	148	50	91	130	4	49	33	9	
42	186	34	26	93	209	146	199	223	13	252	41	42	216	102	132	201	43	195	1	14	43	10	247	59	85	25	59	83	14	254	206	
54	165	112	227	254	43	202	201	95	49	185	26	207	72	92	24	251	139	87	51	154	114	203	215	158	220	131	252	245	203	210	128	
42	184	176	184	233	221	144	207	159	125	52	57	172	157	70	140	141	27	215	17	22	106	242	243	143	85	28	251	210	12	143	223	
86	56	182	241	171	108	56	82	191	223	211	55	140	191	71	75	231	125	255	19	16	213	154	192	151	242	91	167	130	101	37	83	
78	50	182	176	235	116	184	67	187	255	23	187	140	254	78	15	167	31	255	145	54	71	170	192	223	83	223	239	134	100	175	215	
125	100	240	67	238	59	91	216	115	242	189	10	91	73	221	62	31	220	117	126	152	118	237	130	94	221	37	180	231	255	82	241	
78	178	176	241	171	125	184	79	187	255	21	57	140	191	78	30	167	31	255	17	22	88	170	208	143	211	95	239	130	68	143	215	
74	182	228	145	235	112	188	15	187	255	18	191	140	174	222	159	167	23	255	149	182	88	167	194	30	86	222	239	134	68	143	223	
47	164	232	195	254	59	203	216	87	241	189	206	91	76	223	172	95	200	23	255	159	114	109	146	94	95	165	252	247	255	80	245	
34	184	48	216	237	213	152	199	159	93	244	59	172	158	102	32	207	59	183	17	22	106	114	243	15	94	30	251	18	12	197	223	
34	155	43	218	116	195	163	246	86	77	92	98	176	220	180	100	216	58	22	201	131	186	40	253	45	46	170	138	85	10	116	237	
89	157	111	239	178	2	111	188	37	64	222	230	127	103	176	116	118	247	61	238	249	153	45	237	242	239	167	128	54	178	161	121	
34	156	48	155	223	197	184	239	30	9	88	19	172	254	40	64	221	59	179	129	34	154	90	247	45	22	158	235	17	12	181	219	
95	201	228	247	182	146	254	188	239	208	22	130	249	111	157	99	55	247	61	207	198	200	111	253	238	251	239	192	39	183	209	89	
48	159	90	238	114	131	87	244	132	12	120	229	119	235	160	80	222	123	7	98	201	186	72	63	224	165	37	136	124	186	102	155	
34	188	32	152	221	205	176	207	158	125	80	25	172	220	118	0	201	27	243	17	54	122	210	215	31	22	159	111	209	12	151	222	
3	201	15	141	16	134	234	246	172	73	74	199	241	226	48	64	124	107	27	205	197	152	23	125	36	46	170	128	28	130	49	152	
222	216	244	246	46	18	94	184	187	218	183	161	239	127	157	123	151	245	253	239	232	69	175	236	138	251	207	150	166	183	65	85	
188	91	31	174	56	2	87	248	164	200	240	237	119	83	161	16	94	244	76	98	201	163	8	44	240	225	37	144	120	187	98	51	
1	141	43	239	52	194	231	182	84	8	90	98	243	112	176	96	88	106	22	107	233	186	100	47	224	174	166	128	116	250	240	169	
34	189	160	209	221	197	148	103	31	255	152	27	40	188	70	40	205	187	243	145	254	123	210	211	63	22	157	251	209	76	214	223	
26	109	2	172	31	131	31	106	23	164	200	131	15	201	51	64	122	237	27	199	76	155	132	255	240	36	143	57	53	190	53	194	
19	111	10	173	30	147	190	98	86	160	218	131	161	136	54	64	250	239	58	197	204	187	69	190	180	101	143	1	93	62	57	140	
93	77	110	229	6	26	127	56	116	194	214	130	251	111	147	99	118	244	125	238	232	209	173	140	226	235	239	128	39	247	113	96	
43	189	18	222	219	213	54	226	159	0	236	10	44	247	36	180	233	251	146	192	71	43	26	255	51	222	7	43	27	20	42	142	
184	141	110	239	148	147	238	252	84	0	254	2	115	233	176	97	120	234	31	234	232	187	45	191	122	239	167	128	119	186	112	136	
34	189	32	217	223	197	180	231	31	127	216	159	40	188	118	0	205	187	179	129	238	58	83	247	63	22	158	251	85	92	244	222	
2	176	176	217	235	221	176	207	31	125	52	57	172	158	78	12	143	27	215	17	22	106	242	243	31	84	30	255	146	12	135	223	
56	141	70	239	148	131	78	253	181	128	250	2	123	105	56	65	120	230	31	226	120	185	9	191	250	239	167	208	55	186	240	8	
61	104	234	71	102	59	239	216	115	226	181	138	91	205	223	62	63	236	85	254	137	246	237	170	94	205	229	180	231	255	82	229	
34	152	48	217	253	213	248	207	223	89	112	17	172	158	118	96	207	59	183	1	178	106	114	247	15	30	30	235	84	12	229	223	
62	205	228	247	150	2	238	181	117	51	242	2	107	107	28	73	123	199	53	226	248	248	77	237	190	223	222	192	231	251	240	8	
32	159	90	174	116	131	82	240	135	76	248	239	103	237	160	16	222	251	135	71	143	187	72	191	234	213	37	218	124	138	46	155	
2	176	176	209	251	253	184	79	187	255	21	63	140	190	78	10	167	27	255	145	22	89	186	210	31	22	95	239	134	68	135	215	
17	73	111	175	50	2	47	48	44	192	222	198	245	102	178	96	118	229	63	239	193	144	37	109	244	175	234	128	61	178	33	113	
2	176	176	217	253	253	184	207	31	121	48	57	140	158	108	120	167	27	247	17	178	120	115	211	15	30	30	239	208	12	197	223	
253	73	126	102	34	26	111	188	97	194	246	138	123	103	147	119	54	228	125	238	233	215	173	104	242	235	229	128	39	179	98	105	
70	56	182	145	235	228	184	66	191	223	83	183	140	254	103	75	231	127	191	145	50	213	146	194	157	54	219	131	132	101	37	211	
252	104	226	102	70	26	110	216	113	162	182	10	91	233	221	58	58	236	117	234	200	247	173	170	114	235	229	184	103	243	66	32	
