香奈儿可可小姐唇露	736 - 甜美	https://i.chanel.cn/fnbv3/image/full/shades/rouge-coco-gloss--736--55g.0156736_S.jpg	https://i.chanel.cn/fnbv3/image/full/chanel__com_type1/skus_full/rouge-coco-gloss--736--55g.3145891567366.jpg
201	239	192	59	248	249	111	190	126	87	110	156	255	35	218	212	19	74	106	94	115	120	239	55	236	231	54	65	142	209	203	232	
2	133	98	201	214	163	170	103	92	1	90	2	40	42	52	96	123	11	19	145	146	184	5	223	60	12	154	192	149	12	241	204	
2	157	114	218	230	165	184	231	159	89	90	179	172	254	100	64	231	59	183	129	146	153	2	243	60	62	154	235	21	76	165	219	
32	141	2	154	148	163	166	231	22	1	88	2	96	232	48	64	89	106	2	81	18	186	8	255	40	4	135	96	149	74	176	136	
3	181	98	203	246	177	186	103	31	65	92	163	172	190	180	32	255	59	147	149	150	184	36	223	46	28	154	234	151	206	241	221	
34	185	50	200	245	197	186	231	15	73	88	43	44	156	118	0	220	59	151	145	150	58	18	245	63	28	158	235	213	14	183	219	
34	185	160	136	223	193	178	199	10	69	72	139	172	140	118	0	201	59	147	209	22	58	210	241	61	20	158	107	213	14	151	222	
27	159	67	143	86	178	239	244	53	192	90	231	121	110	182	228	126	239	23	239	229	153	45	255	52	46	170	128	63	230	49	253	
2	187	98	155	246	179	186	230	31	69	90	183	44	238	182	64	255	187	147	149	182	154	46	255	62	30	158	203	21	76	181	221	
130	159	178	220	245	228	188	230	191	74	88	53	172	190	37	64	231	123	191	193	242	155	18	255	45	54	158	139	144	84	165	219	
48	33	70	141	92	11	224	72	175	161	242	10	74	136	52	64	120	172	110	225	8	251	195	221	148	168	131	60	117	8	112	128	
59	1	114	225	116	153	248	80	109	65	254	138	143	13	180	100	238	153	95	217	142	187	101	192	214	249	170	210	119	142	113	197	
50	79	98	158	87	210	190	230	157	196	220	163	104	236	54	196	254	235	147	199	196	187	38	239	50	54	142	139	39	126	253	222	
194	205	150	157	240	169	60	167	62	19	90	16	172	162	0	64	231	59	59	128	114	220	67	247	44	54	94	194	4	80	161	137	
59	21	106	225	54	50	123	80	101	100	255	166	27	29	183	112	126	140	23	252	137	178	37	142	242	205	160	132	103	143	112	241	
135	82	107	197	102	2	235	112	84	194	87	230	81	12	191	100	126	140	23	239	225	180	37	206	68	44	171	132	45	187	112	245	
131	154	19	185	117	180	184	19	190	89	82	85	188	154	182	232	199	43	55	157	183	156	18	215	4	62	186	194	156	4	41	221	
179	134	206	173	22	2	104	127	52	195	210	215	49	35	146	64	125	172	63	173	173	218	197	207	220	46	250	128	173	164	120	216	
127	83	46	172	47	23	222	104	205	204	222	175	238	200	55	66	254	229	255	231	204	35	143	220	242	115	203	155	31	63	57	87	
130	221	182	153	245	172	188	231	190	27	90	49	172	190	32	64	231	59	179	1	242	216	2	247	45	54	158	194	16	92	165	155	
122	1	98	232	126	19	248	113	101	64	255	139	11	143	180	100	110	133	95	237	216	171	101	196	210	249	170	220	39	142	112	65	
78	219	46	190	175	149	191	236	143	158	150	167	236	232	51	67	238	99	251	199	196	109	11	253	254	115	207	155	22	63	61	207	
61	77	99	207	84	31	238	248	117	232	126	70	123	121	189	244	120	236	22	238	201	178	125	238	54	108	167	128	127	191	112	164	
2	221	34	158	223	209	190	230	159	70	92	131	44	254	39	64	237	123	147	193	102	139	58	255	55	22	158	139	21	92	189	222	
130	141	150	157	244	171	44	39	62	51	90	16	172	42	0	64	231	47	59	128	114	220	65	215	44	54	94	192	132	64	161	136	
3	136	193	185	116	154	232	23	126	65	82	215	189	8	144	232	106	44	54	157	167	188	69	215	132	62	186	192	156	140	89	156	
126	67	170	172	47	6	95	232	169	140	222	175	206	207	55	66	254	237	255	231	204	3	138	200	243	117	207	155	23	63	54	67	
39	207	98	158	87	147	190	232	87	196	124	167	104	232	183	132	122	234	131	231	198	179	46	255	54	60	143	171	119	190	120	196	
187	17	106	224	118	18	91	113	101	64	255	166	27	15	182	112	126	157	151	238	201	179	37	204	242	233	162	196	103	142	112	113	
130	221	50	155	245	197	188	231	158	89	88	51	172	190	38	96	231	59	179	17	114	152	18	247	45	22	30	235	144	92	165	223	
122	65	98	232	110	19	216	113	37	64	244	138	11	15	180	116	110	149	223	236	200	163	101	204	242	249	170	152	55	142	114	212	
131	152	51	217	117	236	185	23	254	89	118	112	188	159	164	108	231	59	22	24	179	188	50	215	5	190	58	194	210	8	33	189	
47	111	66	78	117	151	238	248	87	192	248	206	104	200	191	164	124	232	134	238	205	178	12	255	54	92	133	142	127	191	122	132	
1	128	245	81	116	155	233	23	126	105	114	80	187	8	148	236	107	46	38	24	179	188	101	223	12	190	50	64	220	136	81	173	
39	98	224	67	103	57	234	88	91	227	117	222	8	200	223	172	123	200	134	158	135	246	236	194	22	28	149	175	239	255	90	132	
61	117	67	78	84	23	103	120	85	232	251	78	115	209	181	244	120	236	22	110	201	178	125	190	54	44	165	44	127	191	114	164	
2	253	50	155	211	213	180	231	159	93	88	51	172	190	102	64	237	59	147	145	118	152	50	247	45	22	158	235	144	92	165	223	
185	81	106	228	102	18	95	113	69	64	247	174	27	13	191	112	126	157	151	239	201	183	37	142	242	233	160	128	103	174	112	241	
26	157	58	184	211	225	185	103	159	69	72	179	44	191	34	64	235	187	147	145	22	155	2	215	219	87	154	203	183	4	165	218	
60	113	123	100	119	91	87	216	97	224	255	42	91	223	73	48	122	252	213	242	73	179	184	140	243	205	37	165	111	187	102	243	
77	48	145	229	112	44	123	26	43	233	125	108	159	183	201	120	151	95	21	24	155	16	224	66	205	252	50	172	138	227	3	49	
13	169	18	138	253	217	238	201	206	21	77	130	141	194	106	132	106	11	130	216	87	26	206	241	188	213	143	109	215	14	169	132	
6	248	178	154	255	245	186	198	158	89	80	19	172	222	103	8	205	59	147	145	146	94	58	243	29	22	158	235	144	29	181	219	
184	131	18	138	221	209	246	101	141	28	181	23	46	202	46	133	232	170	202	226	126	43	58	253	191	209	134	123	123	14	253	214	
186	197	118	238	63	147	222	237	205	16	148	18	109	73	60	133	106	145	159	235	112	47	12	255	178	89	206	85	119	158	249	136	
39	239	98	26	119	145	142	236	95	68	124	239	104	232	191	132	94	235	147	231	198	58	78	255	62	28	143	171	95	159	122	205	
123	8	238	172	13	6	205	103	133	196	194	7	17	173	51	67	232	165	57	173	204	139	84	136	211	105	202	29	37	60	116	90	
94	113	187	226	59	211	19	200	171	232	189	40	78	223	107	48	190	253	223	242	9	3	168	200	251	213	7	255	227	51	39	115	
60	113	123	226	55	95	83	216	101	224	189	42	91	221	105	48	250	221	215	114	73	179	56	156	251	221	1	127	111	187	102	115	
72	188	183	241	169	236	116	151	187	219	166	17	190	191	64	219	165	119	253	16	51	77	146	224	207	251	86	67	194	68	167	91	
66	16	22	152	107	193	176	64	143	29	241	35	172	158	110	75	238	57	235	209	2	35	130	209	149	48	10	43	16	15	37	195	
66	56	190	180	75	224	49	70	174	151	70	179	172	191	99	74	163	127	235	145	2	221	130	224	221	49	90	139	132	85	37	203	
17	197	107	197	214	2	239	117	116	192	94	198	81	100	188	101	126	238	22	239	249	186	37	206	116	44	174	132	45	242	240	245	
184	65	98	229	86	18	78	244	69	192	254	2	27	9	177	112	126	196	21	234	200	183	37	174	242	233	166	128	103	191	240	40	
58	16	114	233	116	58	248	83	109	105	254	179	11	29	148	120	238	157	159	133	152	186	101	198	150	253	146	194	231	140	112	213	
56	89	122	106	116	207	83	112	69	12	116	10	59	93	51	48	120	184	23	106	200	178	56	61	115	205	32	0	115	171	118	171	
66	177	22	136	43	193	176	64	175	21	128	41	172	150	98	82	230	49	235	209	22	11	130	209	153	16	26	123	16	6	47	95	
31	30	198	153	178	178	186	83	60	135	83	247	12	234	182	204	119	47	175	149	182	221	5	238	28	102	187	195	175	197	169	149	
122	249	18	170	25	205	82	196	171	4	168	9	46	159	98	144	168	185	205	82	78	43	154	245	187	213	6	123	82	6	47	30	
57	23	107	101	116	78	109	55	117	232	254	238	19	37	144	112	126	140	86	172	201	186	117	14	246	239	160	128	111	168	114	185	
25	23	123	229	118	62	233	51	101	73	126	246	147	3	148	96	126	140	22	172	153	184	101	206	70	237	178	192	111	136	240	177	
2	234	22	152	107	193	184	64	143	29	129	171	172	142	98	138	238	57	235	209	6	3	2	209	149	16	154	251	16	15	45	215	
94	0	130	228	147	38	121	65	165	133	207	23	73	199	40	94	112	181	185	176	24	131	144	192	147	229	138	75	163	103	45	18	
70	56	155	240	137	237	17	66	175	181	164	25	142	151	97	56	161	57	203	16	18	75	178	240	217	209	27	123	144	65	7	34	
50	33	114	236	124	43	248	75	77	160	250	10	15	10	52	0	254	141	95	161	152	187	65	204	150	252	138	144	101	168	115	129	
178	249	98	154	75	209	152	198	139	84	132	171	44	222	103	143	232	187	147	195	70	75	186	241	19	80	218	171	23	29	63	222	
25	23	107	197	118	26	233	55	117	73	126	246	147	9	148	96	110	140	22	172	217	184	101	206	70	237	178	128	111	128	240	185	
118	184	27	240	235	237	49	67	171	181	164	25	142	159	100	26	227	51	203	16	18	79	50	240	217	209	27	127	144	9	7	162	
6	178	122	176	239	233	177	67	139	61	149	187	12	159	102	10	167	51	223	17	18	111	138	208	222	81	31	255	148	12	143	195	
27	157	105	195	246	178	235	183	116	97	94	230	185	45	150	96	119	202	23	253	147	152	45	255	110	13	174	192	175	194	241	249	
86	51	186	100	147	118	113	65	233	133	239	21	79	166	70	94	176	189	232	176	28	211	176	64	155	229	10	3	225	98	167	70	
72	218	28	190	40	149	83	188	141	12	212	37	238	199	162	208	196	51	173	66	74	15	106	189	130	243	250	155	18	153	36	123	
44	177	105	235	188	75	203	152	70	113	29	171	211	125	216	40	91	90	23	127	155	112	109	181	77	29	173	244	245	139	212	241	
2	140	2	156	20	162	42	99	52	1	91	18	104	226	32	64	120	42	34	128	48	152	0	223	32	38	138	128	20	74	176	136	
130	48	146	144	101	173	176	67	185	27	113	24	140	154	100	11	237	59	27	17	34	117	146	192	21	24	90	106	128	8	99	131	
232	120	190	252	105	93	177	86	164	78	214	61	60	157	99	75	236	124	255	66	96	247	243	162	87	227	112	155	66	61	54	251	
214	62	214	182	98	178	58	64	185	142	211	231	44	238	167	223	230	245	239	243	36	199	130	232	146	114	107	139	164	117	47	87	
252	56	246	112	173	255	82	66	249	174	182	8	10	157	71	63	169	244	253	90	40	231	176	168	219	219	69	51	226	125	70	99	
222	120	246	116	43	250	18	66	169	142	182	41	46	191	103	27	162	245	237	82	36	229	130	232	211	243	65	155	226	117	47	75	
151	12	239	223	86	50	239	112	84	194	87	198	113	236	183	104	126	236	55	239	161	149	45	238	82	47	235	128	61	251	112	244	
151	30	199	159	66	162	170	80	188	194	83	231	125	238	183	237	118	109	63	207	165	213	47	234	20	42	234	128	173	247	49	213	
248	88	174	212	77	76	229	198	248	222	182	27	56	159	51	91	105	228	239	195	104	103	178	234	213	35	250	25	33	121	119	122	
199	76	254	212	106	32	95	194	249	134	150	10	124	234	247	123	167	245	127	143	160	71	162	234	208	59	219	153	132	241	43	41	
194	92	22	248	105	236	144	66	169	26	176	24	174	158	37	27	236	49	223	19	34	39	146	225	147	248	82	27	80	73	35	11	
141	78	158	149	228	170	239	146	252	142	94	102	189	162	177	203	99	110	46	218	33	252	5	106	196	167	250	128	140	113	41	169	
195	122	198	149	98	160	186	210	188	130	82	231	45	238	167	203	38	125	239	199	165	221	134	235	20	34	122	130	172	245	41	157	
60	120	190	253	41	247	89	90	151	186	118	32	127	223	97	122	135	125	245	18	136	215	179	176	195	255	113	171	210	233	36	187	
119	87	80	68	240	30	78	56	41	160	190	236	75	51	133	116	30	212	76	234	233	131	253	206	190	252	5	150	107	178	74	53	
194	78	223	220	102	160	173	198	188	138	90	66	188	171	181	75	167	115	63	201	97	205	130	235	36	62	254	136	12	112	33	169	
137	94	159	149	100	184	231	214	124	206	126	230	189	163	163	205	106	106	38	206	225	188	39	106	228	163	246	128	42	217	105	249	
55	34	174	132	76	22	248	88	205	248	213	71	0	136	127	106	236	133	123	191	140	35	147	192	147	9	202	61	13	42	121	212	
157	76	107	206	86	34	239	240	116	194	223	194	113	109	177	100	126	236	23	239	233	181	45	238	114	46	239	128	39	251	112	232	
44	60	171	243	79	124	179	82	226	223	95	18	157	247	67	42	105	252	219	154	17	116	250	160	95	197	227	105	163	107	55	242	
155	94	198	149	66	178	174	246	188	194	82	231	61	174	183	239	102	239	183	207	229	221	134	234	16	38	254	128	175	245	41	157	
137	94	30	189	100	156	229	182	252	78	86	230	189	131	163	229	110	106	14	76	227	188	39	235	228	227	118	128	58	216	169	185	
3	144	177	153	53	181	184	2	158	91	80	117	140	158	118	237	135	27	179	149	183	92	50	215	140	86	218	226	158	4	9	215	
118	99	232	166	14	66	158	216	3	228	153	227	81	79	121	64	126	213	55	247	200	19	205	192	243	5	175	173	165	187	52	82	
13	177	217	131	215	249	169	89	46	113	93	154	221	247	90	40	59	27	146	184	19	112	252	208	205	133	43	108	158	75	133	240	
165	115	217	5	110	13	167	248	106	236	177	108	16	200	223	19	62	205	66	111	195	114	252	64	124	8	37	60	77	59	67	209	
141	114	40	187	116	143	163	216	86	252	85	62	151	193	251	9	95	8	2	127	163	244	111	54	76	133	35	244	245	153	85	241	
180	65	107	230	68	2	111	112	65	128	247	2	83	195	177	113	120	236	6	234	201	179	44	12	112	169	161	132	101	187	112	160	
25	129	13	173	176	6	107	189	36	13	207	134	253	39	184	64	116	7	61	172	27	152	113	13	237	231	170	196	190	130	161	112	
53	73	67	78	84	18	238	112	197	192	243	70	81	200	181	229	120	236	22	238	205	179	44	236	48	40	163	128	111	191	120	164	
25	177	120	99	147	255	113	29	119	121	79	18	219	21	90	108	117	158	190	152	155	152	125	151	207	205	176	70	243	134	244	247	
166	181	249	226	252	105	217	73	27	113	57	251	220	124	92	0	159	27	87	53	179	106	88	215	44	28	15	254	221	202	211	177	
205	183	205	35	212	122	101	157	118	119	79	244	211	98	202	254	113	142	234	190	51	208	253	2	236	231	231	69	170	214	221	240	
162	255	106	12	118	153	182	117	73	140	120	239	32	72	182	1	190	235	135	231	228	58	4	255	54	20	173	171	125	190	223	221	
2	189	178	219	245	237	188	71	62	27	88	49	172	190	100	72	199	59	179	17	50	216	18	247	45	22	30	203	144	68	165	219	
38	167	226	138	223	177	186	202	91	173	89	175	8	236	255	0	217	203	131	149	150	58	174	243	62	20	143	239	213	79	126	215	
246	109	96	196	254	35	222	106	217	226	184	139	109	110	117	3	127	245	223	231	232	103	140	206	186	94	207	190	53	253	115	209	
58	1	114	224	54	57	250	82	109	0	255	2	15	11	180	96	110	137	31	249	138	179	37	196	210	221	170	208	103	142	113	1	
34	143	98	158	87	210	190	230	157	196	216	163	104	236	54	192	250	235	147	199	228	155	46	239	50	54	142	139	23	62	61	222	
3	148	19	185	83	244	184	83	188	73	74	84	188	158	32	232	231	59	19	145	183	156	50	215	141	54	26	194	152	4	161	223	
27	83	46	142	47	151	158	104	205	204	222	175	236	216	55	192	254	229	255	231	196	35	30	253	242	113	143	155	95	62	57	87	
59	5	106	225	118	50	75	82	117	224	255	134	27	13	183	244	126	140	23	189	169	178	37	142	242	205	162	132	231	142	112	241	
35	2	200	189	20	130	104	51	52	99	82	215	177	34	146	64	124	172	63	141	173	156	69	207	204	46	186	192	173	140	120	152	
2	221	50	158	223	213	190	231	158	76	88	163	172	254	38	64	239	123	147	193	102	139	58	255	61	54	158	171	21	92	181	223	
250	1	98	232	92	3	202	81	109	0	255	10	11	11	52	80	106	133	95	249	216	171	69	204	146	249	130	220	39	142	112	128	
43	221	67	206	85	23	238	248	85	72	126	70	120	249	188	228	120	236	22	238	201	178	53	254	54	124	134	128	127	190	120	164	
2	221	50	159	255	197	188	231	158	91	88	19	172	254	32	64	231	123	179	129	114	152	18	247	45	54	30	203	16	92	165	219	
2	148	59	217	87	228	177	103	254	73	78	18	188	190	36	100	231	59	19	16	179	152	50	215	77	190	26	74	152	0	165	187	
1	8	183	185	116	186	232	19	124	73	82	84	189	8	176	232	195	47	54	29	183	188	101	215	132	62	186	192	140	136	89	237	
2	141	22	153	244	172	188	167	62	27	90	16	172	186	32	64	199	59	51	1	114	216	3	247	44	54	158	194	144	72	129	137	
61	93	83	79	85	31	102	248	85	104	252	78	90	241	181	244	120	236	22	110	201	178	124	255	54	124	133	40	127	190	114	164	
250	65	98	232	14	19	202	113	69	0	244	138	11	15	180	112	126	133	95	234	200	167	101	204	178	249	170	152	55	142	114	140	
129	138	115	89	52	173	233	51	124	9	118	80	188	19	148	108	195	42	6	24	179	188	97	87	12	190	50	64	192	136	65	169	
74	184	182	248	173	221	116	214	235	187	164	24	174	255	100	190	133	115	255	16	23	105	146	241	159	219	87	123	210	84	207	27	
166	123	226	158	79	209	182	224	219	196	209	143	72	204	127	15	248	233	131	231	204	115	190	224	19	16	205	63	85	63	126	214	
109	96	209	69	99	58	106	24	115	162	127	200	27	3	217	252	119	204	54	142	129	148	221	194	22	252	1	36	175	247	106	164	
2	253	50	155	211	197	190	239	30	69	72	179	172	254	38	64	239	123	147	145	118	24	26	255	45	22	158	107	21	92	165	222	
185	69	106	228	86	18	79	113	85	64	247	130	91	13	178	113	126	156	21	238	233	183	37	142	242	233	160	132	103	186	112	241	
147	203	74	188	62	145	188	103	140	68	218	231	44	138	178	192	110	43	159	197	198	137	6	253	176	97	186	139	61	156	185	221	
126	121	123	234	59	211	91	200	173	232	189	168	127	223	107	112	254	253	221	242	73	3	168	232	251	213	15	59	99	51	39	115	
60	117	123	100	118	87	87	112	65	224	253	46	91	95	177	48	126	252	151	234	201	179	56	140	243	205	37	1	111	187	102	243	
18	174	238	156	250	208	188	230	190	151	210	179	44	174	166	66	103	251	175	129	118	219	134	255	248	35	254	139	53	84	173	207	
34	239	96	154	215	209	190	238	31	5	88	163	40	236	54	0	255	107	131	215	198	58	78	255	62	20	159	235	85	30	191	206	
74	188	151	178	137	252	52	231	191	155	38	16	174	191	96	223	161	119	251	16	51	201	178	225	143	242	94	75	130	68	175	127	
35	69	97	73	117	151	174	112	93	64	120	198	72	8	180	164	120	40	18	239	229	178	117	223	36	30	130	130	95	142	80	188	
122	241	18	168	27	205	82	64	173	4	169	9	46	159	96	16	234	185	205	66	78	3	16	221	179	213	2	123	82	7	39	83	
145	197	111	197	214	2	239	245	116	192	94	198	81	45	188	97	126	206	22	238	249	184	37	206	114	43	166	132	45	242	240	248	
34	0	114	201	116	170	248	23	109	41	251	18	142	13	20	88	238	183	31	145	152	186	65	198	22	252	154	194	199	204	208	129	
2	153	50	218	253	244	184	215	139	93	28	53	172	223	126	104	167	51	151	17	150	9	50	243	15	92	158	235	150	4	165	223	
35	209	97	73	244	223	238	117	77	72	120	70	48	24	180	164	88	136	18	125	215	184	117	221	44	28	162	192	127	142	240	172	
19	151	71	133	214	178	174	247	116	65	90	230	89	110	188	228	119	231	23	173	245	152	37	207	60	46	174	196	175	198	177	253	
56	249	90	104	81	205	82	244	33	12	236	9	63	159	34	144	156	185	133	120	78	58	16	61	251	205	32	121	115	138	110	139	
57	85	123	101	116	78	109	55	117	232	254	230	179	21	148	116	110	188	92	12	233	184	117	14	231	239	176	128	111	136	210	249	
9	159	121	241	244	204	233	55	125	89	126	244	157	23	148	96	103	31	22	140	211	184	117	229	70	253	178	192	142	128	193	185	
56	117	122	104	87	197	87	112	1	4	125	10	59	31	34	16	254	184	151	234	72	178	48	157	243	205	32	33	115	155	102	243	
166	121	162	154	79	213	182	192	159	214	209	143	40	220	119	8	220	249	147	215	198	103	190	241	23	16	207	187	85	63	118	214	
6	186	62	177	170	233	49	67	174	53	87	177	140	151	98	72	163	59	239	16	18	217	130	209	220	209	59	239	128	0	133	227	
50	33	82	141	124	43	232	75	13	160	250	26	142	10	52	64	106	141	95	161	24	187	65	206	148	188	154	144	69	8	115	128	
10	178	30	176	234	169	184	207	142	61	21	179	140	143	234	11	167	27	143	17	22	89	10	209	222	81	59	239	148	12	141	139	
46	191	2	138	221	249	242	202	139	197	188	143	170	236	107	132	104	234	194	208	62	43	252	252	191	85	143	123	155	79	254	214	
38	98	226	26	79	211	182	200	219	239	117	171	104	204	127	8	217	233	131	215	198	119	174	242	30	20	141	171	213	63	126	214	
137	167	204	27	217	121	103	191	118	119	126	156	251	103	154	181	59	66	238	60	119	124	255	55	110	231	118	225	234	220	207	252	
205	183	229	33	245	250	103	177	118	255	95	244	219	101	218	254	117	108	238	62	189	208	237	130	238	231	231	197	174	247	220	245	
166	248	162	154	207	213	190	192	158	211	81	171	44	220	119	8	205	123	147	211	194	78	58	243	31	20	159	171	149	29	53	222	
199	54	199	146	226	34	188	81	188	211	83	247	77	238	238	207	119	61	183	183	181	213	142	194	28	34	239	198	173	230	171	213	
151	4	227	151	210	178	175	81	60	194	83	214	93	230	183	109	118	237	55	191	181	212	173	202	28	46	175	128	173	231	177	245	
198	186	222	240	239	235	178	195	187	191	179	57	142	248	100	27	163	117	239	19	48	101	138	192	156	146	111	255	192	105	135	131	
190	185	18	138	223	221	150	237	143	93	189	63	10	222	110	133	232	163	206	240	127	43	122	255	191	81	7	251	91	14	174	215	
141	30	158	245	164	250	111	19	252	206	94	228	173	227	227	239	39	110	174	158	181	252	36	234	238	255	103	129	174	245	41	245	
24	177	122	97	19	205	113	103	105	37	42	10	47	11	74	16	38	155	200	1	82	184	53	85	215	197	18	99	99	0	135	106	
130	157	150	156	245	196	188	230	190	11	90	49	172	190	32	64	231	123	191	129	114	219	18	255	45	54	158	138	144	84	165	155	
151	12	227	223	214	178	239	113	116	194	95	214	121	230	183	108	126	236	55	175	161	149	45	206	116	46	171	128	167	231	49	244	
52	13	234	238	20	34	239	113	85	194	223	130	115	109	177	96	122	236	23	235	168	179	44	206	114	175	163	128	101	251	112	224	
159	60	199	151	146	178	170	82	188	194	83	247	125	230	179	237	119	109	183	223	165	213	172	238	20	110	235	128	175	229	41	213	
51	87	117	69	112	30	78	56	97	168	250	108	67	11	148	52	62	196	68	238	205	178	125	76	54	254	37	146	105	162	66	21	
67	174	234	18	211	244	189	231	187	87	206	151	40	174	126	72	237	171	179	149	182	219	182	231	126	62	158	203	133	68	191	222	
137	94	214	255	165	182	111	150	245	206	126	228	185	167	163	237	102	106	174	204	165	252	55	235	230	255	118	128	170	245	109	253	
2	248	178	153	221	133	184	198	158	25	64	18	172	158	112	8	237	27	147	145	18	92	18	241	13	22	158	106	144	28	161	139	
159	14	198	149	18	178	174	210	189	194	86	199	121	234	183	239	103	239	183	207	165	221	133	238	30	111	254	128	175	245	57	29	
37	119	121	69	126	15	239	232	104	236	184	78	82	104	149	19	62	205	70	103	201	114	252	76	52	8	101	60	77	58	66	241	
92	50	59	96	145	70	113	81	225	141	235	21	75	223	42	80	188	189	204	176	156	163	176	68	219	229	2	79	227	0	166	114	
11	146	252	217	45	116	220	191	223	95	150	54	202	60	190	239	199	0	190	8	183	109	119	209	7	123	210	215	158	204	252	119	
99	141	226	218	221	208	238	239	223	17	124	2	40	248	182	228	105	234	178	216	118	42	62	247	63	62	150	75	183	220	248	174	
96	209	89	235	40	201	93	189	6	85	164	136	247	71	10	112	86	146	14	106	75	8	127	53	231	185	176	124	52	154	132	120	
53	77	107	206	196	2	239	112	193	128	255	66	115	225	181	117	120	236	23	234	201	179	44	108	112	168	161	128	101	251	112	160	
29	82	124	233	52	175	67	152	70	100	95	134	215	69	155	104	95	8	30	126	139	176	125	28	197	207	49	20	190	219	84	241	
93	3	193	235	180	82	75	152	38	73	223	230	211	71	185	228	92	136	28	248	155	146	109	144	168	229	170	196	190	163	48	113	
55	123	225	193	246	15	235	220	70	168	24	106	17	25	213	164	126	220	23	249	139	48	237	144	60	12	173	244	255	187	80	161	
130	48	146	144	197	237	180	71	190	27	113	16	140	154	96	11	161	59	179	17	18	127	146	193	21	18	90	107	144	72	163	131	
175	180	125	225	252	203	169	251	30	113	49	222	220	93	92	129	159	25	87	53	179	124	57	214	77	27	175	244	221	136	211	240	
181	73	99	78	196	50	239	112	196	192	251	66	83	192	181	229	120	236	22	234	201	179	44	44	48	40	227	128	109	251	112	164	
141	181	57	225	215	253	251	89	126	121	125	18	221	247	74	173	59	26	150	184	179	112	60	150	207	201	175	229	163	207	151	243	
61	68	107	67	84	42	235	88	68	224	255	66	83	1	189	96	120	140	22	234	137	182	45	14	86	141	161	132	101	187	112	160	
131	132	55	217	189	229	185	35	158	27	12	16	156	190	36	111	133	19	27	17	50	77	50	215	13	62	90	66	144	64	165	231	
100	140	212	124	188	175	90	58	187	169	185	8	238	235	37	16	151	229	108	48	58	107	9	223	154	254	5	94	210	225	67	1	
28	60	170	225	213	252	243	210	164	207	126	50	153	255	67	42	105	250	215	146	145	240	178	162	223	197	163	233	163	127	53	243	
134	56	146	154	203	229	176	67	190	19	97	18	140	222	97	11	237	59	179	17	50	71	146	192	21	16	90	107	144	65	167	147	
76	124	170	254	77	124	243	210	170	206	220	3	189	191	99	74	105	253	239	146	0	103	178	226	87	231	250	169	227	125	103	250	
56	124	186	255	105	252	50	214	165	78	254	39	191	189	99	78	237	124	255	66	8	183	242	162	215	253	114	171	227	125	38	251	
106	108	250	212	111	112	189	66	232	134	158	139	124	239	119	90	231	245	255	141	4	71	166	202	211	63	218	153	133	244	47	74	
117	47	109	103	180	11	79	190	112	226	254	238	211	101	145	50	122	238	124	238	233	240	237	46	236	239	229	148	109	250	210	120	
242	109	96	196	124	2	206	110	217	226	184	138	105	47	21	3	254	245	95	227	232	111	132	238	186	94	207	184	39	253	114	216	
96	133	246	236	252	10	222	125	217	171	185	24	78	233	60	18	219	197	93	33	248	107	200	207	186	254	69	126	71	170	210	1	
38	110	226	10	127	177	186	200	27	173	89	175	104	236	127	0	223	121	131	149	134	50	174	250	62	20	143	239	213	127	62	215	
255	28	102	228	54	59	222	114	89	226	190	175	75	45	151	53	30	245	245	231	236	239	101	238	178	127	205	146	103	237	86	85	
60	13	106	238	20	34	206	121	69	130	255	2	115	105	181	64	120	232	23	235	232	163	12	159	242	237	161	128	119	251	112	128	
137	31	246	81	181	182	125	51	253	206	126	245	175	239	243	230	167	46	174	156	181	216	183	202	238	255	119	193	174	228	237	253	
147	90	78	190	6	146	190	114	157	198	210	231	41	202	183	193	110	225	183	199	236	143	6	236	50	99	234	139	45	181	57	93	
123	81	42	174	63	151	158	104	205	204	220	175	238	216	55	64	254	229	255	231	204	35	28	253	242	117	143	155	95	62	57	87	
57	5	106	225	118	50	107	83	85	192	126	130	27	13	183	96	126	140	23	189	185	176	37	142	242	237	162	132	231	207	112	225	
1	142	75	181	52	170	104	55	124	67	90	213	177	34	144	96	66	46	63	141	189	156	69	79	132	62	186	192	172	128	89	24	
2	157	34	158	223	193	190	230	158	69	88	163	44	254	38	64	249	123	147	193	118	11	26	255	53	54	158	139	21	92	181	222	
242	1	98	232	92	3	202	113	77	0	248	10	11	11	52	80	106	133	95	224	216	171	65	204	178	248	130	216	119	138	114	128	
122	71	106	172	55	6	95	120	1	140	252	175	107	207	51	80	254	237	149	231	200	179	40	142	243	253	175	155	55	190	118	115	
35	143	98	206	117	151	238	248	93	72	124	70	104	232	182	228	120	234	150	239	197	186	44	255	54	60	135	138	95	174	120	141	
2	221	146	159	247	197	188	231	158	11	88	19	172	254	32	64	231	123	179	129	114	152	18	255	45	54	30	203	16	92	165	219	
1	156	59	217	52	172	185	55	252	73	94	80	188	179	180	100	167	59	30	9	179	184	48	215	13	190	50	66	136	0	225	169	
43	253	66	78	245	159	230	248	95	232	124	78	106	232	191	180	88	234	130	110	199	178	124	255	54	92	5	42	95	190	122	140	
34	239	98	159	223	209	190	239	94	69	88	163	40	236	54	0	219	107	131	199	230	58	110	255	62	20	159	235	85	30	253	206	
186	65	98	236	84	3	78	113	69	0	241	10	11	11	53	80	122	141	95	226	200	167	4	206	178	233	138	184	119	154	114	0	
1	158	59	121	48	172	249	55	252	9	126	80	188	179	32	96	167	58	6	8	179	184	48	95	79	191	50	64	216	128	225	171	
118	95	98	158	95	213	150	224	137	204	221	175	104	252	55	2	236	241	211	231	204	35	186	236	51	52	141	187	71	63	118	214	
255	67	66	68	69	18	110	120	113	170	247	110	74	194	255	252	120	204	166	238	205	182	172	202	22	120	193	142	111	183	122	133	
124	121	123	238	51	211	87	240	33	192	252	42	127	223	35	48	250	249	221	226	73	131	56	172	243	221	5	59	123	179	102	115	
61	93	123	110	86	87	87	240	69	192	252	38	123	221	51	48	126	248	23	234	201	178	56	174	115	205	37	0	111	187	98	243	
146	14	206	189	242	146	190	246	158	134	90	231	173	174	183	192	111	239	183	133	228	216	4	239	44	39	190	129	45	244	57	221	
74	184	150	208	137	221	52	199	191	155	166	24	174	190	102	254	161	115	251	16	22	105	146	241	155	210	86	123	202	84	139	31	
34	239	96	155	215	209	190	239	30	69	88	163	168	236	54	0	219	123	147	213	118	58	110	255	47	22	159	235	85	30	189	222	
74	188	151	220	203	208	180	231	191	23	70	49	172	254	100	207	163	123	235	16	50	73	146	241	187	50	94	75	130	84	173	63	
166	107	226	30	77	209	182	224	217	204	245	171	72	204	255	53	248	232	195	231	196	243	174	232	54	24	197	171	71	63	126	214	
2	12	112	153	244	168	248	71	109	1	251	18	140	10	20	72	238	139	31	17	146	184	65	195	148	60	26	194	197	72	241	129	
2	157	50	218	253	172	184	135	175	89	57	49	172	158	124	72	199	19	151	145	146	9	2	247	15	28	154	234	148	68	165	219	
56	119	122	104	112	143	91	112	96	12	124	76	51	23	160	48	62	184	6	106	202	178	32	31	119	205	32	160	115	139	70	187	
19	133	103	133	150	50	239	247	116	65	90	198	81	38	188	101	126	230	54	237	241	153	37	239	60	46	174	196	45	230	241	253	
37	49	97	73	213	223	226	89	77	97	121	70	24	24	156	164	120	10	18	124	151	186	125	220	44	28	128	102	95	142	210	164	
9	217	59	251	244	204	125	55	253	89	126	116	189	151	168	116	199	59	23	136	211	152	50	231	231	253	50	192	90	128	229	249	
58	217	106	186	95	209	147	230	151	85	140	171	44	221	34	64	235	187	147	193	78	11	50	191	243	69	154	59	55	29	60	250	
26	146	94	185	50	170	56	87	190	61	86	183	45	135	170	88	55	31	175	16	22	217	1	85	222	231	122	199	180	128	173	75	
41	93	115	117	116	206	109	55	117	73	126	116	179	21	148	116	14	190	86	12	233	184	117	46	231	255	48	128	111	144	210	249	
162	249	176	154	79	197	190	198	158	80	64	139	172	220	117	8	207	123	147	195	66	107	154	241	29	16	159	43	21	29	55	218	
50	5	82	137	244	43	232	103	45	33	250	26	142	10	52	64	106	135	95	129	24	187	65	198	148	188	154	208	69	8	241	136	
26	154	210	185	178	177	184	223	62	113	82	247	173	142	162	200	55	27	175	149	182	156	5	247	140	86	58	194	190	132	169	157	
2	249	176	153	205	197	188	198	158	25	80	18	172	158	96	8	237	91	147	209	210	88	26	241	13	16	158	106	144	92	177	139	
218	218	46	190	77	85	180	249	157	94	181	63	108	222	42	75	233	177	239	163	236	111	58	247	87	211	251	175	83	44	109	95	
207	146	244	217	175	93	152	9	207	127	151	55	202	28	254	238	231	149	190	20	150	101	127	208	11	122	82	215	150	140	221	87	
131	182	195	145	198	34	173	223	62	243	82	247	221	174	254	108	119	79	55	189	181	212	165	194	28	14	255	196	173	196	177	253	
159	182	199	147	194	178	168	81	62	211	83	247	77	230	234	205	119	45	183	181	181	212	143	194	28	70	255	198	175	228	171	213	
142	182	150	177	234	171	176	83	190	191	115	247	204	238	234	139	167	61	239	17	54	117	138	208	156	19	127	231	196	76	175	147	
100	72	121	124	120	204	91	26	160	64	228	136	179	215	1	120	86	248	68	88	11	162	242	41	195	189	32	24	112	177	70	240	
52	5	234	238	212	34	239	113	85	128	255	2	113	233	177	96	120	228	23	170	184	179	37	142	114	175	163	128	245	250	240	32	
151	4	227	215	150	162	239	113	117	194	223	210	89	239	180	100	127	236	55	191	177	149	45	206	56	46	175	192	167	230	240	116	
117	209	89	233	64	79	77	185	7	112	36	8	211	87	8	112	20	144	30	232	91	16	121	21	237	137	37	116	56	136	196	112	
113	87	113	101	116	14	239	48	105	232	250	76	83	12	148	48	190	197	68	239	201	178	117	76	52	172	37	144	105	186	66	241	
130	177	146	146	207	229	180	199	190	27	64	18	140	190	104	8	165	27	147	17	18	124	146	193	13	16	94	111	144	88	161	131	
26	124	178	255	41	237	52	214	175	74	222	37	46	223	99	74	207	125	255	3	138	151	131	179	211	247	120	139	146	127	36	219	
45	113	41	37	108	15	175	120	104	236	188	76	211	53	145	50	28	204	86	111	193	178	252	12	101	141	47	180	77	186	67	241	
35	141	234	218	223	209	180	231	223	29	92	18	40	184	246	224	233	234	178	145	182	107	46	247	63	31	150	107	149	76	252	206	
72	82	178	190	79	116	245	91	179	207	253	55	173	255	107	74	233	251	175	129	132	99	178	203	215	247	250	171	179	116	101	251	
156	60	186	241	213	252	241	210	181	205	94	51	153	255	99	46	237	186	159	144	179	240	178	202	223	221	167	235	163	237	101	243	
53	13	107	78	196	2	239	113	192	130	255	66	113	225	181	101	120	236	22	234	201	179	44	108	112	168	231	128	101	251	112	160	
29	113	225	193	36	15	111	152	71	232	223	78	211	5	209	36	92	200	30	110	201	176	125	24	231	205	37	180	62	187	80	241	
188	128	116	115	36	26	88	56	117	18	55	18	219	73	156	123	58	128	53	234	248	244	109	149	198	219	97	196	119	171	192	1	
141	148	125	241	199	223	249	251	94	123	85	22	157	119	250	165	127	24	158	184	247	124	53	151	207	203	243	229	59	140	205	243	
189	181	118	113	181	159	116	113	119	123	247	48	91	93	158	117	253	158	151	58	254	188	105	151	255	219	37	198	115	140	240	71	
151	15	74	190	212	162	175	242	148	134	218	199	81	227	179	65	125	230	23	239	184	147	4	46	112	38	239	128	173	251	48	144	
228	229	68	140	236	1	230	238	143	178	184	10	232	232	105	67	89	226	78	226	104	103	202	250	60	20	207	60	21	122	112	136	
170	190	127	82	99	253	177	71	191	127	52	191	60	156	70	57	167	51	215	17	182	124	50	247	95	27	120	243	197	76	71	223	
253	82	67	196	69	30	110	120	113	170	247	78	75	3	157	252	120	196	166	234	201	150	245	202	150	254	193	4	43	191	120	36	
224	165	114	238	252	11	206	109	219	163	185	26	206	232	60	17	219	196	95	33	248	111	200	223	186	254	133	124	69	170	210	1	
113	15	233	231	180	107	111	183	116	226	126	206	243	97	145	48	90	238	124	46	249	184	253	46	236	174	165	144	109	250	210	248	
137	183	237	5	241	123	117	191	119	127	126	180	219	101	218	245	55	78	254	60	247	112	229	151	238	223	117	229	238	220	222	253	
191	191	34	152	93	221	178	230	159	221	180	63	170	220	230	165	236	251	206	117	191	107	120	253	191	81	143	251	219	13	110	223	
137	148	244	253	45	124	121	191	87	95	92	20	189	119	186	231	87	10	190	140	231	252	119	211	199	255	242	136	62	204	9	253	
106	172	167	152	221	228	189	199	190	95	192	151	40	174	126	200	201	139	187	149	54	75	178	247	125	55	158	203	129	68	247	218	
226	114	234	82	115	244	57	87	187	223	245	181	56	159	206	59	175	155	213	149	174	71	178	194	91	25	178	235	135	132	238	215	
226	44	224	212	124	35	206	238	217	162	184	138	104	46	21	3	254	231	95	227	232	111	196	238	186	30	207	184	5	249	114	136	
96	45	212	252	120	171	90	138	187	161	184	8	238	234	5	16	151	231	108	80	50	105	202	255	154	254	19	60	208	97	67	9	
132	141	132	151	148	138	172	167	62	147	146	18	236	98	72	75	115	71	46	144	114	220	73	231	172	54	223	64	132	104	161	8	
139	180	125	241	126	251	185	118	94	119	52	154	156	29	82	169	175	21	211	29	179	125	49	214	93	91	123	246	214	140	7	241	
210	232	212	191	32	136	124	175	191	179	146	16	239	234	64	88	183	235	61	128	98	76	203	255	140	246	223	176	4	48	129	9	
122	249	179	178	153	221	80	231	171	85	136	9	174	158	66	210	129	251	249	81	94	75	218	181	187	213	29	123	130	20	143	90	
19	164	235	129	214	50	175	223	126	99	94	214	157	166	250	108	127	207	23	157	183	220	37	226	124	14	191	196	175	196	177	253	
151	6	235	197	198	50	173	89	124	226	87	214	81	44	191	108	126	140	55	175	177	180	37	202	20	46	234	132	173	224	113	245	
57	5	106	225	246	50	107	87	85	97	126	130	91	45	183	32	126	140	23	188	185	176	37	142	118	237	160	132	231	206	240	225	
208	89	63	244	19	204	53	119	236	192	78	6	180	179	32	115	162	55	57	0	97	185	48	13	243	235	118	2	40	16	165	43	
90	201	42	174	31	145	159	232	143	132	140	139	238	232	114	64	250	227	251	231	76	35	154	253	243	117	143	59	23	62	61	198	
58	87	106	172	119	151	95	120	5	68	252	143	107	237	50	80	254	233	151	231	204	179	60	159	243	253	137	155	119	190	118	82	
207	182	176	208	175	121	152	15	219	127	149	190	136	156	222	239	135	27	255	17	182	101	239	211	31	88	89	255	150	76	157	87	
188	0	116	115	166	10	66	184	113	50	183	18	91	73	29	91	59	196	100	234	248	244	73	160	214	219	225	84	103	187	66	0	
34	157	34	158	223	193	190	230	30	69	88	163	172	254	54	64	255	123	147	193	102	154	26	255	61	54	158	139	21	92	181	222	
2	221	18	159	241	197	190	231	30	27	88	18	172	254	32	64	231	123	179	1	114	152	18	255	45	54	30	202	16	92	161	155	
210	78	78	188	74	128	190	246	152	134	214	231	45	175	179	67	110	225	191	199	228	143	6	237	240	99	250	137	45	181	57	217	
46	173	66	218	215	145	238	236	31	5	124	207	104	232	126	132	121	234	130	222	87	58	30	255	62	94	133	107	223	222	248	156	
34	239	96	155	215	209	190	238	30	69	88	163	168	236	54	0	219	107	131	197	86	186	110	255	46	22	159	235	85	30	157	222	
210	203	78	188	74	192	61	103	164	4	214	163	45	135	162	81	102	179	143	193	96	143	34	237	240	35	254	139	53	20	165	107	
60	125	123	238	83	211	87	224	33	192	236	42	127	223	33	48	254	249	213	226	73	179	56	191	243	205	5	59	123	51	102	242	
39	175	96	27	245	157	246	236	95	233	124	76	104	232	190	180	217	234	146	79	198	186	94	255	46	28	5	107	95	158	218	140	
42	191	98	218	223	209	182	231	223	21	92	51	40	248	118	228	233	123	162	145	150	58	46	247	127	95	158	107	151	76	253	206	
19	31	66	157	246	146	174	246	20	202	90	231	233	234	183	192	127	239	183	205	229	152	5	239	44	47	190	128	45	244	57	221	
90	184	215	156	203	208	180	103	191	151	82	179	44	190	228	198	39	123	235	145	38	219	166	249	30	34	94	139	167	68	173	207	
146	182	222	177	226	185	184	215	62	55	118	247	205	174	234	77	55	31	175	21	182	220	142	211	158	215	127	231	172	200	173	149	
147	180	227	145	146	178	172	215	63	227	91	247	93	230	188	236	127	175	183	189	183	212	45	198	188	14	191	196	173	196	161	245	
19	141	111	199	150	2	239	247	116	64	94	198	113	38	180	101	126	230	62	239	249	153	37	239	52	46	238	128	45	242	241	252	
167	106	226	26	109	145	254	200	95	142	85	143	40	200	255	136	221	233	147	71	198	182	206	243	22	28	137	171	87	63	90	197	
1	221	123	91	116	204	109	55	253	93	126	52	191	151	180	116	6	58	30	8	243	184	50	103	231	255	50	192	66	128	199	249	
10	221	59	248	251	196	57	247	159	93	60	52	60	215	34	96	199	59	23	0	211	11	50	247	251	253	62	234	18	16	165	251	
58	221	40	248	91	209	145	230	151	85	140	171	60	159	34	64	239	187	147	193	106	11	50	183	251	69	154	59	55	28	60	250	
90	158	86	189	50	186	58	255	62	7	90	247	237	42	162	208	55	231	175	133	182	157	5	255	190	103	58	194	173	132	169	29	
27	158	66	187	50	179	58	255	63	65	82	247	173	14	162	192	119	171	191	149	183	156	13	255	188	102	58	194	188	132	169	29	
74	248	226	93	251	221	182	215	239	93	220	173	168	252	118	102	239	123	255	149	151	43	182	241	63	93	22	171	223	84	189	223	
162	141	66	145	244	169	232	103	45	1	250	18	172	10	20	64	234	131	95	17	16	184	65	198	20	60	154	192	197	8	209	137	
139	95	182	222	179	244	158	246	157	206	220	165	44	254	39	116	135	123	181	69	230	139	50	239	123	127	30	155	130	84	165	95	
139	191	230	85	181	223	125	183	255	127	126	181	139	173	150	116	39	126	255	4	253	248	165	223	238	255	119	199	238	212	222	255	
103	67	98	78	109	18	246	120	193	132	237	142	74	200	191	245	92	236	162	238	204	179	254	204	54	56	193	15	119	191	122	196	
2	189	50	154	253	229	184	199	143	89	25	49	172	222	108	74	135	51	151	17	146	9	26	243	15	28	158	238	148	68	165	155	
2	141	112	147	244	168	184	7	237	25	123	18	140	10	60	72	239	27	31	145	146	56	64	243	12	60	26	194	148	72	161	129	
38	105	98	30	79	209	182	224	203	196	249	171	104	236	55	1	202	249	179	195	68	35	238	253	55	48	205	187	85	63	118	214	
23	4	227	199	150	162	239	115	116	195	91	210	81	238	180	228	127	236	31	189	177	149	37	206	56	46	175	192	165	226	240	116	
139	148	244	253	61	124	121	27	127	95	126	21	187	63	182	111	103	10	191	140	191	248	119	211	199	255	242	130	182	196	236	127	
130	169	52	155	172	137	188	173	191	27	80	16	236	206	88	73	183	123	127	209	242	76	139	247	140	18	223	238	20	4	129	9	
61	97	97	69	116	27	239	120	96	168	252	74	211	33	145	164	120	204	86	110	201	178	237	12	244	205	39	180	111	186	82	160	
53	77	107	78	212	2	239	113	80	130	255	66	83	225	181	97	120	236	6	234	249	179	44	14	112	169	231	128	101	251	240	160	
33	125	73	101	180	11	111	189	116	224	122	204	243	97	145	48	94	238	84	110	233	176	125	46	228	174	165	128	109	250	210	56	
234	154	38	184	111	221	176	240	157	94	180	63	172	220	38	107	237	177	255	195	228	111	122	245	223	83	219	251	18	13	53	223	
191	148	118	121	165	191	112	251	127	123	254	50	74	125	190	117	253	157	191	160	254	188	33	215	219	255	81	198	115	236	240	71	
230	164	118	252	244	11	222	107	123	43	187	24	206	104	28	17	219	135	127	35	248	239	73	223	186	254	69	214	69	168	211	1	
155	148	118	241	133	255	121	114	127	123	118	50	139	191	230	109	167	25	159	152	188	252	49	214	207	223	243	231	178	140	69	247	
138	52	63	243	227	253	185	87	191	127	22	187	188	189	250	173	175	27	243	21	178	124	34	215	95	95	90	227	199	76	143	251	
34	249	176	154	79	193	182	238	158	80	64	11	44	222	101	0	234	123	147	195	66	106	154	241	61	16	159	43	21	31	55	218	
158	54	178	243	181	252	112	83	53	201	119	51	63	255	225	45	253	185	151	144	186	254	178	202	219	219	182	203	226	140	100	223	
192	45	212	158	252	171	250	138	187	161	186	24	238	234	5	24	147	231	110	80	50	107	202	255	156	190	27	122	192	97	67	9	
170	182	236	80	107	116	185	91	187	95	181	181	24	158	94	187	239	155	215	149	182	71	226	195	87	91	250	239	135	68	239	215	
218	18	178	190	109	84	176	89	147	79	245	55	60	255	106	74	236	253	183	129	174	119	178	195	215	245	250	171	243	108	37	211	
2	177	146	154	207	197	180	199	158	25	88	18	140	250	104	11	229	59	179	17	82	122	154	241	61	16	94	110	144	88	165	139	
186	5	98	232	84	3	202	113	69	32	248	10	11	11	52	81	122	136	31	226	216	179	0	206	178	201	130	144	119	139	114	128	
26	220	182	190	41	133	28	223	191	91	218	49	238	255	104	88	199	57	255	3	202	151	139	243	131	255	94	186	22	244	161	91	
66	236	212	159	36	171	124	143	191	147	154	16	236	226	8	88	183	109	127	0	98	77	139	255	172	182	223	190	4	80	129	9	
189	75	64	74	244	155	202	220	71	136	244	238	99	200	247	180	120	168	6	252	142	34	108	62	58	76	165	252	255	191	122	132	
223	16	106	240	47	52	88	16	221	254	151	191	74	157	247	239	231	149	189	119	172	103	175	194	219	121	193	191	182	173	124	87	
48	233	25	250	89	205	82	228	167	96	172	9	55	223	65	16	200	251	211	66	74	43	90	189	251	221	0	59	114	27	70	202	
11	188	105	75	246	179	251	223	94	65	92	230	185	77	182	32	63	42	23	189	151	184	108	255	110	13	175	192	247	206	209	249	
226	45	230	214	252	35	206	230	89	170	186	10	104	40	21	3	254	231	127	193	168	235	193	238	182	62	223	144	133	253	114	136	
35	143	98	158	117	151	254	232	95	76	124	135	104	232	182	228	216	234	130	199	198	186	110	255	54	62	131	171	95	174	120	205	
185	5	110	229	68	18	239	113	85	66	247	130	91	45	182	97	126	132	23	238	249	178	37	142	114	235	224	132	103	170	240	224	
137	4	235	193	214	50	239	87	116	227	94	214	17	45	158	96	127	78	23	189	177	252	37	202	102	47	182	196	175	248	241	241	
3	182	229	145	178	42	173	159	62	115	90	247	156	46	222	175	39	79	23	157	183	220	37	226	140	22	254	198	141	196	129	253	
122	141	106	174	31	211	223	232	5	4	204	11	111	236	50	16	248	235	159	231	78	43	24	255	251	245	143	59	119	46	126	70	
185	5	110	225	214	50	106	87	85	97	126	18	91	41	182	96	126	142	23	184	184	184	37	142	114	239	160	196	231	218	240	160	
56	13	107	238	87	215	95	120	5	68	252	131	107	239	50	80	122	251	151	230	72	179	56	191	243	237	129	1	119	190	116	226	
35	142	98	158	117	145	186	226	95	76	88	167	104	232	182	64	217	171	131	133	166	186	110	255	54	62	139	171	85	14	125	206	
2	157	50	159	95	197	190	238	30	69	88	51	172	254	34	64	255	123	147	193	34	154	82	255	45	54	158	235	21	12	181	219	
184	5	98	236	212	3	206	117	85	0	248	10	11	41	48	81	122	140	23	227	248	179	5	142	242	237	160	144	119	170	242	128	
151	6	231	145	150	50	172	83	124	211	83	214	89	238	189	239	119	173	31	189	181	213	37	202	28	42	255	132	173	228	177	245	
74	56	214	156	75	209	176	71	191	149	210	179	44	190	38	198	163	59	235	129	6	203	134	245	30	50	94	139	7	4	173	159	
34	173	32	155	215	209	190	239	30	101	88	163	172	236	118	0	219	123	147	145	118	26	110	247	45	22	159	235	149	76	149	222	
223	30	199	180	18	178	170	80	180	194	211	247	77	238	179	203	103	229	191	191	173	213	4	206	144	98	235	128	173	245	57	85	
61	93	123	110	87	215	87	240	69	192	236	10	123	221	33	48	120	249	23	234	72	179	56	61	243	205	5	9	115	187	98	234	
2	142	230	157	114	144	188	246	191	143	82	247	45	174	166	196	103	251	167	133	166	216	6	239	60	38	254	131	39	132	173	221	
146	142	194	157	242	130	174	246	53	143	218	247	41	174	182	68	127	239	167	133	228	218	5	239	60	38	190	128	167	244	185	221	
38	229	96	154	207	209	182	236	139	116	217	171	104	236	126	1	219	219	163	195	70	99	238	245	63	16	205	255	85	31	214	222	
58	221	106	254	91	209	27	230	151	85	140	171	60	159	35	64	233	187	147	193	78	11	50	191	243	197	154	59	55	29	60	250	
91	158	86	191	50	186	58	54	61	67	90	231	109	110	162	208	55	231	173	133	181	156	5	255	190	231	42	192	174	134	41	25	
83	141	111	207	22	18	239	247	116	64	222	198	113	102	182	101	126	230	63	239	241	153	45	239	116	46	238	128	37	178	240	124	
1	221	59	116	116	204	111	182	253	73	122	64	190	247	181	112	134	122	22	72	227	168	50	111	101	190	50	136	64	144	103	249	
19	158	71	191	50	178	42	55	61	65	90	231	125	102	176	196	119	171	63	181	183	152	45	255	188	102	170	192	188	134	169	93	
66	221	50	254	253	132	158	231	155	75	24	37	44	254	54	64	199	115	151	1	230	11	10	255	59	126	30	154	20	86	167	223	
9	173	104	203	246	179	235	255	86	65	94	130	121	109	182	32	127	42	23	189	183	184	45	255	110	79	163	192	247	206	241	249	
219	223	182	254	243	212	158	246	157	206	216	165	44	254	39	112	167	115	183	71	230	203	58	239	59	126	30	155	134	84	165	95	
11	190	230	85	181	223	124	183	255	111	126	181	174	188	182	116	167	255	255	5	180	248	36	255	111	127	54	195	199	212	247	223	
19	164	239	129	146	178	174	247	62	99	90	214	81	238	188	224	119	239	31	189	183	153	45	95	60	46	191	196	173	192	177	253	
144	150	222	185	178	171	49	223	62	55	82	247	245	167	170	72	55	27	47	16	178	220	5	119	220	134	62	196	188	192	161	217	
75	180	244	125	181	252	124	55	127	79	126	21	174	63	22	124	199	187	191	148	182	248	119	199	239	127	22	202	198	196	228	127	
17	133	111	205	212	162	239	247	116	195	222	194	81	236	188	96	127	238	23	185	185	185	37	78	56	46	175	196	165	242	240	224	
226	133	246	156	252	43	204	111	89	163	250	26	238	232	28	11	219	199	127	33	168	231	193	207	60	62	223	184	196	120	211	136	
1	141	91	111	180	206	111	183	124	72	122	64	247	115	16	112	51	110	22	44	49	184	17	111	237	174	38	64	232	162	227	168	
43	173	98	90	93	151	234	234	95	128	124	142	104	232	55	132	120	234	130	204	134	186	94	255	62	92	133	43	95	142	122	132	
11	148	244	221	191	252	120	31	127	91	126	17	172	63	54	124	231	159	191	144	182	88	243	211	207	127	218	195	182	196	197	127	
188	69	106	236	148	2	239	125	80	128	254	2	83	97	185	97	120	236	20	234	248	163	36	14	114	235	231	128	103	250	240	160	
10	190	178	184	255	241	177	199	223	93	84	55	172	252	118	204	207	59	147	17	182	107	178	247	111	87	30	235	215	76	189	255	
224	132	214	156	124	43	220	107	25	35	187	26	206	232	28	1	219	199	127	33	112	231	201	223	180	190	95	116	68	104	211	129	
42	190	178	88	221	213	176	199	223	93	124	191	40	236	102	132	205	123	162	145	182	106	250	247	127	87	158	107	215	76	253	222	
27	148	244	217	183	255	120	83	127	123	127	50	142	191	118	108	167	159	191	128	182	216	49	211	207	255	90	199	178	76	197	255	
10	180	180	243	235	253	185	95	191	95	21	187	140	191	122	174	175	27	247	145	178	108	50	211	79	95	90	239	214	204	143	247	
252	72	102	103	4	58	70	216	117	178	183	18	91	9	157	91	122	196	108	234	232	247	105	168	210	235	229	20	103	251	96	0	
221	76	252	103	46	58	111	152	96	242	183	10	219	97	219	107	54	196	124	234	233	101	237	40	246	235	101	148	39	243	81	97	
196	44	86	158	252	171	248	170	191	162	178	24	238	234	1	25	147	231	110	48	48	239	74	254	156	182	91	88	196	1	67	9	
174	182	228	112	235	117	185	75	187	127	53	177	140	191	94	159	239	19	247	149	178	71	234	210	95	95	219	239	199	68	175	243	
174	52	254	248	109	112	249	90	187	95	117	147	141	159	94	15	239	153	215	147	50	119	250	194	87	219	218	239	135	69	127	243	
154	58	178	252	127	244	248	88	147	91	245	55	190	223	99	111	236	253	183	145	174	118	226	195	215	243	250	171	178	173	36	211	
70	165	144	154	252	45	184	207	139	25	57	24	140	170	108	10	131	11	70	17	18	107	138	195	12	28	30	238	208	72	195	129	
146	152	178	189	42	133	24	216	159	91	208	177	174	255	100	74	207	121	191	1	170	87	202	243	146	255	91	170	150	237	33	211	
202	182	224	80	235	121	188	135	187	255	62	189	8	172	214	143	167	19	255	149	182	109	231	210	30	94	84	255	207	212	207	95	
250	26	178	188	111	221	184	80	159	90	212	191	174	223	99	106	236	249	191	195	172	119	226	243	215	241	218	171	82	45	53	215	
34	253	48	222	223	197	182	238	143	25	88	10	172	254	108	0	173	123	147	193	194	43	154	245	61	28	158	235	17	30	167	219	
114	207	96	78	93	157	214	236	199	68	172	11	106	204	55	20	216	226	194	102	206	43	126	253	51	92	5	59	83	31	126	78	
130	248	230	92	123	221	184	215	191	93	212	191	168	220	246	99	238	249	223	209	166	111	178	241	63	88	158	235	215	20	183	223	
141	141	236	243	246	50	255	183	116	227	94	146	249	45	150	109	119	222	23	189	243	252	45	238	110	207	182	192	167	213	241	233	
15	253	237	211	182	179	191	183	126	247	94	246	253	111	146	105	55	123	183	159	243	216	111	253	110	15	255	192	142	213	145	249	
56	175	42	174	93	211	87	234	135	12	252	43	107	249	42	16	248	251	135	195	74	171	8	191	251	213	165	251	115	14	126	235	
56	13	107	239	86	199	255	112	68	68	254	2	113	253	50	96	120	250	19	238	72	187	60	191	115	175	162	1	119	170	116	242	
2	157	50	159	95	197	190	238	30	75	88	51	172	254	32	64	253	123	179	129	34	154	90	255	61	54	158	235	16	12	165	219	
184	5	98	236	212	3	206	119	85	0	250	26	11	41	48	81	120	142	23	227	248	187	1	142	178	237	128	192	119	187	242	128	
34	142	98	159	125	153	186	230	95	77	88	135	168	236	54	0	217	43	131	5	166	186	110	255	46	30	154	171	85	14	125	206	
141	141	108	211	214	50	237	183	116	83	94	146	217	45	150	105	127	70	55	190	181	252	45	238	110	107	246	196	167	212	241	249	
34	173	32	155	245	201	190	238	30	69	88	131	172	236	54	0	217	123	147	145	54	186	78	255	45	22	159	107	85	12	213	222	
2	142	194	157	114	146	170	246	63	13	90	231	169	174	182	68	126	107	167	141	166	216	6	255	44	38	190	128	47	132	41	221	
43	188	81	88	217	221	114	206	63	1	108	72	40	214	228	180	217	250	194	24	3	58	250	255	63	92	5	107	91	140	106	188	
75	220	237	87	162	58	173	183	124	115	94	246	249	47	154	107	55	70	61	175	241	216	173	239	102	43	254	132	167	240	241	121	
40	205	123	78	212	207	71	246	196	8	252	0	115	245	48	48	88	234	22	106	74	171	42	63	115	141	36	9	115	250	230	234	
19	157	99	142	84	150	239	246	92	192	90	70	113	232	181	228	126	238	18	239	229	184	53	239	53	46	142	0	45	250	112	252	
35	39	66	152	95	147	186	104	223	192	92	167	104	200	182	164	254	41	146	231	198	179	14	223	54	20	139	171	95	14	121	132	
6	189	50	154	255	165	190	237	143	27	25	51	236	254	108	2	199	91	151	83	242	75	26	247	61	30	31	238	144	79	161	147	
54	245	160	218	223	245	150	232	155	127	152	191	72	252	111	32	253	211	215	243	254	99	122	247	59	30	141	255	215	95	182	215	
50	221	123	186	91	193	27	230	150	84	204	171	52	223	35	64	239	251	147	193	74	11	58	247	243	135	154	59	53	9	52	218	
35	7	98	136	95	19	190	104	221	64	220	167	72	200	182	164	254	137	146	231	196	163	6	222	54	20	138	139	95	14	121	133	
217	141	111	207	150	18	239	245	116	64	222	130	113	111	182	97	126	230	63	239	249	185	45	111	118	47	226	128	37	178	241	104	
24	93	19	254	83	196	55	114	189	72	105	64	60	247	33	212	164	123	19	74	67	137	26	111	241	255	2	10	66	19	35	187	
147	159	71	143	50	162	43	55	61	66	90	247	253	102	180	228	119	239	63	237	181	156	45	255	188	46	170	192	61	132	161	125	
66	221	178	222	253	132	158	228	155	75	153	49	108	254	60	64	199	115	151	67	226	11	10	255	59	62	30	154	20	87	167	219	
25	173	106	235	246	179	235	255	86	193	94	130	121	109	182	32	126	186	23	253	146	184	45	255	110	79	171	192	247	206	240	233	
3	188	230	213	245	157	252	183	255	91	118	179	170	189	150	112	175	191	255	133	190	248	231	247	175	126	222	194	199	196	243	223	
89	159	93	175	178	171	63	183	60	65	90	231	253	103	128	64	55	127	63	237	177	152	13	63	236	231	46	192	60	194	129	89	
25	205	111	231	146	2	111	191	116	96	222	194	113	39	144	97	54	215	125	239	249	153	45	111	252	239	239	192	37	178	161	121	
188	205	110	229	148	18	78	253	213	162	254	2	91	43	177	99	120	196	93	234	232	251	41	174	242	235	231	148	103	186	240	8	
42	174	34	26	221	209	178	199	223	93	252	15	40	204	118	132	201	107	131	21	134	107	122	247	62	93	158	123	83	12	254	222	
224	132	214	156	252	43	228	107	63	163	251	24	204	232	16	1	219	167	110	33	48	251	193	207	28	54	91	92	132	104	211	129	
42	184	176	184	253	245	145	207	159	93	148	191	172	156	118	140	207	27	243	17	182	107	242	243	79	87	30	251	215	76	143	223	
3	148	246	243	183	253	120	87	127	123	119	51	140	191	110	104	167	155	191	145	182	216	51	211	143	222	218	199	146	76	229	87	
252	72	228	231	76	42	70	216	113	178	179	26	75	105	89	27	123	196	108	226	168	119	201	234	210	235	197	20	231	251	98	0	
221	104	252	119	174	58	127	152	115	242	55	10	219	105	223	63	55	244	125	234	232	116	239	170	86	235	229	180	231	243	66	33	
14	176	228	243	235	117	185	75	191	127	21	187	140	191	94	142	175	27	247	149	182	86	186	210	79	95	223	239	215	68	143	215	
196	44	86	158	122	171	248	43	191	163	251	24	238	234	1	89	183	167	110	16	48	239	75	223	156	54	91	88	192	64	3	9	
190	56	182	253	47	228	56	82	155	95	245	183	140	223	103	75	239	249	183	147	166	214	130	226	151	243	218	171	150	109	37	211	
4	165	208	139	252	41	248	137	27	17	57	26	206	104	88	10	155	11	95	49	18	106	203	215	140	22	31	124	212	74	211	129	
45	165	193	75	221	127	195	153	67	249	189	76	211	104	92	180	153	138	66	56	155	114	251	19	13	156	5	124	219	203	218	180	
202	54	224	80	239	112	188	79	251	255	28	191	8	172	222	143	167	159	247	149	182	126	166	194	30	94	222	239	199	68	223	95	
194	232	150	159	126	139	184	138	191	35	210	18	236	234	32	88	55	239	127	128	34	205	139	255	148	54	91	136	148	64	33	9	
47	181	48	123	253	181	222	253	95	121	189	57	74	124	222	48	159	155	215	21	158	106	107	247	47	93	21	254	215	142	210	215	
43	181	96	75	221	221	215	253	71	93	189	15	235	221	126	36	221	138	215	28	223	42	126	183	111	93	149	255	91	142	220	255	
162	165	214	157	252	171	188	111	62	51	250	26	172	170	16	64	235	15	127	1	50	251	193	199	60	54	222	192	132	72	243	137	
56	159	18	170	125	131	86	240	135	12	248	111	110	249	32	144	220	251	135	99	78	171	8	191	250	213	37	187	90	14	62	155	
51	141	43	218	85	199	235	226	86	72	92	2	48	221	180	100	120	186	23	201	139	186	44	255	113	62	170	128	85	10	116	252	
47	181	105	67	252	59	219	216	95	125	189	172	219	108	222	164	159	72	215	127	159	34	109	151	78	93	37	252	223	207	218	245	
2	157	18	155	223	197	190	238	30	9	88	19	172	254	32	64	221	123	179	129	50	152	90	255	45	54	158	235	16	12	165	155	
31	205	228	247	182	18	254	183	117	83	126	18	121	105	156	105	63	198	53	207	248	248	45	239	110	235	247	192	167	252	240	248	
40	159	122	126	116	195	87	246	132	12	252	32	114	251	160	32	216	122	135	66	74	171	72	63	107	237	164	217	115	138	228	171	
34	189	32	155	221	201	182	238	30	69	88	155	172	236	62	0	217	59	147	17	50	56	90	247	45	22	159	107	85	12	149	218	
3	159	74	157	80	134	238	246	60	65	74	199	177	234	54	64	126	107	19	205	133	152	20	239	36	46	154	128	29	132	57	220	
79	205	236	119	166	18	255	188	113	211	86	131	249	111	159	107	55	119	189	239	240	216	173	233	110	239	255	128	167	247	209	121	
40	159	123	110	244	201	215	246	196	12	124	104	242	241	164	48	90	122	6	74	74	170	106	63	107	143	36	201	115	218	230	171	
134	253	176	218	252	165	190	204	155	27	57	56	236	254	125	8	151	83	151	83	178	99	10	247	45	30	15	254	148	95	129	147	
191	245	180	88	251	213	156	251	155	254	156	47	74	253	111	50	221	249	245	49	238	99	250	219	59	94	141	255	211	124	54	223	
62	7	42	172	26	195	159	98	148	4	200	131	101	239	51	64	250	185	139	231	72	131	2	159	241	229	139	57	52	46	53	210	
51	15	74	8	126	147	190	98	92	96	216	163	1	136	182	160	254	169	146	229	196	187	4	222	50	77	138	3	93	12	121	140	
217	156	111	255	178	34	175	63	124	194	214	246	245	102	178	113	119	231	61	175	241	221	37	111	244	43	234	128	37	240	177	121	
19	156	111	159	178	162	45	51	60	82	82	230	245	102	182	97	119	231	63	175	177	216	37	125	188	46	250	192	188	224	161	125	
47	165	224	99	252	59	218	152	91	241	61	154	219	109	221	44	31	206	87	63	150	112	237	210	78	221	165	252	247	207	210	197	
192	172	150	157	124	171	40	130	190	147	82	16	236	234	33	89	227	111	106	128	34	221	139	255	28	54	91	0	148	97	33	136	
2	188	246	221	245	140	252	167	191	91	114	49	172	190	20	64	175	187	247	133	178	248	194	247	47	62	30	202	213	68	243	219	
15	249	236	91	182	146	255	189	222	209	94	162	249	125	158	103	7	123	183	223	215	216	111	253	110	95	255	192	167	246	209	249	
89	205	110	239	150	18	111	181	36	224	222	130	123	103	144	99	118	230	125	238	233	153	45	237	242	235	239	128	39	178	241	104	
89	221	87	175	178	10	111	181	44	64	94	230	255	103	144	112	54	247	125	238	241	152	45	127	228	239	47	128	62	178	129	121	
248	205	70	230	140	2	78	253	161	162	246	2	123	43	177	83	120	196	125	234	104	243	9	172	242	235	231	148	103	186	240	8	
217	159	87	239	178	138	103	180	117	136	126	228	255	115	128	245	22	118	76	106	249	152	73	47	224	255	36	128	42	178	161	57	
42	190	34	26	125	217	146	199	223	77	252	47	168	204	118	132	201	43	131	5	150	43	34	247	59	85	30	251	87	12	127	223	
128	165	150	157	252	43	164	111	190	163	251	24	204	232	8	72	219	47	106	0	48	251	195	199	12	54	91	76	132	104	131	136	
10	176	176	217	255	253	152	207	159	125	20	187	172	189	86	44	143	27	247	17	182	106	242	211	79	87	30	255	150	76	159	255	
2	180	244	249	255	253	184	95	63	123	243	51	140	191	110	104	231	27	191	145	178	88	179	211	31	94	222	239	150	76	229	87	
244	72	198	167	76	42	70	200	49	178	179	10	75	232	89	26	121	196	100	242	40	247	201	234	146	238	197	20	225	251	98	0	
252	104	240	103	206	58	110	152	115	242	55	10	91	105	221	58	63	236	125	234	200	116	237	234	86	235	229	180	231	243	66	0	
14	176	180	241	239	245	184	79	155	255	21	183	140	191	94	14	175	27	247	145	182	89	186	210	31	94	223	239	134	68	143	215	
14	50	246	176	239	244	184	67	187	255	21	191	140	190	126	14	175	31	183	145	182	95	162	194	95	95	223	239	135	68	191	215	
6	62	182	185	231	228	184	66	191	219	83	183	140	191	103	75	239	59	191	145	178	213	146	194	151	22	219	227	134	109	37	211	
52	164	192	227	212	43	234	200	27	179	185	26	75	104	93	26	123	204	23	178	26	114	201	194	158	222	135	116	229	235	210	128	
45	114	225	67	108	63	194	216	83	250	181	236	195	72	223	190	157	204	198	126	141	118	237	186	14	92	37	188	207	255	90	213	
56	205	102	239	148	2	110	245	101	128	254	2	123	105	56	65	122	230	63	234	248	185	9	189	250	235	231	192	39	186	240	8	
40	159	122	218	116	195	243	240	86	12	124	98	112	221	182	64	88	58	135	72	138	186	40	191	98	15	162	129	87	138	116	235	
2	156	16	155	223	197	184	239	30	73	88	19	172	254	40	64	221	59	179	129	34	154	90	255	45	22	158	235	17	12	165	219	
30	201	228	247	166	18	254	180	119	145	119	130	105	111	157	103	119	231	53	203	248	248	111	237	238	255	255	192	167	191	240	9	
40	159	90	110	122	131	86	246	5	12	124	231	119	235	160	80	94	122	135	98	202	170	72	63	106	229	37	136	127	138	70	155	
34	188	160	153	221	205	176	239	158	125	120	27	172	220	118	0	201	27	147	17	54	122	210	247	45	22	159	111	209	12	215	222	
3	139	2	141	16	134	174	246	172	65	74	199	177	226	54	64	124	107	59	205	199	152	22	125	36	46	138	128	29	6	49	152	
95	233	228	247	62	18	126	188	251	208	22	130	249	111	157	98	55	245	125	223	198	192	175	233	110	255	239	128	167	183	81	89	
56	223	90	110	178	139	87	244	197	12	124	228	115	241	161	16	94	122	6	98	200	170	72	63	98	237	37	152	127	186	68	185	
33	141	33	157	116	211	231	183	86	73	90	66	176	120	176	224	217	106	22	77	231	184	101	191	44	46	190	192	28	72	240	173	
55	79	103	94	140	150	79	244	193	202	222	198	115	72	181	247	88	224	29	239	201	131	38	44	50	42	239	136	47	247	240	124	
15	249	236	215	190	153	255	188	206	208	94	162	249	237	222	98	38	123	255	223	214	216	239	253	110	95	239	192	55	182	209	249	
6	181	244	248	252	21	216	249	219	250	153	41	236	254	221	35	159	89	245	49	226	99	234	219	10	94	79	254	150	230	67	215	
9	141	16	218	253	149	216	183	223	25	60	80	188	147	228	244	133	59	150	24	83	43	2	247	43	221	22	106	154	4	169	169	
222	93	246	245	174	58	92	55	189	218	150	177	239	63	149	123	167	247	253	167	232	197	225	236	162	250	207	146	38	245	225	93	
186	205	102	239	20	2	78	125	85	2	246	18	107	105	180	65	122	231	61	234	232	181	13	175	242	235	231	128	119	248	240	136	
109	95	86	71	96	26	102	180	105	234	126	108	123	112	133	247	54	228	108	106	197	240	173	44	54	255	101	128	110	242	74	61	
25	145	110	253	38	18	185	48	60	80	86	166	253	102	178	105	118	117	191	237	145	216	37	221	206	235	250	192	182	166	49	249	
63	108	232	67	254	59	235	216	83	226	61	10	91	105	223	46	63	204	87	250	136	114	237	226	94	77	165	244	231	255	82	228	
2	182	182	209	255	245	184	71	159	127	17	183	140	191	110	10	175	27	191	145	182	89	178	210	31	86	223	239	134	76	165	215	
252	104	226	103	198	26	110	220	115	162	182	10	91	105	221	62	58	236	117	234	200	247	173	234	118	239	229	164	231	243	98	32	
252	205	70	230	12	2	78	252	177	130	246	2	107	107	53	83	120	228	108	234	104	247	137	174	178	235	229	128	103	251	240	8	
217	73	254	239	34	26	127	189	97	194	214	130	123	103	147	115	54	244	125	238	233	209	237	237	246	235	231	128	39	178	227	105	
2	180	176	217	255	181	184	207	191	121	112	51	140	190	124	120	239	27	191	145	178	90	162	211	31	94	158	238	150	76	165	215	
116	108	194	230	76	42	70	216	49	162	242	10	75	232	109	26	121	236	108	98	72	247	201	234	178	238	197	20	225	251	98	128	
109	127	226	71	228	27	230	180	105	238	126	236	235	104	151	182	30	236	230	110	205	242	237	168	38	127	101	160	111	255	90	157	
2	176	176	217	255	253	184	79	159	125	20	187	172	159	126	12	175	27	247	145	150	88	242	211	31	94	158	255	150	76	133	223	
52	44	226	227	212	43	226	216	83	177	185	10	75	104	93	26	121	204	6	243	154	243	201	226	30	206	133	100	229	251	114	128	
134	237	244	218	252	137	254	137	219	147	57	18	236	234	93	11	159	75	55	83	242	96	202	243	44	158	79	238	148	123	209	129	
2	182	242	145	247	245	184	67	155	255	21	183	140	190	126	10	175	27	183	149	182	219	178	194	31	86	223	239	135	76	167	215	
42	186	32	26	255	217	144	199	159	93	84	191	172	220	118	132	143	59	151	21	182	46	102	247	15	87	26	251	87	12	223	223	
