香奈儿炫亮魅力唇膏丝绒系列	38 - 迷惑	https://i.chanel.cn/fnbv3/image/full/shades/rouge-allure-velvet--38--35g.0162380_S.jpg	https://i.chanel.cn/fnbv3/image/full/chanel__com_type1/skus_full/rouge-allure-velvet--38--35g.3145891623802.jpg
43	34	70	137	79	27	169	75	12	164	222	135	141	138	82	70	104	140	255	133	4	184	69	192	150	81	154	163	63	12	121	222	
53	42	63	112	172	159	208	208	239	61	54	8	211	172	29	56	136	48	108	8	156	33	120	16	195	219	97	55	192	232	78	39	
168	191	26	59	242	173	190	247	22	13	124	253	181	227	34	1	191	59	7	109	114	186	8	63	108	133	46	233	89	200	171	155	
89	56	26	178	34	200	85	96	248	66	38	41	127	151	2	112	162	183	252	2	5	73	179	32	211	225	34	19	40	0	47	83	
40	52	117	65	125	15	99	88	123	44	100	12	82	5	21	52	28	12	66	60	161	242	241	30	103	156	1	32	202	136	86	240	
94	50	90	80	227	202	52	194	185	10	182	169	12	215	131	221	55	189	238	32	32	91	136	212	214	243	97	135	162	208	47	19	
71	114	245	116	41	124	89	26	171	255	187	252	207	190	223	62	135	213	125	14	141	71	255	192	147	254	117	190	174	245	71	117	
135	164	103	71	195	194	233	192	59	112	112	194	89	7	156	181	59	158	18	156	3	242	173	240	13	58	7	192	231	132	102	244	
84	42	123	122	186	208	50	72	228	8	246	160	149	215	161	120	38	191	239	144	0	203	175	98	211	229	43	137	160	208	39	163	
72	34	92	32	105	24	88	24	35	156	52	173	207	3	130	148	135	133	205	4	12	64	139	192	202	241	33	149	106	132	10	19	
167	52	101	69	212	63	171	50	125	160	102	198	209	36	149	37	92	84	82	108	161	244	117	206	37	26	193	0	79	253	82	180	
184	78	92	126	98	170	87	180	21	6	102	225	115	67	161	81	86	244	4	106	104	180	73	63	246	235	97	17	122	249	68	11	
85	161	155	199	146	68	43	128	106	224	139	64	213	242	197	114	54	221	60	252	157	16	189	66	188	172	175	164	136	115	35	52	
108	110	152	165	172	12	86	146	58	186	10	73	215	185	81	26	145	228	125	31	140	88	217	34	255	255	101	53	160	120	90	2	
84	55	185	101	170	91	87	188	75	174	188	40	199	118	193	50	179	84	236	98	76	97	239	10	251	215	101	191	96	250	7	47	
98	104	173	116	201	104	29	39	186	182	170	153	177	167	69	27	201	247	105	128	104	75	242	42	85	166	221	57	128	112	198	122	
252	78	140	181	137	43	84	166	132	182	130	137	199	33	67	11	65	230	232	34	108	109	65	42	224	195	85	17	32	120	28	10	
69	177	144	3	188	12	70	136	74	249	137	68	210	114	200	112	209	78	104	92	155	64	219	49	172	188	167	124	152	19	211	0	
242	20	189	86	9	118	16	39	241	243	163	24	50	62	4	123	129	183	120	128	61	79	241	8	155	186	80	51	0	96	70	62	
149	65	61	107	8	39	153	12	228	16	227	145	211	30	24	41	204	145	120	243	236	167	115	16	225	169	170	28	81	147	165	18	
13	164	17	59	189	189	114	136	223	63	41	24	206	210	104	252	145	11	234	28	54	36	122	247	143	223	17	127	210	79	137	7	
37	235	112	27	204	221	166	245	198	88	184	74	251	248	215	166	76	234	218	203	207	43	206	249	62	89	7	56	93	191	248	140	
112	48	189	68	79	127	144	107	83	191	160	57	2	60	68	59	137	149	225	33	40	111	243	136	91	210	81	63	193	104	70	182	
89	93	23	229	48	206	101	55	109	168	106	68	191	51	0	245	38	54	92	40	97	152	49	44	229	248	36	16	42	144	193	57	
101	152	213	80	233	126	68	135	235	179	166	216	210	54	196	254	71	214	232	24	57	106	251	224	31	186	85	94	138	249	200	52	
102	186	149	82	233	92	96	190	235	185	160	120	194	119	204	246	193	214	232	24	11	72	251	241	31	154	213	126	130	192	198	52	
38	57	162	216	219	212	186	67	169	204	220	39	40	222	103	0	236	187	147	209	150	139	178	236	59	20	142	235	135	7	183	215	
34	43	162	158	77	249	182	195	94	71	89	139	168	236	55	8	217	43	131	7	134	58	110	243	22	22	155	171	213	127	95	206	
93	34	144	116	161	60	68	146	123	187	38	88	207	162	201	250	133	68	108	28	148	192	235	0	138	249	87	76	138	241	235	5	
4	184	155	178	202	201	177	192	234	241	32	40	54	220	106	50	163	123	66	17	6	107	170	113	93	128	21	123	192	8	7	203	
64	6	211	69	82	14	107	48	121	132	110	196	89	39	132	213	118	204	2	44	33	208	181	78	45	190	6	0	99	162	102	240	
25	205	50	118	81	148	118	246	245	8	234	69	104	250	62	208	184	235	2	206	204	185	16	239	51	255	6	0	75	22	235	142	
252	253	221	231	190	123	87	188	122	234	63	42	119	117	139	51	51	86	236	99	97	241	169	46	253	231	101	23	230	123	143	35	
204	16	190	117	45	44	121	16	237	26	183	16	255	59	1	123	135	117	125	10	160	101	243	0	195	251	112	144	194	241	67	43	
66	184	22	154	107	192	176	71	175	21	193	177	172	222	96	90	231	51	235	128	18	75	130	241	149	240	26	75	16	4	167	219	
66	162	42	90	42	208	152	201	174	29	133	177	225	206	230	82	71	243	239	129	6	67	174	113	218	97	171	187	20	132	175	7	
72	51	113	64	112	77	81	16	32	108	60	108	31	23	128	52	20	28	68	72	1	48	240	0	195	237	32	240	98	130	6	179	
51	49	122	74	91	213	146	104	123	192	236	10	122	220	38	180	187	184	210	234	199	35	190	255	51	29	1	43	83	6	110	182	
81	33	12	161	52	27	114	16	111	96	154	205	199	8	18	0	178	133	108	77	140	240	213	152	166	253	3	17	108	14	89	6	
3	35	85	69	34	90	168	0	125	64	122	192	200	2	148	244	54	29	98	8	129	240	165	200	6	254	3	2	70	130	75	165	
191	239	229	15	182	51	158	236	86	226	219	226	243	120	159	160	127	223	150	103	253	242	109	190	170	79	239	132	237	255	249	133	
156	255	255	127	178	34	63	252	54	174	207	177	65	103	137	85	119	94	173	234	120	208	41	62	238	231	231	132	162	243	164	241	
134	32	130	156	68	162	168	64	22	130	83	19	104	202	49	72	120	41	19	151	32	214	2	202	0	38	155	136	149	109	49	128	
212	239	255	127	154	98	62	254	54	150	235	243	105	239	141	81	55	255	239	226	112	213	175	127	255	231	103	133	165	243	165	227	
133	239	247	87	255	191	166	238	255	251	127	112	108	248	157	167	191	110	102	106	245	245	175	255	46	127	119	6	195	117	203	173	
157	237	246	55	181	59	230	172	127	226	219	84	223	120	155	161	179	103	252	111	253	244	93	238	174	255	103	149	238	127	201	4	
122	34	96	56	105	1	73	72	163	12	176	233	11	207	4	148	204	149	237	128	8	67	202	208	146	240	161	187	115	134	38	97	
246	254	215	94	250	241	30	239	187	151	249	248	106	238	236	159	191	251	230	146	122	111	170	243	56	150	117	191	229	241	166	165	
3	50	117	69	114	14	169	16	60	100	118	228	217	7	132	6	54	92	107	140	129	208	37	76	4	42	34	128	111	128	39	241	
246	252	245	94	219	241	158	239	251	151	253	186	104	254	207	63	95	255	230	130	62	79	238	255	62	62	215	191	247	117	238	207	
230	239	132	190	248	167	79	254	59	191	249	253	234	231	15	29	221	239	239	246	250	199	203	255	252	182	207	188	203	247	230	208	
167	0	226	212	70	50	168	64	121	211	83	147	8	142	127	105	127	141	51	181	164	246	166	192	22	42	218	140	133	109	113	196	
153	93	122	229	118	18	255	117	116	192	118	162	121	31	183	96	126	188	23	238	225	156	37	206	118	169	162	128	103	178	225	249	
134	255	247	85	178	202	191	246	188	142	126	224	252	247	165	101	39	127	255	202	225	217	47	111	45	62	39	130	199	241	167	249	
184	73	122	101	118	10	126	112	101	128	118	2	91	11	177	80	126	172	23	234	200	178	0	14	242	237	160	128	103	179	98	136	
38	37	237	197	252	11	238	248	73	160	184	74	210	105	213	35	250	205	95	227	249	243	205	204	60	24	167	180	77	251	82	160	
26	34	90	68	98	75	48	64	169	32	116	170	12	151	164	148	46	157	231	128	0	243	130	192	86	161	33	171	99	128	47	131	
35	32	23	73	105	95	160	72	207	96	224	72	18	156	164	164	204	28	210	8	133	227	243	80	23	24	1	58	81	8	106	165	
105	48	147	92	73	221	148	79	206	98	164	8	158	248	100	182	200	48	234	9	7	107	250	17	19	25	17	59	91	124	75	159	
131	141	136	189	169	160	76	39	150	31	200	53	164	179	34	65	201	43	51	140	94	10	66	243	164	48	222	139	24	68	184	218	
71	50	249	81	248	109	249	27	107	255	61	252	156	190	223	58	151	95	125	29	147	66	254	64	77	28	63	252	196	97	7	241	
157	200	111	47	14	27	198	184	197	80	146	194	243	72	185	99	104	224	94	239	237	165	109	61	240	171	227	20	125	187	120	8	
124	253	245	71	238	91	215	184	91	234	63	42	86	124	205	183	179	214	236	98	225	241	233	46	63	239	101	55	103	251	198	103	
208	184	191	178	138	224	57	199	170	151	2	51	180	247	96	75	163	115	233	145	34	77	138	113	217	131	127	107	128	0	165	123	
226	160	178	250	205	224	240	67	219	23	177	26	40	154	108	91	233	155	163	129	26	127	130	209	31	56	210	111	145	12	246	130	
58	35	38	141	11	19	185	75	134	180	206	135	137	134	39	204	236	157	251	181	10	219	99	220	150	225	203	151	23	44	36	214	
137	54	147	253	48	174	105	51	60	11	122	84	183	179	128	96	150	62	52	8	177	152	193	15	196	175	50	192	8	128	35	169	
32	141	2	158	84	163	170	99	20	129	91	2	96	234	48	64	120	106	19	131	112	186	8	255	32	38	138	8	21	106	176	128	
38	140	66	158	84	163	170	98	20	1	89	18	96	232	60	64	120	42	19	129	48	186	0	255	24	46	138	200	21	75	113	128	
19	77	111	133	22	146	175	118	228	192	94	130	49	174	179	100	126	236	23	237	193	153	36	236	112	45	174	128	37	240	49	236	
200	25	190	245	37	156	120	23	237	143	118	24	191	187	3	251	132	55	252	8	140	252	240	136	199	251	112	17	194	136	79	43	
31	31	98	214	211	150	255	112	61	204	223	199	73	238	183	228	118	253	191	247	229	145	61	206	119	127	143	128	175	246	45	117	
76	16	253	103	36	110	91	24	121	238	183	8	223	119	137	122	150	212	124	106	169	244	249	42	199	255	97	148	194	243	70	113	
41	32	78	141	77	25	232	67	109	97	118	87	141	8	150	166	106	141	206	133	133	188	197	192	148	61	146	33	79	12	123	140	
13	180	248	195	228	126	185	154	106	255	31	50	153	191	219	170	127	94	255	152	147	112	251	192	79	13	191	228	134	231	223	243	
173	245	103	74	213	143	239	248	228	80	237	198	81	205	61	53	124	218	83	254	243	163	30	125	107	8	133	76	91	155	242	176	
236	205	17	254	233	196	71	188	145	170	173	8	242	243	65	246	209	246	124	74	105	78	250	43	127	190	197	58	2	243	210	43	
216	253	149	247	191	107	87	190	158	59	143	56	247	113	8	6	3	86	108	98	122	109	73	63	233	231	53	84	162	219	133	43	
0	159	43	237	180	194	71	55	68	72	218	100	176	51	176	96	216	42	31	136	217	184	113	31	232	174	182	128	24	10	244	123	
58	73	82	236	118	130	94	116	45	128	250	2	47	139	49	80	126	173	21	226	72	147	0	204	242	237	162	128	39	178	99	137	
84	253	249	103	170	91	86	232	127	190	57	40	215	125	201	58	179	87	236	98	100	117	233	58	255	199	101	55	240	251	133	35	
221	111	202	166	144	6	110	208	113	200	235	71	115	227	115	80	116	239	4	254	236	151	156	106	248	229	167	8	41	243	170	0	
133	176	159	243	118	143	43	152	62	153	83	242	213	211	232	104	55	25	127	29	51	220	11	86	204	142	59	196	140	129	1	161	
118	203	106	174	104	133	79	244	132	12	156	199	97	207	59	80	124	241	143	231	202	3	78	253	240	65	175	185	53	191	54	216	
148	252	223	178	250	249	182	239	254	183	56	186	124	254	238	59	171	251	226	19	54	111	170	119	121	135	127	123	209	121	143	207	
2	236	2	154	20	163	170	230	22	3	90	2	104	202	48	64	121	106	2	145	98	190	8	255	40	6	159	192	21	11	48	136	
166	8	162	158	4	163	170	64	86	130	81	18	96	200	49	72	120	40	19	131	160	182	2	218	0	38	138	136	21	107	48	128	
34	57	162	152	215	229	186	71	15	9	88	227	40	156	116	128	220	59	147	145	150	26	146	243	61	20	154	235	149	14	183	159	
214	232	214	183	46	2	254	236	175	178	146	130	205	78	93	75	167	197	127	227	98	93	139	225	190	218	223	196	5	177	161	9	
19	90	94	149	34	146	184	80	172	5	82	231	173	138	183	200	38	45	191	205	132	152	5	232	134	105	122	128	44	133	41	221	
252	205	199	94	209	110	111	252	53	194	111	92	83	231	41	213	117	222	34	238	121	210	57	238	63	174	197	4	171	251	228	48	
134	62	230	208	235	245	184	194	187	127	17	191	12	254	127	43	175	187	247	129	164	87	170	210	23	22	219	175	133	117	39	215	
2	204	2	155	20	163	170	198	22	3	90	18	104	202	49	64	121	107	19	129	98	156	8	255	32	38	154	128	20	91	49	136	
34	197	246	206	252	34	252	239	89	129	248	131	104	108	60	2	255	247	183	165	208	251	68	204	62	62	207	134	213	254	241	217	
0	223	117	91	154	223	103	190	68	54	108	98	114	85	160	117	103	114	10	106	227	184	127	61	103	138	117	16	114	154	196	169	
134	24	146	157	198	130	184	67	158	3	82	178	172	254	113	72	119	123	179	145	50	220	2	234	12	54	222	130	148	105	33	137	
204	20	190	241	161	108	53	23	250	223	34	17	156	187	74	107	165	23	121	16	48	253	179	66	207	187	86	70	138	80	165	83	
165	192	75	187	236	3	173	252	22	178	83	82	209	195	249	105	123	204	54	251	225	246	75	80	204	170	255	196	61	185	113	160	
201	104	186	241	37	190	120	23	251	255	182	25	159	155	82	186	197	173	253	29	188	252	240	128	207	217	119	65	194	192	207	75	
252	215	92	99	171	93	85	189	121	63	167	60	222	51	200	223	151	214	236	106	121	97	251	16	255	243	117	119	250	250	140	43	
193	78	63	117	36	110	97	18	252	222	243	80	247	37	145	123	134	100	108	14	168	229	97	42	197	250	114	16	64	241	69	105	
124	223	131	22	193	95	103	224	147	254	175	15	66	224	99	214	113	228	168	66	77	17	184	58	177	166	69	55	59	123	84	86	
18	73	82	140	126	128	190	101	141	0	210	130	172	142	48	64	238	57	31	193	66	139	2	221	180	52	138	138	21	26	49	137	
233	89	85	69	168	30	68	182	225	248	38	76	147	51	129	247	0	100	124	106	233	248	113	12	167	250	100	16	42	176	64	45	
96	88	56	222	108	141	209	216	207	24	176	8	182	153	53	123	200	0	95	72	138	47	114	177	71	184	80	58	80	25	80	138	
3	157	83	155	211	193	186	231	31	65	88	231	172	238	38	196	110	59	131	213	23	152	22	255	44	4	158	194	191	14	169	157	
11	159	18	153	242	191	184	247	63	13	90	229	172	170	166	196	183	59	135	21	182	152	4	255	46	119	62	195	158	196	169	157	
2	201	6	143	30	131	168	101	142	0	82	2	172	202	48	64	110	41	59	193	66	152	3	253	36	48	138	192	21	10	33	136	
246	106	198	164	42	74	56	76	169	174	178	171	239	134	197	91	110	245	237	226	8	199	199	200	144	240	235	155	165	183	38	73	
204	20	183	188	139	108	53	23	189	215	99	16	220	183	32	223	167	55	249	16	48	205	179	66	193	243	86	2	138	112	165	115	
218	188	158	243	139	224	53	135	186	23	34	179	188	190	74	75	167	83	233	145	54	77	171	227	205	243	94	207	160	81	165	91	
13	52	248	193	245	126	187	218	98	237	31	38	217	181	219	174	63	94	255	152	147	112	249	194	79	205	167	229	143	239	95	241	
2	65	18	142	30	129	174	101	140	0	218	2	172	202	48	64	126	169	31	193	66	9	2	221	180	48	138	152	21	26	161	136	
188	76	82	228	118	10	74	112	53	160	246	10	91	11	49	16	122	236	70	106	104	183	0	142	242	233	32	128	103	187	98	136	
6	140	2	158	84	163	170	98	148	1	90	18	96	234	48	64	120	42	19	129	50	186	2	255	40	38	138	200	149	11	48	128	
154	85	122	239	114	18	127	117	53	66	119	167	125	31	176	97	126	189	151	238	232	148	37	206	118	235	174	128	39	182	228	251	
210	72	82	172	54	130	94	100	45	0	242	2	47	138	53	80	126	185	31	227	72	151	0	207	178	253	138	136	53	178	33	9	
6	193	214	158	222	3	236	237	157	144	217	2	236	234	56	67	122	235	23	161	112	235	10	204	60	50	207	136	149	122	241	136	
134	62	242	211	227	225	184	67	190	219	81	183	140	254	127	8	239	59	179	149	178	222	138	210	28	22	219	239	133	69	167	211	
216	217	23	253	48	196	85	55	165	8	194	32	191	23	0	119	160	179	109	192	105	201	51	109	225	242	118	0	34	0	165	59	
35	61	50	218	255	180	186	86	139	73	92	35	44	158	183	32	206	59	151	145	150	43	162	239	63	28	158	234	215	70	99	223	
34	171	160	158	205	241	190	203	158	87	88	139	172	236	119	8	201	123	163	5	6	58	110	241	21	22	218	171	213	77	85	222	
236	223	208	70	235	89	55	188	59	182	47	172	111	247	203	214	55	214	224	98	81	124	187	51	126	231	85	55	114	251	207	27	
83	141	7	158	149	212	108	103	164	77	202	2	40	254	50	228	232	162	59	129	124	139	50	255	177	38	154	203	17	6	180	78	
134	32	130	153	4	162	168	64	54	130	83	146	72	206	121	72	122	41	51	147	32	214	0	194	0	6	155	128	133	105	49	128	
171	221	164	255	125	148	220	191	95	91	244	18	232	61	190	101	221	202	55	141	238	106	123	247	111	255	222	218	22	156	208	239	
227	252	213	95	253	255	71	175	91	59	108	120	102	115	140	247	147	214	96	42	115	92	251	255	63	190	85	126	154	217	194	45	
220	24	190	116	41	44	89	16	239	27	183	24	255	187	65	123	134	117	253	26	136	101	243	128	211	251	112	152	194	161	67	35	
66	178	18	154	203	192	184	197	175	21	193	177	172	222	104	91	231	59	235	128	18	75	138	241	157	48	154	235	16	6	167	218	
6	44	146	155	118	162	184	66	62	131	90	146	172	206	49	72	127	59	179	145	34	220	2	226	28	38	158	194	149	65	33	153	
220	223	80	174	170	8	23	184	27	166	47	235	111	101	137	210	55	215	236	98	64	49	139	63	252	231	101	63	102	251	141	49	
253	109	66	180	240	134	78	246	113	202	234	69	115	227	51	81	89	238	4	238	253	218	208	46	248	239	167	136	42	245	234	88	
40	89	125	79	138	91	103	188	196	4	238	166	243	101	165	102	70	118	106	74	65	185	127	61	103	175	101	16	123	251	196	57	
220	255	251	230	210	107	55	252	115	166	63	234	127	247	201	48	55	246	228	98	116	243	173	110	251	135	101	37	227	251	135	35	
124	119	245	71	254	90	247	184	107	168	191	106	90	125	205	182	54	212	236	98	193	241	173	40	127	239	101	55	103	251	199	37	
239	205	199	95	217	54	230	238	243	218	235	80	106	246	189	255	217	254	234	234	253	255	187	239	43	254	199	6	203	119	234	180	
156	239	254	255	154	171	191	238	54	183	249	187	255	230	107	1	63	123	238	227	118	247	47	63	232	199	111	45	245	251	167	227	
47	251	97	78	250	147	207	252	83	228	252	239	105	204	223	180	94	248	151	254	223	58	238	255	62	28	37	252	127	191	238	253	
134	0	130	158	68	162	168	64	22	130	81	18	72	202	49	72	120	41	51	145	32	182	2	202	0	38	155	136	149	105	48	128	
0	140	11	159	212	163	171	231	22	1	90	82	113	234	48	64	123	43	19	129	50	152	1	127	124	38	190	192	149	8	177	136	
173	239	172	63	156	55	206	254	86	234	217	87	241	232	91	32	221	111	118	239	253	246	255	63	236	207	239	165	253	251	187	132	
94	223	238	111	178	6	111	188	53	174	255	165	193	103	139	84	117	214	237	238	200	208	105	44	238	239	167	132	163	243	164	113	
156	239	253	119	154	34	127	188	54	166	235	213	201	103	9	81	119	223	237	230	248	208	253	126	239	239	231	133	161	243	164	112	
133	239	223	94	234	189	182	238	254	218	254	114	105	248	173	175	191	127	110	194	245	239	175	255	62	255	119	11	193	241	235	141	
182	237	255	127	202	243	190	238	254	246	248	179	233	238	13	171	127	255	239	195	124	111	239	127	61	231	255	187	197	113	167	246	
197	253	252	55	180	59	118	188	127	226	91	68	207	120	155	224	51	231	238	227	245	240	93	238	174	127	71	7	238	247	137	4	
216	91	126	254	54	210	119	52	228	140	214	167	239	79	163	195	98	244	173	98	232	189	38	173	242	227	226	129	38	190	124	123	
166	238	204	92	216	161	79	239	187	183	252	157	161	238	70	27	207	247	239	150	58	79	202	115	63	183	223	249	245	241	174	240	
109	112	249	103	36	78	83	24	120	174	183	8	223	117	217	58	148	212	124	106	169	244	249	10	199	255	97	20	194	163	70	115	
7	223	247	87	210	134	191	246	190	134	126	226	249	231	165	100	39	119	122	202	224	217	47	254	47	46	15	130	71	241	165	173	
92	88	187	244	66	104	51	210	177	134	110	41	63	183	97	90	38	245	233	66	0	215	176	104	211	167	81	9	160	113	37	107	
198	232	214	148	106	0	254	238	171	178	146	130	236	206	117	75	167	213	127	195	64	69	139	241	180	154	207	172	5	49	33	137	
103	50	225	96	244	109	235	90	107	237	57	236	158	190	221	60	191	223	117	157	147	114	252	64	157	28	61	174	205	227	71	245	
118	203	75	174	40	129	79	244	133	132	152	207	97	199	177	80	124	241	143	238	200	3	108	189	240	197	175	185	53	187	54	120	
153	191	30	187	178	143	94	247	53	74	88	69	183	82	34	49	255	107	22	231	255	220	24	63	232	195	47	192	56	208	163	217	
91	158	140	167	58	50	158	47	140	226	154	247	237	106	146	194	247	231	253	167	188	205	205	238	184	103	239	149	44	102	185	93	
209	72	71	172	14	11	96	184	197	80	146	194	115	72	177	103	104	164	110	239	237	165	111	157	212	42	225	20	127	185	120	12	
34	143	136	189	184	192	20	39	158	75	88	113	164	178	162	64	193	42	191	133	118	136	66	247	164	54	190	139	24	76	184	143	
151	77	103	229	22	130	238	112	245	192	82	198	121	15	181	225	126	245	23	239	233	181	5	236	48	170	171	128	45	179	112	49	
34	42	242	85	82	150	171	86	59	4	116	194	40	195	164	180	62	251	19	136	162	218	164	239	22	60	18	138	99	192	99	173	
88	50	123	160	114	88	50	16	52	64	226	233	95	94	128	240	54	157	237	129	12	82	133	66	214	229	43	137	36	128	39	3	
107	184	176	60	45	157	212	143	203	124	164	13	174	248	94	148	129	3	204	13	134	107	218	177	153	89	17	58	90	12	203	79	
33	32	48	56	13	221	144	72	206	104	176	72	159	216	54	32	200	33	94	1	141	99	222	144	129	216	11	59	89	12	75	133	
50	34	87	65	66	19	184	80	49	36	240	227	9	143	4	144	126	157	195	128	4	211	129	192	22	225	3	131	67	128	47	129	
3	32	103	65	11	86	169	64	44	96	242	194	216	6	148	164	46	149	122	140	129	225	37	192	21	58	11	128	67	132	33	116	
114	34	73	232	104	1	72	72	163	36	184	169	2	207	196	144	206	145	239	128	10	67	202	81	150	144	169	187	117	130	6	225	
33	33	93	229	252	11	239	121	204	176	248	74	211	41	149	35	106	196	127	107	201	242	205	76	124	24	239	180	77	170	83	168	
1	99	93	69	50	94	170	4	108	96	106	64	206	10	148	224	182	69	106	105	133	176	53	76	164	62	10	0	76	130	73	12	
37	67	141	189	100	11	237	184	22	178	82	70	213	67	209	105	122	76	54	234	193	240	79	16	204	138	255	132	28	185	113	160	
49	245	122	72	95	151	146	232	95	32	236	10	120	216	46	48	251	185	210	226	198	35	58	223	115	77	3	47	89	6	111	134	
8	207	42	124	244	148	254	231	245	13	254	5	99	233	62	80	216	234	195	141	126	187	2	47	115	127	150	73	74	212	254	154	
221	119	107	98	162	60	95	16	97	238	189	236	91	21	215	187	54	212	220	126	205	229	189	34	242	201	37	180	239	247	74	113	
82	162	14	124	8	132	152	200	166	149	192	149	193	206	122	66	204	125	233	129	142	67	138	17	211	161	171	157	0	0	191	82	
16	34	63	169	50	75	17	104	118	188	210	163	215	196	160	0	55	25	78	33	40	241	45	28	200	131	33	181	112	136	5	35	
51	0	143	93	1	150	162	72	248	192	234	68	82	224	52	246	248	252	232	136	141	227	183	76	3	190	194	0	73	34	106	148	
77	34	216	101	168	28	72	17	98	245	38	13	211	35	83	90	129	196	108	28	28	66	183	0	203	233	117	45	160	240	74	72	
105	48	119	82	105	143	97	80	171	44	100	12	62	213	132	180	164	60	66	12	128	241	176	112	23	56	1	34	66	132	66	245	
99	168	222	83	201	156	48	134	235	177	38	24	138	186	68	126	197	118	104	24	23	123	218	240	15	154	85	127	192	224	202	140	
104	48	185	244	205	109	144	71	83	187	169	24	154	61	68	138	137	151	225	17	25	122	211	128	221	215	80	123	193	72	134	178	
12	172	156	243	237	253	113	154	223	127	44	28	223	193	107	26	129	10	110	24	22	100	26	51	207	223	85	125	218	217	77	210	
73	128	156	119	137	125	81	187	231	247	39	24	255	51	74	251	129	70	104	24	54	108	251	17	203	219	85	117	194	104	8	110	
244	50	157	60	40	76	85	56	130	254	165	45	214	119	75	91	133	212	108	98	105	71	251	8	217	163	101	60	88	112	6	115	
165	196	5	89	236	7	231	232	150	58	177	80	83	81	57	43	89	64	115	238	105	102	75	29	109	138	229	196	89	123	242	160	
252	116	173	51	141	125	85	150	242	247	166	29	147	125	75	59	129	198	232	2	109	100	243	34	195	211	84	49	194	121	222	114	
21	255	117	67	186	11	174	168	108	178	10	236	215	96	221	35	55	85	72	123	241	240	61	126	172	130	111	116	76	243	3	41	
33	189	40	42	188	29	198	191	67	109	184	77	147	56	86	0	201	194	94	93	223	42	221	183	248	93	52	124	221	222	218	77	
213	173	154	164	246	10	102	136	122	162	10	108	86	240	193	16	179	237	100	87	37	80	136	10	188	132	37	102	172	114	11	3	
69	109	139	166	240	70	110	208	96	192	106	68	113	242	209	112	114	238	20	252	141	146	156	42	188	172	175	8	168	243	34	8	
125	95	223	238	160	46	87	176	33	142	234	101	83	103	33	90	244	228	44	102	205	146	73	40	242	239	101	0	168	251	96	83	
82	50	87	161	114	82	56	112	169	16	226	225	77	135	164	209	39	157	234	160	37	211	136	220	158	227	75	135	35	132	47	149	
51	4	37	69	157	31	205	34	229	238	178	4	195	40	148	167	204	196	122	173	173	249	117	156	161	218	207	16	201	120	80	116	
98	50	72	33	40	24	88	24	35	40	188	237	15	3	194	22	22	196	205	140	12	64	209	192	198	245	161	185	46	134	74	147	
24	98	127	121	56	130	107	16	54	36	226	229	195	71	128	208	214	181	237	148	136	208	225	18	232	231	175	128	32	128	36	113	
19	160	79	73	72	83	168	200	230	80	250	194	81	158	244	164	233	157	122	184	7	243	175	220	31	249	143	135	77	2	107	164	
132	201	134	159	220	130	172	229	156	146	210	18	232	226	41	75	104	234	42	240	112	207	67	232	188	34	206	8	149	120	177	128	
133	96	157	249	110	130	169	88	62	184	83	226	213	67	209	106	126	93	127	223	195	212	79	64	204	136	171	132	140	145	33	161	
162	160	224	218	205	241	248	203	155	31	117	27	12	222	126	44	233	155	147	145	22	126	234	211	31	28	154	239	215	4	247	198	
189	237	165	123	156	55	206	236	86	27	185	80	243	104	29	160	217	67	94	255	255	35	125	63	169	223	175	92	213	123	240	164	
159	94	226	222	81	150	251	82	181	206	214	135	41	238	55	228	252	255	191	143	165	223	54	238	115	127	143	131	15	181	45	213	
130	193	150	159	252	3	172	237	158	144	81	18	236	234	56	67	122	107	59	225	112	253	75	205	44	50	207	196	21	58	177	136	
6	12	130	155	214	163	170	67	30	131	91	146	108	238	49	72	127	59	19	145	50	152	8	238	12	38	154	192	149	77	49	144	
47	118	225	101	118	124	234	90	107	233	121	238	25	159	221	188	63	221	215	159	131	178	252	194	22	124	33	172	239	231	74	245	
93	93	62	174	34	143	95	188	45	202	206	44	255	114	163	113	246	243	93	239	237	131	61	61	240	239	111	144	56	114	169	27	
1	44	90	87	112	134	171	118	60	129	122	196	49	195	180	17	126	107	19	140	161	152	16	111	36	174	170	128	73	128	99	184	
193	66	227	93	100	42	105	18	117	162	114	242	147	0	177	111	106	172	38	12	161	244	231	74	68	42	240	0	125	169	64	160	
96	32	86	84	66	137	49	72	171	128	100	42	76	211	100	150	34	252	115	8	0	243	146	64	22	40	1	42	99	128	99	163	
19	50	215	37	18	15	42	96	60	164	98	228	205	38	132	144	182	213	108	165	165	208	37	78	132	230	43	128	97	32	35	181	
113	168	56	186	14	193	209	200	198	80	160	11	180	216	114	2	201	227	122	145	14	99	222	49	216	1	143	59	93	8	122	130	
64	0	76	229	24	6	73	24	55	164	102	133	213	39	0	80	86	213	109	140	40	208	209	12	199	227	235	128	40	160	36	48	
51	0	37	101	44	75	193	33	109	232	179	40	210	56	148	39	200	68	124	45	41	225	101	12	129	186	225	146	76	40	80	101	
99	51	137	161	112	14	106	16	40	232	104	205	148	14	86	16	148	205	87	68	133	144	209	64	164	60	175	160	8	130	67	208	
34	185	160	156	221	233	178	206	143	117	88	171	172	188	118	0	201	59	179	65	22	58	210	241	61	20	154	43	213	78	149	222	
125	91	223	231	178	14	87	184	33	140	234	101	91	119	35	82	118	228	44	110	201	147	185	40	243	239	37	0	170	251	96	113	
149	111	123	103	244	194	111	112	112	232	122	96	113	82	145	112	114	252	20	250	233	146	172	46	236	169	167	128	32	162	38	161	
100	166	211	69	210	11	46	184	114	162	106	200	83	97	64	19	55	221	66	34	32	242	141	74	124	134	69	36	229	242	38	160	
116	44	210	150	214	136	102	192	187	166	98	11	102	227	65	26	51	238	32	30	32	218	138	106	60	134	85	42	160	112	106	138	
220	112	182	116	45	28	89	16	235	155	183	56	223	155	65	91	134	245	236	90	136	101	243	192	211	249	112	154	194	161	67	35	
2	184	22	154	203	196	184	197	175	21	129	145	172	214	104	90	239	51	235	144	18	79	154	241	153	176	154	123	144	6	167	210	
57	109	66	55	244	134	111	246	113	202	126	68	115	99	147	212	121	238	20	238	237	218	68	47	110	239	165	128	43	245	250	201	
116	168	188	16	137	253	20	135	235	183	160	25	14	184	71	26	129	231	232	16	30	107	226	112	219	218	85	127	208	112	199	78	
52	23	21	229	188	47	71	184	68	170	187	108	211	49	137	24	89	212	76	106	41	162	89	30	225	134	229	52	248	251	82	32	
244	253	247	86	210	107	183	238	123	178	111	58	107	241	205	55	63	254	98	250	112	247	142	111	59	174	69	47	227	243	231	164	
165	39	65	47	242	10	70	184	16	162	104	104	115	99	137	81	91	206	4	110	104	214	73	46	108	174	37	60	56	250	66	160	
141	238	190	63	172	187	254	239	254	211	251	145	235	232	94	43	187	111	234	131	254	255	143	115	236	127	87	77	197	245	235	140	
12	176	188	209	237	125	113	27	255	255	45	29	158	225	75	26	145	10	110	28	2	100	251	147	207	223	85	125	218	104	71	242	
104	48	152	241	237	109	144	7	75	59	189	24	158	189	68	186	141	31	241	17	27	106	211	130	95	215	84	123	202	72	142	163	
5	168	223	87	194	154	180	232	186	178	32	0	116	242	76	178	51	127	98	16	35	209	154	121	13	170	71	38	193	96	67	166	
56	167	233	169	252	47	79	159	19	173	248	221	131	41	218	16	89	142	7	61	154	186	69	151	238	221	181	244	245	204	214	232	
94	219	108	69	50	26	111	184	37	172	254	229	219	103	141	84	118	212	237	238	201	144	237	76	110	239	167	132	39	178	100	113	
112	49	248	100	16	76	65	19	96	228	174	13	147	7	66	82	80	196	104	88	8	72	241	0	203	173	5	49	224	160	70	82	
204	239	237	127	184	34	79	190	55	182	239	144	241	231	9	85	93	255	111	234	120	214	251	127	255	191	199	132	163	243	164	112	
97	1	223	93	40	90	130	72	254	0	226	0	210	242	164	242	216	108	122	72	13	227	235	95	1	62	194	27	88	42	122	134	
0	34	52	169	58	11	17	88	55	180	226	225	199	67	128	0	31	153	75	160	42	240	79	93	204	130	37	36	112	128	4	32	
40	169	49	120	221	221	243	226	223	149	104	9	46	217	116	132	169	107	195	81	2	107	186	245	123	93	7	107	83	12	247	234	
83	33	34	164	85	142	67	65	117	132	203	15	66	200	50	84	248	237	106	229	140	179	150	206	176	52	1	10	105	142	112	70	
3	50	72	161	32	15	184	73	62	160	66	197	149	3	2	64	94	13	115	4	4	208	213	8	196	131	171	160	12	0	11	146	
75	32	7	76	9	210	136	72	230	192	130	64	216	218	148	230	200	245	122	137	141	227	231	192	145	122	139	24	65	6	41	36	
51	34	199	173	16	6	234	75	52	164	226	197	65	6	4	208	252	205	67	164	41	210	81	78	144	238	171	128	9	0	98	180	
1	48	21	105	45	79	144	73	206	224	160	72	214	216	84	38	136	21	106	1	141	97	219	16	129	154	11	58	88	8	9	6	
74	34	6	188	9	196	89	90	167	156	132	129	198	207	114	66	205	245	105	133	10	67	194	209	209	176	139	61	18	132	54	82	
108	225	232	32	156	205	81	139	35	245	172	141	151	141	90	18	137	132	73	85	30	104	250	17	203	213	5	125	224	136	222	82	
223	55	249	64	163	125	93	89	41	254	55	189	79	12	223	191	38	149	221	62	245	101	189	192	219	217	69	183	111	246	143	117	
1	107	85	229	100	11	239	48	108	184	82	64	213	3	208	98	90	108	110	110	193	176	195	0	228	136	111	160	12	186	81	169	
35	159	23	188	189	132	4	55	220	73	202	100	164	176	32	224	196	50	10	1	239	139	18	255	161	54	190	138	24	68	176	31	
140	239	247	191	154	235	55	254	55	182	239	250	239	231	41	69	63	255	238	226	120	247	79	255	253	150	69	116	242	251	165	33	
159	92	71	228	6	2	238	112	117	194	211	230	89	255	177	229	126	245	55	239	225	149	13	206	48	234	235	132	47	183	113	49	
218	218	54	188	47	70	92	181	157	90	214	191	255	63	34	75	231	245	255	227	232	79	67	255	211	243	250	155	54	188	181	91	
195	254	1	147	59	184	186	174	63	123	18	245	172	6	214	199	167	71	253	151	231	76	143	247	156	16	31	254	14	5	11	93	
111	113	96	74	237	84	223	88	193	200	189	5	26	220	119	191	204	128	149	255	205	35	122	192	83	89	133	30	83	127	122	118	
178	197	82	174	30	129	206	109	141	0	209	2	239	202	56	64	126	169	31	227	106	7	72	223	176	240	138	152	53	26	177	0	
184	76	82	228	118	42	126	84	53	130	242	2	11	11	49	89	122	237	6	226	104	183	0	142	178	233	162	128	103	243	98	137	
78	170	172	182	171	192	57	169	154	151	5	163	236	239	75	10	183	123	237	145	86	73	138	241	201	87	223	251	148	102	13	75	
91	159	133	167	173	20	142	173	173	224	154	199	237	108	214	230	214	231	253	231	221	65	221	224	160	116	239	146	14	118	153	93	
171	213	116	251	109	221	220	191	95	91	116	18	234	125	158	100	221	26	55	13	254	120	123	151	111	255	214	254	22	156	208	255	
3	93	198	95	178	134	175	246	60	134	126	198	248	227	181	68	127	111	59	206	224	216	19	111	110	190	239	128	79	241	161	184	
167	237	206	189	248	171	190	230	190	182	108	157	181	226	83	17	203	111	123	94	118	223	218	63	252	167	255	169	140	113	155	218	
237	112	249	101	36	78	115	24	113	236	247	8	215	87	201	58	148	212	124	122	169	244	249	8	199	251	97	148	226	171	70	113	
97	5	91	229	116	10	234	55	104	169	250	72	215	11	148	112	254	237	110	105	136	186	193	76	228	188	162	144	77	138	67	169	
6	76	2	154	84	163	170	103	20	1	90	2	96	234	49	64	121	42	19	145	32	190	0	223	40	38	138	192	149	10	48	128	
213	253	174	62	221	191	118	254	247	250	250	31	122	232	63	99	249	231	110	231	252	247	159	255	254	62	71	4	201	253	250	70	
182	239	173	255	184	107	174	238	54	190	249	243	225	238	217	129	125	255	239	227	122	246	239	63	189	231	239	181	245	115	135	240	
18	133	102	190	151	192	110	105	164	1	203	3	97	234	56	228	120	163	59	175	94	139	30	253	177	38	138	73	53	6	180	110	
66	104	150	149	110	0	188	236	174	178	146	2	236	138	113	74	103	101	127	195	64	69	131	233	180	50	223	140	4	48	33	9	
153	206	2	239	23	147	78	240	84	2	92	198	99	65	179	196	88	232	134	110	233	180	45	191	226	207	160	129	119	191	120	232	
162	145	244	251	253	31	252	191	95	59	117	26	206	121	156	96	221	14	63	25	242	120	107	215	175	254	213	246	214	140	208	143	
3	181	242	202	116	177	186	87	15	73	124	163	172	254	190	32	255	59	151	157	150	186	38	215	46	28	158	202	215	198	243	221	
188	120	189	251	143	205	177	216	22	147	97	18	151	221	97	75	193	121	51	83	2	116	250	32	197	193	126	104	144	57	5	163	
220	137	25	242	135	236	91	166	53	23	103	26	95	55	104	89	227	147	57	218	56	30	89	182	219	239	210	73	178	1	164	42	
134	0	130	153	20	162	168	64	22	131	83	18	72	202	57	72	121	41	19	145	48	212	0	202	0	38	154	192	149	105	48	128	
124	251	241	70	246	27	183	248	107	168	191	234	91	124	221	166	62	221	228	99	193	179	173	168	58	205	37	182	103	187	207	165	
88	88	187	252	1	228	117	22	177	134	110	9	62	183	97	90	160	247	233	128	64	207	178	105	209	183	92	11	32	112	38	122	
217	221	113	78	154	29	71	188	70	2	254	230	243	245	165	100	118	246	108	106	201	169	125	59	243	237	36	24	123	251	68	57	
228	223	218	86	211	251	55	255	251	182	47	190	108	243	205	245	55	254	226	98	113	127	190	127	62	46	69	111	235	243	207	189	
45	237	172	191	188	47	238	252	86	250	219	69	243	232	27	33	221	110	126	111	221	240	223	61	237	239	239	52	252	123	216	210	
71	162	172	183	46	16	184	169	158	255	17	167	237	232	123	10	255	65	191	149	150	73	143	211	206	87	255	255	156	46	25	215	
216	217	27	240	179	204	53	167	168	89	38	16	190	151	96	114	163	51	217	80	67	13	178	97	249	241	30	67	0	16	135	59	
6	174	197	221	219	143	111	250	183	182	238	218	232	231	1	213	125	254	235	142	122	218	91	127	191	150	85	20	178	248	132	188	
34	177	176	144	239	229	184	79	138	57	89	43	140	190	76	0	141	27	179	145	146	26	218	209	29	20	159	239	144	78	135	219	
241	93	63	220	7	198	21	119	228	200	206	6	48	182	33	99	104	246	56	193	105	139	48	44	241	32	214	2	41	48	112	122	
22	222	10	186	29	165	18	216	150	89	201	87	96	242	42	192	217	43	155	145	62	7	10	247	185	54	155	207	153	31	188	19	
6	13	130	155	214	163	170	67	30	131	91	146	108	238	48	64	127	43	19	145	50	152	8	254	44	38	158	192	149	74	177	128	
0	34	85	201	74	11	41	8	62	164	226	192	196	3	132	84	94	28	106	136	0	184	69	92	4	4	1	0	80	136	4	168	
113	0	83	77	62	91	128	72	110	32	226	224	210	210	164	112	242	28	106	0	5	163	199	80	16	36	3	27	85	10	105	4	
17	15	91	231	50	70	111	112	52	202	122	96	85	119	160	113	126	109	20	234	233	144	33	46	224	175	171	128	41	226	35	161	
16	40	94	92	74	160	176	74	170	128	224	2	0	211	4	18	42	253	98	136	2	235	146	65	22	40	3	42	65	1	99	128	
17	32	86	36	74	3	104	74	55	128	226	129	69	195	0	16	58	221	106	132	12	211	151	64	84	162	11	8	97	128	43	128	
96	160	56	184	13	201	144	200	198	48	128	9	183	216	82	66	201	227	106	1	14	99	218	17	217	129	143	61	80	8	30	130	
125	235	242	70	118	27	239	248	99	228	254	174	107	233	223	180	62	253	230	234	205	179	173	238	122	237	5	44	103	191	110	164	
3	165	240	203	246	177	186	79	95	65	93	131	172	206	188	32	255	27	19	157	150	56	108	215	46	28	154	232	215	206	241	221	
34	177	160	138	223	229	184	207	11	105	88	43	172	188	108	0	157	27	151	17	146	58	218	209	61	20	158	239	213	78	151	219	
60	255	222	87	147	103	167	238	114	190	253	26	123	224	77	177	59	255	228	242	121	242	187	47	185	239	101	45	233	115	239	160	
171	245	116	251	237	157	252	191	95	123	93	58	142	253	254	100	207	27	255	13	246	56	123	215	175	219	213	254	150	204	208	223	
57	223	67	63	214	158	103	246	113	202	126	102	115	113	163	244	127	238	22	206	237	154	101	47	62	239	180	128	43	247	250	205	
98	96	77	69	82	10	104	8	63	160	98	193	81	35	0	80	114	220	107	172	32	212	193	76	68	170	193	0	96	160	66	160	
21	174	190	63	189	159	238	232	254	186	242	1	239	232	57	171	217	111	110	31	252	249	155	125	189	255	79	1	192	114	233	134	
236	112	246	116	45	28	89	16	235	152	182	40	63	155	213	63	134	244	108	74	200	103	226	192	211	249	96	184	98	177	66	35	
2	176	18	152	203	229	184	203	175	29	129	49	172	214	104	90	237	51	239	144	18	79	154	209	153	176	155	255	144	4	167	211	
9	207	198	95	180	150	239	247	124	138	126	102	248	227	181	196	125	110	38	140	243	152	39	111	46	174	182	128	111	208	233	185	
65	2	189	69	44	75	225	35	108	168	146	104	214	56	132	99	130	84	126	41	137	240	197	4	132	58	99	16	68	40	209	33	
125	179	99	77	82	19	75	56	37	164	254	238	91	71	157	244	126	156	252	236	201	146	229	14	122	237	161	132	111	162	102	52	
1	97	9	161	112	143	107	16	40	232	104	76	213	22	16	48	148	45	93	111	193	144	240	12	229	172	43	128	8	2	3	240	
102	168	231	95	120	2	107	184	55	180	230	128	97	231	141	117	95	252	107	168	88	210	235	125	31	254	199	132	231	160	102	168	
2	132	34	137	212	163	170	103	84	1	90	18	40	170	48	64	121	43	19	177	146	186	0	223	40	38	154	192	149	10	176	136	
253	81	255	36	50	14	87	184	161	204	182	36	95	83	131	83	118	228	124	126	233	199	185	12	251	235	101	148	107	179	98	115	
220	119	127	101	50	6	79	176	100	172	190	100	91	83	129	115	54	244	76	234	233	245	57	12	243	233	231	148	42	179	98	49	
0	38	85	101	122	11	174	56	112	162	34	204	211	33	128	19	63	84	98	46	96	240	77	12	108	138	101	0	105	224	67	160	
96	168	190	50	137	201	144	198	202	189	160	25	166	184	102	26	129	119	234	17	30	107	202	112	217	19	95	127	208	72	143	14	
106	169	148	94	201	248	144	135	170	29	160	25	170	250	68	158	129	83	232	0	22	75	194	33	155	243	92	123	192	76	207	14	
236	29	149	101	188	47	71	184	96	170	170	76	215	49	129	23	21	212	76	106	57	224	89	14	225	166	101	20	234	251	66	49	
112	185	105	96	84	77	65	51	34	228	172	9	19	21	80	16	24	156	81	88	75	58	240	4	207	141	5	124	97	136	86	122	
53	6	84	173	210	10	102	123	48	162	106	234	87	99	128	80	115	204	6	42	97	144	69	14	108	166	101	4	109	250	66	161	
44	48	184	113	237	125	113	27	107	255	61	29	158	241	78	30	145	26	239	28	18	100	251	210	207	223	81	126	218	108	199	243	
91	141	129	167	180	60	78	183	104	226	218	207	255	104	144	226	214	231	125	239	221	24	213	175	176	109	175	144	44	118	153	92	
248	233	25	250	25	213	82	136	131	49	164	8	47	215	72	176	200	147	249	208	74	11	218	49	187	213	133	123	50	2	10	42	
81	32	23	76	10	11	176	73	239	160	226	42	214	152	68	36	178	29	106	1	4	121	135	80	148	18	11	58	65	8	3	6	
104	176	152	243	237	253	149	7	75	127	189	24	158	185	78	14	141	31	246	17	18	122	242	128	79	221	20	123	194	72	143	139	
17	34	15	173	16	7	104	91	52	160	98	212	211	34	16	80	252	141	54	173	45	220	65	14	149	166	186	0	105	0	98	136	
99	33	10	168	76	129	208	72	206	144	128	8	246	216	114	114	200	225	122	193	14	99	206	81	152	16	139	59	80	11	58	6	
17	32	12	161	18	11	104	75	54	160	74	195	151	3	16	64	114	13	91	45	5	216	69	12	196	142	187	0	44	128	17	136	
98	233	0	154	93	221	66	200	131	4	232	9	162	205	60	144	200	232	203	69	14	43	218	181	19	117	0	59	82	14	94	74	
40	169	51	122	221	221	210	231	223	21	108	9	46	221	116	132	137	58	195	81	2	43	154	247	123	85	20	107	82	12	223	170	
86	169	148	94	11	192	176	128	235	145	160	8	232	242	68	182	129	123	104	208	6	75	202	113	153	146	87	123	192	2	43	142	
97	75	81	229	124	9	239	48	196	160	242	66	183	1	144	226	122	236	94	110	73	178	197	12	228	169	163	160	108	186	81	168	
105	49	113	76	80	78	67	56	97	232	226	76	83	21	129	116	84	220	116	110	201	178	241	8	197	188	32	24	106	162	66	112	
46	149	37	89	185	237	209	159	31	93	124	29	218	125	14	84	221	154	255	28	155	56	123	151	207	255	21	118	218	76	214	242	
40	167	233	97	244	203	73	23	23	237	124	153	147	45	208	16	89	142	7	28	154	184	69	22	110	223	181	245	229	202	214	241	
218	88	182	252	111	76	124	150	191	90	210	191	236	255	39	91	231	245	255	131	200	71	131	227	215	251	254	155	22	252	181	91	
190	133	64	174	20	3	78	249	21	2	241	2	75	74	56	65	122	201	23	227	120	135	72	191	178	233	139	156	53	171	240	0	
94	170	161	186	59	192	27	200	187	149	29	163	236	199	74	20	183	251	237	144	2	74	138	241	217	212	155	239	50	6	39	123	
66	192	150	143	108	0	172	237	142	146	218	2	236	202	105	66	122	109	59	194	64	87	203	225	180	54	223	136	4	58	177	136	
41	205	237	205	116	18	207	183	84	230	94	198	241	45	151	101	94	204	23	239	233	188	101	174	102	111	238	128	63	252	208	248	
166	181	116	241	244	175	252	187	95	59	59	58	206	185	92	96	191	159	127	17	178	120	75	215	175	222	85	246	214	136	209	135	
93	89	62	238	170	70	95	184	228	200	158	40	255	123	171	113	118	245	125	235	237	131	61	60	242	239	111	157	60	243	41	91	
153	174	206	181	182	139	124	115	62	226	90	227	191	251	179	64	51	111	63	45	117	216	4	94	236	239	111	133	172	228	59	201	
89	221	115	78	178	154	71	190	117	74	254	238	251	245	165	116	118	254	12	234	233	184	253	63	242	239	36	152	127	251	192	61	
167	114	235	69	102	30	238	88	121	234	117	254	89	205	223	184	126	204	55	238	197	182	172	66	86	45	225	172	109	179	122	213	
252	201	209	243	193	236	119	166	49	59	99	18	19	55	104	89	225	223	53	210	122	222	232	163	255	235	244	65	179	81	230	170	
2	132	2	137	212	163	170	99	20	1	91	2	8	170	56	64	121	11	19	177	18	186	1	223	44	36	154	192	149	10	177	128	
16	32	150	21	11	139	160	74	190	176	226	11	66	224	100	130	185	109	106	0	6	241	139	17	153	162	79	51	65	40	43	134	
205	255	190	95	251	247	183	255	118	254	252	188	120	254	135	167	191	127	230	162	247	126	191	127	127	239	111	175	219	117	175	255	
16	0	148	173	14	11	64	8	86	176	194	3	199	224	0	64	81	68	106	1	12	240	79	29	140	162	69	20	112	40	16	0	
221	111	85	71	32	30	78	184	97	170	190	108	211	19	145	247	20	196	124	110	233	144	201	44	162	249	101	148	106	179	74	33	
253	80	127	228	42	78	95	56	161	254	182	36	91	87	131	123	118	213	125	234	233	197	241	12	243	235	225	148	43	179	98	113	
28	245	180	239	203	101	55	254	0	178	188	42	255	119	72	7	47	215	209	226	120	106	218	162	253	193	71	44	227	122	167	171	
38	181	240	194	244	181	186	75	11	233	121	43	140	252	92	32	159	27	151	17	146	58	232	211	30	28	155	238	213	206	211	215	
109	85	149	101	137	79	71	184	97	250	42	76	214	53	1	255	16	84	108	106	121	112	121	8	173	250	69	20	202	251	194	48	
100	33	185	98	216	108	67	136	98	53	45	8	214	117	73	26	145	222	96	90	26	98	251	32	205	141	5	125	192	123	70	98	
34	178	184	18	233	253	181	199	218	95	49	189	174	252	78	26	143	59	227	17	150	106	242	97	79	17	84	123	192	76	199	223	
45	49	185	227	253	125	241	27	91	253	61	28	158	61	78	42	155	30	198	24	147	120	251	210	207	221	53	126	218	74	199	243	
33	14	209	101	18	10	106	55	52	163	106	212	243	35	128	80	118	46	34	44	49	184	69	14	44	174	48	0	105	168	64	168	
66	178	18	152	203	229	184	79	175	29	144	57	140	222	96	90	237	155	255	144	18	75	210	209	157	16	155	255	144	4	165	211	
41	181	249	105	189	125	241	27	31	125	61	28	159	125	92	56	157	26	127	28	147	120	123	147	207	221	53	246	210	72	214	243	
109	181	185	83	253	253	241	155	91	125	61	56	158	249	78	48	157	27	87	17	147	122	250	179	79	221	53	127	202	75	214	227	
234	233	56	88	217	221	17	231	219	53	164	24	42	159	70	52	201	186	195	16	90	42	242	183	127	221	20	123	82	8	198	238	
50	97	2	200	9	129	72	72	167	160	168	8	32	195	100	148	248	160	106	200	72	3	130	80	145	160	131	59	17	2	38	164	
0	142	209	71	52	170	162	55	124	33	123	244	241	35	128	64	86	46	44	8	177	184	69	15	164	174	50	0	108	128	65	41	
32	32	6	137	72	3	104	75	166	160	224	193	128	131	48	84	72	140	106	140	8	203	195	80	20	48	147	24	80	128	98	136	
72	27	149	101	36	14	167	48	108	169	122	100	215	33	128	98	22	84	110	74	129	184	193	0	228	174	103	0	72	234	65	33	
86	170	225	178	91	224	59	200	155	53	157	171	44	199	73	132	247	249	181	147	10	86	234	243	159	212	143	239	38	7	38	243	
112	96	71	69	24	10	104	9	62	160	226	192	81	35	0	80	112	204	106	172	40	208	193	76	4	170	195	0	65	160	98	128	
80	32	22	44	79	137	160	75	238	160	160	8	134	216	96	18	160	173	106	1	6	107	134	17	145	0	1	63	80	8	35	142	
103	150	252	24	235	124	24	139	171	119	36	189	142	54	206	191	135	87	233	20	183	72	243	209	14	115	81	255	154	197	143	87	
184	228	24	104	89	197	81	234	83	52	164	8	51	19	74	49	217	152	64	40	106	46	112	23	251	201	1	125	112	0	70	138	
89	141	161	165	181	126	206	167	84	226	218	74	251	124	148	228	208	230	60	239	221	184	245	175	173	108	175	16	44	110	208	108	
114	168	0	26	73	149	64	73	167	148	161	9	34	195	100	214	201	226	235	128	14	67	202	113	147	208	131	59	81	6	106	6	
16	40	22	89	10	163	160	66	246	160	226	2	128	130	4	0	104	237	106	136	0	251	195	112	20	34	3	0	97	1	99	128	
25	85	127	229	34	30	111	52	36	170	158	100	223	55	129	115	54	212	93	234	233	145	49	12	243	235	231	128	42	242	38	49	
222	22	206	168	26	50	24	89	23	183	211	247	77	238	170	219	119	149	175	181	188	215	13	214	154	103	235	199	191	231	173	85	
104	227	207	109	88	75	235	104	46	164	239	128	241	199	132	80	122	252	111	232	0	210	239	29	30	233	227	133	33	163	102	176	
6	141	130	155	148	163	174	71	22	131	91	146	104	238	48	64	127	43	19	145	50	152	8	255	44	38	158	192	149	78	177	128	
134	181	116	241	236	175	252	251	127	59	59	58	206	185	124	40	191	159	127	17	242	124	75	215	190	222	87	230	214	200	209	133	
63	255	99	78	91	147	75	248	115	72	253	238	105	195	191	244	94	248	134	234	207	50	236	255	62	92	161	232	127	166	106	180	
156	121	208	251	131	141	87	220	23	178	167	2	46	211	105	92	119	218	140	90	106	229	91	178	251	220	5	55	186	251	132	43	
190	13	68	172	196	3	78	248	21	2	240	2	75	107	49	81	123	233	23	226	120	182	72	190	178	203	195	196	55	171	112	128	
166	219	152	186	184	133	28	221	30	29	80	117	164	211	171	72	213	59	151	208	82	15	10	241	168	22	191	239	152	28	168	155	
41	33	65	161	112	15	74	80	49	168	248	76	19	3	144	148	88	206	22	236	9	146	193	14	116	220	161	160	107	130	82	160	
10	48	177	179	227	109	185	15	58	247	17	221	188	31	92	26	167	31	243	149	146	92	147	194	77	85	94	164	197	68	135	251	
54	190	222	223	219	215	181	232	254	254	230	166	104	226	175	247	127	255	234	160	117	211	191	253	60	166	71	39	153	98	45	245	
220	222	152	186	146	232	71	174	186	30	160	29	222	227	105	89	113	219	141	242	106	71	154	127	249	167	127	125	144	113	167	35	
195	180	213	193	226	42	168	159	59	243	18	246	221	54	220	175	39	85	125	189	181	84	165	192	28	26	127	230	173	228	131	189	
66	92	182	188	105	44	124	150	187	91	218	187	236	191	97	90	231	255	191	129	224	87	194	227	151	246	218	138	150	244	37	91	
136	174	198	149	118	235	107	118	191	238	94	247	109	227	178	212	51	238	191	12	48	220	5	255	254	39	55	129	174	228	60	201	
121	176	190	189	95	75	177	235	254	244	242	39	246	248	27	193	123	108	106	49	165	251	223	29	220	39	127	31	237	44	123	203	
253	89	127	238	58	78	95	184	241	204	182	40	127	119	163	115	118	245	125	234	233	199	237	44	243	235	101	152	54	179	38	115	
17	141	77	237	52	162	111	55	36	8	218	66	243	35	176	96	88	174	28	168	89	152	69	31	236	175	162	192	60	138	240	40	
252	97	122	68	108	28	88	16	233	184	180	8	43	137	213	55	238	228	108	106	200	39	226	200	210	248	64	56	103	187	66	37	
57	159	115	79	246	154	111	255	117	74	126	230	123	116	183	244	118	254	150	236	237	186	45	191	190	239	164	128	63	254	226	253	
25	31	199	95	182	150	238	55	117	202	254	230	249	115	183	228	126	102	54	238	237	184	37	239	46	239	166	128	111	246	104	221	
28	178	214	101	23	91	67	56	119	164	255	174	219	104	139	164	59	253	236	224	73	240	125	12	234	231	101	21	231	34	46	34	
97	141	72	165	212	70	78	189	81	224	90	79	115	120	146	112	88	238	21	237	157	154	221	173	126	45	165	160	45	170	250	216	
37	241	129	65	213	31	198	152	66	232	33	76	210	80	221	180	220	76	80	126	207	50	249	8	47	157	5	60	201	187	90	148	
40	228	56	104	93	201	81	234	2	21	164	8	50	209	72	17	153	152	193	32	74	38	202	21	75	193	17	125	80	8	86	170	
251	159	103	95	182	154	239	118	117	206	254	231	123	108	182	228	127	230	190	238	253	185	37	239	62	127	166	130	111	245	248	93	
39	36	224	195	246	185	250	218	91	225	125	139	8	204	221	40	63	155	23	157	150	50	236	210	14	28	157	238	247	207	83	213	
109	52	249	97	244	126	243	152	123	255	61	60	223	61	221	58	151	221	116	26	131	116	248	66	79	221	37	246	207	243	71	243	
42	184	177	59	235	237	177	143	26	85	112	189	172	252	78	24	143	91	195	21	146	106	250	243	77	84	30	111	210	76	135	219	
88	0	134	45	22	11	97	40	118	164	66	138	215	32	0	192	48	204	106	44	32	240	77	12	188	163	69	0	96	40	25	0	
96	97	121	68	108	9	70	80	233	160	176	72	51	9	149	51	234	228	78	234	201	39	196	64	20	184	96	56	77	187	66	168	
66	178	22	152	233	229	176	79	175	93	145	53	140	150	96	74	229	27	255	144	18	75	130	209	157	48	154	255	144	4	165	219	
73	17	149	101	48	14	102	48	37	168	110	68	223	51	128	246	20	124	108	108	1	176	209	8	165	252	37	0	74	162	9	33	
73	38	132	37	56	10	104	53	36	160	235	64	209	35	128	215	48	68	104	172	1	208	193	12	132	239	227	0	10	162	75	160	
50	33	6	13	73	131	128	76	166	0	224	65	192	194	36	82	200	108	106	192	12	67	218	16	20	32	139	59	81	0	34	134	
71	48	237	64	203	124	125	15	171	255	167	157	72	62	79	59	167	151	253	148	150	69	189	64	95	58	85	247	195	244	135	119	
10	176	177	241	195	109	185	95	59	123	21	153	156	191	88	142	167	27	243	149	147	88	147	193	77	91	91	230	207	68	135	243	
209	89	31	252	36	206	77	53	164	138	194	64	247	51	1	115	192	116	124	106	105	205	113	45	225	171	230	0	32	176	224	40	
25	23	87	101	50	30	110	48	100	136	126	228	223	35	136	244	54	68	92	110	201	144	1	14	164	239	34	128	42	242	11	33	
1	74	84	113	22	138	96	20	116	33	66	192	179	0	144	104	114	44	42	24	11	188	69	37	132	166	50	64	104	136	65	40	
19	184	250	26	215	177	178	207	127	71	108	47	44	216	102	0	187	171	146	149	150	62	158	115	58	13	31	107	253	70	171	207	
82	4	66	161	148	34	108	87	53	35	219	18	15	11	48	72	122	133	31	145	24	183	1	194	146	229	154	132	167	216	240	0	
220	80	127	101	34	94	95	48	33	206	182	100	91	55	129	123	38	213	125	234	233	197	177	200	243	235	229	144	42	179	102	121	
221	81	127	228	42	78	95	52	161	206	182	168	91	55	131	123	102	213	125	234	233	199	241	200	243	235	231	144	35	177	102	123	
45	181	57	227	253	125	241	153	91	125	61	60	158	93	94	40	159	26	86	57	147	114	249	151	79	221	53	126	206	10	215	243	
252	82	255	252	42	78	93	120	225	238	182	108	127	95	129	123	102	245	125	234	233	199	235	200	211	235	231	144	38	177	38	115	
45	52	249	99	252	127	243	24	123	253	61	28	159	61	220	42	155	94	86	60	147	112	249	192	79	221	37	116	206	203	199	243	
88	4	210	225	214	42	106	23	49	35	254	18	11	43	16	88	123	143	21	152	56	154	1	198	182	253	182	196	167	192	224	8	
33	0	70	13	72	11	96	79	38	33	98	0	176	131	0	88	72	12	106	12	0	216	67	20	4	162	208	0	0	128	80	168	
234	252	90	240	75	241	58	202	19	178	4	186	45	159	101	56	251	219	147	146	111	95	138	243	95	199	159	239	55	17	46	154	
45	177	185	67	249	125	81	25	107	249	61	56	154	125	78	62	145	30	212	48	151	114	248	16	79	221	5	127	194	202	198	247	
195	14	247	214	108	32	175	55	201	250	55	246	252	179	245	103	39	119	126	174	225	71	175	234	52	62	255	136	142	240	161	41	
98	232	16	58	25	145	18	232	143	128	169	9	174	210	101	148	200	185	202	66	78	7	202	191	177	212	9	59	18	7	46	6	
33	10	196	53	48	142	106	55	116	33	99	80	243	35	144	80	120	174	40	140	57	156	69	47	164	174	176	64	232	128	96	168	
62	12	86	255	198	43	74	240	29	162	250	2	79	107	49	73	123	237	23	227	56	247	9	190	146	251	195	132	55	251	112	128	
163	190	156	175	108	45	152	250	142	191	25	253	172	172	234	3	143	91	215	53	182	110	202	211	12	20	127	254	156	76	27	155	
220	46	145	188	187	99	31	250	147	230	140	189	141	163	67	223	227	103	204	162	44	79	201	190	248	215	223	61	178	245	45	75	
28	229	148	199	159	117	86	254	83	190	188	26	111	115	200	183	63	222	204	106	120	123	170	163	187	223	69	63	242	250	174	175	
63	127	106	78	124	211	206	121	85	108	253	238	105	204	191	176	92	234	150	238	207	178	108	191	54	77	161	169	95	183	122	245	
194	124	182	189	109	172	188	198	187	27	90	178	172	254	101	90	231	127	255	129	162	223	130	227	151	126	222	138	132	116	35	155	
134	173	118	241	236	171	252	227	127	59	123	26	142	168	116	8	175	159	127	17	178	124	11	215	158	94	95	230	196	200	193	129	
27	222	230	157	114	250	111	118	61	206	86	247	105	231	182	244	55	238	183	198	180	216	165	255	126	111	247	129	39	229	253	253	
45	181	253	227	252	127	113	25	127	249	61	24	223	29	90	56	157	26	95	60	179	120	121	150	207	221	53	244	210	202	212	243	
57	159	119	223	52	182	111	254	119	73	126	230	123	103	182	244	127	238	158	238	253	152	117	255	174	255	182	128	63	221	240	253	
153	255	190	189	223	255	181	255	246	252	222	63	254	253	146	228	127	254	238	65	157	255	255	255	255	99	119	191	127	109	191	251	
63	255	111	110	55	215	158	248	198	204	253	231	123	204	191	36	254	249	215	231	239	163	44	191	122	77	175	253	111	175	123	223	
56	5	98	229	212	19	198	127	85	162	254	10	83	41	188	0	120	140	23	168	248	179	101	142	114	207	165	148	119	250	240	128	
162	255	152	190	252	173	158	255	158	191	17	255	236	237	202	10	143	123	223	5	178	78	202	183	60	22	63	254	156	95	155	145	
6	132	34	139	84	163	170	202	22	1	91	2	72	234	56	64	121	11	19	177	146	184	8	223	8	6	154	196	149	11	48	128	
194	60	150	157	252	172	184	198	191	155	90	176	172	254	101	74	231	127	63	145	50	220	130	227	28	62	94	138	132	80	163	137	
2	60	182	253	255	164	184	199	187	219	88	51	172	254	101	74	231	123	255	149	178	79	130	227	31	126	222	170	132	68	167	219	
222	63	149	149	171	113	95	247	181	238	142	181	238	231	195	223	231	231	237	134	61	95	233	238	186	214	215	187	162	245	134	95	
70	172	246	209	252	169	252	231	255	59	122	26	140	168	116	72	175	187	127	145	242	120	75	247	158	30	95	238	196	200	161	129	
2	188	246	241	253	189	188	247	255	123	60	58	140	255	244	8	175	59	255	17	178	127	162	247	159	94	95	238	214	204	129	211	
188	254	252	95	63	123	82	254	91	191	188	58	74	122	206	183	251	222	228	32	46	111	251	239	187	223	85	127	251	250	110	143	
2	186	22	155	235	197	184	199	174	57	209	53	172	150	104	72	231	27	255	144	18	75	203	241	157	48	26	235	144	4	165	219	
97	97	75	100	108	9	238	112	233	160	176	74	83	9	149	50	106	228	94	107	200	35	196	72	116	184	160	56	109	187	82	169	
92	118	251	101	96	110	123	88	123	239	191	44	223	191	195	58	191	221	127	58	137	246	249	194	215	221	99	164	239	243	71	243	
222	36	190	182	139	98	56	3	184	151	135	179	77	255	75	91	227	245	233	179	56	197	139	194	219	227	219	23	160	97	173	66	
86	12	194	163	148	34	106	87	61	1	251	18	15	42	36	88	123	143	31	144	58	154	1	194	186	236	158	196	165	202	240	8	
88	4	134	37	19	90	97	56	54	228	198	134	195	32	2	213	48	204	234	172	44	208	125	14	236	231	69	1	99	172	44	68	
103	48	191	242	237	116	249	83	171	255	23	92	220	255	93	46	173	31	119	153	145	119	186	192	95	218	219	238	143	97	171	179	
78	186	180	86	171	220	28	174	251	255	4	185	236	254	223	175	135	119	253	23	182	73	238	241	11	122	95	191	134	116	143	95	
45	52	241	193	245	127	243	216	107	249	189	124	223	61	221	62	63	220	87	56	147	112	249	194	223	221	37	246	239	239	71	241	
118	148	228	5	147	82	70	184	115	230	198	143	67	124	22	215	57	196	232	162	236	242	253	30	187	102	197	23	99	246	92	86	
11	188	242	58	211	177	147	207	87	71	120	167	41	216	230	4	123	171	147	145	22	186	30	255	124	68	31	235	255	70	171	207	
237	112	209	69	96	30	231	144	123	234	55	108	218	24	197	190	151	76	116	126	133	244	249	2	6	223	101	182	202	243	74	181	
45	52	249	65	225	127	115	152	107	235	61	108	222	54	207	190	151	92	212	58	129	244	249	2	79	221	33	182	202	243	71	245	
176	43	14	13	9	203	161	74	54	164	194	68	192	130	2	208	104	108	234	64	9	209	223	16	148	34	171	17	25	0	62	128	
57	133	106	65	212	58	239	183	116	99	126	18	89	41	158	100	123	142	55	172	177	184	101	135	110	111	180	196	231	204	208	236	
217	83	93	69	34	30	111	48	105	232	118	228	95	55	133	247	54	212	124	106	225	144	181	76	182	233	101	128	42	178	66	49	
221	80	255	100	98	78	127	48	113	238	246	236	91	55	199	123	54	213	125	234	201	214	177	202	215	251	229	128	39	243	102	115	
73	3	16	37	48	26	106	48	101	9	126	100	199	35	136	244	18	68	108	108	1	144	193	76	164	252	34	128	10	130	75	1	
252	82	255	228	110	70	127	48	57	206	246	238	95	63	129	123	118	213	125	234	233	215	243	202	243	235	231	144	39	243	102	115	
39	96	226	67	70	49	234	200	91	227	117	26	72	200	221	44	127	201	23	155	134	118	236	194	30	12	151	172	231	255	114	132	
47	177	241	65	253	127	241	25	75	249	61	60	222	29	222	172	159	26	87	61	147	112	121	208	79	92	37	246	206	206	215	247	
38	36	226	195	84	51	234	200	95	163	121	2	8	200	253	40	121	137	19	145	130	182	45	210	30	12	159	228	213	95	112	132	
1	132	49	171	20	163	161	123	86	37	89	114	245	16	176	96	89	58	18	25	179	188	109	31	141	38	186	64	148	10	53	168	
62	65	246	230	230	35	108	92	5	128	243	2	111	107	57	75	126	229	55	227	136	243	9	204	146	235	239	128	167	251	96	137	
252	71	115	78	253	26	79	248	233	134	189	136	75	109	189	182	122	208	204	106	232	35	44	238	179	221	5	60	119	255	230	36	
42	236	88	240	67	225	63	199	19	162	92	171	45	159	97	24	235	187	147	128	6	30	192	251	95	199	159	175	53	80	38	154	
66	48	182	153	234	161	184	15	158	249	83	177	140	254	96	74	199	59	251	149	146	73	131	209	12	18	219	238	148	68	129	209	
38	96	226	139	84	163	170	200	86	163	113	2	64	200	125	8	121	104	19	179	130	182	8	242	24	12	143	164	213	123	112	128	
24	141	120	67	246	186	255	183	117	99	127	18	121	41	156	96	63	142	55	152	186	188	45	247	110	239	54	196	231	194	224	169	
47	52	241	65	245	127	251	88	107	233	63	110	219	61	221	190	191	221	214	126	145	240	253	194	15	221	37	230	239	239	71	245	
246	252	245	84	251	219	86	231	187	239	186	253	10	254	198	247	231	253	239	130	245	223	250	238	59	158	85	243	139	116	198	87	
246	254	252	87	59	251	82	246	219	255	244	63	74	254	198	190	239	253	230	0	175	247	248	255	31	222	85	55	235	253	78	159	
246	205	115	78	221	27	198	248	233	134	185	74	75	105	189	182	123	210	70	106	236	35	108	238	59	222	133	31	119	251	214	36	
6	4	2	138	20	163	170	192	22	1	91	2	64	202	57	64	121	40	19	177	18	180	8	255	40	4	139	192	149	11	48	128	
104	58	26	26	105	221	16	72	155	12	228	45	46	193	102	148	221	186	194	0	14	99	218	49	18	81	1	59	90	12	78	151	
126	114	243	101	96	126	127	16	105	238	254	236	91	63	197	126	126	221	245	234	137	214	241	202	215	255	227	160	231	247	102	241	
205	112	249	69	98	94	127	48	121	234	118	236	219	23	197	127	54	221	244	106	193	212	181	74	102	251	101	128	110	179	67	113	
73	6	100	69	52	26	102	48	125	174	126	228	203	32	150	213	50	68	108	46	172	240	101	14	166	255	97	128	102	166	88	69	
134	239	144	155	252	169	190	255	158	191	89	255	236	226	232	10	159	107	95	95	242	86	202	247	172	22	63	254	156	223	129	153	
2	184	22	153	234	133	184	199	174	25	208	49	172	214	104	72	199	27	255	144	18	91	195	209	156	48	26	234	144	4	161	155	
122	20	228	5	23	90	71	40	97	238	238	175	75	44	150	215	89	196	236	166	140	242	237	12	62	39	229	149	103	102	94	86	
195	174	132	147	170	168	172	135	63	51	2	245	172	34	192	207	167	71	121	149	54	76	143	227	140	22	222	230	140	84	137	13	
42	175	234	233	243	235	191	231	140	133	124	163	45	175	38	0	238	123	147	145	18	152	32	238	111	69	174	193	181	220	215	250	
18	47	74	169	182	163	63	199	142	165	88	167	45	175	35	0	230	235	135	213	18	153	32	252	252	5	175	227	180	93	157	203	
149	2	17	187	22	163	35	88	86	33	83	82	213	193	184	232	89	8	2	155	51	180	109	55	132	166	186	64	180	139	49	160	
60	65	214	230	94	2	110	93	165	128	243	2	75	203	57	66	126	229	127	242	72	179	139	136	250	233	167	132	103	187	240	128	
118	13	194	162	212	34	106	67	57	3	251	18	11	42	44	80	123	143	6	176	58	154	1	230	184	236	158	196	165	75	240	0	
214	126	247	150	179	217	127	183	189	206	214	191	44	230	231	86	167	231	255	134	252	205	174	238	186	54	223	211	134	244	134	127	
2	184	246	249	252	141	184	99	255	59	112	50	172	190	116	64	175	59	255	17	178	127	2	213	158	94	91	234	148	12	33	155	
229	65	83	68	108	9	238	112	232	160	185	74	83	1	145	51	106	228	78	107	72	35	68	8	116	168	160	56	77	187	66	160	
153	133	110	67	212	58	239	191	117	99	126	18	89	41	156	100	123	142	55	137	176	188	37	239	126	111	182	196	231	204	240	232	
74	186	172	18	235	216	88	151	171	125	22	189	172	190	198	190	167	215	253	148	150	73	175	241	222	83	124	251	134	212	143	95	
2	140	130	154	149	231	162	199	22	1	72	18	160	250	48	64	217	42	19	145	50	186	26	255	41	54	158	75	144	72	180	138	
139	142	202	153	245	189	184	151	31	67	94	215	168	234	183	204	221	42	179	157	182	220	70	243	78	31	158	195	158	204	217	142	
170	170	242	154	207	245	176	207	155	87	116	19	44	204	118	141	239	43	131	149	18	126	138	243	31	20	94	107	215	76	239	255	
130	188	182	157	247	164	184	71	191	27	88	51	172	190	100	72	231	59	183	145	178	216	146	195	13	54	222	202	148	76	161	155	
79	176	243	209	237	124	185	87	187	255	53	60	156	191	222	190	175	31	247	145	147	122	186	192	95	88	255	238	199	68	167	247	
252	82	254	236	104	14	127	56	57	206	246	170	95	63	131	123	118	213	125	238	233	215	225	202	247	251	235	152	39	179	102	113	
