香奈儿炫亮魅力唇膏丝绒系列	43 - 亲爱	https://i.chanel.cn/fnbv3/image/full/shades/rouge-allure-velvet--43--35g.0162430_S.jpg	https://i.chanel.cn/fnbv3/image/full/chanel__com_type1/skus_full/rouge-allure-velvet--43--35g.3145891624304.jpg
93	34	146	100	177	60	68	146	107	187	34	88	207	162	201	250	133	68	108	28	149	192	171	64	138	249	87	76	138	241	235	5	
41	112	147	92	73	221	144	74	206	98	164	8	158	216	100	182	200	48	234	9	71	103	250	17	19	25	21	59	91	108	75	143	
102	186	149	82	233	92	96	190	235	185	160	120	194	119	204	246	193	214	232	24	11	72	251	241	31	154	213	126	138	192	198	52	
35	32	23	73	105	95	160	72	207	96	240	72	82	156	164	164	204	28	242	8	133	227	243	80	23	24	1	58	81	8	106	165	
26	34	90	64	106	75	48	72	171	32	116	170	12	151	164	148	46	157	199	128	0	243	130	208	86	161	33	171	99	128	47	131	
3	50	117	69	98	14	169	16	60	100	118	228	217	7	132	4	54	92	107	140	129	208	37	76	4	42	34	128	111	128	39	241	
250	98	96	56	105	1	73	72	51	12	176	233	11	207	4	148	220	157	237	192	8	67	202	208	146	240	161	187	115	132	38	97	
7	162	85	69	162	90	170	138	127	97	122	192	200	2	148	244	55	29	98	24	145	240	165	216	14	254	7	70	198	131	203	165	
51	53	122	74	91	213	146	109	123	192	237	10	58	220	102	180	187	184	210	160	135	43	190	255	51	29	1	47	83	6	110	190	
102	62	122	68	114	138	59	82	57	32	116	237	61	215	129	52	54	253	151	194	160	146	144	106	119	188	32	168	111	179	38	179	
3	168	103	87	67	194	233	196	59	113	112	194	89	7	148	180	59	158	18	140	3	250	173	241	5	58	19	192	103	132	102	252	
80	42	123	104	42	208	48	72	228	8	246	160	149	215	160	112	38	189	239	128	0	195	175	66	211	229	43	137	32	128	39	163	
39	116	229	69	85	31	235	48	125	96	102	196	209	36	149	165	93	92	82	124	161	244	117	206	37	30	64	64	207	172	82	180	
104	162	90	36	113	8	120	17	33	5	116	173	143	3	130	148	134	133	205	4	14	216	129	197	226	245	32	209	106	132	138	19	
72	49	113	64	112	77	17	16	32	108	60	108	31	23	128	52	20	28	68	72	1	32	176	0	195	237	32	184	98	130	6	179	
92	182	157	229	174	91	87	184	91	174	62	42	199	117	192	38	51	84	236	34	76	113	235	10	251	199	101	183	230	250	7	103	
66	162	42	90	42	208	152	73	174	29	133	177	225	206	230	82	71	243	239	129	6	67	142	113	218	97	187	187	20	132	175	7	
184	78	92	126	98	170	87	180	21	6	102	225	115	67	161	81	86	240	4	106	104	180	73	63	246	235	97	17	122	249	68	11	
85	169	147	199	146	68	43	128	106	224	139	64	213	242	197	114	54	221	60	252	157	16	189	66	188	172	175	164	136	115	35	52	
149	65	61	107	8	39	153	12	228	16	227	17	211	30	24	41	204	145	120	227	236	167	115	16	225	169	170	28	81	147	165	18	
108	38	152	164	172	44	84	146	186	186	10	73	215	185	81	26	145	230	125	31	12	88	219	2	255	255	101	53	160	120	90	2	
252	78	140	181	137	43	84	166	148	182	130	153	199	33	67	11	1	230	232	35	108	109	81	42	224	195	85	17	32	120	28	10	
101	177	144	3	188	12	70	136	74	249	137	68	210	114	200	112	209	78	104	92	155	64	219	49	172	188	167	124	152	19	211	0	
189	75	71	228	86	2	238	112	20	160	243	198	89	67	177	161	126	228	22	235	233	183	12	238	48	171	175	132	109	171	112	160	
34	43	162	158	77	249	182	195	94	71	89	139	168	236	55	8	217	43	131	7	134	58	110	243	22	22	155	171	213	127	95	206	
242	20	189	86	9	118	16	39	225	243	163	24	50	62	4	123	129	183	120	128	61	79	241	8	155	186	80	51	0	64	70	62	
184	73	122	101	118	10	126	112	101	128	118	2	91	11	177	80	126	172	23	234	200	178	0	14	242	237	160	128	103	179	98	137	
68	6	211	69	210	46	107	59	121	132	111	196	89	39	132	213	119	204	2	44	49	208	189	78	45	174	7	68	227	161	230	240	
98	106	175	212	200	72	117	39	170	166	170	137	34	167	69	91	129	230	105	4	104	73	226	40	87	54	220	57	128	112	86	106	
89	93	23	229	48	206	101	55	109	168	106	68	191	51	0	245	38	54	92	40	97	152	49	44	229	232	36	16	42	144	193	57	
131	141	136	189	169	160	76	39	150	31	200	53	164	179	34	65	201	43	51	140	94	10	66	243	228	48	158	139	24	68	184	218	
71	50	249	81	248	109	249	27	107	255	61	252	156	190	223	58	151	95	125	29	147	66	254	64	77	28	63	252	196	97	7	241	
157	74	111	47	14	27	198	184	196	80	146	194	243	72	185	99	120	224	94	239	237	165	109	61	240	171	227	20	125	187	120	0	
112	48	189	68	79	127	144	107	83	191	160	57	2	60	68	59	137	149	225	33	40	111	243	136	91	210	81	63	193	104	70	182	
37	235	113	27	204	221	166	245	198	88	184	74	251	248	213	166	76	234	218	203	207	43	206	249	62	88	7	56	93	191	249	140	
85	161	12	161	180	27	98	28	111	97	155	205	199	136	26	0	178	5	108	13	159	240	221	145	166	253	3	85	108	142	217	6	
49	174	63	112	44	157	212	240	239	62	54	24	211	236	28	49	137	50	76	10	236	33	120	21	195	219	97	115	64	40	202	38	
89	176	154	178	162	104	81	98	250	67	166	57	95	183	66	112	163	151	252	0	29	73	179	18	211	229	50	19	168	64	47	83	
33	180	117	81	253	141	97	223	123	60	100	12	50	5	20	21	29	14	66	28	163	122	240	20	111	154	21	96	194	136	86	248	
222	190	90	80	227	202	54	224	185	10	182	169	12	215	130	213	39	189	238	34	96	67	136	215	254	241	33	199	34	128	47	3	
38	37	237	197	252	11	238	248	73	160	184	74	211	105	213	3	250	205	95	227	249	243	205	204	60	24	167	180	77	251	82	160	
13	164	17	59	189	189	50	136	223	63	41	24	206	210	104	252	145	11	234	28	54	36	122	247	143	223	17	127	210	79	137	7	
230	252	245	94	219	241	158	239	243	151	253	186	104	254	206	63	95	255	230	130	126	79	238	243	62	62	215	191	247	117	238	199	
246	254	215	94	250	241	30	239	187	151	249	248	106	238	236	159	191	251	231	130	58	111	138	243	56	214	85	191	229	241	166	173	
157	237	246	55	181	59	230	172	127	226	219	84	223	120	155	161	179	103	252	111	253	244	93	238	174	255	103	149	238	127	201	4	
133	239	247	87	255	191	166	238	255	250	127	112	108	248	157	167	191	110	102	106	245	253	174	255	46	127	103	6	195	117	203	173	
212	239	255	127	154	98	62	254	54	150	235	243	105	239	141	91	55	255	239	226	114	213	175	127	255	231	103	197	165	243	165	227	
47	115	96	7	84	31	206	184	101	228	255	205	195	76	159	148	92	204	194	239	205	178	253	44	38	77	133	52	111	191	90	212	
167	0	226	212	70	50	168	64	121	211	83	147	8	142	127	105	127	141	51	181	165	246	166	192	22	42	218	140	133	109	121	196	
4	188	155	178	218	201	179	192	234	241	40	40	118	252	106	50	163	123	66	17	6	107	170	115	125	134	21	123	192	10	7	203	
134	0	162	156	68	162	168	64	22	194	81	19	104	202	49	72	120	41	19	135	160	182	2	202	16	38	155	136	149	109	48	192	
252	253	221	231	190	123	87	188	122	234	63	42	119	125	139	51	51	86	236	99	121	241	169	46	253	231	101	23	230	123	143	43	
38	57	162	216	219	212	186	67	169	204	220	39	40	222	103	0	236	187	147	209	150	139	178	236	59	20	142	235	135	7	183	215	
71	114	245	116	41	124	89	26	171	255	179	252	207	190	223	62	135	213	125	14	141	69	255	192	147	254	117	190	174	245	71	117	
43	34	70	137	79	27	169	75	12	164	222	135	141	138	82	70	104	140	255	133	4	184	69	192	214	81	154	161	63	12	121	222	
168	191	26	59	242	173	190	247	22	13	124	253	181	227	34	1	191	59	7	125	114	186	8	63	108	133	46	232	89	200	171	155	
25	205	50	118	81	148	118	246	245	8	234	69	104	250	62	208	184	235	2	206	204	185	16	239	51	255	6	0	75	22	235	142	
230	239	132	190	248	167	79	254	187	190	249	253	234	231	15	29	221	239	239	230	250	207	203	255	252	182	207	190	203	247	166	208	
191	255	237	31	182	63	190	236	86	234	219	230	211	120	159	160	127	127	182	103	253	244	109	62	174	79	239	134	237	255	185	133	
156	255	255	127	178	34	63	252	54	174	207	177	65	103	137	85	119	94	173	234	120	208	41	62	238	231	231	132	162	243	164	241	
34	57	162	152	215	229	186	71	15	9	88	227	40	156	116	128	220	59	147	145	150	26	146	243	61	20	154	235	149	14	183	159	
200	25	190	245	37	156	120	23	237	143	118	24	191	187	3	251	132	55	252	12	140	252	240	136	199	251	112	17	194	136	79	75	
236	205	199	94	209	110	111	252	53	194	111	92	83	231	45	213	117	254	34	238	121	210	57	238	63	174	197	4	171	251	228	48	
61	91	121	103	52	79	111	184	101	232	255	104	211	117	153	112	94	212	126	106	201	176	109	44	231	239	229	148	109	187	64	49	
2	141	2	159	84	162	170	99	180	130	91	18	104	234	48	64	120	43	19	131	48	154	0	239	40	38	138	136	5	106	48	128	
41	32	78	141	93	25	232	67	109	97	118	87	141	8	150	162	106	141	206	133	133	188	197	192	20	61	146	33	79	12	123	140	
245	64	70	76	77	86	66	104	212	128	227	2	115	210	53	117	120	164	42	234	109	167	20	28	17	170	193	25	121	43	120	4	
148	252	223	178	234	249	182	239	250	183	56	186	124	254	238	59	171	251	226	19	54	111	170	115	125	135	119	123	209	121	143	207	
19	77	111	133	22	146	175	118	228	192	94	130	49	174	179	100	126	236	23	237	193	153	36	236	112	45	174	128	37	240	49	236	
221	111	202	166	144	6	110	212	113	200	234	71	115	227	115	80	116	239	4	254	236	151	156	106	250	229	167	8	41	243	170	8	
84	245	249	103	170	123	86	232	127	186	57	40	215	125	201	58	179	87	236	98	100	117	233	58	255	199	101	55	240	251	133	35	
31	31	99	214	83	150	251	112	61	204	215	199	73	238	183	228	118	253	191	255	229	145	61	206	127	127	143	128	47	230	45	117	
216	245	157	247	191	107	87	190	159	59	139	56	247	113	8	6	3	86	108	58	122	109	89	63	233	231	53	84	162	218	133	43	
2	204	2	155	20	163	170	198	22	3	90	18	104	202	49	64	121	107	19	129	98	156	8	255	32	38	154	128	20	91	49	136	
236	205	17	254	233	68	71	188	145	170	173	8	242	243	65	246	209	246	124	74	105	78	250	43	127	190	197	58	2	243	210	43	
1	149	3	237	180	199	97	55	20	73	218	100	177	183	176	96	216	42	55	141	219	152	97	31	169	190	190	192	24	10	176	249	
165	245	103	74	213	143	239	252	228	80	237	198	80	205	61	53	124	218	83	254	243	163	30	125	107	8	133	76	91	155	242	176	
137	54	147	253	48	174	105	51	60	11	122	116	183	179	128	96	150	62	52	8	177	152	193	15	196	175	50	192	8	128	35	169	
118	203	106	174	104	133	79	244	132	12	156	199	97	207	59	80	124	241	143	231	202	3	78	253	240	65	175	185	53	191	54	216	
90	185	50	250	139	196	16	103	175	17	229	48	46	223	44	81	167	179	223	128	82	11	18	241	211	241	90	75	114	4	167	27	
13	180	248	195	228	126	185	154	106	255	31	50	153	191	219	170	127	94	255	152	147	112	251	192	79	13	255	228	134	231	223	243	
58	73	114	236	118	130	94	116	45	128	250	130	47	143	53	80	126	189	21	226	200	147	0	204	242	237	162	128	39	178	35	137	
32	141	2	158	84	163	170	99	20	129	91	2	96	234	48	64	120	106	19	131	112	186	8	255	32	38	138	8	21	106	176	128	
133	176	159	243	118	143	171	152	62	153	83	242	213	211	232	104	55	25	127	29	179	220	11	86	204	142	59	196	140	129	1	161	
90	153	18	186	139	228	16	199	175	17	193	49	172	223	40	89	231	179	255	144	18	11	146	245	155	241	26	75	146	0	167	19	
124	253	245	71	238	123	215	184	91	234	63	42	86	125	205	183	179	214	236	98	225	241	233	46	63	239	101	55	231	251	198	103	
153	93	122	229	118	18	255	117	52	72	118	163	121	31	178	96	126	189	151	238	224	156	37	206	118	233	170	128	39	178	229	249	
58	35	38	173	11	19	57	75	134	180	206	135	137	134	39	204	236	141	239	180	74	219	99	220	150	225	203	215	23	44	36	214	
2	201	6	143	30	131	168	101	142	0	82	2	172	202	48	64	110	41	59	193	66	152	3	253	36	48	154	192	21	10	33	136	
200	104	186	241	37	190	120	23	251	255	182	25	159	155	82	186	197	173	253	29	188	252	240	128	207	217	119	65	194	192	207	75	
3	91	94	177	34	144	184	82	172	12	82	231	173	142	167	200	38	41	191	197	196	152	6	224	134	105	122	130	44	133	41	221	
2	141	106	159	214	163	170	231	22	65	90	147	36	238	48	64	127	43	19	149	178	152	0	255	60	38	158	192	149	72	177	152	
89	223	7	109	176	6	111	183	101	200	218	100	115	51	177	244	116	230	28	236	201	153	1	77	176	172	166	128	43	242	160	61	
134	62	230	208	235	245	184	194	187	127	17	191	12	254	127	43	175	187	247	129	164	87	170	210	23	22	219	175	133	117	39	215	
38	140	98	158	84	163	170	98	84	1	89	18	96	232	60	64	120	42	19	129	176	186	4	255	24	46	138	200	21	75	113	128	
165	192	75	251	236	3	237	252	22	178	211	82	209	195	249	105	123	204	54	251	225	246	75	80	204	170	255	196	61	185	113	160	
214	232	214	183	46	0	254	236	175	178	146	130	237	78	77	75	167	197	127	227	98	93	139	225	190	218	223	198	5	177	161	9	
233	89	85	69	168	30	68	182	225	248	38	76	147	51	129	247	0	100	124	106	233	248	113	44	167	250	100	16	42	176	64	45	
204	20	190	241	161	108	53	23	250	223	34	17	156	187	74	107	165	23	121	16	48	237	179	66	207	187	86	66	138	112	165	83	
148	252	191	191	234	233	183	238	222	246	104	58	246	252	107	105	179	123	34	67	118	125	42	63	253	135	127	63	208	121	133	203	
11	159	18	153	242	191	184	247	63	13	90	229	172	170	166	196	183	59	135	21	182	152	4	255	46	119	62	195	158	196	169	157	
2	236	2	154	20	163	170	230	22	3	90	2	104	202	48	64	121	106	2	145	98	190	8	255	40	6	159	192	21	11	48	136	
218	176	150	248	137	237	16	71	191	19	160	24	142	191	68	27	167	179	253	16	58	111	146	209	155	211	94	123	146	68	167	19	
0	223	117	95	154	223	103	190	68	54	108	98	114	85	164	117	99	114	10	106	227	184	123	61	103	138	117	16	114	154	196	169	
3	157	83	155	211	193	186	231	31	65	88	231	172	238	38	196	110	59	131	213	23	152	22	255	44	4	158	194	191	12	169	157	
134	24	146	157	198	130	184	67	30	3	82	178	172	254	113	72	119	123	179	145	50	220	2	234	12	54	222	130	148	105	33	137	
193	78	63	117	36	110	97	18	252	218	243	80	247	37	145	123	134	100	108	14	168	229	97	42	197	250	114	16	64	241	69	105	
252	215	92	99	171	95	85	189	121	63	167	124	222	51	200	223	151	214	236	106	121	97	251	16	255	243	117	119	250	250	140	43	
198	54	237	33	234	106	189	31	168	255	27	255	221	44	222	27	135	87	125	53	181	68	245	66	76	42	127	196	133	116	151	115	
125	89	121	103	116	78	111	184	101	232	247	110	83	85	153	112	94	204	126	110	201	176	125	44	246	233	229	148	111	187	82	49	
18	65	82	142	54	128	254	101	141	0	208	130	172	206	56	64	126	185	31	225	66	131	0	221	176	48	138	152	53	26	161	137	
6	44	146	153	118	162	184	66	62	131	90	146	172	206	49	72	127	59	179	145	34	220	2	226	28	38	158	194	149	65	33	153	
92	88	187	244	66	104	51	210	161	134	110	41	63	183	97	90	38	245	233	66	0	215	176	104	211	167	80	9	160	113	39	107	
33	189	40	40	188	29	198	191	67	109	184	77	147	56	86	0	201	194	94	93	223	42	221	183	248	93	52	124	221	222	218	205	
103	50	225	96	244	109	235	90	107	237	57	236	158	190	221	60	191	223	117	157	147	114	252	64	157	28	61	174	205	227	71	245	
6	140	2	158	84	163	170	98	148	1	90	18	96	234	48	64	120	42	19	129	50	186	2	255	40	38	138	200	149	11	48	128	
163	106	114	85	82	150	171	86	57	6	116	194	40	195	165	189	62	251	19	200	162	222	164	239	22	62	18	138	99	144	99	173	
88	178	123	178	242	88	48	25	54	81	226	249	95	31	200	240	55	159	237	145	30	90	133	80	254	225	63	201	164	128	167	19	
154	85	122	239	114	18	127	117	53	66	119	163	125	31	176	97	126	189	151	238	232	148	37	206	118	235	238	128	39	182	228	219	
105	176	119	82	233	141	97	81	171	61	100	28	30	149	132	180	37	30	98	12	146	121	178	81	31	56	17	98	66	132	194	245	
18	50	95	65	98	90	60	88	168	50	114	225	77	167	132	145	166	29	238	162	100	209	137	88	22	227	99	167	97	240	47	135	
19	160	79	75	72	82	168	200	230	81	242	210	81	158	252	164	233	159	122	136	15	243	175	241	31	249	155	199	77	0	235	172	
34	171	160	158	205	241	190	203	158	87	88	139	172	236	119	8	201	123	179	5	6	58	110	241	21	22	218	171	213	77	85	222	
24	34	127	105	40	130	105	16	38	36	226	229	195	7	128	208	214	181	237	132	136	208	225	16	192	227	171	128	32	130	36	113	
98	178	72	35	48	24	120	16	33	8	245	237	15	3	138	22	22	196	205	140	94	216	209	193	198	241	160	213	46	134	74	147	
51	64	37	69	29	31	201	32	69	236	178	6	195	40	148	167	204	196	122	237	237	245	117	156	161	218	203	16	73	40	80	116	
227	252	213	95	253	255	71	175	91	59	44	120	102	115	140	247	147	214	96	42	115	92	251	255	63	190	85	126	154	217	194	45	
220	223	80	174	170	8	23	184	27	166	47	234	111	101	137	210	55	215	236	98	64	49	139	63	252	231	101	63	102	251	141	49	
125	95	223	238	160	46	87	184	33	142	234	101	83	103	33	90	244	228	44	102	205	146	73	40	242	239	101	0	168	251	96	83	
85	45	139	166	240	70	110	208	96	192	106	68	113	242	209	112	114	238	20	254	141	146	156	42	188	172	175	8	168	243	34	8	
220	255	251	230	210	107	55	252	115	166	63	234	127	247	201	48	55	214	228	98	116	243	173	110	251	135	101	37	227	251	135	35	
124	119	245	71	254	90	247	184	107	168	191	106	90	125	205	182	54	212	236	98	193	243	173	40	127	239	101	55	103	251	199	37	
100	180	243	84	230	75	119	248	115	162	50	42	87	241	192	52	51	252	102	34	32	114	172	10	126	142	101	47	231	232	70	163	
156	239	254	255	154	171	191	238	54	182	249	187	255	230	107	1	63	123	238	227	118	255	47	63	232	199	111	45	245	251	167	243	
47	251	97	78	250	147	207	252	83	228	252	239	105	204	222	180	94	248	151	254	223	58	238	255	62	28	37	252	127	191	238	253	
189	239	172	63	156	55	206	254	86	234	217	87	241	232	27	33	221	111	118	239	253	246	255	63	236	207	239	165	253	251	187	128	
7	207	247	87	210	134	175	246	188	134	126	194	121	227	165	38	39	119	122	202	224	217	47	110	47	174	79	128	71	241	161	173	
94	223	238	79	178	6	111	188	53	174	255	165	193	103	139	84	117	214	237	238	200	208	105	44	238	239	167	132	163	243	164	113	
213	165	154	164	246	10	102	143	122	163	10	124	86	240	193	16	179	239	100	21	37	80	136	10	188	132	37	102	172	114	139	3	
21	247	117	67	186	11	174	168	108	178	10	236	215	96	221	35	55	87	72	123	241	240	61	126	172	130	111	116	76	243	3	33	
156	239	253	119	154	34	127	188	54	166	235	213	201	103	9	81	119	223	237	246	248	208	125	126	239	239	231	133	161	243	164	112	
252	116	173	51	141	125	85	150	226	247	166	29	147	117	75	59	129	198	232	2	108	100	243	34	195	211	84	49	194	121	222	114	
133	239	223	94	234	191	182	238	254	154	254	114	105	248	173	175	191	127	110	194	245	239	175	255	62	255	119	139	193	241	235	141	
182	237	255	127	202	243	190	239	254	246	248	179	233	238	13	171	127	255	239	211	124	111	239	127	61	231	255	187	229	113	167	254	
197	253	252	55	180	59	118	188	127	226	91	84	207	120	155	225	51	199	238	227	245	240	93	238	174	127	71	7	238	247	137	4	
166	238	204	92	216	161	79	239	187	183	252	157	161	238	70	27	207	247	239	150	58	79	202	115	63	183	223	249	245	241	174	248	
165	196	5	89	236	7	231	232	150	58	176	80	83	81	57	43	89	64	115	238	105	102	75	29	109	138	229	196	89	123	242	160	
37	67	205	189	100	11	237	184	22	178	82	70	213	67	209	105	122	76	54	234	193	240	79	16	204	138	255	132	28	185	113	160	
244	50	157	60	40	76	85	56	130	254	165	45	214	119	75	91	133	212	108	98	105	71	251	8	217	163	101	60	88	112	6	123	
33	33	93	229	252	11	239	121	204	176	248	74	211	41	149	35	106	196	127	107	201	242	205	76	124	24	239	180	77	170	83	168	
134	0	130	158	68	162	168	64	22	130	81	18	72	202	49	72	120	41	51	145	32	182	2	202	0	38	155	136	149	105	48	128	
73	128	156	119	137	125	81	187	231	247	167	24	254	51	74	251	129	70	232	24	54	109	251	17	203	219	85	117	194	104	8	110	
213	74	103	172	14	11	96	184	197	82	146	194	115	72	177	103	104	160	110	239	237	37	103	157	212	42	225	20	127	185	120	36	
34	143	8	189	184	192	20	39	158	75	88	113	164	178	162	64	193	42	191	133	118	136	66	247	172	54	190	139	24	68	184	143	
12	172	156	243	237	253	113	154	223	127	36	28	223	193	107	26	129	10	110	24	54	100	26	51	207	223	85	125	218	217	77	210	
104	48	185	116	205	109	144	71	83	187	161	24	154	61	68	138	141	151	225	17	25	122	211	130	221	215	80	123	193	72	134	178	
99	168	222	83	201	156	48	134	235	177	38	24	138	186	68	126	197	118	104	24	23	123	218	240	15	154	85	127	192	224	202	140	
107	184	176	60	45	157	208	171	203	124	164	13	174	216	94	148	129	3	204	13	198	107	218	177	137	217	81	58	90	12	75	79	
33	32	16	56	13	221	144	72	206	104	176	72	159	216	54	32	200	33	126	1	141	99	222	144	129	216	11	59	89	12	75	132	
77	34	218	100	184	28	88	19	98	245	38	13	211	163	83	90	129	196	108	28	28	66	183	0	203	237	117	45	160	240	74	72	
50	34	87	65	66	19	184	80	55	36	240	227	9	143	4	144	126	157	195	128	4	211	129	208	22	225	3	131	67	128	47	129	
131	33	119	65	3	86	169	64	60	96	242	194	216	6	148	228	62	149	122	204	129	241	37	192	21	58	11	128	67	132	33	116	
55	0	143	93	129	182	160	72	250	192	226	68	82	224	53	254	249	252	232	152	141	227	183	78	3	190	199	0	201	112	106	148	
114	98	72	232	104	1	72	72	179	36	176	169	2	207	196	144	222	153	239	194	74	67	202	81	150	144	169	187	117	128	6	225	
65	131	88	5	54	90	250	136	110	97	122	68	215	8	156	224	178	197	126	97	135	176	133	93	164	55	42	69	76	130	9	5	
144	34	62	173	50	75	21	105	118	190	211	163	215	196	160	0	55	25	78	35	104	245	45	28	200	131	101	181	112	168	5	35	
49	181	122	74	95	151	146	237	95	33	237	10	120	216	46	48	251	187	210	128	150	35	62	255	115	77	3	47	89	2	239	134	
254	117	120	66	239	95	214	239	193	174	188	43	74	124	95	183	187	215	213	99	252	35	188	202	123	93	69	63	103	254	222	79	
82	34	14	124	8	132	152	75	166	149	192	149	193	206	122	66	204	125	233	129	142	67	138	17	211	161	171	157	0	0	191	82	
221	127	107	98	162	62	127	80	225	238	189	236	91	5	215	191	54	244	212	126	233	229	188	42	114	201	37	188	239	247	74	241	
43	216	36	255	61	212	221	190	95	91	212	20	184	253	62	228	205	74	183	141	175	110	115	183	103	127	218	155	22	28	212	255	
8	207	42	124	244	148	254	231	245	13	254	5	99	233	62	80	216	234	195	141	126	187	2	47	115	127	150	73	74	212	254	154	
43	212	164	223	125	148	220	191	95	91	244	18	232	61	190	101	221	218	55	137	238	106	123	247	111	255	222	218	22	156	208	239	
218	188	158	243	139	224	53	135	186	23	34	179	188	190	74	75	167	83	233	145	54	76	139	227	205	243	94	207	160	81	165	91	
153	191	30	187	178	143	94	247	53	74	88	69	183	82	34	49	255	107	22	231	255	220	24	63	232	195	47	192	56	208	163	217	
6	193	214	158	222	3	236	237	157	144	217	2	236	234	60	67	122	235	23	161	112	235	10	204	60	58	207	136	149	122	241	136	
151	73	103	229	54	130	238	112	245	192	82	198	121	15	181	225	126	245	23	239	233	181	5	236	48	170	171	128	45	179	112	49	
83	141	7	158	149	212	108	103	164	73	202	2	32	254	50	228	232	162	59	129	92	139	50	255	177	38	154	203	17	6	180	78	
210	72	82	172	54	130	94	100	45	0	210	2	47	138	53	80	126	185	159	227	72	151	0	207	176	249	138	136	53	178	33	9	
134	62	242	211	226	225	184	67	190	219	81	183	140	254	127	8	239	59	179	149	178	222	138	210	28	22	219	239	133	69	167	211	
35	61	50	218	255	180	186	86	139	73	92	35	44	158	247	32	206	59	151	145	150	43	162	239	63	28	158	234	215	70	35	223	
134	32	130	153	4	162	168	64	54	130	83	146	72	206	121	72	126	41	51	147	0	214	0	194	0	6	155	136	133	105	49	128	
216	91	126	254	54	210	119	52	228	140	214	167	239	111	163	195	98	244	173	226	232	189	38	173	242	227	226	129	38	190	124	123	
13	52	248	193	245	126	187	218	98	237	31	38	217	181	219	174	63	94	255	152	147	112	249	194	95	205	167	229	143	239	95	241	
82	184	18	186	203	196	18	195	175	17	161	49	44	222	108	80	167	243	219	194	18	11	154	241	155	241	26	107	144	1	167	27	
253	109	66	180	240	134	78	246	113	202	234	69	115	227	51	81	89	238	4	238	253	218	208	46	248	239	167	136	42	245	234	88	
40	89	125	79	138	91	39	188	196	4	238	166	243	101	165	102	70	118	106	74	65	185	127	61	103	175	101	16	122	251	196	57	
159	30	102	222	81	246	251	114	181	204	222	135	41	238	54	228	252	255	191	143	165	219	54	238	115	127	139	131	15	229	45	85	
202	176	150	184	201	237	16	67	187	19	160	25	142	190	76	27	167	179	251	16	50	79	146	209	155	211	94	123	144	64	167	27	
204	20	183	188	139	108	53	23	189	215	99	17	220	183	32	223	167	55	249	16	48	205	179	66	193	243	86	2	138	112	165	115	
189	237	173	123	156	55	206	236	86	27	185	80	243	104	29	160	217	67	94	255	255	35	125	63	169	223	175	92	213	123	248	132	
198	232	214	148	106	0	254	238	171	178	146	130	172	206	117	75	167	197	127	195	64	69	139	241	180	154	207	172	5	49	33	137	
118	203	107	174	40	129	79	244	133	132	152	207	99	199	177	80	124	241	143	238	200	3	108	189	240	197	175	185	53	187	54	104	
132	201	134	159	220	130	172	229	156	146	210	18	232	234	41	75	104	234	42	240	112	203	67	232	188	34	206	8	149	120	177	128	
236	223	208	70	235	89	55	188	59	182	47	172	111	247	203	214	55	214	224	98	81	124	185	51	126	231	85	55	122	251	207	27	
133	96	157	249	110	130	169	88	62	184	83	230	213	67	209	106	126	93	127	223	195	212	79	64	204	136	171	132	140	145	33	161	
0	140	11	157	212	163	171	231	22	1	90	82	49	234	48	64	123	43	19	129	50	152	1	127	124	38	190	192	149	72	177	136	
239	221	199	94	249	182	102	174	183	218	238	80	122	246	173	255	217	254	234	206	121	207	251	255	47	254	215	10	218	125	232	188	
137	18	17	241	50	175	41	24	62	41	83	244	221	23	136	104	55	29	62	56	163	148	73	87	196	167	59	196	156	129	1	177	
178	197	66	142	30	129	206	109	141	0	217	2	239	202	56	64	126	169	31	227	106	7	72	223	176	240	138	152	53	26	177	0	
56	167	233	161	252	47	79	159	19	237	248	221	131	41	218	16	89	142	7	61	154	186	69	151	238	221	181	244	245	204	214	232	
6	12	130	155	214	163	170	67	30	131	91	146	108	238	49	72	127	59	19	145	50	152	8	238	12	38	154	192	149	77	49	144	
130	193	150	159	252	3	172	237	158	144	81	18	236	234	56	67	122	107	59	225	112	253	75	205	44	50	207	196	21	58	177	136	
47	118	225	101	118	124	234	90	107	233	121	236	25	159	221	188	63	221	215	157	131	178	252	194	22	124	33	172	239	231	74	245	
93	93	62	174	34	143	95	188	45	202	206	44	255	114	163	113	246	243	93	239	237	131	61	61	240	239	111	144	56	114	41	27	
1	44	90	87	112	166	171	114	60	130	122	196	49	195	181	17	126	107	19	140	161	156	16	111	36	174	170	128	73	192	99	184	
100	176	86	80	194	137	49	73	171	145	101	42	12	211	108	150	35	254	115	8	18	243	154	65	30	40	1	106	227	128	227	163	
19	50	215	37	18	14	46	64	60	166	98	228	205	38	133	152	182	213	108	165	165	208	5	78	132	230	43	128	225	112	35	181	
117	168	56	186	142	193	209	200	198	81	160	11	180	216	114	2	201	227	122	145	30	99	222	49	216	1	143	123	221	8	250	130	
34	185	160	156	221	233	178	206	143	117	88	171	172	188	118	0	201	59	179	65	22	58	210	241	61	20	154	43	213	78	149	222	
64	0	76	229	24	6	73	24	55	164	110	133	213	39	0	80	86	245	109	140	8	208	209	12	199	227	235	128	40	162	36	48	
51	64	37	101	44	75	193	32	111	232	178	8	210	56	148	38	200	68	124	111	105	225	101	12	129	186	225	146	76	56	80	101	
99	179	9	163	96	12	106	48	40	232	105	205	212	14	30	16	148	141	87	68	133	144	217	69	164	60	171	224	8	130	67	208	
184	76	82	228	118	42	126	116	49	130	242	2	11	11	49	89	122	237	6	226	104	183	0	206	178	233	162	128	103	243	98	137	
125	91	223	229	178	14	87	184	33	140	235	101	83	119	35	82	118	228	44	110	201	147	185	8	243	239	37	0	170	251	96	113	
149	111	123	101	244	194	111	112	112	232	122	96	113	82	145	112	114	252	20	250	233	146	172	14	236	169	167	128	32	162	38	161	
228	223	218	86	211	251	55	255	251	182	47	190	108	243	205	245	55	254	226	98	113	127	190	127	62	46	69	111	235	243	207	189	
57	109	66	55	244	134	102	246	113	202	126	69	115	99	147	212	121	238	20	238	237	218	68	47	110	239	164	128	43	245	250	201	
100	167	219	69	210	11	46	184	114	162	98	200	83	97	64	19	55	221	66	34	32	242	141	74	124	134	5	36	229	242	38	160	
124	251	241	70	246	27	183	248	107	168	191	234	91	124	221	166	62	221	228	99	193	179	173	168	58	205	37	182	103	187	207	165	
244	253	247	86	210	107	183	239	123	179	111	58	107	241	205	55	63	254	98	250	112	247	142	111	59	174	69	47	227	243	231	164	
116	172	210	150	214	136	102	193	187	163	99	27	102	227	65	26	51	238	32	30	52	218	154	106	28	134	85	42	160	112	234	138	
94	184	18	250	139	228	18	204	175	25	177	48	46	223	108	80	231	243	207	210	26	11	154	241	155	241	26	235	146	19	167	27	
141	238	190	63	172	187	254	239	254	211	251	145	235	232	94	43	187	111	238	131	254	255	143	127	236	127	87	13	197	245	235	140	
244	168	188	16	137	253	20	135	235	183	160	25	14	184	71	27	129	231	232	16	30	111	226	112	219	218	85	127	208	112	199	78	
52	23	21	229	188	47	71	184	68	170	187	108	211	49	137	24	89	212	76	42	41	162	89	30	225	134	229	52	248	251	82	32	
165	37	193	127	242	10	71	184	16	162	104	233	115	99	137	81	91	206	0	110	104	214	73	46	108	174	101	52	120	250	66	128	
94	219	108	69	50	26	111	184	37	172	254	229	219	103	141	84	118	212	237	238	201	144	237	76	110	239	167	132	39	178	100	113	
12	176	188	241	237	125	113	27	255	255	37	29	158	225	75	26	145	10	110	28	2	100	251	145	207	219	85	125	218	104	79	242	
104	56	184	241	237	109	144	7	219	59	181	24	158	189	68	186	141	31	241	17	27	106	211	128	95	211	84	123	202	72	142	179	
5	168	223	87	202	138	180	232	186	178	32	0	116	242	76	178	51	127	98	16	35	209	154	121	13	170	71	38	193	96	67	160	
204	239	237	127	184	34	79	190	55	182	239	144	241	231	73	87	93	255	111	250	120	214	251	127	255	191	199	132	163	243	164	112	
188	120	189	251	143	205	177	88	22	147	97	18	151	221	97	75	193	121	51	83	2	116	250	32	197	193	126	104	144	57	5	163	
213	253	174	62	221	191	118	254	247	250	251	31	122	232	63	107	249	231	110	231	252	247	159	255	254	62	71	4	201	255	250	70	
96	49	248	100	16	76	65	19	96	196	174	13	147	135	66	82	80	196	104	88	8	72	241	0	203	173	5	57	224	160	70	82	
97	0	223	93	40	90	128	77	254	128	235	0	210	242	164	242	216	108	122	8	13	227	251	91	1	62	195	27	88	122	122	134	
97	5	91	229	116	10	234	53	104	169	250	72	247	11	148	112	254	237	110	105	137	186	193	76	228	188	162	144	77	138	67	169	
0	34	52	169	58	11	17	120	55	180	227	225	199	67	0	0	31	153	75	160	42	240	79	93	204	130	97	36	112	129	4	32	
40	169	49	120	221	221	243	198	223	149	104	9	46	201	116	132	169	107	195	81	18	107	186	245	123	93	23	107	83	13	247	234	
61	89	125	111	116	14	111	184	101	232	247	78	83	81	153	48	126	204	126	106	201	178	125	44	246	233	165	148	111	187	82	49	
83	33	34	164	213	142	67	77	119	132	202	15	66	200	50	84	248	237	106	213	140	179	150	202	184	52	1	10	233	142	112	70	
193	66	227	93	100	42	105	18	117	162	114	242	147	0	177	111	106	172	38	12	161	244	231	74	68	42	240	0	125	169	64	160	
19	54	72	161	32	47	184	72	62	164	66	197	149	3	2	1	126	13	115	36	36	208	213	28	196	131	171	160	12	0	11	146	
67	32	7	76	9	210	136	72	228	192	130	64	216	218	148	230	200	245	122	201	141	227	199	192	145	122	139	24	65	4	41	36	
254	148	224	86	181	94	214	175	81	239	191	59	75	124	30	55	187	214	149	33	252	235	172	142	123	223	213	247	231	236	214	103	
35	159	23	188	189	132	20	55	220	73	202	100	164	176	32	224	196	50	10	1	239	139	18	255	161	54	190	138	24	68	176	31	
51	34	71	173	16	6	234	75	52	164	226	197	65	6	4	208	252	205	67	164	41	210	81	78	144	238	139	128	9	0	34	180	
43	212	116	251	109	221	220	191	95	91	116	18	234	125	158	100	221	26	183	13	254	124	123	151	111	255	246	254	22	156	208	255	
223	55	249	65	163	125	125	89	41	254	55	189	79	76	223	191	39	157	213	62	245	116	189	192	223	217	69	183	111	246	143	117	
108	225	232	32	156	205	81	139	35	245	172	141	151	141	90	18	137	132	73	85	30	105	248	17	219	197	5	125	224	136	222	82	
74	42	6	188	9	196	89	91	167	157	132	129	198	207	114	66	204	189	105	133	10	75	194	209	209	176	139	61	18	132	54	82	
1	48	21	45	45	79	144	74	206	224	160	72	214	216	84	38	136	21	106	1	141	97	219	16	145	154	11	58	88	8	9	6	
159	92	71	228	38	2	238	112	117	194	211	230	89	255	177	229	126	245	63	239	225	149	13	206	48	234	235	132	47	183	113	49	
218	218	54	188	47	68	92	181	157	90	214	191	255	63	34	75	231	245	255	227	232	79	67	255	211	243	250	155	54	188	181	91	
195	254	1	147	59	184	186	174	63	123	26	245	172	6	214	199	167	71	253	151	231	76	143	247	156	16	31	254	14	5	11	93	
217	221	113	78	154	29	71	188	70	2	254	230	243	245	165	100	118	246	108	106	201	169	125	59	243	237	36	24	123	251	196	57	
167	237	206	189	248	171	190	230	190	182	108	157	181	226	83	17	203	111	123	78	118	223	218	63	252	167	255	169	140	113	155	218	
3	93	70	95	178	134	175	246	60	142	126	198	248	227	181	68	127	111	59	206	224	216	19	111	110	190	239	128	79	241	161	184	
18	133	103	190	151	192	110	105	164	1	203	3	97	234	56	228	120	163	59	163	126	139	30	253	177	38	138	73	53	6	180	110	
78	170	172	182	171	192	57	169	154	23	5	163	236	239	75	10	183	123	237	145	86	73	138	241	201	87	223	251	148	102	13	75	
153	206	2	239	23	147	78	240	84	2	92	198	99	65	179	196	120	232	134	110	233	188	45	191	226	207	160	129	119	191	120	232	
111	113	96	74	237	84	223	80	193	200	189	5	26	92	119	191	204	128	149	255	205	35	122	192	83	89	133	30	67	127	122	118	
182	239	173	255	184	107	174	239	54	191	249	243	225	238	217	129	125	255	239	243	122	254	239	63	189	231	255	181	245	115	135	240	
66	104	150	149	110	0	188	236	174	178	146	2	236	138	113	74	103	101	127	195	64	69	131	233	180	50	223	140	4	48	33	9	
6	76	2	154	84	163	170	103	20	1	90	2	96	234	49	64	121	42	19	145	32	190	0	223	40	38	138	192	149	10	48	128	
134	32	130	153	20	162	168	64	22	131	83	18	72	202	49	72	120	41	19	145	50	150	0	202	0	38	154	128	149	105	48	128	
220	137	89	242	135	236	91	166	53	23	103	26	95	55	104	89	227	147	57	218	56	30	89	182	219	239	210	73	178	1	164	42	
140	255	247	191	154	235	55	254	55	182	239	250	239	231	41	69	63	255	238	242	122	247	79	255	253	150	69	116	242	251	165	33	
34	148	244	251	253	31	252	191	95	59	117	26	206	121	156	96	221	30	63	25	242	120	107	215	175	254	213	246	214	140	208	143	
88	88	187	252	1	196	117	22	177	134	110	9	62	183	97	90	160	245	233	128	64	79	178	105	209	183	92	11	32	112	38	122	
35	181	242	202	118	180	186	95	11	73	124	163	44	254	190	32	222	59	151	149	150	58	34	215	46	28	158	234	215	198	227	223	
115	1	105	228	52	11	202	117	109	96	250	202	83	9	148	48	126	140	21	239	205	186	69	140	178	252	162	144	109	138	112	44	
45	237	172	191	188	175	238	252	86	250	219	69	243	232	27	33	221	110	126	127	223	240	223	61	237	239	239	52	252	123	216	218	
2	4	98	137	84	163	170	71	84	1	88	2	104	232	49	64	120	41	19	177	130	186	0	222	56	36	138	192	149	8	176	136	
22	222	2	186	29	165	18	216	150	73	201	87	96	242	42	192	221	43	155	145	62	7	10	247	185	54	155	207	153	31	188	19	
43	244	116	251	253	189	252	191	95	123	93	58	142	253	254	100	207	27	255	29	246	56	123	215	175	255	213	254	150	204	208	223	
241	93	63	220	7	198	21	119	228	200	206	6	48	182	33	99	104	246	56	193	105	139	48	44	241	32	214	2	41	48	112	122	
6	13	130	155	214	162	170	67	30	131	91	146	108	238	48	64	127	43	19	145	50	152	8	254	44	38	158	192	149	74	177	128	
2	177	176	144	239	229	184	79	138	57	89	43	140	190	76	0	141	27	179	145	146	26	218	209	29	20	159	239	144	78	135	219	
0	34	85	201	74	11	41	8	62	36	226	192	196	3	132	84	94	28	106	136	0	184	69	92	4	2	17	0	80	136	4	160	
60	255	222	87	147	103	167	239	114	190	253	26	123	224	205	177	63	255	228	242	121	242	187	47	185	239	101	45	233	115	239	160	
102	168	231	95	120	2	107	184	55	180	230	128	97	231	141	117	95	252	235	168	88	218	235	125	31	254	199	132	231	160	102	184	
113	0	83	77	46	91	128	72	110	33	226	224	210	210	164	112	242	28	106	0	5	163	199	80	16	36	3	27	85	10	105	4	
125	235	242	70	118	27	255	248	99	228	254	170	107	233	223	180	62	221	230	234	196	179	173	238	122	237	5	45	103	191	110	164	
125	147	99	77	82	23	75	56	37	164	254	236	91	71	157	244	126	156	254	236	201	146	229	14	122	237	161	132	111	162	98	52	
57	223	67	63	214	150	103	246	113	202	126	102	115	113	163	244	127	238	22	206	237	154	101	47	62	239	180	128	43	247	250	205	
9	207	198	95	180	150	239	247	124	138	126	102	248	227	181	196	125	110	38	140	227	152	39	111	46	174	182	128	111	208	233	185	
3	165	240	203	246	177	186	79	95	65	93	131	172	206	188	32	255	27	19	157	150	56	108	215	46	28	154	232	215	206	241	221	
34	177	160	138	223	229	184	207	11	105	88	43	172	188	108	0	157	27	151	17	146	58	218	209	61	20	158	239	213	78	151	219	
198	52	237	64	234	125	253	89	43	254	177	185	88	60	223	59	183	149	127	55	229	117	173	192	95	88	125	183	229	244	7	247	
17	7	91	229	178	102	111	117	52	202	250	96	85	119	160	113	126	111	20	234	249	144	33	14	224	175	170	128	41	242	163	161	
112	185	105	96	84	77	65	19	34	228	172	9	19	21	80	48	24	156	81	88	75	58	240	4	203	141	5	124	97	136	86	122	
248	233	24	250	25	213	82	136	131	49	164	8	175	215	72	176	200	147	249	208	10	11	218	49	155	213	133	127	50	2	10	42	
20	168	94	88	202	128	176	75	170	17	232	2	0	211	68	16	43	189	98	152	18	235	146	64	30	40	3	110	193	0	227	128	
17	32	214	36	74	3	104	72	55	128	226	129	69	227	0	16	58	221	106	132	12	211	151	64	84	162	11	8	97	160	43	128	
96	160	56	184	13	201	144	200	198	48	136	9	183	216	82	66	201	225	106	17	14	99	218	17	217	129	143	61	80	8	30	130	
81	32	23	76	10	11	176	75	239	160	226	42	214	152	68	36	162	29	106	1	5	121	135	80	148	18	27	58	65	8	3	14	
98	33	77	69	82	10	106	10	63	160	106	193	81	35	0	80	114	220	107	236	0	208	193	76	100	170	193	0	96	160	66	160	
65	66	189	69	44	75	195	32	108	168	146	104	214	56	132	98	146	84	126	107	137	244	197	4	132	62	99	16	68	56	81	33	
17	34	15	173	16	7	104	91	52	160	98	196	211	34	16	80	252	141	54	173	13	216	65	28	149	174	186	0	105	0	50	136	
17	32	12	165	18	11	104	75	54	160	66	211	151	3	16	72	114	13	91	45	57	216	69	28	196	170	187	0	44	128	17	128	
98	233	0	154	77	221	66	200	131	4	233	9	162	205	60	144	200	232	203	69	78	43	218	177	19	117	1	59	82	14	94	74	
1	225	9	161	112	15	111	29	40	200	106	76	213	22	24	48	148	13	93	109	193	144	241	13	229	172	42	132	8	18	131	240	
40	169	51	122	221	221	210	198	223	21	108	9	46	221	116	132	137	58	195	81	66	43	154	247	123	85	20	107	82	12	223	170	
253	81	255	36	58	14	87	56	161	204	182	36	95	83	131	83	118	228	124	126	233	199	185	12	251	235	101	148	107	179	98	115	
220	119	127	101	50	6	79	52	100	172	190	100	91	19	129	115	54	212	76	234	233	245	49	12	243	233	231	148	42	179	98	49	
0	102	85	101	122	11	174	56	96	162	34	204	209	33	128	19	63	84	98	46	96	244	77	12	108	138	101	16	105	242	67	160	
105	49	241	76	112	78	67	48	97	232	226	76	83	21	129	116	84	220	116	110	201	178	241	8	197	188	32	16	106	162	66	112	
86	169	148	94	11	192	176	129	171	145	160	8	232	242	68	182	129	123	104	208	6	75	202	113	153	146	87	123	192	0	43	142	
104	177	152	243	237	253	149	7	75	127	189	24	158	185	74	14	141	31	246	17	18	122	243	128	79	221	20	123	194	72	143	139	
97	75	81	229	124	9	239	48	196	160	242	66	183	1	209	226	122	236	94	110	73	176	197	12	228	169	163	160	108	186	81	168	
96	168	190	50	137	201	148	198	202	191	160	25	166	184	102	26	129	119	234	17	30	107	202	112	217	19	95	127	208	88	143	14	
205	255	222	86	219	119	183	254	250	254	175	188	120	246	143	183	55	255	226	226	245	239	191	127	123	47	101	109	201	113	239	253	
62	152	246	119	181	90	208	184	83	253	119	43	75	125	30	47	187	246	181	17	156	248	121	172	75	251	213	199	231	173	84	119	
44	48	184	113	237	125	113	27	107	255	61	29	158	241	78	30	145	10	239	28	18	96	251	210	207	221	113	126	218	108	199	243	
53	6	84	173	210	10	102	123	48	162	106	234	87	99	128	80	115	204	6	42	97	144	69	14	108	166	101	4	109	250	66	161	
6	174	197	221	219	143	111	251	183	182	230	218	232	231	1	213	125	254	235	138	122	218	91	127	191	150	85	20	178	248	132	188	
21	174	190	63	189	159	238	232	254	158	242	1	239	232	57	171	249	111	110	15	252	249	155	125	173	255	79	4	192	114	233	134	
253	21	149	101	188	47	71	184	96	170	170	76	215	49	129	23	21	212	76	106	57	224	89	14	225	166	101	20	234	251	66	49	
106	168	148	94	201	216	144	135	170	31	160	25	170	250	68	154	129	83	232	0	22	79	194	33	155	243	84	123	192	76	207	14	
94	170	161	186	59	192	27	200	187	149	29	163	236	199	74	20	183	251	237	144	2	74	138	241	217	212	155	239	50	6	39	123	
216	217	27	240	179	204	53	167	168	89	38	16	190	151	96	114	163	51	217	80	83	13	178	97	249	241	30	67	0	16	135	59	
66	192	150	143	108	0	172	237	142	146	218	2	236	202	105	66	122	109	59	194	64	87	203	225	180	54	223	136	4	58	177	136	
41	205	237	205	116	18	207	182	84	230	222	198	241	45	151	101	94	204	23	239	233	188	101	174	102	111	238	128	63	252	208	248	
153	174	206	181	182	139	124	115	62	226	90	227	189	251	179	64	51	111	63	45	101	216	4	95	236	239	111	133	172	228	59	201	
89	221	115	78	178	154	71	190	117	74	254	238	251	245	165	116	118	254	12	234	233	184	253	63	242	239	36	152	127	251	192	61	
93	89	62	238	170	70	95	184	228	200	158	40	255	123	171	113	118	245	125	235	237	131	61	60	242	239	111	157	60	243	41	91	
190	133	64	174	20	3	78	249	21	2	241	2	75	74	56	65	122	201	23	227	120	135	72	191	178	233	139	156	53	171	240	0	
166	180	116	241	244	175	252	187	95	59	59	58	206	185	92	104	191	159	127	17	178	124	75	215	175	222	85	246	214	136	209	135	
40	167	233	97	244	235	73	23	23	237	124	153	147	45	208	16	89	142	7	28	154	184	69	22	110	223	181	245	229	202	214	240	
94	184	18	250	169	229	18	200	175	25	177	32	46	223	109	88	229	251	223	210	26	11	154	241	155	213	10	251	146	3	39	19	
117	188	223	95	218	90	182	232	254	178	226	114	118	248	173	243	251	247	110	34	117	227	239	127	60	46	71	31	249	120	235	7	
134	193	86	159	236	3	172	237	140	48	211	2	204	202	56	67	122	69	127	227	80	247	75	213	60	50	207	196	21	42	177	128	
222	144	30	186	41	188	48	216	191	29	167	21	206	222	106	219	165	17	253	83	22	5	154	241	211	241	90	79	154	5	47	19	
46	149	37	89	185	237	209	159	31	93	124	29	218	125	14	84	221	154	255	28	155	56	123	151	207	255	21	118	218	76	214	242	
167	114	235	69	102	30	238	88	121	234	117	254	89	205	223	184	126	204	23	238	197	182	172	66	86	45	225	172	109	179	122	213	
218	88	182	252	111	76	124	151	191	90	210	191	236	255	39	91	231	245	255	131	200	87	131	227	215	251	254	155	22	252	181	91	
60	25	246	231	103	94	80	152	67	185	114	42	75	125	93	142	250	253	181	81	24	248	91	160	79	251	213	71	227	175	92	3	
16	169	22	89	10	131	160	71	246	17	226	2	128	130	4	0	104	173	106	136	0	251	195	80	28	34	19	64	97	0	227	128	
16	32	20	173	12	11	64	9	86	160	195	3	199	136	16	64	216	12	106	1	12	240	79	18	132	166	3	17	52	8	16	2	
240	45	71	69	24	10	106	10	62	160	234	192	81	35	0	80	112	204	106	236	40	216	193	76	36	170	131	0	65	160	98	128	
76	19	149	101	36	46	167	48	108	168	122	100	215	33	129	98	22	84	110	106	129	176	193	8	196	174	99	0	200	251	65	33	
253	80	127	230	42	78	95	48	161	238	183	36	91	23	131	123	102	245	125	234	233	197	249	44	243	235	225	144	43	179	98	113	
29	93	127	231	34	30	111	176	36	138	158	100	223	55	137	115	54	212	93	234	233	145	57	44	243	235	231	128	42	243	38	57	
38	181	240	194	244	181	186	75	11	233	121	43	140	252	92	32	159	27	151	17	146	58	232	211	30	28	155	238	213	206	211	215	
205	254	191	95	251	247	183	254	118	254	252	188	120	254	135	165	191	127	230	226	247	122	191	127	127	239	111	175	219	117	175	255	
16	32	150	21	11	139	160	72	190	176	226	11	66	224	100	130	185	109	106	0	4	241	139	16	153	162	75	51	65	40	43	134	
221	103	85	69	32	30	78	184	97	170	190	108	211	83	145	247	22	228	124	110	233	128	201	12	162	249	101	148	106	179	74	33	
109	85	149	101	169	111	71	188	33	234	42	76	214	53	9	255	16	212	108	106	121	240	249	8	173	250	69	20	202	251	66	48	
86	170	225	178	91	240	59	200	155	181	157	171	44	199	77	132	247	249	181	147	10	86	170	243	159	212	143	239	38	7	54	243	
28	245	180	239	203	101	55	254	0	178	188	42	255	119	72	7	47	215	209	226	120	107	218	162	253	193	79	44	227	122	167	171	
100	33	185	98	216	108	67	136	98	53	45	8	214	245	73	26	145	222	96	90	26	98	251	32	205	141	5	125	192	123	70	98	
34	179	184	18	233	253	181	199	218	95	49	189	174	252	78	26	143	59	195	17	150	106	242	97	79	17	84	123	192	76	199	223	
45	49	185	227	253	125	241	27	91	253	61	28	158	189	78	42	155	30	198	24	19	120	251	210	207	221	53	126	218	74	199	243	
33	14	209	101	18	10	106	51	52	163	106	212	243	35	128	80	118	46	34	44	49	184	69	14	12	174	48	0	105	168	64	168	
41	181	249	105	189	125	113	27	31	125	61	28	159	125	92	56	157	26	127	28	147	120	123	147	207	221	53	246	210	200	214	243	
109	181	185	83	253	253	241	155	91	125	61	56	158	249	78	48	157	27	87	17	147	122	250	179	79	221	53	127	202	75	214	227	
234	233	56	88	217	221	17	231	219	53	164	24	42	159	70	52	201	186	195	80	90	42	242	183	127	221	20	123	82	8	198	238	
50	97	6	200	9	129	72	72	167	160	168	8	0	195	100	150	232	160	106	200	72	3	130	80	145	160	131	59	17	2	38	164	
0	142	209	71	52	170	162	55	124	33	123	244	241	35	128	64	86	46	44	8	177	184	69	15	164	174	50	0	108	128	65	41	
32	32	6	137	72	3	104	75	166	160	224	193	128	131	48	84	72	140	106	140	8	203	195	80	20	48	147	24	80	128	98	136	
80	32	18	44	75	137	160	75	238	176	224	8	134	216	96	18	160	173	106	1	6	107	134	81	145	0	1	63	80	8	35	138	
71	146	252	24	235	124	16	139	171	119	44	189	142	54	206	63	135	87	233	20	183	72	247	209	14	115	85	255	154	197	143	87	
184	228	24	104	89	197	81	234	83	52	164	8	51	19	74	49	217	152	64	40	106	46	112	23	251	201	1	125	112	0	70	138	
63	255	99	78	91	147	75	248	115	72	253	238	105	195	191	244	94	248	134	234	207	50	236	255	62	92	161	232	127	166	106	252	
253	81	127	236	58	78	95	56	241	204	182	40	127	119	163	115	118	245	125	234	233	199	237	12	243	235	103	144	54	179	38	115	
138	48	177	179	227	109	185	15	58	247	17	217	188	31	92	26	167	31	211	149	178	92	147	194	77	87	94	164	197	68	135	251	
8	174	198	149	118	235	107	118	189	238	94	247	109	227	178	212	51	238	191	12	32	220	5	255	254	39	183	129	174	228	60	201	
2	132	34	137	212	163	170	99	84	1	91	2	8	170	56	64	121	11	19	177	146	186	1	223	44	36	154	192	149	10	177	128	
28	178	214	101	23	91	67	56	119	164	255	174	219	104	139	164	58	253	236	224	73	240	125	12	250	231	101	21	231	34	46	34	
156	121	208	251	131	141	87	220	23	162	167	34	46	211	105	92	119	218	204	90	106	229	91	178	251	220	5	55	186	251	132	43	
57	159	115	79	246	154	111	255	117	74	126	230	123	116	183	244	118	254	150	236	237	186	45	191	190	239	164	128	63	254	226	253	
6	141	130	155	148	163	174	71	22	131	91	146	104	238	48	64	127	43	19	145	50	152	8	255	44	38	158	192	149	78	177	128	
25	95	199	95	182	150	238	55	117	202	254	230	249	115	183	228	126	102	54	206	237	184	37	239	46	239	166	128	111	246	104	221	
220	222	152	186	146	232	71	174	186	30	160	29	222	227	105	89	113	219	141	242	106	71	154	127	249	167	127	125	144	113	167	35	
104	227	207	109	88	203	235	104	46	164	239	128	241	199	132	208	122	252	111	232	2	146	239	29	30	233	163	133	33	163	102	176	
134	219	152	186	184	133	28	221	158	29	80	117	172	211	171	72	213	59	183	208	82	15	10	241	168	22	191	239	152	28	168	155	
17	141	15	237	180	134	111	55	36	8	218	66	247	35	176	96	96	166	29	232	121	153	97	45	225	175	162	128	60	160	240	40	
52	190	222	223	219	83	183	232	126	255	230	166	104	226	175	255	127	255	234	160	37	211	255	253	61	166	71	39	153	96	45	245	
6	181	116	241	252	175	252	251	127	59	59	58	206	185	124	40	191	159	127	17	178	124	75	215	190	222	87	230	214	200	209	133	
190	13	68	172	132	3	78	248	21	2	240	2	75	107	49	81	123	233	23	226	120	182	72	190	178	203	195	196	55	171	112	128	
45	33	65	161	240	15	74	208	49	168	120	76	83	3	145	148	88	204	22	252	25	146	193	14	124	204	161	224	107	131	82	160	
9	159	211	223	54	178	238	54	60	202	126	230	249	243	182	228	118	110	54	142	241	152	37	255	110	255	190	128	63	197	233	137	
195	180	213	193	226	42	168	159	59	243	18	246	221	54	220	175	39	85	125	189	181	84	165	192	28	26	127	230	173	228	131	189	
66	92	182	188	105	44	124	150	187	91	218	187	236	191	97	90	231	255	191	129	224	87	194	227	151	246	218	138	150	244	37	91	
178	100	254	244	234	3	93	111	147	182	68	187	103	191	99	27	135	255	117	1	104	223	195	154	243	211	93	179	36	248	148	203	
222	22	206	168	26	50	24	89	23	183	211	247	77	238	170	219	119	149	175	181	188	215	13	214	154	103	235	199	191	231	173	21	
29	163	158	189	31	75	224	232	126	252	242	7	238	248	27	193	251	109	110	117	141	241	219	29	156	231	111	71	233	42	105	67	
125	176	190	189	95	75	177	235	254	244	242	103	246	248	27	195	123	108	106	33	165	251	223	29	220	39	111	31	237	44	123	195	
6	141	2	154	148	163	174	231	22	1	74	2	104	234	48	64	121	42	19	177	50	152	24	255	41	38	142	64	148	74	177	136	
138	180	161	241	195	109	185	95	59	123	29	153	156	191	88	143	167	27	243	149	147	88	147	193	77	89	91	230	207	68	135	243	
131	133	109	65	246	58	237	183	124	99	94	214	145	44	158	100	55	142	54	29	183	184	101	199	108	46	178	196	239	204	209	253	
195	14	247	214	108	32	175	55	201	250	55	246	252	51	245	103	39	119	126	174	225	71	175	234	52	62	255	136	142	240	161	41	
39	36	224	195	246	185	250	218	91	225	125	139	8	204	221	56	191	155	23	157	150	50	236	210	14	28	157	238	247	207	83	213	
109	52	249	97	244	126	243	152	123	255	61	60	223	253	221	58	151	221	116	26	131	118	248	66	79	221	37	246	207	243	71	243	
77	17	149	101	176	14	102	48	45	168	110	68	223	51	129	246	20	124	108	110	17	176	209	8	165	252	33	0	74	163	9	33	
73	38	4	37	40	10	108	48	36	162	226	64	209	35	128	215	0	100	104	174	65	208	193	12	164	175	227	0	10	162	75	160	
50	104	0	29	73	129	160	74	166	16	224	65	160	194	4	82	200	108	106	128	14	67	219	49	20	32	155	59	81	16	34	142	
82	4	66	161	148	34	108	87	53	3	219	18	15	11	48	72	122	133	31	145	24	183	1	194	146	237	154	132	167	216	240	0	
25	23	85	101	50	30	110	56	100	136	126	228	223	115	128	244	54	100	92	110	201	144	1	14	164	239	35	128	42	242	11	33	
220	80	127	101	42	94	95	184	161	222	182	100	123	119	129	123	38	213	125	234	233	197	185	200	243	235	229	144	42	179	102	113	
63	255	111	110	63	215	158	248	198	204	253	231	123	220	191	32	254	249	215	231	239	163	44	191	122	77	175	187	111	191	127	223	
221	81	127	230	42	78	95	176	161	222	182	168	91	119	139	123	102	213	125	234	233	199	241	232	243	235	231	144	35	177	102	115	
208	88	159	244	0	70	125	52	160	130	198	0	247	183	33	91	224	245	125	234	105	197	179	40	241	235	98	0	32	177	37	42	
153	255	190	189	223	255	181	255	246	252	222	63	254	253	146	228	127	254	238	81	141	255	255	255	255	99	119	191	127	125	191	251	
27	94	230	157	114	250	111	118	61	206	86	247	105	231	182	244	55	238	183	198	180	216	165	255	126	111	247	129	39	245	253	221	
71	52	237	64	203	124	125	15	171	255	167	157	72	62	79	58	167	151	253	148	182	69	189	66	95	62	85	247	195	244	135	119	
252	82	255	254	42	78	93	120	225	254	182	124	95	95	137	123	102	245	125	234	233	199	235	232	211	235	231	144	38	177	38	115	
42	185	177	59	235	237	181	143	90	85	120	189	172	252	78	24	143	91	227	21	146	106	250	243	77	84	30	111	210	76	135	219	
63	127	106	78	124	243	206	249	85	108	253	238	105	204	191	176	92	234	150	238	207	178	108	191	54	77	161	161	95	183	122	245	
45	52	249	99	252	127	243	24	123	253	61	28	159	61	220	42	155	94	87	60	147	112	248	192	79	221	37	116	206	203	199	243	
106	232	16	58	25	145	18	192	143	136	161	9	174	210	101	148	200	185	202	66	78	7	202	191	177	212	9	59	18	7	46	14	
37	241	128	67	213	31	198	152	66	232	41	76	210	24	221	180	220	76	80	126	207	50	249	8	47	157	5	60	201	187	90	148	
33	10	192	53	48	142	106	55	116	33	103	80	243	35	144	80	120	174	40	140	57	156	69	47	164	174	176	64	232	128	64	168	
40	228	56	104	93	201	81	234	2	21	164	8	50	209	72	17	153	152	193	32	74	38	202	21	75	193	17	125	80	8	86	170	
33	0	70	13	72	139	96	79	38	33	98	0	160	131	0	88	72	12	106	12	0	216	67	20	4	162	208	0	0	128	80	168	
234	252	90	240	75	241	58	202	19	178	4	186	45	159	97	56	251	219	147	146	111	95	138	243	95	199	159	239	55	17	46	154	
57	159	119	223	54	182	111	254	119	73	126	230	123	103	182	244	127	238	158	238	253	152	117	255	174	255	182	128	63	221	240	253	
45	181	253	227	252	127	113	25	127	249	61	24	223	29	90	56	157	26	95	60	179	120	121	150	207	221	53	244	210	202	220	243	
45	181	57	227	253	125	241	153	75	125	61	60	158	93	94	40	159	26	86	57	147	114	249	149	79	221	53	126	206	10	215	243	
1	74	80	113	22	138	96	22	116	33	66	192	179	0	144	104	114	44	42	24	10	188	197	37	132	166	50	64	104	137	65	40	
62	12	86	255	198	43	74	240	29	162	250	2	79	107	49	73	123	237	23	227	56	247	9	190	146	251	195	132	55	251	112	128	
194	124	182	189	109	172	188	198	187	27	90	178	172	254	101	90	231	127	255	129	162	223	130	227	151	122	222	138	132	116	33	155	
220	46	17	180	187	99	31	250	147	230	140	189	141	35	67	223	227	103	204	162	44	79	201	190	248	215	223	61	178	245	45	91	
134	173	118	241	236	171	252	227	127	59	123	26	142	168	116	8	175	159	127	17	178	124	11	215	158	30	95	230	196	200	193	129	
28	229	148	207	159	117	86	254	83	190	188	26	111	115	200	183	63	222	204	106	120	123	170	163	187	223	69	127	242	250	174	175	
163	190	152	175	108	45	152	250	142	191	25	253	172	172	234	2	143	91	215	53	182	110	202	211	12	20	127	254	156	76	27	155	
88	4	210	225	214	42	106	23	53	35	254	18	11	43	0	88	123	143	21	152	56	154	1	198	182	253	182	196	167	192	224	8	
56	119	74	111	153	127	111	220	39	236	255	164	251	207	131	240	124	252	238	234	201	179	251	63	247	237	167	149	107	179	238	240	
70	48	18	184	42	165	24	73	175	152	177	41	236	222	101	88	214	49	255	48	18	3	130	216	152	208	11	255	144	32	39	147	
108	249	250	227	125	212	242	152	194	168	183	2	121	217	93	226	64	116	249	90	194	33	219	160	111	233	165	93	103	139	92	139	
6	205	134	147	132	162	172	199	54	51	82	18	40	42	56	75	105	75	59	145	50	252	9	229	44	2	222	192	133	89	177	136	
1	132	49	157	84	227	161	111	94	5	88	82	176	248	180	96	217	26	18	41	179	186	103	159	13	14	187	76	148	8	117	172	
56	5	98	229	212	19	206	127	85	162	254	10	83	41	188	0	120	140	23	168	248	179	101	142	114	207	165	148	119	250	240	128	
162	255	152	190	252	173	158	255	158	191	17	255	236	237	202	10	143	123	215	5	178	78	202	183	60	22	63	254	156	95	155	145	
6	132	34	139	84	163	170	202	22	1	91	2	72	234	56	64	121	11	19	177	146	184	8	223	8	6	154	196	149	11	48	128	
194	60	150	157	252	172	184	198	191	155	90	176	172	254	101	74	231	127	63	145	50	220	130	227	28	62	94	138	132	80	163	137	
130	60	178	253	255	164	184	199	187	219	88	51	172	254	101	74	231	123	255	149	178	79	130	227	31	126	222	170	132	84	167	219	
222	63	149	149	171	113	95	247	181	238	142	181	238	231	195	223	231	231	237	134	61	95	233	238	186	214	215	187	162	245	134	95	
92	118	251	101	96	110	123	88	123	239	191	44	223	255	203	58	191	221	127	58	137	242	249	194	215	221	99	164	239	243	71	243	
70	172	246	209	252	169	252	231	255	59	122	26	140	168	116	73	175	187	127	145	178	124	75	247	158	30	95	238	196	200	161	129	
6	188	246	241	253	189	184	247	255	123	180	58	140	255	244	8	175	59	255	17	178	127	34	247	159	94	95	238	214	204	129	211	
88	6	134	37	19	90	99	56	54	228	206	134	195	32	2	212	48	204	234	172	44	208	125	14	236	231	65	1	99	172	44	68	
45	52	249	65	225	127	115	152	107	235	61	108	222	55	207	190	151	92	212	58	129	244	249	2	79	221	33	182	202	243	71	245	
188	254	252	95	63	123	82	254	91	191	188	58	74	122	206	183	251	222	228	32	46	111	251	239	187	223	85	127	251	254	110	143	
222	38	150	181	139	98	56	3	187	183	131	179	205	175	74	91	167	151	237	177	52	213	131	194	219	243	223	199	166	100	173	3	
39	96	226	67	70	49	234	216	91	227	117	26	72	200	221	44	127	201	23	155	134	118	236	194	30	12	151	172	231	255	114	132	
38	36	226	195	212	51	234	200	95	163	121	2	8	200	253	40	121	137	19	145	130	182	45	210	30	12	159	228	213	95	112	132	
86	12	194	227	148	34	106	87	61	1	251	18	15	42	36	88	123	143	31	144	58	154	1	194	186	204	158	196	165	202	240	8	
47	177	241	65	253	127	241	25	75	249	61	60	222	29	222	172	159	26	87	61	147	112	121	212	79	92	37	246	206	206	215	247	
103	52	191	242	237	116	249	83	171	255	23	92	220	255	93	47	173	31	119	153	177	119	186	192	95	218	219	238	143	97	187	179	
95	48	174	180	163	112	93	27	163	255	151	185	206	183	202	62	39	199	253	156	29	65	163	192	218	243	253	247	174	228	174	87	
78	190	180	86	171	220	28	174	251	127	12	189	236	254	223	175	135	119	253	23	182	73	174	241	47	122	95	191	134	117	143	95	
45	52	241	193	245	127	243	216	107	249	189	124	223	125	221	62	63	220	87	56	147	112	249	194	223	221	37	246	239	239	71	241	
42	252	88	240	67	225	63	199	19	162	92	171	45	159	97	24	235	187	147	128	6	30	192	251	95	199	159	175	53	80	38	154	
1	134	49	171	20	163	161	107	86	37	89	114	245	16	176	96	89	58	18	25	179	188	109	31	141	38	186	64	148	10	53	168	
242	149	230	5	19	82	70	184	115	230	238	143	67	124	22	215	57	196	232	226	236	242	253	30	59	98	197	23	99	246	92	86	
237	112	145	69	96	30	231	144	123	234	55	108	218	24	197	190	151	76	116	126	133	244	249	2	6	159	101	182	202	243	74	181	
62	65	246	230	230	35	108	92	5	128	243	2	111	107	57	75	126	229	55	227	136	243	9	204	146	235	239	128	167	251	96	137	
48	42	14	29	9	203	161	74	54	164	194	68	224	130	2	208	104	110	234	0	9	217	223	48	148	34	187	17	25	0	62	136	
217	83	95	69	34	30	111	48	105	232	118	228	95	55	133	247	54	212	124	106	225	144	181	76	182	233	101	128	42	178	74	49	
221	80	255	101	98	78	127	56	113	238	246	236	91	55	197	123	54	213	125	234	201	86	177	202	215	251	229	128	39	243	102	115	
73	3	16	37	48	26	110	48	101	8	126	100	199	35	128	244	18	68	108	110	65	144	193	76	164	252	34	128	10	162	75	1	
252	82	255	228	110	70	95	56	57	206	246	238	95	63	129	123	118	213	125	234	233	215	235	202	243	235	231	148	39	243	102	115	
252	71	115	78	253	26	79	248	233	134	189	136	75	109	189	182	122	208	204	106	232	35	44	238	179	221	5	60	119	255	230	36	
15	181	248	251	242	184	57	159	27	123	93	181	189	255	218	40	23	123	151	156	179	88	238	243	110	223	63	228	166	199	131	243	
27	223	99	223	183	150	238	246	125	74	126	230	105	238	183	228	127	238	190	204	239	184	101	255	62	127	182	192	63	221	248	125	
42	186	50	58	125	213	147	232	219	236	252	45	170	252	102	4	217	123	130	0	142	43	250	187	107	84	5	59	83	46	78	215	
2	141	2	154	149	231	174	231	22	1	74	2	96	234	48	64	121	106	19	145	50	184	24	255	41	38	158	64	144	74	176	138	
246	252	245	84	251	219	86	231	187	239	186	253	10	254	198	247	231	253	239	130	245	223	250	238	59	30	85	243	139	116	198	87	
246	254	252	87	123	251	82	246	219	255	244	63	74	254	198	190	239	253	230	0	175	247	248	255	31	222	85	55	235	253	78	159	
47	52	241	65	245	127	251	88	123	233	63	110	219	61	221	188	191	221	214	126	145	240	253	202	15	221	37	230	239	239	71	245	
246	205	115	78	221	27	198	248	233	134	185	74	107	105	189	182	123	210	70	106	236	35	108	238	59	222	133	31	119	251	214	36	
126	114	241	101	96	126	127	16	105	238	254	236	91	63	197	126	126	221	245	234	137	214	241	202	215	255	227	160	231	247	102	241	
73	6	102	69	52	26	102	48	125	238	126	228	203	32	150	213	18	68	108	46	172	240	101	14	166	255	97	128	102	166	88	69	
77	116	241	69	98	126	243	144	107	234	62	108	222	28	215	190	183	92	212	126	133	244	253	72	70	221	101	166	207	247	75	245	
122	20	228	5	23	90	71	40	97	238	238	175	75	44	150	215	89	196	236	166	140	242	237	12	62	39	229	149	103	102	94	86	
195	174	132	147	162	168	188	143	191	51	2	245	172	46	64	207	167	71	249	149	54	92	143	227	140	22	222	230	140	84	137	29	
252	82	254	236	104	14	127	56	57	238	246	170	95	63	131	123	118	213	125	238	201	215	233	202	247	251	235	144	39	179	102	113	
2	184	246	249	252	141	184	99	255	59	112	50	172	190	116	64	239	59	255	17	178	127	2	213	158	94	91	234	148	12	33	155	
38	96	226	139	84	163	170	200	86	163	113	2	64	200	125	8	121	104	19	179	130	182	8	250	24	12	143	164	213	123	112	128	
153	133	110	67	212	58	239	191	117	99	126	18	89	41	156	100	123	142	55	137	176	188	37	239	126	111	182	196	231	204	240	232	
214	126	247	150	179	217	127	183	189	206	214	191	44	230	231	86	167	231	255	134	252	205	174	238	186	54	223	211	134	244	134	127	
42	175	234	233	243	235	191	231	28	133	124	163	45	175	54	0	238	123	147	145	18	152	32	238	111	69	174	193	181	220	215	250	
134	239	144	155	252	169	190	223	158	191	89	255	236	226	234	10	159	107	95	31	242	86	202	247	172	22	63	254	156	223	129	153	
139	142	202	153	245	189	184	151	31	67	94	215	168	234	183	204	223	42	179	157	182	220	70	243	78	31	158	195	158	204	217	142	
18	47	74	169	182	163	63	199	142	165	88	167	45	175	35	0	230	235	135	213	22	153	32	252	252	5	175	227	180	93	157	203	
118	13	194	162	212	34	106	67	57	3	251	18	11	42	36	80	123	143	6	176	58	154	1	230	184	236	158	196	165	75	240	0	
6	4	2	138	20	163	170	192	22	1	91	2	64	202	57	64	121	40	19	177	18	180	8	255	40	4	139	192	149	11	48	128	
149	2	17	187	20	163	35	88	86	33	83	82	213	193	184	232	89	40	2	153	51	180	109	55	132	166	186	64	180	139	49	160	
60	65	214	230	94	2	110	93	165	128	243	2	75	203	57	66	126	229	127	242	72	179	139	136	250	233	167	132	103	187	240	128	
104	58	26	24	105	221	16	74	155	12	228	45	46	193	102	148	221	186	194	0	14	35	218	51	18	85	1	59	90	12	78	151	
2	141	2	154	149	231	166	231	22	1	72	18	160	250	48	64	217	42	19	145	50	184	26	255	41	54	158	75	144	72	180	138	
74	186	172	18	235	216	88	151	171	125	22	189	172	190	198	190	167	215	253	148	150	73	175	241	222	83	124	251	134	212	143	95	
70	56	18	138	106	1	186	200	175	1	177	168	140	158	97	88	198	17	223	210	16	11	138	240	152	144	26	254	144	3	35	153	
79	176	243	209	237	124	185	87	187	255	53	60	156	191	222	190	175	31	247	145	147	122	186	192	95	88	255	238	199	68	167	247	
235	60	254	95	125	251	112	218	127	175	118	58	235	217	135	252	219	252	254	154	174	245	107	251	151	255	209	179	247	221	78	143	
130	188	182	157	247	164	184	71	191	27	88	51	172	190	100	72	231	59	183	145	178	220	146	195	13	54	222	202	148	76	161	155	
47	53	113	193	245	127	250	216	127	249	191	110	90	125	221	188	63	156	214	62	155	114	125	214	30	93	5	246	239	239	82	245	
197	222	247	213	238	36	175	250	122	218	126	246	221	243	221	111	119	127	55	206	177	84	174	226	108	186	239	172	141	241	225	177	
