香奈儿唇笔	48 - 香木	https://i.chanel.cn/fnbv3/image/full/shades/le-crayon-levres--48--1g.0188480_S.jpg	https://i.chanel.cn/fnbv3/image/full/chanel__com_type1/skus_full/le-crayon-levres--48--1g.3145891884807.jpg
163	159	101	3	212	155	238	183	85	97	210	247	162	40	150	165	72	138	22	205	253	184	85	255	46	30	184	194	111	141	216	220	
82	237	126	252	58	201	61	231	191	5	202	179	173	135	32	81	162	63	127	129	114	73	130	255	244	246	26	139	52	16	167	138	
185	205	106	254	20	146	207	240	212	194	223	130	115	237	179	96	120	236	23	238	233	191	44	175	114	239	163	128	55	187	112	248	
51	91	103	69	198	26	238	244	101	224	254	231	121	237	181	166	126	236	55	238	201	185	173	232	50	104	229	128	111	254	240	221	
108	183	218	225	240	234	115	191	50	175	127	121	215	51	202	16	55	94	71	56	50	186	201	14	252	199	55	229	164	194	143	163	
82	65	114	228	118	10	254	112	45	0	250	10	207	11	21	80	126	141	95	227	200	179	65	204	178	253	130	128	103	171	98	128	
32	180	250	241	244	239	249	159	58	43	127	56	85	55	206	56	183	159	23	25	50	248	105	86	93	143	55	228	197	64	199	163	
82	65	82	173	94	10	234	96	45	32	250	2	142	138	53	64	122	141	95	227	72	131	193	204	180	188	138	144	53	35	114	128	
130	156	146	153	240	165	184	231	62	27	90	48	172	190	32	64	231	59	179	145	50	152	2	247	44	54	30	202	144	68	161	155	
130	158	50	155	211	229	184	198	158	95	88	23	172	190	34	64	237	123	179	145	178	158	18	247	45	22	158	235	144	92	165	219	
24	167	88	101	176	107	119	255	102	172	124	32	147	51	202	16	18	78	5	56	88	152	201	30	238	205	37	229	224	202	206	171	
19	143	206	157	150	146	172	191	22	133	90	215	233	106	178	193	127	239	166	141	246	248	7	255	172	38	254	192	189	204	185	141	
29	12	107	222	84	178	239	122	84	66	223	198	113	237	183	97	122	236	23	239	233	179	44	223	114	175	163	128	63	235	112	240	
130	156	22	153	244	173	184	231	62	11	90	50	172	190	32	64	231	59	179	145	50	156	2	247	45	54	26	194	144	72	161	155	
2	188	176	155	245	173	176	71	30	27	89	48	172	190	96	72	197	59	147	17	178	220	83	215	13	22	30	234	144	76	129	155	
49	205	105	77	180	79	103	191	117	228	126	66	115	101	181	117	120	218	22	106	201	184	125	63	101	140	37	0	119	250	244	104	
82	157	159	182	139	224	53	231	190	151	202	49	102	247	32	74	225	119	233	16	48	201	146	99	185	182	94	83	128	72	165	122	
97	33	17	128	77	141	224	65	143	57	177	12	158	152	64	26	168	129	74	29	19	43	82	208	157	144	27	126	88	10	83	130	
1	166	88	75	242	187	186	75	127	65	125	196	153	74	158	244	55	27	18	156	151	184	93	87	46	29	2	100	205	194	235	133	
125	23	131	78	197	126	103	187	113	110	239	108	66	97	139	214	121	206	36	170	89	178	233	11	54	166	229	4	107	254	246	116	
217	89	30	180	33	140	84	55	168	134	162	13	183	162	3	83	160	103	108	68	108	205	146	44	241	243	84	17	40	48	11	90	
239	121	212	92	203	89	148	238	203	242	164	40	10	244	199	191	138	208	226	98	109	103	250	217	59	88	69	63	91	125	74	151	
81	157	30	62	147	220	52	103	236	65	202	21	174	178	38	113	162	35	104	5	119	137	146	117	176	231	26	75	8	0	171	30	
238	237	228	18	237	249	244	198	235	119	173	153	10	236	94	159	139	194	235	87	214	107	174	241	63	89	85	127	199	223	222	206	
206	106	165	148	201	71	77	190	51	246	128	205	204	39	81	223	5	244	249	255	104	78	251	248	221	82	205	190	162	245	22	120	
218	111	165	181	137	78	77	55	131	254	138	137	239	37	83	71	133	231	125	133	104	73	243	136	233	242	221	180	162	116	148	120	
130	213	16	153	245	165	188	207	30	27	88	50	172	222	104	64	255	27	147	17	114	156	67	247	45	22	158	238	144	76	133	155	
72	172	165	181	25	232	73	39	178	239	138	157	183	46	82	66	129	39	125	133	62	88	211	3	205	231	255	209	128	4	149	90	
255	101	246	86	233	52	94	135	235	159	174	24	74	226	255	255	163	198	236	222	62	67	174	224	58	123	85	91	130	245	234	70	
82	48	173	165	40	69	25	27	6	245	130	189	151	158	82	74	196	149	125	149	142	75	211	16	217	161	251	252	12	0	20	122	
249	84	44	127	9	126	85	52	245	94	183	53	107	53	138	255	197	150	236	38	237	197	123	175	211	243	240	147	58	223	252	127	
217	73	71	220	4	134	111	118	165	192	214	198	49	163	177	229	106	226	63	204	105	153	52	237	178	234	230	128	46	184	112	40	
207	90	233	71	98	26	255	176	120	234	118	238	217	46	151	123	54	220	53	238	193	212	173	106	70	43	239	132	47	247	83	241	
125	87	160	78	65	127	71	157	99	234	239	109	114	117	143	116	88	204	100	110	205	178	253	10	119	44	165	60	107	255	214	86	
83	48	175	165	46	75	145	8	206	241	146	171	212	156	86	42	166	53	121	5	132	225	247	0	209	41	123	183	4	40	21	87	
15	114	233	71	102	26	191	152	120	234	94	238	217	12	223	42	63	92	21	239	197	244	173	106	70	13	239	164	239	243	83	241	
168	201	8	188	125	197	214	238	95	9	88	2	182	152	48	192	216	170	151	65	78	58	66	191	165	213	170	169	20	24	244	138	
50	162	238	76	74	82	184	104	227	16	230	162	105	204	158	54	126	156	243	224	142	195	231	205	23	42	193	139	103	164	118	236	
91	123	162	122	25	244	27	212	183	77	220	165	168	222	107	252	220	123	181	208	143	130	178	179	195	117	154	139	146	151	46	223	
172	229	105	35	212	75	234	236	81	245	35	153	67	77	90	145	25	140	195	127	111	246	109	54	110	9	133	117	101	159	214	208	
136	248	115	91	35	205	177	80	63	93	117	244	189	151	236	173	38	57	134	80	147	180	50	241	71	216	50	194	210	129	133	243	
130	190	119	83	50	175	51	18	125	9	119	240	190	23	132	52	166	59	95	24	178	188	49	127	133	158	48	194	224	128	5	61	
130	242	122	251	98	236	57	84	63	85	101	181	189	215	104	92	54	59	147	144	146	156	26	241	71	208	26	226	146	129	167	243	
190	186	242	18	211	213	154	217	187	223	181	63	76	220	111	29	183	217	213	243	182	71	58	246	27	87	15	255	227	39	175	215	
126	121	224	22	9	116	95	152	147	244	140	141	107	238	87	159	16	252	181	214	140	67	254	168	147	209	197	187	167	247	62	94	
32	234	138	114	93	141	211	68	138	173	185	9	163	137	70	18	136	106	71	82	66	107	202	32	109	149	52	57	64	10	86	138	
67	122	225	53	162	42	188	23	58	250	82	253	181	44	215	11	135	79	125	5	197	220	197	0	4	34	127	164	140	244	145	93	
176	49	122	72	207	121	176	71	233	1	185	58	26	152	44	184	170	153	211	177	20	175	16	194	83	73	18	123	77	8	235	134	
139	126	237	85	102	30	237	23	120	234	118	246	249	61	151	43	47	127	55	141	225	252	37	74	102	47	252	128	111	240	195	249	
182	20	120	72	195	112	208	66	97	67	252	186	8	31	196	188	106	145	194	176	28	167	117	194	91	217	16	95	247	193	230	182	
114	32	83	108	75	96	16	72	163	16	225	170	12	223	101	150	250	157	227	160	11	3	130	209	17	240	11	47	115	33	38	134	
75	94	235	118	114	126	125	55	57	206	126	244	57	63	151	188	55	127	149	140	225	220	164	234	102	255	116	128	238	244	70	249	
77	219	237	87	226	90	191	180	122	223	86	228	253	109	218	171	7	119	183	207	181	216	175	97	78	107	127	128	207	245	139	249	
40	191	88	107	248	217	87	255	34	60	124	40	51	161	194	16	2	154	198	96	90	58	234	53	110	193	36	233	112	138	206	235	
79	187	237	87	230	28	189	180	122	255	86	228	253	109	219	47	7	126	183	95	241	216	175	96	78	43	127	132	142	245	145	249	
102	187	17	34	56	169	146	168	170	252	184	237	166	196	205	146	134	103	236	71	135	11	202	53	184	80	41	250	72	7	11	93	
214	116	122	252	26	208	154	72	164	4	197	163	97	222	39	80	126	185	217	195	110	7	150	95	210	225	138	155	53	35	47	18	
139	147	237	159	242	26	173	61	60	73	87	244	253	102	154	96	54	27	55	141	243	156	47	71	228	47	126	192	28	130	163	249	
143	158	252	115	187	119	159	190	151	255	31	245	217	127	223	239	151	86	253	63	183	76	127	191	111	95	253	215	158	244	29	127	
9	114	172	31	57	255	145	28	158	253	151	165	246	244	203	175	21	36	252	60	135	65	107	29	206	7	125	245	154	46	29	127	
16	195	190	190	10	196	180	111	172	27	88	97	124	242	40	82	160	115	119	1	70	139	2	97	241	167	126	139	144	80	167	139	
9	190	117	85	116	239	225	55	124	226	115	212	177	37	148	181	31	62	2	8	241	252	117	78	13	142	112	0	74	200	199	184	
169	45	81	65	208	31	237	51	112	162	102	216	27	5	144	181	29	190	2	56	249	252	117	14	45	207	21	64	107	136	74	184	
146	77	111	252	20	198	175	246	148	4	244	130	57	206	181	97	110	251	23	205	235	171	54	255	97	233	186	136	53	152	117	248	
79	158	252	127	171	116	223	190	27	95	30	245	253	127	222	239	151	87	181	143	245	76	239	243	111	255	125	207	255	245	205	127	
231	222	221	21	170	42	5	178	185	250	54	252	214	38	199	127	71	68	108	126	225	78	239	108	12	58	101	214	12	225	0	117	
125	201	208	72	153	30	66	138	67	169	172	8	10	176	199	246	64	212	236	88	94	43	199	160	59	253	5	127	251	185	202	4	
193	0	195	217	84	204	105	21	49	65	99	20	17	7	8	92	112	140	34	12	35	156	177	71	85	174	144	64	32	128	224	112	
249	205	98	238	212	18	239	252	85	64	254	2	123	233	182	97	120	230	31	234	236	187	45	175	114	239	166	128	55	190	240	40	
167	181	97	64	244	249	227	75	91	233	121	120	18	252	220	188	153	154	82	56	179	50	252	82	31	28	1	126	213	201	214	244	
96	183	149	95	29	78	67	188	75	57	33	76	226	115	200	247	145	70	108	120	123	72	251	61	173	178	117	126	154	10	216	47	
239	242	240	102	237	125	221	157	123	123	53	189	223	29	222	62	151	221	245	47	196	116	234	211	71	219	121	191	103	247	199	119	
237	215	189	71	168	127	85	191	114	127	63	124	222	117	202	127	21	86	236	42	241	112	235	18	110	243	101	246	218	254	196	113	
68	187	149	241	189	79	3	191	222	185	3	108	198	49	64	70	129	84	108	24	91	249	201	53	169	150	117	118	138	40	133	35	
143	219	253	115	177	223	191	181	151	255	22	237	253	125	219	173	151	115	245	94	247	216	127	191	111	95	117	242	222	244	141	121	
223	127	126	100	164	62	91	48	169	252	55	189	91	31	215	63	38	245	253	254	184	213	173	204	235	251	229	212	167	229	70	113	
188	49	51	160	93	205	211	96	206	224	161	9	54	217	96	16	184	41	83	99	1	35	24	29	209	129	1	56	80	43	71	226	
34	253	160	155	253	197	188	239	30	95	88	23	172	188	118	64	207	59	147	145	226	58	82	243	45	22	158	171	20	92	181	219	
190	183	100	67	183	213	219	249	139	125	189	175	74	93	94	36	157	147	213	113	190	43	120	189	107	93	141	247	199	143	222	247	
255	159	191	126	169	84	31	184	147	206	85	189	121	253	255	255	151	115	181	103	237	67	186	171	123	255	117	155	142	247	60	127	
200	33	78	173	216	66	97	75	52	164	226	148	145	3	3	217	104	172	106	184	57	218	215	72	148	161	131	13	41	160	42	128	
244	249	26	104	91	212	86	232	177	88	229	8	63	223	42	48	184	217	132	226	78	7	154	53	243	225	1	111	115	19	238	130	
217	228	238	37	19	90	97	47	115	231	230	158	11	4	146	244	51	140	232	172	124	220	181	14	254	231	85	69	103	132	238	68	
49	161	104	65	92	157	226	72	235	160	185	75	50	216	222	34	184	168	82	213	143	35	222	209	30	28	3	123	77	11	91	134	
254	253	182	242	185	118	159	249	155	254	157	61	78	253	127	183	151	247	221	243	253	71	184	206	251	95	205	247	135	119	190	119	
57	38	84	5	19	123	81	46	117	231	110	156	43	32	130	148	51	198	232	40	44	248	117	143	206	231	16	17	231	196	78	76	
127	246	185	114	187	119	95	249	83	255	29	125	90	253	223	180	151	215	245	62	255	85	57	151	123	223	101	247	239	246	142	119	
61	109	106	70	68	18	111	244	113	194	246	130	123	109	179	49	126	236	23	239	233	179	44	110	242	111	231	128	103	182	242	248	
104	112	204	5	93	123	97	30	86	253	110	142	115	37	219	188	89	140	226	56	13	242	245	29	71	7	113	37	250	220	92	122	
132	18	190	123	226	229	57	82	62	95	117	181	28	215	42	25	183	59	163	20	178	212	58	119	79	135	114	194	216	193	47	211	
190	189	112	114	251	253	219	208	91	236	61	45	46	220	215	52	158	123	149	83	159	122	248	190	123	89	45	251	223	143	222	215	
0	22	127	243	114	175	121	18	60	87	119	149	189	23	162	25	55	59	23	28	162	220	48	119	71	143	114	192	128	129	7	249	
3	207	2	140	148	129	14	231	4	4	88	199	32	42	50	192	72	34	131	197	214	136	4	253	40	36	142	193	28	28	184	136	
127	183	244	80	155	95	85	121	83	254	181	61	74	252	206	180	189	148	229	52	252	99	189	159	123	223	69	247	251	110	222	87	
151	52	58	186	115	244	56	90	59	71	69	151	60	222	42	120	183	27	145	149	183	150	56	247	219	231	26	195	184	69	47	211	
47	191	175	93	185	214	159	251	214	221	84	229	120	253	187	165	221	122	149	61	183	201	62	189	107	95	239	131	223	229	63	247	
51	59	11	8	24	197	130	72	206	205	248	103	128	138	103	128	200	43	234	209	151	43	246	125	24	32	170	254	217	1	39	223	
77	232	197	65	73	28	104	152	107	241	166	76	202	2	220	247	32	196	232	222	143	80	255	225	158	248	69	100	42	165	74	52	
102	57	178	146	203	245	186	201	139	253	157	175	44	254	79	10	173	251	243	211	22	67	186	240	31	84	143	251	135	103	135	215	
3	207	2	140	148	129	174	231	68	1	88	199	32	40	50	64	104	34	19	197	214	168	4	253	40	36	142	192	29	28	184	140	
131	143	2	139	212	151	174	229	92	64	88	198	176	0	182	229	124	42	2	237	247	184	69	253	44	0	142	64	93	14	185	140	
89	3	70	53	51	186	105	19	53	165	71	180	207	35	130	220	114	174	236	28	60	216	197	14	198	247	219	193	166	228	26	68	
255	126	252	126	171	116	31	190	251	222	188	189	124	254	223	255	151	247	253	247	253	71	186	234	251	255	109	159	142	245	174	87	
136	202	16	113	49	159	96	183	125	45	102	88	175	3	128	212	7	30	204	8	98	188	65	55	174	255	52	65	74	132	203	41	
96	123	138	181	224	168	52	151	170	255	18	237	166	160	67	26	129	111	101	21	4	216	194	32	204	55	125	187	136	120	31	155	
124	59	214	101	19	251	65	19	50	229	239	140	75	103	67	156	32	188	232	152	25	210	241	12	219	231	97	5	235	165	46	86	
176	112	122	76	67	82	119	64	169	130	229	42	26	211	165	180	58	185	213	234	65	167	48	202	19	237	0	11	107	179	102	179	
139	126	238	119	98	246	189	54	248	206	118	244	185	61	151	47	39	123	183	142	225	220	38	234	102	107	126	128	111	244	227	249	
131	34	156	181	32	170	56	7	184	179	199	177	183	3	131	91	198	37	109	28	48	220	193	72	204	243	250	145	132	192	11	137	
82	239	94	189	58	192	61	231	190	13	218	227	173	163	160	80	34	187	239	129	66	217	135	119	244	167	186	137	36	144	165	11	
130	253	178	155	221	229	190	206	158	95	88	23	172	254	34	64	237	123	147	145	162	28	26	247	45	22	158	235	144	93	181	219	
41	133	197	143	149	87	238	191	87	99	122	86	249	48	188	229	121	206	22	172	253	184	125	191	44	126	247	64	255	204	248	156	
188	98	120	102	116	75	67	88	80	174	245	42	83	73	185	17	88	248	134	106	232	182	109	42	87	201	161	181	103	251	94	163	
13	124	232	71	102	58	255	80	112	226	95	166	89	45	223	42	62	220	21	175	129	244	173	202	70	109	239	132	231	247	83	241	
139	213	252	109	58	22	31	191	118	95	95	180	253	127	154	103	87	87	157	172	227	132	109	159	226	255	110	148	54	212	161	113	
249	201	98	238	84	18	78	252	85	64	246	2	123	105	182	97	120	228	31	234	236	187	44	175	242	239	166	128	55	190	112	40	
92	30	142	191	9	214	13	57	164	222	198	164	253	102	11	203	68	243	236	161	105	201	115	45	201	227	254	153	136	96	45	123	
2	157	16	155	245	141	188	239	30	59	88	51	172	190	96	64	255	27	147	17	114	152	75	247	44	22	158	238	148	76	129	155	
241	107	120	122	252	153	80	247	83	172	244	44	35	152	215	80	200	236	68	80	238	126	224	62	122	233	52	249	113	24	78	79	
159	180	232	99	182	63	219	154	95	233	61	190	219	125	223	33	31	91	149	189	187	240	109	138	106	221	37	244	231	215	210	113	
172	236	104	40	92	201	199	238	16	204	116	171	19	205	114	17	89	200	7	103	106	126	98	63	125	1	165	237	117	153	118	242	
168	223	24	185	124	201	246	254	94	12	80	107	166	152	176	129	202	59	135	65	102	42	66	191	230	209	58	187	20	24	213	139	
27	124	246	127	39	52	222	214	185	202	124	165	125	127	191	46	159	123	149	143	164	224	38	235	99	255	254	130	231	247	103	255	
220	182	118	65	131	91	53	175	229	246	142	166	75	44	194	167	51	84	232	48	244	249	61	142	186	211	69	87	103	164	141	84	
254	172	244	80	185	112	88	143	251	215	164	29	11	226	199	254	131	198	236	156	62	79	190	195	155	255	85	127	162	228	238	78	
91	11	194	53	147	250	121	3	53	197	71	149	171	34	146	220	34	174	236	28	28	216	229	140	134	247	144	67	166	132	30	84	
101	155	213	74	104	13	3	184	3	125	189	108	66	247	204	246	149	216	230	98	211	34	235	85	28	48	101	254	90	130	198	245	
171	253	242	118	247	181	222	222	59	105	60	189	63	255	223	52	151	219	149	221	166	122	168	227	123	221	60	170	231	215	199	255	
191	61	112	82	245	189	218	214	91	248	60	173	46	157	247	53	175	123	149	87	182	124	44	255	107	93	45	226	215	223	71	255	
41	114	175	13	75	127	177	94	70	237	126	111	24	148	230	180	52	28	246	44	135	179	183	17	87	69	33	167	219	156	94	255	
47	254	242	118	245	247	219	185	91	255	125	173	93	253	255	52	151	125	181	189	167	114	168	221	107	223	109	231	222	230	78	247	
217	76	71	220	68	132	111	246	245	194	246	66	57	147	181	229	106	224	62	206	233	143	54	239	178	170	226	8	47	185	112	40	
111	190	246	118	189	214	95	185	219	206	21	173	125	255	255	191	151	113	181	63	253	199	170	238	75	223	125	171	134	229	86	119	
143	247	41	123	248	244	31	157	182	95	93	245	253	223	250	245	215	26	149	47	231	6	238	179	230	253	174	174	30	214	175	245	
11	194	194	17	49	186	104	150	119	23	102	144	175	2	146	252	35	46	172	156	38	152	101	245	198	255	146	65	130	212	10	76	
158	185	246	242	175	245	186	216	171	216	52	165	76	222	247	63	167	123	245	211	150	105	42	240	203	91	109	207	199	183	39	215	
112	10	192	77	0	6	65	11	51	5	224	68	35	131	4	220	72	172	32	136	10	218	211	1	129	176	208	0	80	128	98	168	
107	246	232	94	104	84	31	191	18	239	188	253	248	119	206	54	23	86	253	142	227	71	238	251	102	127	253	186	30	246	134	253	
207	159	44	119	173	223	23	183	215	254	23	253	223	61	210	167	133	118	253	103	245	125	249	191	239	123	125	247	14	172	156	119	
200	27	214	95	33	158	116	55	189	10	102	228	235	35	133	222	6	54	236	10	224	185	1	202	166	255	80	18	122	244	200	61	
222	191	62	115	183	222	183	181	249	252	54	53	78	124	134	167	167	118	253	115	245	237	59	174	235	219	101	211	99	172	223	87	
25	181	7	186	147	231	108	51	53	74	75	69	255	211	40	229	181	43	29	47	123	152	16	61	161	243	26	64	58	6	169	27	
27	125	242	118	247	52	254	118	185	203	127	165	125	127	191	54	182	123	149	143	164	249	172	234	99	255	124	130	231	247	231	255	
251	59	188	124	59	86	25	27	83	220	212	37	122	253	151	255	212	252	253	37	173	207	243	139	219	251	97	159	58	164	62	119	
67	126	59	12	58	172	139	156	234	204	152	237	244	198	207	114	134	53	238	101	135	3	230	93	176	52	43	190	12	54	3	125	
184	250	88	62	98	139	86	81	55	14	113	237	63	201	163	16	158	185	133	66	238	182	72	59	242	197	37	185	123	188	78	27	
207	218	244	252	45	86	223	186	155	126	20	173	255	253	191	103	151	117	181	101	237	64	234	255	235	255	109	191	214	244	69	127	
247	59	17	172	40	141	19	120	139	236	153	237	166	198	194	20	158	249	204	103	221	3	200	61	144	16	41	186	88	175	3	85	
222	249	242	242	227	92	222	213	169	250	55	189	76	190	223	62	167	213	245	99	212	87	168	194	251	255	109	239	198	247	167	87	
11	210	254	118	57	223	25	185	159	252	22	173	127	253	190	165	151	49	245	37	229	205	59	157	75	223	117	215	94	166	12	127	
104	146	88	68	75	91	17	62	51	230	38	172	127	247	194	212	51	212	224	40	37	120	179	159	94	231	113	55	98	172	78	123	
37	189	224	65	253	189	162	195	207	233	57	79	128	152	246	166	137	106	66	21	151	57	124	178	46	92	5	119	221	79	217	148	
153	50	63	8	27	215	145	88	228	76	245	116	158	148	162	173	204	8	238	98	131	39	178	21	81	33	34	255	89	5	47	245	
175	245	240	97	228	63	255	159	123	123	125	188	25	61	222	62	55	95	181	174	209	116	172	210	102	223	117	228	231	246	198	241	
44	14	106	45	68	103	235	120	84	102	117	139	115	77	51	9	120	136	3	239	200	182	109	29	87	11	225	37	117	235	118	226	
79	155	248	127	167	116	217	184	27	255	92	165	253	255	223	110	151	95	181	141	151	88	239	241	79	255	253	239	183	230	71	127	
87	18	202	161	130	46	184	27	174	117	11	199	205	202	107	88	183	5	123	181	150	145	159	80	196	37	43	196	172	103	169	215	
8	183	218	225	242	171	127	255	50	45	126	247	213	55	138	16	55	31	23	56	178	152	9	31	238	207	63	197	165	192	143	171	
130	220	150	155	180	173	60	231	62	27	90	48	172	166	32	64	199	59	51	145	50	156	2	247	44	54	158	194	144	64	161	137	
15	218	236	247	183	31	255	185	31	255	23	167	249	125	223	175	151	117	189	191	167	208	47	188	78	223	253	199	167	238	85	117	
79	187	237	117	98	92	185	184	122	252	86	229	253	253	219	239	22	126	245	221	133	216	175	225	78	123	111	128	110	181	75	253	
37	32	232	9	205	63	226	67	80	99	229	30	3	40	86	188	89	140	130	63	157	182	212	2	6	15	17	36	203	237	250	132	
140	148	22	90	115	174	58	242	172	9	107	81	124	87	40	16	167	51	91	176	51	141	19	127	109	143	50	192	138	131	163	147	
114	65	114	228	118	10	250	96	45	0	251	2	79	11	53	80	126	141	31	227	200	179	65	204	182	253	130	132	103	171	98	128	
247	236	42	72	27	211	146	232	214	12	157	42	19	222	63	112	216	153	220	227	110	7	174	31	179	237	171	191	49	35	46	71	
29	5	110	253	148	178	239	115	84	194	255	2	121	235	179	97	122	174	23	175	185	179	37	223	114	239	227	128	55	251	240	224	
130	221	150	155	245	165	188	199	158	11	88	48	172	254	32	64	231	59	179	145	50	156	2	247	45	54	158	202	144	92	161	155	
19	223	206	191	148	22	236	191	22	135	222	215	225	98	178	193	125	239	174	141	252	216	85	239	188	103	254	192	61	164	185	92	
82	207	222	182	178	194	53	231	182	143	222	163	101	231	162	83	119	247	237	128	104	217	167	47	248	231	127	131	165	240	165	107	
47	183	244	127	181	119	217	184	91	253	60	165	125	125	191	37	151	95	149	61	183	240	44	221	107	223	109	231	255	228	71	247	
87	22	174	161	18	166	184	66	173	87	203	199	204	108	59	74	183	5	121	181	156	129	29	76	152	38	203	199	173	103	33	86	
254	20	244	124	139	120	85	139	251	87	174	189	74	124	47	223	243	214	237	34	188	103	191	195	147	119	84	31	242	125	252	87	
255	79	70	174	140	22	206	252	148	194	218	199	105	234	191	195	252	231	191	239	237	135	30	238	178	107	239	152	61	247	184	92	
217	59	47	40	56	197	129	120	196	92	212	101	150	148	163	195	204	1	238	117	191	111	243	60	216	33	170	248	88	13	53	121	
155	88	103	188	6	196	239	246	213	194	214	194	61	143	177	103	110	241	63	207	233	143	54	237	240	42	250	136	63	180	33	121	
107	244	240	102	237	52	94	157	59	75	61	189	95	255	222	54	151	223	245	143	206	66	234	227	251	253	189	174	167	214	230	127	
127	214	246	252	61	86	92	191	223	222	150	165	126	253	190	103	151	117	253	165	237	79	59	223	251	255	237	159	150	244	180	127	
74	78	227	156	67	192	125	245	169	134	78	131	109	231	33	86	50	245	165	164	64	7	182	203	113	54	206	137	38	246	39	122	
103	159	225	77	233	63	7	179	81	234	232	204	18	180	132	244	212	126	240	46	217	186	245	42	39	62	69	62	90	255	210	245	
127	190	246	124	59	118	88	254	251	222	188	173	124	255	223	127	151	245	245	245	173	75	186	200	219	127	125	191	134	244	38	95	
74	175	167	150	169	220	76	55	163	185	142	89	174	167	80	215	128	230	253	12	120	73	195	205	187	114	220	187	2	196	150	111	
176	68	122	68	66	114	182	70	120	130	253	186	25	187	167	24	122	157	198	162	40	167	4	74	114	237	2	11	229	241	111	130	
127	187	246	112	187	87	154	250	187	252	180	173	94	253	215	55	151	247	245	55	189	107	186	204	219	95	109	255	199	229	7	119	
137	194	82	83	49	152	112	182	127	61	118	180	175	3	142	212	163	10	204	12	38	188	33	247	134	255	16	195	66	132	75	13	
240	250	90	174	75	192	18	104	162	8	225	105	36	219	38	82	224	185	236	194	78	7	138	123	242	161	34	171	57	2	42	11	
110	189	228	82	221	253	212	231	171	255	188	159	10	252	94	31	169	211	255	17	254	107	190	243	63	95	85	255	199	92	222	94	
114	65	82	173	94	10	234	96	45	32	250	2	202	138	53	80	122	141	95	227	72	131	65	204	180	188	138	152	37	35	115	128	
107	175	244	80	253	221	212	239	203	246	172	9	42	232	86	150	171	163	234	21	230	107	174	215	59	95	85	127	215	236	206	78	
3	207	2	140	148	145	142	231	68	0	88	199	32	40	178	192	72	98	18	197	215	136	4	189	32	36	142	192	28	28	184	12	
232	121	18	52	65	141	101	119	185	134	102	29	46	163	34	213	160	234	227	12	96	223	146	235	53	50	84	10	74	148	198	94	
236	235	232	40	252	73	215	222	18	124	244	169	19	221	211	16	217	216	69	113	122	111	194	31	121	133	165	253	245	56	214	211	
77	126	186	86	227	124	119	178	115	238	127	189	94	247	195	254	183	124	181	14	213	84	184	162	87	127	117	171	170	247	142	119	
28	148	255	168	147	230	26	91	54	65	105	147	95	127	40	80	247	155	19	176	31	152	24	55	251	231	26	70	185	3	165	210	
218	77	247	254	131	224	53	231	188	134	74	179	109	247	161	75	35	115	233	130	112	201	46	239	241	231	126	139	165	112	165	107	
161	220	55	88	125	215	167	246	220	94	116	4	48	145	181	53	200	96	2	104	225	47	50	127	99	26	23	10	91	48	99	233	
155	147	252	125	185	215	153	185	215	220	150	181	253	125	190	167	150	113	253	109	191	237	127	191	203	219	125	223	222	164	61	119	
21	172	232	41	211	175	235	202	118	5	120	131	25	10	22	0	59	139	2	189	158	184	5	127	125	15	163	69	245	69	107	132	
183	125	37	67	188	23	150	248	84	232	144	238	82	92	157	165	220	212	215	247	249	247	125	188	56	74	173	246	95	63	242	245	
153	21	151	55	135	78	181	103	252	210	42	23	254	60	1	139	167	119	200	37	241	233	19	237	225	82	94	18	75	124	129	219	
91	72	231	252	100	228	239	182	133	202	222	194	57	239	177	102	110	241	63	207	201	143	54	233	211	62	250	136	55	245	49	120	
13	48	233	71	230	50	239	80	112	226	87	166	89	109	159	42	62	221	87	239	129	240	173	232	70	111	235	132	231	243	115	241	
195	154	153	142	56	4	27	184	39	92	157	228	246	87	138	86	198	209	238	194	139	15	235	115	148	48	34	158	24	130	36	125	
168	222	92	191	62	137	150	254	92	14	80	230	191	25	161	65	206	123	135	67	231	172	70	191	230	195	58	154	60	153	29	153	
15	61	228	115	180	191	223	157	95	249	53	191	219	61	151	45	31	91	213	63	186	240	109	156	110	219	101	228	231	253	214	113	
177	55	17	33	61	175	130	89	201	236	185	109	134	200	215	132	152	33	76	33	239	33	200	159	176	212	43	190	72	46	83	215	
165	95	117	79	236	67	199	252	68	238	252	106	115	116	181	37	90	212	22	106	233	182	109	45	36	42	229	148	119	251	116	237	
190	31	246	254	191	118	222	222	153	202	188	39	108	126	191	47	207	243	253	243	172	235	43	234	235	251	238	147	199	247	38	95	
223	180	114	112	131	223	19	51	247	238	159	191	74	252	86	116	183	181	253	177	252	105	189	222	219	95	101	215	167	36	60	87	
169	19	77	77	105	95	113	25	2	125	117	44	24	151	130	247	84	12	166	44	135	214	243	29	71	33	97	181	90	142	78	243	
43	245	248	119	244	23	255	157	123	91	117	188	217	127	222	63	31	91	215	238	227	240	237	241	110	219	181	164	231	212	210	249	
233	243	59	8	122	95	181	93	238	237	252	236	24	148	230	180	172	28	222	12	193	43	180	16	115	73	32	254	91	156	167	245	
207	125	242	246	230	52	254	247	185	202	63	185	77	255	247	60	183	255	181	199	212	255	168	226	122	223	223	234	231	247	227	215	
249	178	254	84	115	223	49	120	250	253	118	45	120	213	198	183	54	60	228	36	133	114	180	29	95	235	97	231	107	164	79	255	
126	180	230	80	253	253	208	215	187	223	180	61	42	252	94	62	141	211	253	17	190	111	250	226	91	95	221	255	195	76	246	119	
191	253	242	243	182	63	254	215	59	251	61	187	15	255	223	60	191	223	213	215	246	244	168	226	234	221	173	166	231	246	195	215	
122	174	244	84	123	240	88	47	251	247	165	185	42	46	198	222	163	231	237	144	62	79	231	194	26	127	85	123	134	132	206	95	
9	114	59	8	42	247	145	92	196	110	244	237	158	148	163	232	222	25	222	124	197	39	243	22	211	45	50	250	90	151	47	249	
183	23	81	44	114	11	30	120	25	232	249	237	23	70	166	145	222	185	198	102	253	163	96	30	176	208	33	190	92	171	2	213	
254	148	246	92	203	124	20	203	251	255	182	191	74	188	103	95	229	215	253	17	188	111	187	194	91	119	85	191	243	100	238	87	
11	133	197	159	180	26	238	191	87	105	90	118	241	56	188	229	121	206	62	173	253	184	109	191	46	110	246	196	127	140	248	28	
159	63	118	254	191	246	158	249	185	218	188	55	108	126	191	47	191	243	245	183	188	227	42	238	251	251	111	203	199	230	167	87	
91	150	118	112	171	223	49	187	253	206	22	175	110	252	158	39	183	181	253	33	245	233	51	142	91	95	117	207	110	164	61	95	
88	26	240	55	19	249	49	38	119	103	199	190	235	32	130	252	34	150	238	0	44	188	101	183	150	247	16	67	118	140	141	76	
205	196	18	248	121	180	42	218	189	11	118	16	92	211	168	212	51	1	214	184	51	5	0	255	62	255	42	204	154	5	43	129	
143	61	240	115	189	53	222	158	255	218	60	165	253	255	223	47	151	91	245	247	166	96	235	251	111	221	47	170	199	247	103	255	
105	104	214	27	117	218	99	0	120	69	231	20	170	3	130	220	72	38	202	28	46	205	112	237	70	255	146	65	130	5	234	74	
107	178	160	85	121	95	127	187	155	127	22	45	72	253	222	246	151	116	253	44	229	89	184	155	111	127	229	191	14	164	30	255	
57	73	234	78	84	146	239	244	213	192	254	130	113	237	183	32	120	236	23	234	200	179	44	172	114	239	167	128	103	191	114	232	
191	244	52	120	185	87	92	251	159	94	148	53	110	254	191	125	215	91	157	55	239	69	120	223	227	219	237	191	150	244	182	87	
218	71	39	222	42	66	13	63	165	6	207	162	233	103	184	101	70	146	237	170	104	3	101	221	241	50	250	153	54	244	165	105	
230	92	182	222	233	60	156	242	185	91	183	57	76	254	127	59	167	119	253	3	164	71	170	227	147	122	91	186	134	117	167	87	
75	51	111	77	42	254	185	24	238	236	30	229	189	157	211	230	134	53	253	77	133	137	231	217	71	121	43	180	46	166	15	253	
115	22	27	44	48	47	19	90	41	204	249	237	246	38	163	16	158	181	196	37	141	163	96	78	144	180	42	186	88	230	39	125	
75	212	124	125	184	54	93	191	61	91	87	180	217	63	158	107	215	215	189	174	235	76	111	253	230	251	254	132	54	244	208	121	
183	30	83	172	114	171	91	122	57	200	120	237	111	101	163	148	30	169	133	36	173	146	96	30	176	212	33	186	254	239	2	221	
130	253	178	154	221	197	188	239	158	95	88	23	172	254	102	0	221	59	147	145	226	122	26	247	45	22	158	235	149	92	181	219	
242	54	1	172	44	45	193	90	129	206	152	109	162	200	147	141	216	161	77	37	173	39	194	159	144	16	160	186	88	45	86	95	
77	59	251	86	226	92	63	144	115	206	118	236	125	255	215	252	54	126	181	78	209	218	174	160	74	255	117	168	206	247	39	249	
74	150	150	148	189	188	120	51	171	17	143	92	238	237	8	198	165	54	249	5	179	105	147	231	155	119	80	90	138	204	153	28	
75	201	236	71	12	90	109	189	96	81	7	130	249	45	154	99	34	214	125	207	212	200	247	101	71	43	254	129	39	146	217	40	
11	176	244	253	62	150	217	56	171	217	52	167	253	127	158	51	151	113	245	245	150	76	111	221	206	219	233	198	39	166	71	247	
230	52	178	214	239	124	156	215	155	251	189	57	236	253	79	43	143	119	255	17	182	103	234	226	31	94	94	186	134	125	135	215	
106	182	198	214	121	188	88	55	171	61	143	252	170	242	206	246	135	182	253	16	190	75	226	231	158	119	144	251	138	196	154	15	
122	176	228	80	93	221	209	111	251	255	180	29	42	236	118	180	169	179	237	21	174	111	190	215	27	95	17	127	247	12	94	94	
91	178	246	124	43	215	89	59	159	253	31	173	127	221	150	36	150	53	253	37	133	193	35	221	75	219	105	159	70	164	5	119	
107	180	86	90	121	253	80	99	171	25	189	56	42	188	174	188	141	178	238	16	62	47	226	247	27	127	16	251	219	140	202	31	
9	194	54	219	165	216	116	5	127	85	71	16	175	192	250	205	227	10	170	24	86	252	47	241	142	251	86	67	150	134	237	70	
15	105	233	65	194	86	237	222	98	181	84	130	25	167	209	42	39	76	49	221	146	216	181	96	77	45	255	164	167	247	119	224	
75	148	38	94	45	188	112	51	237	73	143	96	238	114	158	230	164	50	252	8	149	137	35	253	131	127	210	211	10	134	185	53	
123	50	180	108	41	86	89	91	3	236	84	45	26	157	214	252	214	189	181	21	221	218	243	152	83	251	113	155	14	132	190	119	
113	54	83	64	82	236	162	83	232	136	187	108	6	210	228	48	180	45	78	32	69	35	160	78	48	156	35	186	73	34	107	151	
47	240	246	244	117	151	216	59	219	249	60	173	125	255	254	52	150	61	181	189	132	240	162	220	75	223	237	230	199	164	71	247	
2	156	144	155	245	143	184	231	30	41	90	51	172	246	40	64	255	59	179	17	114	152	67	247	45	22	158	226	144	8	129	155	
90	239	67	158	82	192	47	231	55	13	222	227	45	231	162	84	118	187	175	128	66	154	167	247	244	36	190	137	39	150	167	105	
56	201	98	238	84	147	70	248	213	0	246	2	107	201	188	96	120	236	23	234	200	179	44	191	242	239	131	136	119	186	112	12	
127	77	199	174	140	54	206	236	64	202	218	199	121	104	183	231	248	231	61	239	205	131	29	170	176	110	239	152	45	127	248	28	
91	72	247	220	71	148	110	118	229	202	242	70	41	243	181	246	106	224	62	206	201	143	54	235	50	126	210	136	47	244	113	44	
9	1	130	171	13	120	105	29	231	85	79	149	143	167	123	206	96	138	170	156	15	16	190	129	134	241	146	13	190	214	189	84	
15	97	134	129	161	180	169	128	174	17	205	197	157	194	201	221	228	9	155	222	19	144	82	112	132	137	170	192	138	5	171	176	
27	207	204	191	20	22	108	191	84	67	222	199	225	42	178	192	125	238	62	141	221	152	85	191	238	111	254	128	61	222	248	28	
218	169	98	17	129	216	120	5	45	85	103	149	139	134	70	221	34	170	172	156	94	156	183	228	143	241	16	67	162	133	206	86	
123	51	246	228	63	86	216	120	251	232	180	173	108	255	215	54	150	245	245	245	156	107	162	204	219	91	123	255	199	164	39	95	
123	212	246	220	61	86	216	62	219	217	159	173	108	254	182	118	215	245	253	165	140	75	171	221	219	255	255	158	22	164	117	127	
130	189	144	155	241	173	188	207	30	27	88	48	172	254	104	8	183	27	179	17	50	220	26	247	45	22	30	238	144	76	129	155	
32	72	101	77	108	227	225	246	6	236	252	162	48	61	181	36	73	120	119	75	9	186	99	61	69	14	240	128	85	123	118	251	
3	207	0	140	148	145	142	231	68	64	88	199	32	8	178	192	72	98	18	197	199	136	4	189	32	36	142	192	28	28	184	28	
61	5	110	237	212	50	239	119	196	193	222	2	81	235	184	96	120	238	63	232	217	185	37	204	118	239	166	192	183	250	240	224	
144	247	127	71	118	90	119	252	121	236	118	230	127	3	143	113	54	76	6	106	228	244	165	110	102	169	37	133	103	178	71	237	
24	215	90	101	246	11	127	191	52	44	126	230	115	35	138	80	54	222	7	110	248	184	37	63	110	175	37	196	109	210	192	185	
95	40	130	166	8	36	170	66	164	202	203	197	157	234	115	200	212	237	59	135	13	131	152	0	208	5	171	168	136	119	57	82	
24	215	90	225	246	139	127	255	52	45	126	230	119	35	170	0	55	158	7	168	242	184	37	127	238	175	52	196	252	130	171	185	
119	76	138	188	197	52	158	66	168	138	222	143	173	234	19	202	236	231	245	199	12	3	150	232	208	103	254	137	13	119	59	26	
207	241	252	119	116	22	121	152	59	249	21	167	217	255	223	98	151	93	181	221	135	80	239	209	78	249	237	228	167	166	83	117	
167	115	45	44	188	23	158	253	84	232	145	204	215	76	155	33	158	69	95	127	253	227	125	140	232	27	45	188	92	187	153	21	
56	133	102	237	220	18	238	253	197	129	254	2	91	233	176	98	120	230	63	235	216	187	37	172	122	239	166	192	183	254	240	136	
2	157	146	153	253	133	188	239	158	27	88	18	172	254	32	64	223	59	179	145	114	88	2	247	45	22	158	234	144	76	161	155	
42	173	83	216	211	241	50	111	59	65	120	170	40	246	228	244	123	187	134	128	23	27	166	215	62	84	26	235	119	4	175	191	
3	143	2	140	148	129	142	231	4	4	88	199	32	42	50	64	72	34	131	197	214	136	4	253	32	36	142	193	28	12	184	12	
56	137	98	236	84	147	78	112	213	0	254	2	107	201	181	96	120	172	23	234	200	179	36	157	114	237	163	128	119	170	112	140	
2	152	18	153	117	141	184	231	30	9	82	35	172	222	32	64	255	59	179	1	18	152	2	215	13	22	154	194	20	8	161	155	
81	205	202	175	180	146	110	191	70	73	94	231	241	42	186	192	114	238	63	141	223	152	197	191	238	111	190	192	60	142	248	29	
122	240	112	88	107	217	208	70	219	117	180	29	42	156	94	188	138	171	239	20	158	111	246	241	19	91	16	123	215	13	206	86	
250	58	244	86	75	212	80	66	251	253	181	191	10	158	70	94	229	213	253	145	158	111	190	224	91	123	81	251	227	5	110	95	
102	188	242	212	237	44	188	195	187	219	176	57	140	254	125	11	175	119	255	21	178	99	130	194	31	126	95	254	132	124	163	211	
130	181	146	153	245	173	188	207	30	59	88	16	140	250	104	72	183	27	51	17	50	88	11	247	45	22	31	230	144	72	129	139	
70	24	182	252	237	36	188	219	187	90	176	57	236	255	125	27	135	119	255	129	176	103	130	224	147	126	95	186	134	116	35	211	
53	95	117	79	174	11	239	188	68	234	254	230	115	104	149	38	94	244	62	106	201	176	109	168	36	46	231	144	117	251	84	237	
58	146	180	220	43	87	92	123	159	250	148	53	78	127	54	127	199	149	253	33	172	79	123	221	147	91	221	151	150	108	52	95	
26	255	10	188	231	130	95	247	17	70	92	167	44	131	34	65	127	239	23	167	110	148	16	207	244	38	190	133	62	124	153	91	
44	62	26	91	205	220	103	208	237	79	246	68	42	8	31	211	232	170	206	16	255	185	113	99	55	5	176	65	203	80	108	223	
15	188	240	245	62	145	216	185	91	248	20	171	253	127	223	37	23	123	213	181	166	120	239	221	238	223	239	174	247	164	67	217	
185	57	78	27	195	252	85	215	45	95	126	53	42	22	142	252	96	170	134	70	95	184	115	161	87	225	50	131	123	95	238	127	
76	209	114	153	211	216	49	151	247	85	238	167	175	199	171	253	50	170	138	16	86	144	246	177	198	241	16	83	182	156	141	92	
122	180	242	244	127	94	184	127	187	235	22	175	44	252	246	54	183	53	245	37	164	75	162	223	91	127	57	191	6	164	87	223	
14	203	104	89	129	249	121	147	183	85	70	149	169	198	218	204	73	34	234	220	94	144	119	181	135	217	154	65	178	148	221	84	
91	148	246	220	61	150	216	187	251	216	246	33	76	254	190	39	159	245	253	189	190	111	163	207	27	255	223	206	199	164	97	87	
25	94	93	191	46	169	154	242	13	66	88	231	191	109	161	64	110	243	159	71	197	168	71	189	214	239	106	136	61	251	25	217	
109	158	138	146	205	92	229	211	232	95	214	29	158	32	91	207	201	130	206	15	241	58	240	98	245	21	246	201	202	124	254	243	
233	122	43	11	237	125	181	87	68	110	95	61	158	157	146	174	76	14	238	15	213	60	247	160	87	97	48	155	74	93	221	255	
107	78	227	222	109	208	236	126	77	74	248	226	40	243	181	228	122	234	182	200	193	46	102	251	54	62	146	138	31	222	112	173	
75	86	42	104	41	125	153	222	164	110	158	173	155	157	131	104	206	16	223	4	141	7	101	144	215	125	48	159	222	223	45	123	
159	176	242	116	54	30	248	248	123	251	52	169	79	255	254	55	183	253	213	181	228	253	168	200	202	223	93	182	231	164	99	223	
75	48	116	109	43	119	88	26	15	121	94	173	159	157	150	46	134	21	253	69	142	192	227	213	195	249	104	155	86	197	5	119	
219	114	118	69	99	119	185	92	99	253	119	189	27	159	198	191	166	29	245	196	141	214	183	149	83	249	113	239	107	132	47	247	
253	31	187	130	245	118	19	210	16	77	188	127	30	52	163	252	109	210	142	95	185	43	113	226	251	5	34	214	139	253	246	113	
136	134	92	185	233	57	109	159	175	22	12	149	173	227	235	223	7	10	138	172	98	0	2	211	198	209	71	45	190	244	9	248	
157	255	14	163	131	253	111	209	37	126	94	151	29	135	91	213	96	138	223	222	95	148	53	176	247	65	170	197	42	87	188	82	
169	247	43	67	241	93	183	117	164	93	255	181	24	151	206	245	236	26	223	142	247	151	248	131	119	73	166	227	75	150	238	247	
171	113	118	105	61	151	217	93	207	233	247	181	29	157	214	39	134	61	245	29	196	203	227	208	99	249	40	210	70	132	230	255	
53	19	25	172	164	14	214	125	93	77	241	109	194	56	174	89	220	141	4	99	221	163	68	12	176	182	254	222	216	59	250	87	
43	240	244	253	52	23	216	249	95	249	52	161	237	127	159	45	159	25	213	181	166	112	105	221	202	223	125	182	215	164	67	223	
27	24	41	107	43	253	115	82	101	110	222	39	58	28	215	236	228	179	255	71	205	157	115	177	215	221	48	147	58	159	28	127	
169	87	127	75	235	127	183	85	140	110	127	182	24	148	174	246	100	28	230	46	213	181	177	146	119	105	32	247	91	31	207	247	
31	33	236	229	182	26	251	24	116	224	87	130	217	109	155	42	62	93	149	255	145	240	237	200	110	235	175	132	231	247	113	241	
95	176	242	116	119	149	88	121	59	200	215	175	110	220	214	117	182	189	181	213	188	223	162	204	219	95	109	234	7	164	39	119	
191	51	106	107	185	245	121	85	165	77	247	189	27	31	143	255	236	187	221	246	159	147	249	128	83	249	160	211	235	135	238	215	
251	49	118	228	127	150	216	88	251	232	181	173	44	158	215	63	134	189	245	149	158	111	162	204	219	121	59	250	71	132	99	95	
53	90	139	170	208	70	79	92	48	78	240	229	147	39	35	25	92	217	134	226	141	131	80	104	240	133	174	152	249	115	46	211	
91	184	244	220	61	20	218	184	155	217	148	35	108	127	159	110	214	213	253	245	174	105	235	233	155	255	223	158	215	164	112	95	
48	83	142	164	116	143	82	116	197	237	114	103	71	73	178	128	216	164	7	101	220	177	0	12	226	213	33	131	127	190	218	147	
131	119	59	0	60	255	135	117	252	236	156	237	150	212	166	165	190	32	206	111	225	33	164	94	176	17	35	190	76	188	145	117	
15	185	230	243	244	155	248	176	223	249	118	170	249	125	215	45	62	245	247	221	144	248	47	252	78	219	229	192	231	174	80	241	
117	51	81	76	112	4	23	89	121	72	241	236	110	86	141	252	222	185	132	224	159	2	96	221	176	252	34	170	88	179	226	213	
105	54	121	77	122	240	59	25	42	76	253	236	188	214	206	116	86	25	254	46	131	2	231	95	102	61	34	168	30	134	35	245	
63	89	99	71	54	91	231	184	76	232	90	234	211	60	149	164	62	92	151	99	201	176	109	168	36	76	37	134	103	191	84	125	
91	144	244	239	110	26	125	188	123	113	95	162	89	63	158	122	55	213	181	238	212	88	237	213	70	255	245	132	55	182	208	121	
25	223	91	239	242	139	126	254	52	96	126	231	125	39	162	80	55	255	151	238	241	152	13	127	110	239	36	192	63	146	168	153	
3	207	2	140	20	145	142	231	68	0	88	199	32	8	178	192	72	34	18	197	198	168	4	189	32	32	142	128	29	28	184	140	
123	56	244	204	61	54	216	26	75	249	189	169	44	158	150	118	134	157	253	133	142	67	163	221	211	249	171	190	22	133	115	127	
87	51	89	39	114	58	58	56	41	232	123	231	125	78	135	240	54	237	148	230	197	144	237	204	150	253	43	130	45	179	11	85	
136	187	150	88	225	52	181	223	255	30	116	100	141	131	227	223	71	26	166	24	194	88	34	208	6	217	87	47	146	212	109	173	
57	223	95	103	242	11	127	255	52	96	126	231	123	39	130	81	54	206	7	238	225	184	13	63	118	239	36	128	109	242	202	153	
91	73	198	177	173	248	88	131	175	85	134	149	143	201	155	207	74	4	253	29	14	229	231	193	130	243	218	83	230	148	221	70	
51	73	107	206	84	146	239	244	196	192	222	198	113	236	183	100	126	232	22	239	201	187	164	237	112	45	174	136	101	186	112	252	
19	221	202	173	38	18	86	239	8	73	88	231	97	122	158	128	250	103	181	133	205	152	69	41	118	111	190	131	45	246	250	155	
219	49	116	229	110	155	120	25	171	232	86	175	217	223	215	98	182	189	253	221	198	116	231	208	70	249	169	164	39	164	80	245	
55	147	112	74	62	3	195	216	79	12	253	98	66	112	175	100	90	72	22	106	128	34	111	241	48	188	35	190	119	187	113	37	
239	49	118	234	237	151	216	81	107	248	245	185	140	158	150	57	142	189	245	151	214	239	227	212	147	249	90	250	71	135	227	87	
56	9	98	236	84	147	234	113	197	0	246	2	99	201	180	96	120	168	23	232	200	187	36	157	114	237	162	136	119	170	112	140	
2	152	18	153	118	135	184	71	30	9	80	34	172	158	32	64	254	57	147	17	2	152	2	213	13	22	154	194	20	8	33	155	
115	223	195	174	246	18	206	253	68	232	218	231	115	120	177	224	126	238	22	239	205	186	141	173	180	45	175	132	61	254	248	13	
57	223	79	111	114	10	111	252	33	224	126	230	123	111	177	240	62	239	22	238	205	186	45	45	118	239	101	128	111	179	98	249	
250	49	116	88	75	221	208	83	235	93	180	143	10	156	87	63	174	155	255	145	158	107	246	209	19	89	16	251	119	4	78	95	
114	112	180	80	111	221	152	83	171	125	180	63	46	156	86	58	172	187	255	17	150	111	178	209	27	88	24	251	199	4	247	215	
25	219	75	173	246	154	110	245	103	105	90	231	113	248	178	224	118	174	54	205	215	184	5	253	62	45	174	192	61	158	248	13	
250	49	228	80	75	244	80	19	171	125	180	63	10	158	70	95	236	191	253	145	158	67	242	209	19	121	216	251	195	4	102	87	
25	27	91	175	118	169	107	242	6	64	88	231	63	239	179	96	126	235	22	207	141	184	37	189	246	237	42	136	61	187	33	249	
218	146	38	184	13	252	81	23	239	92	158	21	170	141	118	206	233	160	253	17	142	105	183	193	147	113	208	31	162	140	92	94	
98	144	244	252	46	23	216	58	143	249	176	41	204	190	52	123	199	181	255	1	128	75	107	208	154	90	91	190	150	164	33	95	
138	142	70	216	227	240	184	103	157	27	126	178	44	174	166	239	239	51	131	144	53	216	34	255	15	118	218	195	146	196	173	189	
66	168	116	216	124	3	248	170	143	186	176	10	140	110	21	91	143	177	127	33	226	109	11	221	142	90	223	254	148	172	65	9	
186	144	118	57	79	220	177	19	237	94	118	55	43	222	134	247	233	56	231	20	134	172	118	145	71	241	50	203	227	4	111	223	
2	176	246	212	52	23	216	127	155	248	48	171	172	158	212	41	150	61	221	37	162	233	160	221	138	90	223	182	6	132	67	95	
122	146	116	25	67	221	49	19	167	95	246	183	43	222	230	254	103	186	134	144	142	26	118	209	87	113	16	227	243	132	44	223	
90	176	242	244	118	144	248	127	187	201	116	187	45	255	244	34	182	189	181	165	144	107	166	205	154	255	219	238	7	164	243	213	
31	178	40	81	1	213	121	83	167	93	214	149	170	222	123	252	237	154	191	148	159	26	115	145	223	81	154	199	186	132	44	95	
75	49	116	252	124	182	216	31	207	217	149	177	141	159	150	124	198	181	253	157	158	111	227	213	74	251	251	222	23	132	224	87	
2	188	176	153	127	229	184	103	30	27	80	19	172	190	100	0	205	59	179	129	178	126	82	247	13	22	154	234	144	12	181	219	
106	143	102	216	249	241	184	103	157	57	94	170	40	174	164	244	197	51	179	128	20	26	2	221	63	118	216	195	151	140	204	60	
35	206	66	204	103	144	190	103	89	75	124	231	40	154	182	244	250	171	178	133	199	154	134	199	54	60	154	139	31	30	248	141	
98	132	244	212	124	43	248	42	219	185	48	10	236	47	117	64	191	21	55	49	162	109	9	223	30	94	219	246	151	172	81	9	
15	178	242	17	135	221	49	19	231	95	86	55	171	221	199	238	99	26	239	17	151	188	246	128	207	81	52	239	230	204	92	223	
75	94	248	104	250	127	127	150	45	111	222	189	157	61	151	124	198	23	223	31	161	3	101	170	119	253	52	159	246	223	4	123	
162	240	246	212	36	22	216	120	59	216	245	177	13	223	212	57	158	189	181	181	128	231	162	205	10	250	219	206	71	164	99	213	
111	58	42	144	97	213	113	112	165	78	150	173	56	55	131	255	108	176	223	156	189	139	113	136	87	77	240	211	170	132	126	127	
187	245	118	107	173	151	220	85	237	105	247	181	159	159	158	39	134	29	221	63	254	165	227	194	227	249	40	210	71	150	231	247	
79	51	123	165	34	26	187	60	40	232	119	228	221	14	159	112	182	29	21	237	149	144	101	76	196	173	43	132	45	178	3	245	
25	148	56	105	47	92	177	210	197	79	118	39	175	188	235	231	237	24	222	37	167	52	245	131	199	253	34	183	251	44	29	255	
2	240	244	196	60	31	216	125	223	249	179	43	204	30	148	41	190	21	223	37	128	225	41	221	154	222	219	150	87	134	67	95	
93	146	122	64	34	93	177	240	108	108	183	175	26	180	238	229	126	144	222	36	213	51	37	128	82	77	34	255	219	174	109	247	
122	49	246	244	118	146	248	56	43	208	117	171	109	223	212	50	182	253	181	213	130	242	174	205	202	251	235	234	39	167	99	209	
13	112	252	225	54	58	249	25	101	224	95	162	217	15	215	34	62	221	255	253	192	240	165	200	206	253	171	132	39	167	113	241	
191	179	100	113	233	221	125	245	165	94	244	189	26	95	206	63	236	147	223	247	223	39	114	210	95	217	100	207	99	148	238	215	
47	27	233	140	112	86	25	88	37	204	244	237	152	23	131	61	94	152	222	254	141	131	101	72	214	29	226	156	158	182	46	241	
235	112	244	237	62	54	88	24	75	248	95	171	255	159	159	114	214	221	189	245	142	80	235	157	198	249	169	158	54	183	80	83	
53	83	95	172	116	11	83	112	109	200	114	237	87	92	186	16	190	161	6	103	205	178	37	12	144	148	32	194	108	171	32	209	
77	51	123	64	34	223	187	112	236	236	151	236	159	220	146	33	30	48	222	111	213	35	36	140	226	89	98	184	78	142	45	117	
158	105	244	247	36	155	248	56	111	240	54	130	235	79	213	38	62	241	253	220	202	252	103	237	78	219	229	192	103	174	64	209	
55	83	121	45	114	18	139	24	105	72	112	236	215	78	143	116	94	153	20	108	205	178	101	28	132	252	42	134	124	162	3	245	
75	49	105	77	58	24	155	28	104	108	189	228	189	7	159	112	22	29	223	238	147	0	229	93	102	125	42	184	94	151	3	241	
123	129	228	237	118	26	122	152	107	113	127	130	89	47	220	118	54	221	53	236	142	176	237	209	102	253	163	164	39	166	82	209	
3	207	0	140	148	145	142	231	4	64	88	199	32	40	178	192	72	34	18	197	198	136	4	189	32	32	142	128	28	28	184	12	
92	205	102	238	156	146	238	253	229	128	254	2	121	235	176	96	120	230	127	234	216	171	45	237	126	237	166	196	55	154	240	40	
191	246	58	99	169	93	191	245	229	95	183	181	155	93	158	231	239	19	223	47	255	39	120	167	243	217	102	215	79	222	174	247	
74	143	99	152	243	176	171	231	63	5	90	167	44	174	244	196	231	59	163	149	146	26	166	247	63	52	154	235	150	4	165	239	
34	189	82	216	211	241	176	103	31	65	124	179	40	190	102	180	251	187	130	144	23	26	6	247	30	20	26	235	223	4	174	158	
74	139	227	216	243	240	184	231	159	5	94	226	44	174	244	196	231	59	163	145	146	24	162	247	31	54	154	203	151	4	173	239	
2	180	148	153	245	173	184	207	30	59	88	48	140	190	96	72	183	27	51	17	50	88	3	215	13	22	31	238	144	72	161	139	
28	83	121	37	118	10	251	24	44	232	127	231	95	77	153	128	54	189	151	111	193	176	5	76	118	237	33	132	111	175	67	241	
51	219	67	140	246	146	238	245	65	224	88	230	113	232	177	224	126	238	22	239	197	186	44	173	54	44	173	132	61	190	248	157	
19	203	67	136	246	146	238	245	101	65	90	230	57	200	182	228	126	170	22	237	215	186	4	253	62	44	166	192	63	142	248	157	
2	184	144	153	127	165	184	71	30	57	80	18	172	158	96	72	207	59	179	17	50	124	83	247	13	22	26	226	144	12	129	155	
66	160	54	144	108	137	184	75	143	57	176	26	140	202	116	8	239	153	127	145	130	111	130	209	156	24	219	254	20	8	1	137	
98	48	52	208	111	245	184	83	171	121	176	59	12	156	86	59	174	153	255	145	150	111	242	209	23	88	90	251	199	4	103	223	
66	56	246	216	108	132	248	75	139	153	176	56	140	158	84	26	206	149	255	145	130	107	130	192	30	56	91	254	132	132	35	137	
114	56	50	208	105	244	216	23	171	93	180	61	40	158	70	123	236	185	253	145	158	79	242	192	23	120	218	251	131	4	118	95	
66	24	244	236	108	0	216	74	139	185	176	56	140	158	116	91	206	181	255	17	128	107	194	192	150	120	91	186	212	132	35	9	
43	219	99	204	86	144	170	214	79	64	88	230	40	162	181	228	126	234	150	204	195	186	36	253	54	44	170	138	63	158	113	189	
66	8	244	148	108	11	184	47	143	179	16	26	172	170	116	75	167	181	127	1	128	105	2	208	28	26	91	186	148	40	1	9	
26	152	102	121	11	252	176	23	175	93	180	183	170	156	102	95	238	177	253	17	142	173	50	209	131	121	90	211	87	4	37	95	
18	176	54	217	43	149	152	83	173	89	150	187	44	29	150	43	166	179	255	17	134	239	35	193	147	122	90	210	71	4	39	95	
10	26	102	88	73	253	120	83	239	93	52	181	168	158	118	95	228	185	151	145	151	13	54	209	79	89	210	235	90	4	77	223	
2	160	246	252	124	130	248	31	187	145	176	146	141	143	84	11	174	189	127	129	154	235	134	213	130	120	219	254	7	132	227	137	
107	184	112	217	109	149	216	19	15	121	244	57	12	158	214	124	198	61	245	157	158	154	225	208	23	121	154	250	150	132	99	95	
58	1	230	229	22	10	232	88	109	160	243	2	75	11	53	82	122	205	55	224	200	176	197	200	146	249	203	132	103	170	112	128	
98	0	246	244	118	171	248	11	223	177	179	26	238	202	116	10	255	165	63	177	130	101	10	221	30	154	219	180	181	137	81	9	
27	97	114	229	38	26	122	24	101	224	215	130	217	15	149	32	62	149	127	255	200	176	165	204	198	253	163	132	39	167	113	113	
90	33	112	109	44	25	218	56	109	192	118	130	235	15	212	34	62	157	125	238	202	32	231	221	198	217	161	136	103	134	80	85	
2	48	118	192	44	183	216	83	127	123	246	49	12	159	212	41	142	157	247	141	144	231	163	208	18	216	218	130	71	132	99	87	
73	49	120	105	46	27	217	56	100	200	213	172	219	29	146	32	22	145	223	237	197	34	101	140	198	217	106	184	102	167	67	113	
107	18	230	97	105	85	121	112	165	92	182	173	57	31	214	127	206	16	223	140	141	3	97	128	87	217	242	139	6	132	118	255	
118	64	228	231	36	11	74	56	15	176	187	10	107	75	84	18	126	229	55	208	200	244	203	217	158	216	199	240	103	170	80	0	
89	146	122	96	34	95	185	112	101	124	151	175	159	29	186	96	126	157	223	37	141	163	37	136	210	249	98	183	119	172	37	113	
30	48	118	224	46	19	216	89	207	104	247	187	79	223	188	34	174	149	253	165	200	161	35	208	146	217	137	150	103	132	193	85	
121	19	123	96	34	87	153	80	96	204	246	236	223	30	179	112	94	157	150	253	205	178	101	140	218	201	43	196	79	174	45	113	
178	33	116	237	108	2	216	24	43	128	249	130	237	79	85	16	254	157	117	243	154	230	195	221	130	248	139	214	7	135	115	129	
126	49	116	237	126	146	90	24	139	224	116	171	77	159	149	118	70	189	245	247	130	50	231	216	198	249	169	174	55	150	82	209	
47	81	234	76	112	31	89	80	9	236	213	172	153	31	183	52	94	148	159	108	197	131	100	136	86	121	162	148	22	166	14	245	
2	144	18	153	118	133	184	67	30	9	80	34	172	158	32	64	238	57	179	145	2	152	2	213	4	20	154	194	20	8	33	137	
170	190	176	216	75	245	152	71	219	223	180	31	172	158	102	15	207	187	131	145	182	79	242	194	31	82	90	251	131	76	45	223	
3	207	2	140	20	145	142	231	4	64	88	199	32	40	178	192	72	34	18	197	214	136	4	189	32	32	142	128	28	28	184	12	
61	83	97	173	118	11	107	56	5	192	115	231	95	77	155	52	62	129	22	239	197	176	101	140	244	236	32	132	127	175	64	241	
19	219	67	136	118	147	238	245	77	64	90	230	57	202	180	228	126	171	22	237	215	154	4	253	62	12	174	192	63	142	185	157	
88	205	98	238	156	146	206	252	101	0	222	2	123	235	176	97	120	230	31	235	200	171	45	253	250	237	167	216	55	155	240	8	
57	0	106	236	84	146	232	112	197	64	246	2	57	137	180	96	120	168	23	232	200	179	36	157	82	237	162	136	119	170	112	192	
26	178	244	89	47	220	48	19	239	93	118	183	170	156	214	110	167	153	255	17	158	108	246	192	207	89	48	239	247	12	4	127	
47	18	112	241	113	220	185	48	169	204	180	173	191	93	215	127	206	49	223	53	133	74	96	204	79	219	99	243	134	172	71	255	
194	184	182	152	109	240	184	71	239	93	150	59	44	140	118	95	163	163	235	21	22	111	162	209	31	112	90	251	150	4	237	95	
27	75	66	132	118	147	174	246	77	192	94	230	40	136	183	164	126	234	134	207	197	186	4	236	54	12	167	130	39	191	121	141	
91	113	106	229	54	18	251	48	104	224	87	166	221	15	147	112	54	157	23	239	193	144	165	204	214	105	170	132	39	162	35	241	
63	184	112	241	109	220	216	243	173	90	180	45	14	94	214	63	239	177	223	149	222	43	98	192	223	217	174	223	71	164	102	215	
91	81	104	69	50	27	251	56	104	96	117	174	217	15	159	112	54	157	21	238	129	144	109	220	198	233	171	180	55	167	67	241	
29	83	75	69	118	10	238	120	36	224	127	231	89	79	185	160	62	236	23	238	201	177	5	76	114	45	161	132	111	179	107	241	
2	191	98	152	215	177	180	71	159	5	92	167	44	172	230	132	239	43	131	149	214	154	6	255	62	20	158	235	151	76	189	223	
35	219	99	204	86	147	174	247	77	65	88	230	40	136	180	228	126	43	146	197	199	186	36	253	50	44	138	138	31	158	249	157	
2	184	16	153	117	173	184	71	158	25	80	50	172	158	32	72	205	59	147	17	50	252	82	247	13	22	26	226	144	12	129	155	
66	160	54	152	108	137	184	67	207	57	176	26	140	142	116	11	238	153	127	145	130	111	130	209	156	24	27	238	20	8	33	137	
98	48	244	216	108	133	184	67	139	57	176	56	172	158	84	26	206	61	255	17	130	79	194	192	150	56	26	250	4	12	3	155	
114	33	96	229	108	11	104	24	11	160	242	10	107	11	85	82	122	141	55	224	200	178	195	217	150	249	131	164	103	170	80	0	
59	81	106	100	50	27	217	80	96	232	247	172	155	31	183	48	94	157	151	236	201	146	101	140	194	233	170	144	103	166	67	241	
194	24	54	216	105	220	184	19	175	89	178	53	172	156	118	11	174	177	255	145	134	79	242	209	23	120	90	219	215	4	39	95	
34	176	116	217	43	157	152	19	175	89	148	177	172	158	86	123	206	25	255	149	150	13	98	209	143	120	154	250	22	4	23	223	
54	32	116	237	46	138	216	72	171	160	176	2	207	10	21	2	254	165	127	177	136	225	67	220	150	248	139	212	101	170	115	129	
66	0	246	208	100	139	248	75	31	177	178	10	140	138	116	72	238	133	63	145	146	107	131	208	22	58	155	236	149	136	81	129	
26	48	240	225	45	157	184	83	239	89	150	163	14	156	214	42	174	145	255	145	142	57	227	192	147	89	90	210	199	132	37	95	
90	48	116	233	44	19	216	24	77	120	246	171	143	31	148	43	142	149	223	165	136	178	225	208	130	249	138	206	103	164	97	85	
114	0	116	236	108	10	248	72	139	48	240	10	207	202	124	91	254	141	55	161	136	115	130	208	150	248	219	188	53	136	83	129	
42	50	240	209	41	220	248	19	175	89	180	181	136	159	214	127	238	25	255	149	142	72	242	192	7	89	218	235	87	132	118	223	
130	186	178	152	195	241	176	71	255	87	64	55	44	158	102	72	231	59	163	145	182	94	178	211	31	22	154	107	149	68	175	206	
34	48	50	216	109	221	184	71	171	89	176	63	140	157	118	11	236	177	223	145	146	47	242	209	23	88	218	251	215	12	7	223	
57	201	107	110	86	2	111	240	97	192	254	130	123	239	179	112	126	236	22	238	201	179	44	45	242	237	165	128	103	179	114	248	
17	219	99	202	86	147	238	245	68	64	90	230	57	200	180	228	126	168	22	239	199	186	36	253	48	44	166	192	61	158	240	189	
226	48	50	176	109	220	184	71	171	89	176	61	140	159	102	27	204	185	255	145	146	79	178	209	23	24	218	251	131	12	23	223	
130	144	182	152	75	245	184	71	159	87	64	19	172	158	102	75	237	59	163	149	54	92	178	209	31	18	218	75	209	4	173	223	
120	201	106	238	20	147	78	252	69	128	254	2	123	203	176	80	120	236	31	234	200	171	44	253	242	237	167	144	55	186	112	8	
2	0	82	136	118	129	184	64	12	0	80	2	172	138	48	64	238	169	19	161	2	51	0	221	20	16	138	168	21	8	49	137	
25	1	104	109	54	27	235	120	101	96	215	138	91	13	155	116	62	156	23	239	201	176	101	220	214	237	162	132	119	163	82	113	
25	33	106	229	54	18	251	88	101	224	247	130	89	13	151	96	126	156	31	239	200	179	165	204	86	233	162	132	39	166	114	225	
50	0	98	201	84	130	232	64	205	1	242	2	40	138	52	64	106	169	23	129	136	187	0	197	22	40	154	192	53	136	112	136	
58	1	98	229	6	2	232	80	109	160	242	2	75	11	53	64	122	141	55	224	200	178	69	200	150	249	138	132	103	170	112	128	
3	143	2	140	20	129	142	231	4	4	88	199	32	8	50	192	72	34	131	197	214	136	4	189	32	36	138	193	28	12	184	12	
55	91	99	175	118	146	235	112	65	192	83	230	81	76	177	228	126	236	22	239	201	178	36	204	52	40	171	192	45	191	114	245	
3	135	0	140	148	145	140	167	4	68	88	231	32	40	182	192	76	3	147	197	212	8	4	221	40	32	142	193	29	12	184	92	
2	173	50	153	211	241	184	71	30	5	88	163	44	158	38	0	235	59	131	145	22	154	4	223	46	20	154	235	213	76	173	222	
57	219	99	204	86	147	239	244	68	224	90	230	113	232	181	228	126	236	22	239	205	186	44	173	52	44	165	128	127	186	240	253	
35	223	66	140	86	146	174	245	5	64	92	231	41	134	182	100	126	232	23	239	197	154	4	237	62	44	174	128	63	190	185	221	
107	16	242	240	109	156	248	114	233	216	180	43	140	158	214	59	238	177	223	133	132	111	226	192	31	217	218	250	71	140	115	223	
27	48	244	229	118	27	120	16	45	105	182	171	191	31	158	116	190	153	223	252	138	176	101	204	214	217	34	144	39	140	67	241	
49	72	107	206	84	129	203	112	68	64	212	66	49	201	181	100	104	168	23	207	201	170	36	189	112	40	162	136	53	139	112	232	
3	203	32	140	4	145	142	165	68	64	80	199	32	40	182	228	72	98	146	205	197	8	36	189	34	40	142	128	29	28	216	92	
2	32	18	153	108	137	184	67	175	17	112	26	140	138	112	75	238	41	127	145	2	46	194	209	4	16	26	232	20	8	33	137	
3	201	3	140	20	144	142	101	68	64	82	70	32	72	176	228	72	32	18	207	197	168	4	253	32	32	138	128	29	28	56	12	
18	0	98	232	70	128	232	64	205	1	210	2	41	138	52	64	106	169	23	129	138	177	4	197	18	232	138	192	53	136	113	128	
66	32	150	149	108	137	184	67	174	49	48	24	172	138	112	75	230	45	127	145	2	111	194	209	4	48	90	168	20	8	33	137	
2	143	98	152	215	240	184	103	30	5	88	163	44	174	54	192	239	59	131	129	22	154	6	223	58	52	154	203	149	68	189	223	
194	176	182	152	111	205	184	67	175	89	16	49	172	158	100	75	206	51	255	21	146	77	146	209	23	16	218	235	148	4	7	219	
2	0	82	136	118	129	184	64	12	0	208	2	172	138	48	64	110	169	19	161	2	179	0	221	20	16	138	168	21	8	49	136	
66	0	214	145	108	137	184	67	175	49	146	2	140	138	112	75	234	5	127	145	2	233	131	208	156	48	90	232	197	8	49	137	
35	201	99	204	86	147	174	244	68	64	88	198	40	200	180	228	126	171	18	237	199	186	36	253	34	44	138	136	31	158	113	188	
34	48	112	193	44	20	248	80	173	89	180	163	140	30	212	43	238	145	255	149	130	43	227	192	22	88	154	250	71	132	115	215	
50	0	116	233	110	11	248	72	171	49	176	10	143	138	116	90	238	141	127	161	136	163	195	208	150	248	218	188	53	136	115	129	
2	189	50	153	211	225	176	103	30	5	72	163	172	190	38	64	235	59	147	145	22	152	18	223	45	20	26	107	149	68	165	223	
66	48	244	208	109	140	248	82	233	89	176	57	140	159	84	11	206	145	255	145	130	111	194	192	151	88	218	186	6	4	35	219	
57	0	96	237	38	27	216	24	101	224	245	138	155	13	149	48	126	148	29	237	200	178	101	140	214	249	160	148	103	174	82	113	
114	32	68	237	92	11	72	72	13	160	176	10	11	10	21	18	122	133	127	224	8	51	193	220	150	248	131	180	101	170	114	128	
50	33	64	229	12	11	200	72	43	160	179	10	75	10	29	80	122	141	127	224	72	179	193	220	150	232	131	180	101	170	114	128	
57	201	107	110	84	130	79	240	229	64	246	2	115	203	179	112	120	236	23	238	201	179	44	45	114	237	161	136	119	187	114	232	
61	64	106	229	86	19	107	120	101	224	247	130	91	13	187	48	126	140	23	238	201	179	37	140	242	237	161	132	103	171	114	224	
2	157	50	153	211	225	176	103	30	5	72	179	172	158	38	64	235	59	147	145	22	154	18	223	45	20	26	75	149	12	165	222	
114	1	98	229	20	10	104	112	101	160	242	10	75	11	21	80	122	132	125	224	200	179	193	204	146	233	131	148	103	171	114	0	
61	64	107	229	86	2	235	112	100	192	119	198	81	79	185	96	126	172	23	238	201	178	36	140	114	233	163	132	111	163	112	240	
58	1	98	237	84	10	234	80	101	160	247	2	11	9	181	64	122	141	31	235	200	179	5	204	210	233	162	132	103	170	112	0	
2	152	18	153	117	173	184	7	30	9	80	16	172	158	32	72	199	59	147	17	50	156	82	215	13	22	26	194	144	8	129	155	
3	143	66	136	214	147	174	103	12	4	88	231	40	138	182	196	110	43	147	197	214	186	4	253	42	12	138	195	31	140	249	221	
57	201	106	238	84	147	75	240	197	64	246	2	115	201	177	112	120	232	23	234	200	179	44	189	242	237	161	128	55	155	112	40	
2	180	34	152	215	241	184	71	158	85	88	179	44	188	102	8	233	59	147	145	22	152	50	215	31	22	154	235	149	76	189	222	
49	8	107	206	84	130	203	112	68	0	215	66	49	201	181	96	120	168	23	234	201	179	36	13	80	169	162	128	117	171	112	168	
130	176	178	152	109	205	184	67	143	89	80	59	172	158	100	11	238	59	215	145	146	126	146	209	5	24	218	235	144	12	39	219	
53	72	99	206	86	130	235	112	68	192	87	198	113	76	181	100	126	236	23	239	201	178	44	236	116	40	163	128	47	187	112	249	
122	16	116	224	108	24	216	16	201	120	180	171	143	31	148	114	238	145	223	133	136	34	96	192	150	217	138	178	87	140	67	85	
