香奈儿可可小姐唇露	172 - 柔情	https://i.chanel.cn/fnbv3/image/full/shades/rouge-coco-gloss--172--55g.0156732_S.jpg	https://i.chanel.cn/fnbv3/image/full/chanel__com_type1/skus_full/rouge-coco-gloss--172--55g.3145891567328.jpg
37	49	241	65	244	236	107	89	107	233	125	104	16	151	221	52	22	30	22	88	147	58	244	72	109	28	33	236	195	131	194	177	
2	133	98	201	214	163	170	103	92	1	90	2	40	42	52	96	123	11	19	145	146	184	5	223	60	12	154	192	149	12	241	204	
2	157	118	219	230	133	188	199	159	89	90	179	172	254	36	64	231	59	183	145	146	153	2	243	60	62	158	235	149	76	165	219	
3	181	98	203	246	177	186	103	31	65	92	163	172	158	180	96	223	59	147	149	150	184	36	223	46	28	154	234	151	206	241	221	
34	185	50	200	245	197	186	231	79	73	88	43	44	156	118	0	220	59	151	145	150	58	18	245	63	28	158	235	213	14	183	219	
34	185	160	152	223	193	178	199	10	69	72	139	172	140	118	0	201	59	147	209	22	58	210	241	61	20	158	107	213	14	151	222	
27	159	67	143	86	178	175	118	53	192	90	231	121	110	182	228	126	239	23	239	229	153	45	255	52	46	170	128	63	230	177	253	
2	187	226	155	246	179	190	199	31	69	90	183	44	238	182	64	255	187	147	149	166	154	46	255	62	30	158	235	21	76	181	221	
48	33	70	141	92	11	224	72	175	161	242	10	74	136	52	64	120	172	110	225	8	251	195	221	156	168	131	60	117	8	112	128	
59	1	114	225	116	153	248	80	109	65	254	138	143	13	180	100	238	153	95	217	142	187	101	196	214	249	170	210	103	142	113	197	
232	80	186	254	104	77	181	84	164	78	214	61	240	221	107	75	204	116	255	66	96	103	178	34	83	241	112	155	66	185	54	251	
130	221	54	156	249	196	188	231	191	95	88	55	172	190	38	64	231	123	179	193	242	137	18	255	45	54	158	139	144	92	165	219	
59	21	106	225	54	50	123	80	101	100	255	167	27	13	183	112	126	136	151	188	137	178	37	142	242	205	160	192	103	143	112	241	
131	152	19	185	116	180	184	19	190	89	82	85	188	154	182	232	199	43	23	157	183	156	18	215	4	62	186	194	156	4	41	221	
179	134	206	189	20	2	104	127	52	195	210	215	49	35	146	64	125	172	63	173	173	218	197	207	220	46	250	128	173	164	120	216	
130	221	178	153	245	172	188	167	190	91	90	49	172	190	32	64	231	59	187	1	242	216	2	247	45	54	158	194	148	92	165	219	
122	1	98	232	126	19	248	113	101	64	255	139	11	143	180	96	110	133	95	237	216	171	37	196	210	249	170	220	39	142	112	65	
206	219	46	190	175	149	191	236	143	158	150	167	236	232	51	67	238	99	251	199	196	109	11	253	254	115	207	155	22	63	61	207	
61	77	99	207	84	31	238	248	117	232	126	70	91	121	189	244	120	204	22	238	201	178	125	238	54	108	167	128	127	191	112	164	
34	221	98	158	223	209	190	230	159	68	92	163	40	236	55	196	234	123	147	195	102	171	62	255	55	22	158	171	23	95	61	222	
130	141	150	157	244	171	44	39	62	51	90	16	172	42	0	64	231	47	59	128	114	220	65	215	44	54	222	192	132	64	161	136	
3	136	197	185	116	154	232	23	126	73	82	215	189	8	144	232	106	44	54	157	167	188	69	215	132	62	186	192	156	140	89	156	
47	207	98	158	87	147	190	232	87	196	124	167	104	232	183	132	122	234	131	231	206	179	44	255	54	60	143	171	119	190	120	196	
187	17	106	224	54	18	91	113	101	64	255	166	27	15	182	112	126	157	151	238	201	179	37	204	242	233	162	196	103	142	112	113	
2	140	2	156	20	162	42	99	52	1	91	18	104	226	32	64	120	42	34	128	48	152	0	223	32	38	138	128	20	74	176	136	
2	221	50	155	245	213	188	231	158	89	88	51	172	190	38	96	231	59	179	17	246	152	50	247	45	22	30	235	144	92	165	223	
2	141	150	153	244	168	188	39	62	27	90	16	172	174	0	72	231	43	59	17	50	220	67	215	44	54	158	194	148	72	129	137	
122	65	98	232	110	19	216	113	37	64	244	138	9	15	180	116	110	149	223	236	200	163	101	204	242	249	170	152	55	142	98	208	
47	111	66	78	85	151	238	248	87	200	248	206	104	200	191	164	124	232	134	238	205	178	12	255	54	28	133	142	127	191	122	132	
1	128	245	81	116	155	233	23	126	105	114	80	187	8	148	236	107	46	38	24	179	188	101	223	12	190	50	64	212	136	81	173	
244	88	175	214	77	76	229	196	248	222	182	31	114	223	59	91	104	228	239	227	104	103	178	234	209	35	254	25	1	57	119	122	
2	253	50	155	211	213	180	231	159	93	88	51	172	254	102	64	237	59	147	145	118	152	50	247	47	22	158	235	144	92	165	223	
187	81	122	228	54	19	223	112	101	96	246	170	27	15	182	52	126	157	159	238	200	167	37	204	242	233	162	144	103	158	114	253	
26	157	58	184	211	225	185	103	159	69	72	179	44	191	34	64	239	187	147	145	22	155	2	215	219	87	154	203	183	4	165	218	
126	113	187	226	59	83	27	200	171	236	189	169	79	223	105	50	254	253	255	242	8	131	170	200	251	213	15	191	163	51	39	115	
60	113	123	100	119	91	87	216	97	224	255	42	91	223	73	48	58	252	213	242	73	179	184	140	243	205	37	165	111	187	102	243	
194	92	54	152	75	228	176	66	169	26	160	24	172	158	101	27	236	49	219	19	34	103	146	224	145	48	90	91	80	69	39	19	
55	2	42	172	76	22	216	88	140	236	149	71	83	136	127	75	252	165	127	231	140	35	150	200	211	9	203	61	93	171	120	208	
44	60	171	243	71	124	179	82	242	223	95	18	153	247	67	42	105	252	219	155	17	246	250	162	95	197	235	41	163	107	55	242	
131	48	172	177	5	181	184	2	30	113	66	215	157	10	118	201	231	13	179	149	150	220	87	192	143	203	218	65	140	12	57	208	
61	117	99	78	84	15	71	248	71	224	253	78	115	241	181	180	88	236	22	110	201	178	253	63	54	44	37	60	127	187	114	164	
39	239	98	26	87	145	142	236	95	76	124	239	104	232	191	132	94	235	147	231	198	58	78	255	62	28	143	171	95	159	122	205	
72	188	183	241	169	236	116	151	187	219	166	17	190	191	64	219	165	119	253	16	51	109	146	224	207	251	86	67	194	68	167	123	
53	0	107	67	84	43	235	88	84	96	119	66	81	1	189	36	120	140	22	234	137	180	45	14	84	12	160	132	101	171	112	224	
53	73	67	78	68	146	206	112	197	192	249	70	81	200	181	228	120	236	22	239	205	179	44	236	48	40	163	128	127	191	120	132	
61	221	120	104	116	207	71	248	69	12	124	10	19	93	177	48	92	152	22	106	200	178	120	29	115	205	32	100	115	154	118	225	
194	120	191	180	11	192	49	198	174	150	130	59	172	151	99	75	163	117	235	65	96	79	178	232	209	49	94	59	0	116	37	107	
185	65	106	228	86	2	111	121	101	192	254	130	91	15	179	112	126	204	23	234	201	179	37	142	114	237	164	132	103	186	240	224	
163	21	114	193	229	188	248	23	109	91	126	51	140	30	148	106	238	147	223	1	148	184	96	194	7	120	154	194	199	76	227	223	
2	249	50	218	203	212	188	231	143	93	124	19	44	222	102	79	231	59	147	145	214	75	178	241	31	80	94	235	18	84	165	223	
37	241	97	65	244	223	239	125	69	97	121	66	211	16	156	36	90	136	22	124	211	184	125	157	44	28	165	196	127	138	208	164	
0	152	63	253	100	236	121	23	236	93	126	52	191	23	160	112	134	59	31	8	147	152	48	97	199	189	50	192	8	192	165	249	
124	121	16	232	25	205	82	201	171	44	168	9	15	159	97	144	150	153	221	80	78	11	208	177	251	221	1	127	50	7	14	83	
146	106	206	180	34	178	184	194	188	150	82	247	44	174	163	203	231	125	175	213	164	221	134	224	148	99	250	131	165	117	45	223	
23	23	103	133	214	178	239	113	116	194	91	230	89	108	181	228	126	173	22	173	181	144	37	206	52	46	171	132	175	230	241	245	
40	241	120	96	240	205	83	125	99	173	125	8	23	145	74	48	148	154	5	120	218	186	240	12	255	205	36	108	226	130	206	227	
105	25	123	117	116	238	105	23	121	204	118	108	179	23	145	56	6	190	84	8	169	184	241	14	199	255	48	128	106	128	70	249	
2	153	187	250	225	228	57	151	172	93	124	20	188	247	34	106	167	59	183	0	147	9	50	225	195	189	58	202	144	80	165	251	
33	61	121	65	116	207	235	116	80	232	124	66	19	21	177	32	94	152	22	106	161	186	116	30	111	141	33	164	117	138	86	249	
246	120	159	240	9	237	81	194	171	250	164	24	158	151	97	59	129	117	253	80	41	79	178	240	217	211	83	63	192	113	7	50	
34	33	116	205	108	43	248	75	15	160	250	10	172	138	53	0	234	173	127	33	128	187	65	216	20	24	154	176	85	8	83	137	
56	65	98	236	20	2	78	117	69	0	254	2	75	9	48	80	122	140	23	234	200	179	1	140	242	233	162	148	55	186	240	8	
163	149	114	193	229	188	252	55	109	75	254	187	140	29	150	98	238	151	223	133	244	186	97	194	39	124	154	194	135	204	241	223	
246	56	191	240	41	237	81	194	171	183	160	24	14	159	65	59	233	245	237	82	40	103	242	224	219	211	67	127	192	105	6	34	
153	145	124	123	147	255	113	31	119	123	71	18	219	31	26	253	117	158	189	152	187	252	117	151	207	235	144	71	179	132	196	115	
137	165	53	187	237	249	173	127	30	119	69	144	157	23	202	173	3	26	146	24	51	92	127	151	207	211	126	109	150	140	133	240	
157	61	146	243	177	246	127	210	119	206	94	116	191	243	227	236	103	106	164	218	179	220	59	238	202	223	38	64	170	213	169	245	
113	111	113	69	118	27	246	126	113	172	250	110	99	40	148	52	190	238	70	108	204	186	101	239	54	126	37	18	111	190	98	141	
13	189	155	240	219	167	189	243	190	154	92	114	157	247	96	160	55	59	151	153	113	219	146	214	253	199	175	236	138	112	161	177	
157	199	118	115	177	250	103	181	119	111	127	84	203	227	154	244	51	46	172	46	255	240	45	191	234	255	37	69	186	214	200	69	
102	168	176	240	237	237	208	67	155	191	185	25	142	253	68	26	137	189	239	19	24	111	202	208	155	214	81	127	208	105	198	131	
13	199	150	249	180	191	111	189	94	59	94	84	253	227	170	228	55	74	46	44	243	208	43	151	236	223	119	164	154	216	137	169	
86	62	214	146	235	233	50	67	187	190	179	57	12	254	70	155	167	245	239	19	52	71	138	224	158	146	127	255	192	101	175	199	
118	176	242	240	237	249	240	67	235	191	189	59	14	253	68	30	171	149	239	18	28	119	138	208	155	222	85	255	195	109	206	7	
199	54	198	147	226	176	184	83	188	215	83	247	204	238	230	207	103	61	255	183	181	213	142	192	28	50	239	194	140	230	171	213	
60	63	154	162	213	255	210	214	1	141	252	47	38	249	35	144	249	250	134	48	14	179	24	174	251	213	164	59	203	91	126	219	
79	248	244	211	175	156	188	151	171	127	30	165	236	222	222	230	167	115	253	157	199	76	175	243	14	95	63	234	142	214	137	93	
3	168	164	209	173	189	184	3	206	177	16	18	184	156	116	110	203	59	59	157	151	104	246	241	13	30	219	106	149	12	209	174	
50	79	98	158	87	210	190	230	157	196	220	163	104	236	55	196	254	235	147	199	196	187	38	239	50	54	142	139	39	62	253	214	
203	185	244	215	175	212	185	191	239	223	22	181	252	255	222	239	167	119	253	149	151	76	175	241	78	123	255	235	134	164	141	127	
215	72	255	246	46	64	93	140	185	150	178	154	111	78	23	123	167	229	125	239	104	71	191	234	147	250	222	154	37	241	103	108	
77	82	209	197	98	10	111	16	121	226	119	224	221	19	193	254	54	220	52	110	193	148	229	194	70	252	99	132	46	243	67	177	
80	185	120	120	50	153	58	102	235	4	108	168	174	214	132	20	166	57	206	64	70	9	2	125	178	213	0	123	80	128	15	15	
242	127	228	198	255	87	222	254	1	238	188	175	106	60	151	54	221	247	221	227	236	107	249	174	59	94	205	191	103	255	214	95	
183	99	226	4	79	27	254	72	91	230	245	175	72	200	255	142	120	204	194	231	204	247	172	200	22	24	133	47	103	191	126	196	
143	153	244	211	166	24	252	183	127	83	118	178	237	61	222	111	231	87	183	157	246	252	175	225	14	123	222	194	167	212	225	125	
124	206	130	174	207	232	198	230	43	6	232	15	46	226	103	212	249	235	166	131	76	35	218	243	177	166	159	59	243	126	238	10	
77	64	209	229	32	10	111	16	57	162	123	192	223	35	193	126	54	221	60	142	193	148	165	194	196	252	99	132	46	243	3	33	
162	183	29	186	236	237	189	239	154	127	49	57	156	124	220	11	143	19	119	21	179	111	106	215	108	27	127	254	220	72	131	241	
28	65	129	173	138	2	46	216	4	128	219	226	213	67	169	192	126	221	62	251	73	146	75	72	176	164	175	132	60	179	33	48	
165	251	13	169	188	203	135	216	22	248	88	230	213	69	249	97	95	72	6	127	195	50	111	61	236	0	175	188	20	187	21	241	
250	247	100	198	255	87	222	255	9	238	189	175	74	60	158	55	159	215	221	167	252	107	237	142	59	95	141	191	103	254	214	87	
199	58	199	151	226	178	184	18	190	210	82	247	236	238	231	203	55	111	191	151	181	212	142	232	28	34	251	130	172	229	41	213	
155	78	230	156	198	178	236	247	212	198	214	247	41	170	183	205	111	235	183	143	236	223	6	239	50	111	254	129	39	244	248	204	
57	223	114	79	115	158	106	55	117	8	126	96	107	27	148	244	62	190	132	200	207	184	101	255	38	252	0	130	107	134	106	45	
95	93	99	204	83	86	175	248	21	200	92	230	76	247	181	228	126	253	151	239	193	147	60	206	54	60	143	138	63	183	35	245	
53	73	107	206	84	2	111	112	65	128	247	66	83	65	185	117	120	236	6	234	201	179	44	44	112	168	161	128	101	187	112	160	
157	12	235	222	86	34	239	242	116	194	222	194	113	109	177	100	127	238	23	239	169	149	44	238	114	46	239	128	167	251	112	248	
90	24	158	190	13	244	16	11	135	91	199	21	236	246	42	206	192	51	251	1	31	11	91	241	147	119	218	27	26	109	60	86	
99	111	251	4	126	11	199	236	123	236	248	238	114	168	212	18	190	237	70	103	233	123	236	110	60	28	37	62	77	186	194	253	
118	89	107	236	86	66	95	248	1	164	218	163	89	127	49	96	126	221	55	227	200	147	61	206	115	239	175	132	37	187	52	115	
130	48	146	144	101	173	176	67	190	27	113	16	140	154	96	11	225	59	179	17	50	117	146	194	21	18	90	106	128	72	163	131	
38	114	226	154	95	209	178	200	223	230	81	143	104	204	127	8	217	249	147	247	134	103	62	250	63	20	143	43	213	63	119	214	
6	248	178	154	223	229	186	198	158	93	80	23	172	222	103	8	205	123	147	209	146	94	26	243	45	22	159	235	144	93	181	219	
105	188	150	113	173	60	116	151	187	187	182	28	158	185	64	219	133	86	253	24	59	109	211	224	207	251	116	86	202	204	203	11	
159	14	199	151	130	178	174	210	60	194	82	215	125	230	183	239	119	111	183	207	165	212	37	234	28	46	255	128	175	245	41	221	
44	120	190	253	41	247	89	90	151	170	118	48	127	223	97	122	151	125	245	18	136	215	179	176	195	255	113	171	210	233	36	187	
34	184	238	89	102	219	177	199	95	93	118	179	40	156	182	40	235	59	183	17	150	248	39	245	78	11	242	195	247	12	245	255	
184	216	60	248	13	237	212	207	198	126	176	9	162	184	119	11	201	163	251	1	14	111	82	145	209	211	89	59	89	92	92	138	
58	1	114	225	54	57	250	80	109	0	255	2	15	11	180	96	110	137	31	249	138	179	101	196	210	221	170	208	103	142	113	1	
252	92	170	214	77	124	183	220	176	222	244	63	120	255	107	123	249	212	255	130	169	103	250	226	215	39	254	137	195	121	119	251	
156	60	174	243	213	253	115	210	246	223	95	50	153	247	75	47	105	218	223	154	179	240	187	162	223	201	227	229	163	109	101	243	
3	148	19	185	83	244	184	83	188	73	74	84	188	158	32	232	231	59	19	145	183	156	50	215	13	54	26	194	152	4	161	223	
27	83	46	142	47	151	158	104	205	204	222	175	236	216	55	192	254	229	255	231	196	35	30	253	242	113	143	155	95	62	57	87	
59	5	106	225	118	50	91	82	117	224	255	134	27	13	183	116	126	136	23	189	169	178	101	142	242	205	162	132	103	142	112	241	
35	2	204	189	20	130	104	51	52	99	82	215	177	35	146	64	124	172	63	141	173	156	69	207	204	46	186	192	173	140	120	152	
2	157	50	158	223	213	190	231	158	78	88	131	172	254	38	64	239	123	147	193	102	139	58	255	61	54	158	171	21	92	181	223	
250	1	98	232	92	3	202	81	101	0	255	10	11	11	52	80	106	133	95	249	216	171	69	204	146	249	130	220	39	142	112	128	
126	83	106	172	63	6	95	104	137	140	222	175	79	239	51	80	254	229	223	231	204	131	168	204	242	245	139	155	55	63	62	87	
47	79	98	206	117	151	238	248	85	72	124	198	104	232	181	228	120	236	150	238	205	178	60	238	54	124	135	138	127	190	120	132	
2	221	50	159	255	197	188	231	158	91	88	19	172	254	36	64	231	123	179	129	114	152	18	247	45	54	30	203	16	92	165	219	
2	148	59	217	87	228	177	87	254	73	78	18	188	190	36	100	231	59	19	16	179	152	50	215	77	62	26	74	152	0	165	191	
250	65	98	232	14	19	202	113	69	0	244	138	11	15	180	112	110	133	95	234	200	167	101	204	178	249	170	152	55	142	114	140	
129	138	115	89	116	173	233	51	124	9	118	80	189	3	148	108	195	42	38	24	179	188	97	215	12	190	50	64	192	136	65	169	
49	255	113	69	118	15	239	117	121	232	250	239	115	40	148	16	190	239	70	101	201	186	101	127	52	46	32	16	109	170	98	217	
38	178	218	144	254	233	176	67	187	191	185	59	142	250	236	8	175	61	199	17	18	123	138	210	156	20	47	255	208	72	135	131	
41	253	67	78	85	159	70	252	87	232	248	78	122	208	181	180	88	232	22	110	201	178	252	255	54	60	5	44	127	191	122	164	
2	253	50	155	211	197	190	239	30	69	72	179	172	254	38	64	239	123	147	145	118	24	26	255	45	22	158	107	21	92	165	222	
70	178	210	179	226	168	188	83	190	243	91	247	204	230	226	216	183	63	239	149	149	216	142	194	28	6	127	230	172	102	171	149	
147	203	74	188	62	145	188	103	140	68	218	231	45	138	178	192	110	43	159	197	198	137	6	253	176	97	186	139	61	156	185	221	
126	121	123	234	59	211	91	200	173	232	189	168	127	223	107	48	254	253	221	242	73	3	168	232	251	213	15	59	99	51	39	115	
60	117	123	100	118	87	87	240	65	224	253	46	91	95	177	48	126	252	151	234	201	179	56	140	243	205	37	5	111	187	102	243	
18	174	238	188	250	208	188	230	191	151	210	179	44	174	166	66	103	251	175	129	118	219	134	255	248	35	254	203	53	84	173	207	
34	239	96	154	215	209	190	238	31	5	88	163	40	236	54	0	223	107	131	215	198	58	78	255	62	20	159	235	85	30	191	206	
18	207	206	188	242	178	188	230	158	143	218	247	45	174	167	193	111	251	167	133	182	219	6	255	56	103	255	131	181	244	173	221	
74	188	151	242	137	252	52	199	191	155	38	16	172	191	96	255	161	119	251	16	51	201	178	225	143	242	94	75	130	84	175	63	
39	141	99	73	245	151	174	233	93	96	112	198	72	8	180	164	88	8	18	253	245	186	117	222	36	30	130	198	95	140	120	180	
130	29	114	217	229	172	184	7	173	27	122	48	140	158	20	72	175	59	215	17	146	184	66	195	7	60	26	194	196	76	227	155	
185	69	106	236	212	18	239	125	116	192	254	2	83	41	178	97	122	236	23	238	233	179	37	142	114	233	164	132	103	186	240	224	
2	253	50	154	203	213	188	231	143	93	92	19	44	254	102	67	239	59	147	145	86	75	178	241	59	16	94	235	19	84	165	223	
39	39	226	139	85	55	234	90	79	233	89	199	8	200	191	132	92	200	146	253	135	178	92	222	62	28	139	166	223	255	120	148	
151	30	195	151	146	178	170	115	60	195	91	247	73	234	182	236	119	173	55	189	181	157	13	206	60	46	171	196	175	230	185	213	
23	5	111	197	214	34	239	119	116	192	95	198	81	100	188	100	126	172	22	173	177	177	37	206	124	46	174	196	45	226	240	244	
37	49	241	65	244	111	227	89	99	173	125	72	19	21	221	52	26	158	6	120	147	186	244	76	109	156	33	100	231	139	70	224	
72	61	122	117	52	204	121	55	121	205	126	32	191	55	147	48	134	62	85	8	145	184	241	46	231	255	48	128	194	128	71	123	
26	217	58	250	219	212	19	214	159	85	196	3	60	223	35	64	231	123	147	209	82	11	58	247	251	229	158	75	178	4	45	219	
43	145	101	65	117	159	168	99	93	232	88	198	200	8	180	164	122	40	146	141	197	184	117	220	46	24	131	194	95	140	120	188	
214	56	190	241	235	233	49	67	174	191	7	57	140	183	96	91	163	61	239	18	50	93	162	208	221	195	123	231	128	97	7	227	
130	37	114	133	108	43	248	71	109	33	250	26	140	10	20	0	238	143	95	1	144	191	65	194	148	60	154	176	69	72	129	137	
184	65	98	236	148	2	78	125	69	32	254	2	91	9	52	80	120	140	23	234	216	187	1	140	242	237	162	148	55	186	240	136	
130	157	114	209	244	172	188	39	237	75	122	178	140	62	20	66	239	19	159	145	242	184	64	199	38	60	154	194	132	204	241	219	
70	179	242	240	247	233	176	195	187	61	185	59	14	248	108	8	187	159	207	17	18	115	138	211	30	20	63	255	213	78	199	131	
7	178	195	145	226	162	173	87	62	195	91	247	221	238	254	108	119	13	55	157	149	208	165	194	28	38	191	196	173	198	177	213	
37	49	209	69	116	126	235	24	107	233	121	74	25	48	221	180	126	204	22	248	131	178	252	200	38	60	35	164	207	243	66	165	
183	99	226	76	77	18	230	104	241	198	245	175	74	200	247	180	120	236	198	239	204	247	164	202	22	56	193	175	71	191	122	196	
53	77	99	206	196	34	239	240	197	130	255	66	115	225	181	117	120	234	22	234	201	179	44	108	112	168	167	128	119	251	112	160	
121	64	211	69	71	26	110	112	113	162	118	66	75	3	149	244	122	236	182	238	201	182	165	202	22	252	192	0	47	183	106	164	
54	121	226	156	79	209	150	96	201	196	253	143	72	236	119	7	248	237	211	231	204	99	190	200	51	16	205	187	71	63	126	214	
19	150	195	129	214	50	173	119	62	99	90	246	89	174	188	228	119	143	23	189	183	156	37	206	60	46	190	196	175	196	177	253	
196	184	191	240	235	233	177	67	175	55	181	59	142	191	96	27	163	53	239	16	18	109	170	208	221	211	91	127	144	73	135	227	
242	255	224	230	255	119	222	252	27	238	189	191	104	61	158	51	223	215	223	231	252	235	233	239	59	126	205	183	103	254	214	95	
153	223	182	109	179	31	125	254	127	127	126	116	143	227	162	229	55	78	164	108	231	220	39	159	238	255	119	133	58	244	201	237	
90	169	90	176	19	217	56	103	171	69	174	9	45	198	70	80	34	187	203	144	78	9	146	245	219	197	26	107	41	4	47	26	
185	69	106	228	118	18	79	113	85	64	247	130	91	13	178	113	126	156	21	238	233	179	37	142	242	233	160	132	103	186	112	241	
239	65	83	197	99	26	110	112	121	162	118	198	89	35	149	244	118	236	54	238	193	150	165	202	22	250	194	128	47	183	106	165	
118	16	154	188	157	244	16	75	143	93	204	29	134	246	98	90	192	179	249	16	31	11	210	129	211	245	154	91	152	76	188	86	
130	48	146	152	195	225	180	71	190	23	65	18	140	158	104	73	227	59	179	145	50	87	146	210	21	22	90	107	144	64	165	146	
31	12	227	223	150	162	239	83	116	194	95	214	89	230	183	100	127	238	55	175	185	157	45	206	124	46	175	128	167	231	177	245	
31	58	195	151	146	178	170	83	62	195	91	247	93	230	183	236	119	111	183	159	181	220	173	202	28	110	191	192	175	229	161	245	
53	13	234	238	212	34	239	115	85	194	223	130	115	237	177	96	122	238	23	171	185	179	44	238	114	175	163	128	229	251	112	224	
49	159	119	77	116	158	250	116	125	72	122	102	107	8	148	116	126	174	6	236	206	184	101	253	54	252	32	2	111	138	98	141	
34	79	98	158	215	210	190	230	157	196	216	163	104	236	55	196	250	235	147	199	228	155	46	239	50	54	142	139	23	62	61	222	
138	149	62	220	203	245	181	103	156	19	68	19	60	191	38	107	225	51	187	129	114	77	18	213	115	51	94	75	18	68	165	170	
53	64	107	67	84	42	235	88	84	224	247	66	83	65	189	96	120	204	22	234	137	181	45	14	112	141	161	132	101	187	112	160	
53	77	99	78	196	178	238	240	196	192	249	66	83	200	181	229	120	232	22	234	201	179	44	44	48	40	163	128	109	251	112	164	
155	148	116	91	135	223	117	63	119	123	103	16	219	31	30	125	53	158	189	144	254	220	121	151	239	251	212	199	242	196	196	119	
139	180	189	185	239	109	185	255	30	127	28	58	156	61	218	163	143	19	247	21	243	110	107	151	205	215	127	254	214	76	143	249	
61	127	5	165	44	75	175	248	4	232	218	238	215	5	209	32	126	108	94	111	201	178	109	60	180	128	47	180	117	187	17	249	
46	205	99	222	127	208	238	236	223	136	124	98	104	251	189	228	123	250	183	202	66	58	174	255	62	62	135	171	23	190	124	173	
166	249	162	154	207	213	190	200	159	210	80	171	44	220	119	8	205	123	147	211	194	79	58	243	61	20	159	171	21	63	53	222	
2	248	178	155	213	197	188	198	158	27	64	18	172	158	97	8	197	123	147	209	2	92	26	243	45	22	158	106	144	29	161	218	
134	229	212	136	238	33	190	204	142	178	24	130	140	206	121	3	255	89	123	243	66	67	138	208	60	16	207	174	20	123	161	129	
18	159	87	173	54	3	191	119	28	0	90	231	245	55	160	64	126	115	23	163	240	152	1	239	108	38	174	130	61	234	149	185	
125	95	90	172	126	7	78	248	6	136	217	230	81	227	169	192	94	232	6	238	201	19	88	59	244	165	167	172	61	251	40	145	
130	157	150	156	245	196	188	230	190	11	90	49	172	190	32	64	231	123	191	129	114	218	18	255	45	54	158	138	144	84	165	219	
130	176	146	152	199	237	180	71	190	19	65	18	140	158	104	72	161	27	179	17	50	124	18	211	29	22	94	111	144	80	165	131	
25	61	247	251	177	244	93	147	127	206	110	36	175	247	167	252	215	107	156	156	191	216	51	255	235	255	22	67	154	212	172	127	
242	253	102	198	254	63	222	247	153	234	191	191	74	60	22	50	159	247	221	167	252	107	236	238	63	126	141	182	71	254	214	215	
3	237	74	158	95	149	190	238	159	64	108	134	40	206	182	244	254	235	146	199	199	11	62	255	54	63	142	43	31	150	43	220	
230	45	228	196	236	7	222	239	139	250	152	11	140	174	85	3	239	247	95	167	240	107	202	234	63	28	207	188	5	126	147	193	
38	106	226	30	127	209	182	200	219	238	117	171	104	204	119	0	217	249	147	211	198	119	174	251	54	20	141	175	85	63	118	215	
67	252	240	223	174	184	190	159	239	217	28	165	173	222	214	102	167	123	253	149	214	72	174	243	46	93	191	234	134	214	131	93	
42	10	183	185	141	249	144	71	207	181	130	57	142	188	102	206	201	50	234	17	30	41	98	144	141	82	90	123	210	76	149	206	
75	252	244	223	170	180	188	191	175	219	30	167	236	255	214	110	167	127	255	149	215	76	170	241	14	126	223	238	134	214	133	125	
35	159	106	173	118	134	190	119	76	68	120	231	245	44	182	1	126	43	7	229	245	184	20	111	100	39	42	128	125	170	179	217	
86	233	244	243	182	168	250	135	171	241	26	131	237	238	92	98	167	87	127	149	146	248	207	225	174	255	159	192	165	86	209	221	
88	72	87	229	36	10	111	48	101	130	226	64	255	3	145	116	114	228	46	106	73	148	117	206	196	254	242	0	42	179	96	40	
122	218	130	190	213	213	87	231	59	207	252	47	46	246	98	212	249	235	134	129	95	59	160	251	185	247	150	187	251	94	174	223	
115	64	252	254	46	68	93	41	169	214	215	139	105	111	31	123	246	213	125	175	200	71	255	200	147	250	217	155	37	242	118	110	
230	253	98	214	253	190	254	231	185	235	186	27	108	60	20	50	237	247	223	167	240	235	240	239	63	62	205	210	197	124	210	87	
147	90	78	188	6	146	190	114	157	198	210	231	41	138	183	193	110	225	191	199	236	143	6	236	178	99	234	139	45	181	57	93	
123	81	42	174	63	151	158	104	205	204	222	175	238	216	55	64	254	229	255	231	204	35	28	253	242	117	143	155	95	62	57	87	
57	5	106	225	118	50	107	83	85	192	127	130	27	13	183	96	126	140	23	189	185	176	37	142	242	237	162	132	231	207	112	225	
1	142	75	181	52	170	104	55	124	67	90	213	177	34	144	96	66	46	63	141	189	156	69	79	132	62	186	192	172	128	89	88	
242	1	98	232	92	3	202	113	77	0	248	10	11	11	52	80	106	133	95	224	216	171	65	204	178	248	130	216	55	138	114	128	
122	71	106	172	55	6	95	120	1	140	252	175	107	207	51	80	254	237	149	231	200	179	40	142	243	253	175	155	55	190	118	115	
38	95	34	222	95	213	158	98	137	204	216	175	40	252	55	2	236	249	151	195	196	43	178	238	51	60	143	187	85	63	54	223	
2	221	34	158	223	209	190	231	158	68	88	163	172	254	54	64	235	123	147	193	102	154	58	255	53	54	158	139	21	92	181	222	
2	221	178	159	247	197	188	231	158	11	88	19	172	254	32	64	231	123	179	129	114	152	18	255	45	54	30	203	16	92	165	219	
186	65	98	236	4	3	206	113	5	32	241	10	11	11	52	80	122	141	95	226	200	163	0	206	178	233	138	184	119	138	114	136	
34	239	98	158	223	209	190	239	94	69	88	163	40	236	54	0	219	107	131	199	230	58	110	255	62	20	159	235	85	30	253	206	
1	158	59	89	48	172	249	55	252	9	126	84	188	179	32	96	165	58	6	8	179	184	48	95	79	191	50	64	216	128	225	171	
251	67	66	76	69	18	110	112	113	136	246	102	104	130	183	244	120	236	166	238	205	178	228	204	54	120	194	138	111	182	122	141	
35	239	66	94	117	159	230	236	95	200	124	78	104	200	190	180	216	234	146	110	199	58	94	255	62	28	133	171	95	190	218	140	
162	107	98	28	109	210	182	96	217	204	244	171	104	236	183	53	248	232	195	231	196	179	166	200	54	56	193	171	71	63	126	214	
124	121	123	238	51	211	87	240	33	192	252	42	127	223	35	48	250	249	221	226	73	131	56	174	243	221	5	59	123	179	102	115	
61	93	123	110	86	87	87	240	69	192	252	38	123	221	51	48	126	248	151	234	201	178	56	174	115	205	37	0	111	187	98	243	
146	14	206	189	242	146	190	246	156	134	90	231	173	174	183	192	111	239	183	133	228	216	4	239	44	39	190	129	45	244	57	221	
74	184	150	208	137	221	52	199	191	155	166	24	174	190	102	254	161	115	251	16	22	105	146	241	155	210	86	123	202	84	143	31	
34	239	96	155	215	209	190	239	30	69	88	163	168	236	54	0	219	123	147	213	118	58	110	255	47	22	159	235	85	30	189	222	
74	188	150	220	203	208	180	231	191	23	70	49	172	254	100	207	163	123	235	16	50	73	178	241	187	50	94	75	130	84	173	127	
185	69	106	108	84	18	239	117	85	194	246	2	83	73	185	97	120	236	23	234	232	179	36	14	114	233	164	128	103	186	240	160	
2	157	18	219	228	172	184	7	172	27	123	48	140	190	60	72	239	59	159	17	18	152	66	227	12	60	26	202	132	72	129	139	
2	253	50	154	203	197	188	239	159	93	88	19	44	254	110	1	237	59	147	145	86	75	26	241	59	16	222	239	144	92	165	223	
161	183	113	65	116	139	235	119	112	236	124	96	48	17	148	52	126	56	6	40	243	184	100	94	108	12	32	128	119	138	214	169	
19	135	103	133	150	178	174	119	125	195	91	214	89	110	188	228	127	167	62	173	181	153	37	206	60	46	175	196	175	230	177	213	
39	118	226	15	117	31	234	88	91	232	121	206	8	200	191	164	120	232	146	111	197	178	220	218	54	28	137	174	223	255	122	132	
72	253	62	118	113	204	121	182	233	77	126	0	191	159	34	112	164	50	93	8	146	185	50	109	231	255	48	1	66	128	207	123	
26	216	58	250	27	208	26	194	135	85	204	163	44	223	34	192	239	187	155	145	14	11	58	245	251	229	154	123	51	4	45	90	
59	7	98	136	93	179	186	73	207	204	157	239	8	200	182	196	252	169	155	181	134	35	6	221	26	84	139	187	95	14	121	206	
146	178	222	177	162	234	49	71	190	63	87	177	141	247	234	89	39	31	239	16	50	220	137	81	220	227	127	199	164	192	173	195	
130	141	114	145	244	169	188	103	108	3	218	18	140	10	20	66	239	11	95	145	242	186	65	199	36	60	154	192	132	72	161	137	
184	197	98	236	212	2	78	125	69	0	254	2	91	41	176	80	120	206	23	234	248	187	1	174	242	237	166	196	119	154	240	136	
34	221	102	158	95	209	150	230	139	84	204	171	40	252	39	7	234	251	147	195	78	11	190	253	51	48	206	171	23	63	62	222	
121	83	67	204	69	30	110	112	117	10	118	70	107	3	181	244	120	172	166	234	201	150	181	206	150	254	194	0	43	190	120	44	
162	249	178	158	79	197	190	230	158	208	64	171	172	220	117	0	206	123	147	199	66	75	154	249	53	16	159	43	21	29	55	218	
3	161	235	129	214	178	175	223	126	225	94	214	157	174	250	100	127	207	23	157	151	216	165	226	124	15	191	196	173	212	177	253	
2	249	146	155	205	197	188	198	158	25	64	2	172	158	97	8	237	123	179	209	66	88	26	241	45	20	158	106	144	24	161	139	
230	253	226	212	254	63	158	231	27	235	186	187	104	125	150	51	223	247	223	231	248	235	233	239	63	62	223	182	199	252	214	223	
10	179	210	178	242	171	176	215	190	61	121	255	12	207	234	128	175	27	199	17	22	121	136	215	60	21	63	239	223	78	141	147	
52	5	234	238	212	34	239	115	85	128	255	130	113	237	177	96	120	230	23	168	184	179	45	142	122	175	167	128	245	250	240	32	
23	5	227	199	150	162	239	115	117	195	95	210	89	239	180	100	127	238	55	189	177	153	37	206	56	46	175	192	167	230	240	116	
12	183	26	185	252	233	177	207	158	61	125	57	142	157	234	64	195	27	206	16	50	57	74	215	252	149	47	255	208	8	141	131	
120	185	58	32	25	196	81	103	161	5	236	9	62	159	98	16	232	155	217	144	90	139	146	21	249	245	154	123	64	4	166	90	
230	173	224	132	252	37	190	231	139	170	152	26	140	174	84	19	239	231	95	163	240	75	202	234	61	30	207	184	133	121	147	137	
49	223	99	109	116	142	234	116	109	72	122	71	115	8	148	112	254	172	6	239	205	184	69	125	52	236	34	128	109	138	98	153	
124	90	190	254	109	92	181	88	186	222	181	47	126	255	107	91	236	244	255	195	200	103	186	225	211	163	255	191	3	121	119	243	
49	237	99	5	116	15	235	116	104	232	250	78	243	36	144	48	124	238	86	111	201	186	117	63	245	46	34	144	69	170	66	249	
42	239	98	222	127	209	254	231	223	0	124	162	104	248	180	228	251	250	146	192	70	58	14	255	62	93	135	43	23	142	124	140	
155	189	240	253	185	244	93	55	95	71	126	52	174	255	166	252	199	59	189	16	191	216	115	223	235	223	22	11	146	196	172	127	
156	52	190	243	221	124	113	218	247	223	215	51	219	255	67	47	237	248	223	144	187	244	251	130	223	219	247	239	163	237	117	243	
188	0	84	115	36	10	76	57	57	18	183	24	203	75	28	27	59	128	76	170	120	228	73	199	134	251	80	84	103	131	194	0	
53	13	111	78	212	34	239	113	196	130	255	66	115	225	181	101	120	238	22	234	201	179	44	110	112	172	231	0	117	251	240	160	
57	107	33	229	60	15	207	120	68	232	218	206	243	37	145	164	126	252	94	110	201	178	109	60	180	204	37	180	103	186	16	185	
157	71	79	167	132	2	238	245	52	226	91	199	81	96	185	99	126	236	21	239	253	144	13	8	240	169	239	132	45	251	248	144	
26	148	244	249	173	121	121	191	95	119	76	16	191	191	122	237	163	27	191	8	51	92	115	211	207	223	83	103	182	204	141	255	
2	249	146	153	195	229	180	199	158	19	64	18	140	190	104	72	225	91	147	17	18	124	18	243	45	22	30	111	144	80	165	154	
250	148	244	121	149	254	84	159	127	123	255	48	74	125	28	124	245	159	189	145	254	252	121	215	187	255	212	215	243	68	196	95	
124	219	62	252	45	215	149	244	141	220	182	47	126	95	38	83	236	241	239	98	232	107	59	253	251	187	103	211	81	59	100	123	
0	159	75	173	118	6	47	53	4	192	94	230	245	39	160	64	118	118	23	238	193	152	21	79	228	167	174	128	44	186	177	185	
120	8	184	184	25	237	81	15	139	21	232	9	190	151	99	88	192	59	249	20	26	11	210	145	219	245	16	123	144	12	6	74	
160	173	132	132	236	41	166	206	142	178	152	10	172	226	97	3	203	74	106	98	64	107	202	224	44	16	207	60	20	122	81	136	
241	223	105	103	244	43	111	191	116	226	250	254	243	97	153	112	123	206	86	174	249	188	125	47	236	174	165	132	237	250	210	184	
59	251	186	172	241	213	150	213	19	77	252	237	46	222	166	144	252	251	135	68	207	171	48	255	250	245	46	187	91	30	174	223	
82	237	244	183	182	168	250	135	239	145	90	2	237	106	92	66	103	231	127	209	146	120	143	225	172	251	159	192	165	114	241	137	
66	252	240	223	238	176	190	191	175	219	30	163	236	255	212	102	167	127	255	149	210	73	174	243	46	124	159	234	150	214	129	93	
43	237	34	186	93	213	191	231	222	84	76	3	41	218	54	64	233	43	147	135	230	26	62	255	123	95	158	43	23	4	63	206	
236	120	186	254	104	29	63	220	191	90	245	185	255	223	233	75	199	125	255	66	224	71	234	162	247	251	119	190	22	253	135	243	
25	73	107	173	6	87	159	117	68	196	222	131	255	28	179	97	126	113	157	239	205	177	53	45	225	233	174	128	53	190	49	120	
226	244	144	196	124	47	254	111	137	171	184	56	238	56	92	3	219	199	110	33	96	111	201	207	60	62	95	190	64	122	211	137	
27	222	246	93	181	255	95	254	127	111	126	37	42	174	182	244	167	110	172	12	231	188	53	255	235	255	20	135	58	212	237	95	
106	188	190	80	233	253	177	71	190	127	60	157	172	188	102	152	135	51	227	17	54	109	50	211	95	87	88	123	211	76	207	215	
43	143	98	206	117	151	238	248	93	72	124	70	104	232	182	228	120	234	150	239	205	186	44	255	54	60	135	138	95	190	120	141	
228	44	212	254	56	171	90	138	187	171	177	24	238	234	13	25	151	231	108	48	50	101	203	255	138	254	81	60	208	225	67	1	
34	93	50	222	127	149	158	102	137	200	216	171	44	254	55	32	206	251	151	199	192	43	50	239	51	60	142	171	21	63	53	223	
151	4	235	197	198	50	173	89	124	226	87	214	81	44	191	108	126	140	55	175	177	180	37	202	20	46	234	132	173	224	113	245	
57	5	106	225	246	50	107	87	85	97	126	130	91	45	179	32	126	140	23	188	185	176	37	142	118	237	160	132	231	206	240	225	
208	89	63	252	19	204	53	119	236	192	78	6	180	179	32	115	162	55	57	8	97	185	48	13	243	235	86	2	40	16	165	43	
90	201	42	174	31	145	159	232	143	132	140	139	238	232	114	64	250	227	251	231	76	35	154	253	243	117	143	59	23	62	61	70	
58	87	106	172	119	151	95	120	5	196	252	143	107	237	50	80	254	233	151	231	204	179	60	159	243	253	137	155	119	190	118	82	
99	67	98	78	125	146	254	96	113	4	245	142	104	234	191	245	124	172	162	238	204	179	54	204	54	56	130	11	95	174	122	196	
34	105	98	30	79	209	182	96	153	196	249	171	104	236	55	1	218	249	147	67	68	171	238	253	55	48	138	171	85	62	118	222	
2	157	34	158	223	193	190	230	30	69	88	163	172	254	54	64	255	123	147	193	102	154	26	255	61	54	158	139	21	92	181	222	
2	221	18	159	241	197	190	231	30	27	88	18	172	254	32	64	231	123	179	1	114	152	18	255	45	54	30	202	16	92	161	155	
210	74	78	188	74	128	190	246	152	134	214	231	45	175	179	67	110	225	191	199	228	143	6	239	240	99	250	137	45	181	57	217	
221	64	252	99	174	58	95	184	230	242	151	18	219	105	219	107	23	212	125	106	169	100	239	128	206	235	97	252	103	243	65	97	
34	239	96	155	215	209	190	238	30	69	88	163	168	236	54	0	219	107	131	197	86	186	110	255	46	22	159	235	85	30	157	222	
210	203	110	188	74	192	61	103	164	4	214	163	45	135	162	81	102	179	143	193	96	143	38	237	240	35	254	139	53	20	165	107	
60	125	123	238	83	211	87	224	33	192	236	42	127	223	35	48	254	249	213	226	73	179	56	191	243	205	5	59	123	51	102	242	
23	95	99	207	244	150	239	114	92	200	90	70	112	124	181	228	126	110	22	239	193	184	45	239	52	62	175	128	15	254	113	253	
39	175	96	27	245	157	246	238	95	233	124	76	104	232	190	180	217	234	146	79	198	186	94	255	46	28	5	107	95	158	218	140	
252	0	116	115	174	10	78	152	113	50	183	26	75	73	93	91	59	196	108	234	248	116	75	160	210	219	225	84	103	171	66	0	
19	31	66	157	246	146	174	246	20	202	90	231	233	234	183	192	127	239	183	205	229	152	5	239	44	47	190	128	45	244	57	221	
90	184	215	220	203	208	180	231	191	151	82	179	44	190	228	198	39	123	235	128	38	219	166	249	30	34	94	139	167	68	173	207	
171	167	103	73	119	155	162	105	95	232	113	242	72	24	148	165	126	8	146	60	245	184	101	222	46	30	129	130	95	142	242	165	
43	173	66	158	95	145	234	239	31	4	104	139	104	224	118	132	121	234	130	204	86	58	14	255	62	28	133	107	83	142	248	140	
57	205	99	45	116	139	235	245	116	96	250	202	115	0	144	176	122	174	22	109	201	186	101	63	180	172	163	192	101	138	242	168	
19	133	103	133	150	34	239	247	116	66	218	198	81	46	188	101	126	198	62	237	241	153	37	239	60	46	174	196	45	246	241	124	
23	133	227	211	150	146	239	119	116	193	219	210	81	238	180	228	127	238	31	189	177	153	37	206	56	46	175	192	165	162	240	116	
39	122	98	12	117	159	230	232	91	202	120	207	104	200	247	164	216	232	130	111	196	182	220	250	54	28	129	174	95	191	122	132	
58	153	118	186	27	209	26	192	135	84	141	163	45	223	34	192	235	179	155	211	14	11	58	253	211	209	138	187	55	7	45	90	
58	10	34	186	127	145	154	72	143	140	149	175	108	204	62	132	236	169	143	229	14	3	14	221	146	80	139	187	23	15	61	70	
154	150	222	181	178	186	56	191	62	39	90	247	109	46	170	216	55	31	175	181	182	221	5	223	254	231	62	197	172	196	169	25	
80	57	62	118	101	204	115	114	233	76	118	0	62	223	34	17	164	115	119	74	66	169	50	109	211	249	112	11	64	1	103	251	
128	215	30	187	254	203	181	255	30	63	87	115	204	215	170	65	247	27	142	0	118	253	43	215	254	211	126	231	52	8	133	203	
146	247	90	179	242	155	188	247	62	53	119	247	141	206	234	65	55	27	135	21	246	189	12	215	190	208	63	231	60	136	173	159	
147	181	235	145	146	146	174	215	63	225	90	247	93	198	252	228	127	175	183	157	247	152	45	222	188	14	191	196	173	132	161	253	
34	221	54	158	219	213	150	230	139	84	216	11	44	254	38	0	239	251	147	193	102	11	50	255	51	52	158	187	21	28	181	223	
194	233	116	247	190	136	252	172	191	144	82	146	237	206	85	67	166	255	125	211	242	88	138	253	172	249	207	232	36	148	131	137	
2	249	50	158	79	193	182	230	158	64	72	139	44	252	103	0	234	123	147	195	66	90	154	249	53	16	159	43	21	28	55	218	
98	253	244	212	246	167	190	230	155	235	186	187	104	124	20	0	255	247	255	197	248	235	192	255	62	62	223	146	197	252	210	217	
184	205	98	238	212	2	78	247	85	0	254	2	91	41	176	81	120	206	23	234	248	187	5	175	250	237	164	192	119	154	240	136	
26	158	220	185	178	169	56	223	62	23	86	247	173	167	162	72	183	27	175	16	182	220	7	247	222	231	62	195	188	196	173	155	
130	141	18	147	244	168	188	39	172	27	122	16	172	42	16	64	207	43	23	145	114	184	66	231	44	52	30	194	132	72	161	137	
184	69	106	236	212	18	78	245	85	130	254	2	83	41	176	113	120	236	23	234	232	187	36	142	242	235	164	128	103	186	240	136	
2	41	2	184	89	193	56	103	173	5	192	1	172	142	34	80	224	57	203	129	70	9	130	253	149	16	154	43	16	4	39	206	
2	189	50	218	235	197	188	239	142	89	88	19	172	254	110	65	199	27	147	145	82	11	26	241	61	16	30	239	144	68	165	219	
252	26	190	252	109	92	177	88	187	254	181	63	222	255	227	91	236	245	255	66	168	103	250	160	215	251	107	191	66	61	39	243	
2	157	18	155	229	172	184	7	174	25	89	48	172	190	104	72	199	59	147	17	18	24	2	243	13	20	30	202	148	72	129	139	
242	148	244	121	181	126	80	159	127	123	254	17	10	191	92	120	181	159	253	145	186	248	243	211	155	254	212	215	211	76	196	95	
222	50	156	176	171	123	89	16	169	254	151	189	207	23	203	159	167	149	253	50	165	69	187	192	211	211	89	247	174	245	15	87	
26	180	244	241	133	255	88	159	95	127	126	16	142	191	110	124	163	155	191	16	62	88	51	211	203	223	211	103	146	204	133	127	
156	54	182	243	173	124	112	91	55	219	247	49	222	255	73	111	253	189	253	144	186	244	251	194	203	219	87	199	226	228	100	211	
186	5	98	232	84	3	202	113	69	32	248	10	11	11	52	81	122	136	31	226	216	179	64	206	178	201	130	208	119	139	114	128	
74	180	180	248	249	253	177	71	191	95	28	61	172	189	102	142	135	27	243	17	182	104	178	211	207	215	94	235	210	76	143	255	
66	253	246	223	254	145	190	175	143	249	90	163	172	254	116	98	167	127	255	149	210	73	170	245	46	124	143	234	148	212	161	221	
248	90	62	188	109	85	17	244	141	220	182	175	126	255	163	83	238	245	255	67	200	99	34	237	211	243	99	155	82	189	36	123	
2	241	146	146	207	197	180	199	158	25	72	18	172	190	104	8	237	27	147	145	82	88	154	241	45	16	30	111	144	88	165	139	
206	88	182	254	41	29	60	216	191	250	245	57	255	255	225	95	199	125	255	70	224	71	234	162	211	251	115	190	18	253	39	211	
226	180	144	220	253	46	252	239	59	43	187	56	206	120	28	19	159	199	127	33	48	99	201	223	61	62	95	246	192	104	227	3	
53	77	107	78	148	2	239	113	84	192	255	66	83	225	181	97	120	236	6	234	249	179	44	14	112	169	231	128	101	250	240	160	
116	233	27	254	89	205	86	224	163	4	169	9	126	223	33	16	200	241	89	66	78	43	218	189	243	217	1	59	112	59	70	74	
239	176	252	81	41	124	57	11	187	127	181	185	156	158	78	59	167	149	253	147	166	69	235	192	87	91	123	255	194	101	79	115	
196	44	212	158	188	171	218	138	187	179	179	24	238	106	13	25	147	231	108	50	48	101	203	254	140	190	91	126	208	97	67	1	
214	233	196	183	132	136	108	164	63	179	146	18	239	98	72	91	115	239	125	210	106	220	203	231	156	242	223	192	36	49	161	8	
26	141	34	190	29	245	159	231	151	68	220	3	44	255	50	196	233	43	147	133	78	43	58	255	243	119	154	43	55	68	125	206	
153	89	107	237	7	86	95	117	68	76	214	130	255	29	178	100	122	240	157	239	200	177	53	173	243	233	174	129	55	190	181	123	
34	93	50	222	95	133	190	102	143	72	88	11	44	254	53	0	204	123	147	199	194	43	18	255	53	60	154	170	21	30	49	219	
3	182	229	145	178	42	173	159	62	115	90	247	156	46	222	175	39	79	23	157	183	220	37	226	140	22	254	198	141	196	129	253	
122	141	106	174	31	211	223	232	5	4	204	11	111	236	50	16	248	235	159	231	78	43	24	255	251	245	143	59	119	46	126	70	
185	5	110	225	214	50	107	87	85	97	126	18	91	41	182	96	126	142	23	184	184	184	37	142	114	239	160	196	231	219	240	160	
56	13	107	238	87	215	95	120	5	68	252	131	107	239	50	80	122	251	151	230	72	179	56	191	243	237	129	1	119	190	116	242	
137	4	235	193	214	50	239	87	116	227	94	214	17	45	158	96	127	78	23	189	177	252	37	202	102	47	182	196	175	248	240	241	
2	157	50	159	95	197	190	238	30	71	88	51	172	254	34	64	255	123	147	129	34	154	82	255	45	54	158	171	21	92	181	219	
34	253	34	30	93	193	154	238	139	69	232	139	40	252	54	32	200	251	211	195	70	43	154	253	55	20	138	59	81	14	119	222	
151	6	231	145	150	50	172	83	125	211	83	214	89	238	189	239	119	141	31	189	181	213	37	202	28	42	255	132	173	228	177	213	
74	56	214	156	75	209	176	71	191	149	210	179	44	190	38	198	163	59	235	129	6	203	134	245	30	50	94	139	7	4	173	159	
34	173	32	155	215	209	190	239	30	101	88	163	172	236	118	0	219	123	147	145	118	26	110	247	45	22	159	235	149	92	149	222	
223	30	199	180	18	178	170	80	180	194	211	247	77	238	179	203	103	229	191	191	173	213	4	206	144	98	235	128	173	245	57	85	
61	93	123	110	87	215	87	240	69	192	236	10	123	221	35	48	120	249	23	234	72	179	56	61	243	205	5	9	115	187	98	234	
19	95	99	207	180	150	239	112	76	200	90	70	113	124	181	100	126	110	22	239	193	185	61	239	52	46	175	128	63	250	113	253	
2	142	230	157	114	144	188	246	191	143	82	247	45	174	166	196	103	251	167	133	166	216	6	239	60	38	254	131	39	132	173	221	
146	142	194	157	242	130	174	246	53	143	218	247	41	174	182	68	127	239	167	133	228	218	5	239	60	38	190	128	167	244	185	221	
2	253	50	158	95	197	182	238	142	89	88	11	172	254	100	0	200	123	147	193	66	43	154	245	53	20	158	43	17	14	167	218	
2	253	48	154	219	197	180	239	158	93	88	19	44	254	110	1	237	59	147	145	82	75	26	245	61	20	158	235	16	92	165	219	
39	231	96	30	125	153	254	237	91	28	125	143	104	232	255	133	216	234	131	103	198	35	238	253	62	24	141	171	87	191	222	207	
80	185	59	254	75	196	51	242	184	76	225	1	62	223	32	80	166	187	123	66	66	75	186	109	209	161	18	10	112	3	39	123	
114	10	46	186	27	209	26	72	143	84	148	171	108	207	39	65	238	179	143	195	14	3	10	253	147	81	139	187	53	15	61	86	
43	34	103	73	119	187	168	67	93	105	115	246	136	8	180	164	126	8	146	189	151	188	101	222	6	26	138	194	79	140	121	133	
17	197	111	205	148	130	239	247	116	193	218	194	81	236	188	96	127	238	23	249	249	185	37	14	56	174	175	196	165	162	240	232	
144	222	91	191	34	139	61	254	62	39	82	247	245	163	168	65	119	123	47	0	226	156	5	127	244	166	122	132	60	216	165	153	
83	159	71	175	146	178	46	255	61	64	90	231	253	46	176	228	55	199	63	141	181	153	5	255	188	110	190	192	45	198	161	93	
83	141	103	199	150	34	239	247	124	64	94	198	113	38	180	101	127	199	63	239	241	153	45	239	60	46	238	128	45	242	241	124	
147	204	107	145	146	130	174	247	62	97	218	214	81	206	184	96	119	175	31	253	247	157	37	127	60	47	191	196	45	130	177	249	
19	237	106	193	214	130	235	247	118	65	94	130	17	143	190	96	127	206	23	221	243	184	45	255	126	47	190	196	37	146	240	248	
34	221	50	222	219	197	190	231	143	93	216	3	44	254	38	0	237	123	147	193	102	11	26	255	63	22	158	171	17	94	165	223	
27	158	210	187	178	187	58	183	63	67	90	247	173	111	162	192	55	187	191	149	183	156	15	255	190	231	62	194	190	196	169	25	
184	205	102	238	212	18	78	247	85	0	254	2	123	41	176	81	120	206	23	234	248	187	45	175	250	239	166	196	119	154	240	136	
35	205	34	94	93	149	210	232	199	4	236	11	106	204	55	84	216	234	194	198	206	43	126	253	51	28	128	59	83	31	126	206	
90	158	90	191	178	170	62	247	63	71	90	247	237	35	162	208	55	239	173	132	182	152	5	127	254	231	62	192	175	196	169	25	
206	54	228	17	171	112	188	15	187	255	150	183	140	174	223	143	167	23	253	149	180	69	167	192	30	82	223	255	134	100	141	87	
226	165	144	149	252	41	252	239	27	171	248	26	172	42	28	2	219	199	95	33	112	111	193	255	60	30	222	250	132	72	211	137	
222	52	190	144	171	124	56	18	169	255	151	189	76	62	79	191	167	213	253	183	180	71	186	192	211	83	91	191	134	117	15	87	
43	165	66	72	213	187	234	111	95	1	252	10	104	233	52	148	120	170	146	188	22	187	68	223	54	92	129	107	87	142	250	140	
188	197	106	236	148	2	239	253	80	128	254	2	83	225	184	97	120	228	4	234	248	179	36	14	250	175	231	128	101	250	240	168	
221	76	252	103	46	26	79	152	96	242	183	10	219	97	219	123	54	196	124	234	233	101	237	40	246	235	101	148	39	243	80	97	
58	172	2	26	93	241	146	239	159	29	252	11	40	204	102	132	201	43	131	145	62	107	138	247	59	87	159	123	211	12	254	206	
138	181	244	217	181	253	120	31	95	123	118	17	174	190	70	124	167	155	191	16	182	88	115	211	143	222	210	243	146	76	197	95	
252	72	228	103	12	42	70	216	101	178	183	10	91	73	221	91	122	196	108	234	232	117	73	168	210	235	229	20	103	251	96	0	
218	88	246	252	42	13	88	208	191	218	244	185	174	255	97	91	198	125	255	70	224	87	138	227	210	251	91	186	22	189	35	219	
224	165	146	156	252	47	252	239	155	43	248	24	238	232	28	11	219	199	110	33	48	123	193	223	60	62	95	126	196	72	195	137	
222	56	182	245	45	124	48	80	187	250	247	55	159	223	99	111	239	245	255	18	172	103	178	130	215	251	123	191	226	45	37	211	
2	181	144	154	252	45	184	143	138	25	57	56	140	250	76	10	143	11	70	17	18	106	202	227	141	28	30	238	208	72	131	131	
78	176	188	242	235	125	185	75	187	127	53	57	140	191	78	158	167	23	255	17	150	71	170	208	95	95	91	255	194	69	143	215	
129	132	223	247	212	14	107	180	124	163	115	80	215	113	152	112	51	78	62	60	177	188	93	15	237	174	55	68	232	224	195	160	
194	233	118	253	190	129	188	239	191	144	82	130	173	238	116	67	230	127	127	209	242	73	138	253	172	248	207	234	20	20	161	137	
202	180	180	249	249	253	185	15	191	95	21	57	140	191	78	14	135	27	247	17	54	106	226	211	207	215	94	239	210	76	143	255	
192	232	150	151	36	138	108	174	191	178	146	18	238	194	65	91	115	229	110	194	98	205	203	255	188	178	223	16	4	49	129	8	
2	189	18	155	253	173	188	231	190	25	88	16	172	254	104	64	199	27	147	17	18	24	10	247	45	20	30	238	144	68	161	155	
24	205	106	233	212	130	239	246	84	65	222	2	113	201	180	96	123	238	23	249	234	187	45	191	122	175	167	192	53	154	240	168	
15	253	237	211	182	179	191	183	126	247	94	246	253	111	146	105	55	123	151	159	243	216	47	253	110	15	255	192	142	213	145	249	
56	175	42	174	93	211	87	226	135	12	252	43	107	249	42	16	248	251	135	195	74	171	8	191	251	213	165	251	115	14	126	235	
188	13	102	225	212	50	110	247	85	99	126	18	91	41	180	101	123	206	23	185	184	188	37	174	126	239	164	192	231	220	240	136	
56	13	107	239	86	199	255	112	68	68	254	2	113	253	50	96	120	250	19	238	72	187	60	191	115	239	162	1	119	170	116	242	
2	157	50	159	95	197	190	238	30	75	88	51	172	254	32	64	253	123	179	129	34	154	90	255	61	54	158	235	16	12	165	219	
89	205	111	239	18	10	111	184	116	96	222	194	119	103	177	97	54	231	61	239	233	152	45	47	240	239	171	128	37	243	33	121	
24	52	51	172	19	194	19	73	181	4	233	161	93	215	32	80	114	185	155	160	8	131	2	207	241	228	10	11	51	34	39	242	
141	141	108	211	214	50	237	183	116	83	94	146	217	45	150	105	127	70	55	190	181	252	45	238	110	107	246	196	167	212	241	249	
34	173	32	155	245	201	190	238	30	69	88	163	172	236	54	0	217	123	147	145	54	186	78	255	45	22	159	107	85	12	213	222	
2	142	194	157	114	146	170	246	63	13	90	231	169	174	182	68	126	107	167	141	166	216	6	255	44	38	190	128	47	132	41	221	
75	220	237	87	166	58	173	183	124	115	94	246	249	47	146	107	55	70	61	175	241	216	173	111	102	43	254	132	167	240	241	121	
40	205	123	78	212	207	71	246	196	8	252	0	115	245	48	48	88	234	22	106	74	171	42	63	115	141	36	9	115	250	230	234	
19	157	99	142	84	150	239	246	92	192	90	70	113	232	181	228	126	238	18	239	229	184	53	239	53	46	142	0	45	250	112	252	
6	181	48	154	219	197	190	237	158	25	89	19	236	254	104	0	221	91	147	147	114	75	26	247	61	20	159	235	144	78	165	219	
38	245	96	152	223	209	150	234	155	117	136	155	72	252	126	0	217	219	211	241	126	99	254	247	59	22	141	127	213	29	150	214	
118	10	42	184	14	193	152	72	158	4	212	171	37	206	55	64	238	185	175	197	14	7	10	255	211	5	139	187	21	13	61	66	
11	42	70	9	127	155	168	67	77	96	210	230	136	136	182	172	238	41	242	149	149	191	7	222	22	30	154	195	95	12	121	133	
2	180	244	243	245	253	120	31	63	123	55	21	142	191	78	121	167	155	191	17	178	92	115	215	143	222	214	247	210	76	197	87	
2	205	50	222	124	133	190	230	158	8	88	2	172	206	52	64	206	123	23	193	194	11	2	255	52	60	154	170	20	26	177	137	
83	141	111	207	150	130	239	247	124	64	94	198	113	102	180	100	118	231	63	239	241	153	45	255	188	46	174	192	61	226	161	124	
39	177	48	91	253	149	216	157	79	121	189	57	138	93	94	52	157	155	215	21	158	42	123	245	47	92	21	254	211	14	210	223	
56	205	102	238	212	146	110	245	85	0	254	2	123	105	176	65	120	230	23	234	248	187	45	191	122	239	166	128	119	250	240	136	
141	141	236	243	246	50	255	183	116	99	94	146	249	45	150	109	119	222	23	189	243	252	45	239	110	207	182	192	167	213	241	233	
252	205	110	239	148	18	78	252	229	128	254	2	83	107	185	99	120	228	93	234	232	163	41	174	242	235	231	148	103	187	112	8	
21	31	95	175	178	170	47	178	60	66	90	231	253	103	161	64	119	127	63	238	177	152	13	127	228	167	42	128	188	243	33	57	
34	237	212	156	252	139	252	231	31	139	248	26	172	46	20	0	239	239	119	129	114	250	195	255	60	62	158	152	133	88	243	137	
130	232	22	157	46	131	188	230	191	146	210	18	172	202	48	73	230	105	127	193	98	205	131	253	140	178	223	138	20	16	161	9	
43	213	96	90	221	221	215	253	71	93	188	15	171	220	126	36	217	154	215	64	223	42	126	181	107	93	149	127	91	14	220	254	
42	174	2	26	221	241	146	199	223	13	252	11	40	200	102	132	217	171	130	17	30	43	10	255	59	93	153	123	211	14	254	206	
224	165	210	157	252	43	168	111	58	51	249	24	204	234	24	25	219	7	110	33	50	123	193	215	156	54	87	126	196	72	195	129	
42	184	176	184	249	245	144	199	159	93	180	57	174	156	102	140	201	59	195	17	30	111	242	247	79	87	30	123	210	12	143	223	
147	158	83	191	178	147	58	183	63	65	90	247	237	110	162	193	119	171	159	149	183	156	13	255	190	231	46	192	189	132	169	89	
252	72	228	230	76	42	70	216	113	178	179	10	75	73	89	27	121	196	108	226	168	119	201	170	210	235	229	52	231	251	66	0	
253	96	252	101	238	58	79	152	113	226	183	10	219	105	219	63	54	244	125	234	232	116	237	138	214	235	101	188	231	243	66	33	
196	36	150	158	248	171	248	11	191	163	187	24	204	234	65	91	151	167	110	16	48	103	203	222	156	54	91	92	192	97	3	1	
78	50	246	240	235	116	184	67	187	255	151	191	12	190	95	159	167	151	255	145	148	71	170	192	95	91	223	239	134	100	175	87	
222	120	182	245	43	108	56	82	187	222	214	55	142	159	103	75	239	253	255	131	172	247	146	224	151	243	90	139	130	125	37	211	
36	165	208	131	252	41	248	137	27	49	57	24	206	104	88	10	155	11	95	49	18	106	203	215	140	22	31	124	212	74	211	129	
45	165	161	67	253	63	193	25	67	249	173	88	210	120	220	188	217	10	66	60	155	114	249	18	15	220	5	124	218	202	210	164	
202	50	228	144	235	112	188	15	187	255	18	191	140	174	214	143	167	23	255	149	182	92	167	194	30	86	222	239	135	68	191	95	
194	232	150	157	46	138	184	142	191	178	178	16	236	234	1	91	163	101	127	2	96	197	139	251	132	50	95	144	4	113	33	9	
141	142	19	103	180	170	102	178	116	139	123	112	215	115	128	240	115	110	44	42	57	188	73	46	236	239	39	192	232	227	226	33	
16	158	94	127	50	138	59	183	188	23	118	245	231	99	162	81	39	127	111	0	176	220	1	125	238	163	114	193	108	128	173	25	
93	95	87	173	178	10	111	176	36	192	94	230	223	119	129	112	118	247	61	238	209	144	45	110	252	239	47	128	46	243	161	113	
56	159	18	170	125	131	86	240	135	12	248	111	110	249	32	144	220	251	135	99	78	171	8	191	250	213	37	187	90	14	62	155	
56	141	107	202	84	195	235	242	86	12	252	2	112	221	182	96	121	186	23	136	10	187	40	191	115	15	162	129	83	138	116	235	
47	165	224	99	252	59	218	152	91	241	61	154	219	109	220	44	31	204	87	63	150	114	237	210	78	221	165	252	247	207	210	213	
2	157	18	155	223	197	190	238	30	9	88	19	172	254	32	64	221	123	179	129	50	152	90	255	45	54	158	235	16	12	165	155	
31	205	228	247	182	18	254	183	117	83	126	146	121	109	156	105	63	198	53	207	248	248	45	239	110	235	247	192	167	252	240	232	
40	159	122	126	116	195	87	246	132	12	252	32	114	251	160	32	216	122	135	66	74	171	72	63	107	237	164	217	113	138	228	171	
34	189	32	155	221	201	182	238	30	69	88	155	172	236	62	0	217	59	147	17	50	56	90	247	45	22	159	107	85	12	149	218	
3	159	74	157	80	134	238	246	60	65	74	199	177	234	54	64	126	107	19	205	133	152	20	239	36	46	154	128	29	132	57	220	
95	205	228	119	182	26	255	188	123	211	22	130	249	111	159	107	55	119	61	239	244	200	175	233	110	255	253	128	167	247	209	121	
32	159	123	110	252	203	215	246	196	12	124	96	114	241	164	48	88	122	6	106	74	170	106	63	99	141	36	137	81	218	230	171	
6	245	178	154	253	165	190	238	159	27	24	59	204	254	108	8	223	91	151	83	178	67	26	247	61	30	15	238	144	93	161	147	
50	245	224	200	223	87	148	239	27	252	176	11	8	156	119	32	221	153	211	177	238	107	250	215	59	22	157	255	215	12	86	223	
82	15	42	168	30	163	186	75	12	4	218	167	133	136	50	64	250	45	187	133	156	139	5	158	240	37	170	217	52	14	185	82	
3	42	102	9	86	187	170	67	79	97	90	230	168	136	180	164	126	41	178	157	151	184	37	222	4	94	138	194	223	14	121	141	
81	141	111	191	178	130	47	183	60	66	214	198	245	102	146	113	119	231	61	239	225	221	45	111	244	171	238	128	37	240	161	121	
2	176	244	241	253	253	248	159	63	121	53	61	140	159	110	120	167	27	255	17	146	124	115	211	15	94	30	239	210	76	133	215	
56	205	106	235	20	163	239	254	84	0	222	2	121	233	177	96	121	234	23	235	234	185	45	191	122	239	167	128	55	218	112	136	
221	77	110	239	130	18	111	185	101	192	223	130	123	103	145	115	118	228	125	234	233	145	45	109	242	235	231	128	39	179	240	96	
15	249	236	95	182	146	255	189	222	209	94	162	249	125	158	103	7	123	183	223	215	216	111	253	110	95	255	192	167	246	209	249	
252	77	70	230	12	2	78	248	165	130	247	2	123	107	177	83	120	228	125	234	104	227	9	173	242	235	231	144	103	187	112	8	
29	158	87	101	180	42	110	183	125	170	126	96	223	115	128	244	55	126	12	40	177	152	9	15	172	239	39	196	234	242	225	33	
34	165	148	157	252	137	252	111	31	27	248	26	172	170	20	0	203	171	119	129	114	250	67	255	60	62	158	202	148	72	243	137	
42	186	178	154	253	249	144	199	159	93	252	59	174	220	102	140	201	59	131	17	30	43	106	243	27	85	24	251	211	12	222	223	
42	184	176	216	239	253	144	207	159	125	52	59	172	157	102	12	143	27	215	17	22	106	242	243	15	85	28	251	214	12	143	255	
47	181	233	75	252	63	219	216	87	125	189	191	219	108	222	36	95	202	151	63	159	34	109	151	78	93	37	252	215	207	216	245	
244	104	194	166	76	42	70	200	49	178	179	10	75	232	89	26	121	196	108	226	8	247	201	234	146	238	197	52	229	251	98	0	
252	96	240	103	198	58	110	152	113	226	183	10	91	105	221	63	62	236	125	234	232	247	173	138	86	235	229	180	231	247	66	0	
10	178	176	241	235	253	184	79	187	255	21	187	140	191	78	14	167	27	255	145	22	93	162	208	159	83	95	239	134	68	143	215	
78	178	178	176	235	116	184	67	187	255	21	191	140	190	78	14	167	31	247	149	150	95	130	192	159	86	223	239	135	68	175	215	
6	58	182	177	227	236	184	66	191	219	211	183	140	255	103	91	239	191	255	145	146	213	146	192	159	118	219	235	134	101	37	211	
54	36	192	227	220	43	202	200	27	177	185	26	75	104	93	26	123	204	87	178	26	114	201	210	158	220	133	244	229	235	210	128	
192	44	150	157	120	170	56	130	190	147	210	16	236	234	97	91	167	101	110	128	32	197	131	235	148	54	91	8	132	113	33	8	
194	178	226	145	239	112	184	71	59	255	20	191	140	174	222	142	167	31	247	149	182	94	166	194	30	86	222	239	143	68	191	223	
45	114	224	67	108	59	198	152	83	250	181	108	195	72	223	190	29	204	118	127	141	118	237	178	14	94	101	180	207	255	90	213	
130	200	150	157	108	131	184	230	190	154	82	146	172	206	33	73	231	109	127	129	98	221	3	255	20	50	218	130	20	16	33	9	
25	153	111	175	178	146	189	61	44	64	94	230	253	102	178	97	118	247	63	239	209	152	45	125	244	235	234	192	180	162	177	121	
51	159	83	174	114	139	86	240	143	76	248	237	103	236	162	144	222	235	135	103	207	171	72	191	184	212	45	186	92	142	42	221	
32	159	122	218	116	195	243	240	86	12	124	34	112	221	182	64	88	58	7	72	138	186	40	191	98	15	162	129	87	138	116	235	
2	156	16	155	223	197	184	239	30	73	88	19	172	254	40	64	221	59	179	129	34	154	90	255	45	22	158	235	17	12	165	219	
94	201	228	247	182	18	254	180	119	145	54	130	105	111	157	99	119	231	61	203	248	248	111	237	238	255	239	192	167	191	240	9	
32	159	90	110	114	131	87	244	5	12	120	229	119	235	160	80	222	122	7	98	200	170	72	63	98	229	36	136	125	170	70	155	
34	188	32	153	221	205	176	239	158	125	120	27	172	220	118	0	201	27	147	17	54	122	210	247	45	22	159	111	209	12	151	222	
3	139	2	141	16	134	174	246	172	65	74	199	177	226	52	64	124	107	59	205	195	152	23	125	36	46	138	128	29	2	49	152	
222	216	244	247	46	18	94	184	187	208	183	163	235	111	157	103	54	245	253	239	232	65	175	232	234	251	237	144	167	183	65	89	
184	219	91	110	114	139	87	240	132	136	248	236	119	241	161	16	94	248	6	106	201	171	72	63	224	229	37	152	121	186	102	185	
33	141	35	223	116	195	231	182	84	73	90	98	177	120	176	224	89	106	22	77	203	184	101	191	44	46	190	128	28	74	240	173	
3	11	7	69	20	159	170	37	76	33	218	194	233	40	180	228	124	44	58	237	149	184	69	253	36	46	170	192	93	46	249	140	
6	181	148	152	252	133	188	207	159	153	56	56	236	254	125	10	151	27	87	17	50	67	138	215	44	30	15	254	148	104	131	129	
34	177	164	196	251	87	144	111	27	249	144	63	10	157	86	34	141	155	247	145	218	107	242	218	27	28	29	255	211	12	150	223	
90	13	35	184	91	225	75	71	151	4	200	139	44	199	33	212	120	187	139	129	26	11	146	255	241	116	155	59	50	12	52	106	
222	76	246	247	162	50	94	62	189	242	150	147	239	111	149	111	166	245	125	238	232	197	173	236	226	251	239	144	38	245	97	93	
11	216	18	90	91	181	16	199	255	25	236	0	44	210	103	244	233	59	146	128	7	43	18	247	19	253	18	43	91	20	43	143	
184	205	102	239	148	2	78	253	85	130	254	2	107	105	56	65	120	230	61	235	232	191	9	191	242	235	199	128	119	186	240	8	
252	77	70	230	12	2	78	248	177	130	247	10	107	107	57	83	120	228	108	234	104	231	137	172	242	235	229	144	103	187	112	0	
221	77	110	237	134	18	127	188	101	192	222	130	123	103	177	115	118	244	125	234	232	145	45	236	242	235	231	128	39	179	240	96	
24	77	102	239	148	2	78	252	245	160	254	2	123	107	177	65	122	230	63	234	232	185	9	189	242	235	231	144	55	186	112	8	
2	176	52	217	253	253	184	207	159	121	48	59	140	158	108	120	175	27	255	17	146	120	50	213	31	28	30	239	212	12	133	223	
15	249	236	215	190	153	255	188	206	208	94	162	249	237	222	98	6	123	255	223	210	216	239	253	110	95	239	192	55	182	209	249	
89	29	127	237	178	2	111	53	37	192	94	230	221	103	177	101	118	247	61	238	249	152	37	238	252	239	175	128	46	242	161	121	
2	178	178	208	235	253	184	79	187	125	21	191	140	190	110	8	167	27	255	145	22	89	178	210	31	86	31	239	134	68	135	215	
252	96	226	102	70	26	111	216	113	162	183	10	91	105	221	58	58	236	117	234	232	247	173	170	118	239	229	164	103	243	98	32	
63	100	232	67	246	59	235	216	91	226	61	138	91	109	223	62	63	204	87	255	137	118	237	234	126	79	165	180	231	255	82	228	
2	176	176	208	251	253	184	207	159	125	20	59	172	158	102	12	175	27	215	17	22	106	242	209	31	84	30	255	150	12	135	223	
52	36	224	226	220	43	194	216	83	178	185	10	75	233	93	24	121	204	70	243	154	115	201	226	26	204	133	116	231	251	82	128	
105	223	87	69	226	26	102	189	105	232	126	236	251	48	149	247	54	196	108	110	197	176	237	108	38	251	101	132	110	242	202	21	
47	116	225	195	254	59	203	216	87	243	29	238	89	76	223	172	95	204	23	255	143	114	109	242	30	95	173	252	255	255	88	245	
