香奈儿可可小姐唇露	782 - TRUE	https://i.chanel.cn/fnbv3/image/full/shades/rouge-coco-gloss--782-true-55g.0156782_S.jpg	https://i.chanel.cn/fnbv3/image/full/chanel__com_type1/skus_full/rouge-coco-gloss--782-true-55g.3145891567823.jpg
186	20	114	237	116	58	248	115	125	107	254	179	11	61	148	121	238	151	159	165	184	186	101	206	150	255	146	130	231	204	112	213	
2	133	98	201	214	163	170	103	92	1	90	2	40	42	52	96	123	11	19	145	146	184	5	223	60	12	154	192	149	12	241	204	
2	157	118	218	231	133	188	199	159	89	90	179	172	254	100	64	231	59	183	145	146	153	2	243	60	62	158	235	21	76	165	219	
191	98	226	6	103	18	238	64	113	142	117	239	72	136	255	156	126	204	167	207	204	247	172	194	22	126	207	143	111	191	122	197	
3	181	98	203	246	177	186	103	31	73	92	163	172	158	180	32	255	59	147	157	150	184	36	223	46	28	154	234	151	206	241	221	
34	185	50	200	245	197	186	231	15	73	88	43	44	156	118	0	220	59	151	145	150	58	18	245	63	28	158	235	213	14	183	219	
34	185	160	152	223	193	178	199	11	69	72	139	172	140	118	0	201	59	147	209	22	58	210	241	61	20	158	107	213	14	151	222	
27	159	67	143	86	178	175	118	53	192	90	231	121	110	182	228	126	239	23	239	197	153	45	255	52	46	170	128	63	230	177	213	
38	176	56	176	239	233	177	75	143	61	149	59	142	159	106	8	171	19	207	17	18	107	170	213	221	209	27	127	208	12	133	227	
4	184	57	241	169	237	145	203	174	53	161	24	142	151	64	56	129	27	234	16	18	77	250	80	221	209	27	127	208	1	135	162	
9	154	57	217	100	204	105	55	109	73	118	116	189	23	148	116	230	63	22	12	147	152	49	195	71	252	186	192	14	128	161	249	
105	94	249	101	116	78	105	55	113	236	126	228	179	21	145	116	110	188	84	172	169	184	245	14	103	255	48	128	111	176	70	249	
130	223	50	156	249	196	188	231	191	91	88	55	172	190	38	65	231	123	187	193	242	137	18	255	45	54	158	139	144	92	165	219	
120	241	122	96	241	205	83	213	33	173	60	9	31	151	74	16	188	153	133	120	90	58	144	12	251	205	37	109	226	130	206	139	
37	177	97	65	244	223	239	113	69	233	121	70	147	24	220	164	122	8	22	124	211	184	125	220	44	28	165	196	79	138	210	180	
131	154	19	185	116	180	184	19	190	89	82	85	188	154	182	232	231	43	23	157	183	156	18	215	4	62	186	194	156	4	41	221	
179	134	202	189	22	2	104	127	52	195	210	215	33	35	146	64	125	172	63	173	173	218	197	207	220	46	250	128	173	164	120	216	
127	83	46	172	47	23	222	104	205	204	222	175	238	200	55	66	254	229	255	231	204	35	143	220	242	115	203	159	31	63	57	87	
34	157	34	158	223	209	190	230	159	68	220	167	44	252	55	68	234	123	147	195	102	171	62	255	55	54	158	139	23	92	61	222	
130	221	178	153	245	172	188	231	190	27	90	49	172	190	32	64	231	59	187	1	242	216	18	247	45	54	158	194	16	92	161	155	
122	1	98	232	126	19	248	113	101	64	255	139	11	143	180	96	110	133	95	237	216	171	101	196	210	249	170	220	39	142	112	65	
70	42	190	176	235	232	49	66	190	151	22	179	172	191	99	74	167	127	235	145	22	217	130	224	220	83	27	235	132	69	45	203	
9	17	121	101	116	78	109	55	125	73	118	116	187	23	144	112	102	62	22	12	209	184	117	79	199	253	178	128	110	128	197	249	
74	157	50	218	245	244	184	55	185	95	60	53	172	191	54	108	199	51	151	17	182	8	50	231	79	127	154	203	150	68	229	255	
3	136	193	185	116	154	232	23	126	65	82	215	189	8	144	232	106	44	54	157	167	188	69	215	132	62	186	192	156	140	89	156	
39	207	98	158	87	147	190	236	95	196	124	167	104	232	183	132	126	234	131	231	198	179	46	255	54	60	143	171	119	190	120	196	
187	17	106	224	118	18	91	113	101	64	255	166	27	15	182	112	126	157	151	238	201	179	37	204	242	233	162	196	103	142	112	113	
130	221	50	155	245	197	188	231	158	89	88	51	172	190	38	64	231	59	179	17	118	152	18	247	45	22	30	235	144	92	165	219	
72	188	183	241	169	236	117	151	187	219	162	17	190	191	64	219	165	119	253	16	51	77	146	224	207	251	86	67	194	68	167	91	
122	65	98	232	110	19	216	113	37	64	244	138	11	15	180	116	110	149	223	236	200	163	101	204	242	249	170	152	55	142	114	208	
47	111	66	78	117	151	238	248	87	200	248	206	104	200	191	164	124	232	134	238	205	178	12	255	54	92	133	142	127	191	122	132	
1	128	241	89	116	155	233	23	126	105	114	80	187	8	148	236	107	46	38	24	179	188	101	223	12	190	50	64	212	136	81	173	
61	117	115	79	84	79	71	248	103	224	254	74	83	209	145	116	120	236	6	106	201	178	253	63	116	172	165	36	127	187	114	160	
60	113	123	226	55	95	83	216	101	224	189	42	91	221	107	48	250	221	215	114	73	179	56	156	251	221	1	127	111	187	102	115	
26	157	58	184	211	225	185	103	159	69	72	179	44	191	34	64	235	187	147	145	22	155	2	215	155	87	154	203	183	4	165	218	
60	117	123	100	119	91	87	88	97	224	255	42	91	223	73	48	122	252	213	242	73	179	184	140	243	205	37	165	111	187	102	243	
94	113	187	224	59	211	19	200	171	232	189	40	94	223	107	48	190	245	223	242	9	3	168	200	251	213	7	255	227	51	39	115	
34	239	98	154	223	145	190	230	31	4	92	175	104	232	63	132	255	235	131	215	198	58	14	255	62	20	143	235	87	31	189	207	
135	22	235	149	230	50	173	23	94	199	87	246	221	238	254	236	127	79	54	157	181	220	37	194	44	46	254	196	173	252	177	245	
53	73	67	78	84	18	238	112	69	192	243	70	81	200	181	228	120	236	22	239	205	179	44	236	48	40	163	128	111	191	120	132	
153	181	120	123	147	255	113	29	119	123	71	18	219	23	154	109	117	158	190	152	187	220	125	151	207	203	176	70	243	132	244	243	
141	181	221	179	245	249	169	89	62	113	85	154	221	119	90	43	59	27	146	184	51	112	254	208	205	193	123	108	150	74	133	240	
60	63	18	160	221	247	210	194	1	236	252	47	46	178	35	148	248	234	198	240	31	171	48	236	187	213	131	59	235	79	126	214	
73	64	209	197	98	10	111	56	121	226	119	228	217	19	137	246	54	204	52	238	193	148	229	200	102	252	226	132	46	179	67	161	
185	81	106	228	102	18	95	113	69	64	247	174	27	13	191	112	126	157	151	239	201	183	37	142	242	233	160	128	103	174	112	241	
130	141	150	153	244	172	188	39	62	25	90	16	172	170	0	72	231	43	59	17	50	216	67	215	44	54	158	194	148	72	129	139	
3	150	177	153	181	189	184	2	159	91	16	117	140	190	118	237	135	27	155	149	183	92	18	215	141	86	154	226	158	68	9	215	
57	81	121	104	116	207	95	112	68	76	125	2	19	29	177	48	124	184	22	106	201	178	48	29	99	205	32	32	119	155	116	163	
114	241	18	168	25	205	18	64	171	5	168	9	174	158	100	80	168	145	207	80	74	43	146	213	147	209	10	123	80	7	39	2	
164	243	41	163	236	11	167	216	94	252	57	238	151	196	249	1	95	72	2	127	195	114	109	60	108	0	45	188	85	251	85	241	
118	85	235	238	86	66	223	248	1	228	221	163	81	111	57	64	126	213	21	231	200	147	221	204	251	173	175	132	37	187	52	114	
130	141	150	157	244	171	44	39	62	51	90	16	172	42	0	64	227	47	42	128	114	216	65	215	44	54	94	192	132	64	161	136	
61	77	99	207	84	31	238	248	117	232	126	70	91	121	189	244	120	236	22	238	201	178	125	238	54	108	166	128	127	191	112	164	
86	241	18	168	27	205	18	64	175	5	160	9	142	150	98	80	130	145	221	81	14	11	146	209	155	213	10	123	16	7	39	86	
78	219	46	190	175	149	191	236	159	158	150	167	236	232	51	67	238	99	251	199	196	109	11	253	254	115	207	155	22	63	61	207	
53	0	107	67	84	3	235	88	84	96	119	66	81	1	189	36	120	140	22	238	137	182	45	14	20	12	160	132	101	171	112	224	
137	62	154	255	181	180	107	150	118	199	70	84	189	163	227	236	119	106	166	220	183	220	55	235	206	247	246	0	170	213	41	249	
117	47	112	68	118	31	214	232	121	168	249	110	66	104	149	53	254	196	70	107	236	242	237	206	62	62	5	54	111	187	66	133	
59	21	106	225	54	50	123	80	101	100	255	167	27	29	183	112	126	136	151	188	137	178	37	142	242	205	160	196	103	143	112	241	
130	205	150	157	240	169	60	167	62	19	90	16	172	162	0	64	231	59	59	128	114	220	67	247	44	54	94	192	4	80	161	137	
44	60	171	243	71	124	163	82	238	223	95	18	157	247	83	42	105	252	219	155	17	116	186	160	95	197	235	109	163	107	55	242	
59	1	114	225	116	153	248	80	109	65	254	138	143	13	180	100	238	153	95	217	142	187	101	192	214	249	170	210	119	142	113	197	
58	113	112	232	27	213	82	65	3	4	188	9	15	159	99	16	222	153	221	242	78	3	16	148	243	221	8	123	115	30	110	82	
119	34	174	128	76	20	248	88	201	244	151	71	1	136	127	42	236	133	91	189	140	35	149	192	147	41	202	61	13	42	121	212	
48	33	70	141	92	11	224	72	175	161	242	10	10	136	52	64	120	172	110	225	8	251	195	221	156	168	131	60	117	8	112	136	
141	42	150	243	165	186	107	146	126	223	86	116	189	163	227	236	35	106	166	94	183	220	39	226	206	243	118	192	170	197	41	249	
178	37	114	236	108	43	248	75	77	162	250	26	15	10	52	0	254	141	95	161	232	183	193	202	150	248	138	144	101	232	115	129	
194	92	54	248	73	236	144	66	169	26	176	24	174	158	37	27	236	177	223	19	98	111	146	227	147	248	82	27	80	73	35	11	
122	49	120	232	29	209	86	97	1	4	188	43	15	159	98	144	216	153	213	242	78	35	144	144	243	213	128	59	115	30	110	210	
2	187	226	155	246	179	190	231	31	69	90	183	44	238	182	64	255	187	147	149	182	154	46	255	62	30	158	203	21	76	181	221	
32	141	2	154	148	163	166	231	22	1	88	2	96	232	48	64	89	106	2	81	18	186	8	255	40	4	135	96	149	74	176	136	
3	190	225	129	242	147	171	191	62	97	90	247	189	6	222	164	55	79	23	157	183	152	45	247	44	14	190	228	173	132	131	221	
7	183	2	139	247	177	186	201	14	73	89	231	204	204	62	128	223	11	147	247	151	144	12	245	44	20	143	239	157	79	185	149	
232	80	190	254	105	93	177	84	164	78	214	61	60	221	107	75	236	124	255	66	96	231	242	162	87	227	112	155	66	61	54	251	
252	88	174	214	77	68	229	196	248	222	182	27	120	159	51	91	105	228	239	227	104	103	178	234	209	35	250	25	33	121	119	122	
151	12	239	159	214	50	239	82	116	194	95	214	113	238	183	108	127	239	55	175	161	148	45	238	84	47	251	128	173	225	49	245	
73	64	209	229	32	10	111	16	121	162	123	96	223	35	129	116	118	220	60	234	201	148	229	202	228	252	98	132	46	243	3	33	
230	168	182	240	237	237	208	67	139	191	177	25	142	252	68	27	137	179	239	17	58	111	202	240	155	210	85	127	208	77	198	135	
2	140	2	156	20	162	42	99	52	1	91	18	104	226	32	64	120	42	34	128	48	152	0	223	32	38	138	128	20	74	176	136	
198	58	150	146	235	233	48	67	171	159	177	185	140	222	199	27	167	115	239	17	54	79	130	224	156	18	127	235	192	69	175	135	
230	184	182	240	237	233	240	67	235	191	177	57	14	253	102	27	171	179	239	17	54	111	138	208	155	210	85	255	194	76	207	135	
198	54	214	147	234	176	188	83	186	151	83	247	140	238	198	207	231	63	239	149	182	95	142	194	28	50	255	239	140	68	171	213	
255	215	240	230	255	119	222	255	83	238	188	191	106	61	159	55	223	215	221	167	236	99	237	174	251	95	253	183	231	252	246	127	
38	248	162	154	223	213	186	204	159	93	81	143	44	220	119	8	237	121	147	211	134	103	58	247	63	22	143	235	149	31	53	223	
166	167	125	251	252	105	185	207	218	121	49	249	220	108	220	11	143	19	87	53	179	107	74	215	76	26	127	252	220	72	147	241	
215	76	254	214	46	96	221	130	185	150	182	154	124	106	23	123	167	229	125	239	168	71	167	234	210	58	223	153	133	241	103	108	
183	99	226	4	79	83	246	72	219	230	245	143	72	200	255	134	120	236	130	231	204	247	172	200	50	24	133	63	119	191	126	198	
29	67	129	169	128	2	111	152	36	8	219	194	213	71	185	64	118	221	63	255	9	144	13	76	164	166	175	196	188	179	33	32	
162	160	148	186	205	237	208	207	159	59	177	25	166	184	108	11	201	147	235	17	58	111	218	209	157	146	218	127	208	72	213	138	
180	73	107	238	68	2	79	240	64	128	247	66	83	65	177	113	120	236	22	234	201	179	44	44	112	169	161	128	101	187	112	160	
199	62	199	151	242	178	184	18	190	195	83	247	237	238	213	207	55	111	191	149	181	220	135	234	12	34	251	130	172	229	41	213	
60	56	182	253	41	247	89	90	23	170	126	32	127	223	97	120	149	125	181	18	136	214	243	176	195	255	113	187	210	237	36	187	
109	31	112	69	113	30	82	48	121	168	126	108	75	27	149	116	94	252	100	106	237	176	125	206	54	254	1	2	107	179	74	37	
31	117	227	206	83	215	63	120	23	192	93	230	72	247	191	228	126	249	151	239	193	146	188	255	119	60	143	170	63	183	39	245	
143	61	159	240	234	165	185	211	190	154	88	114	188	243	97	171	167	123	51	153	51	223	130	234	92	11	127	232	140	97	41	161	
11	232	161	209	13	148	168	135	206	241	146	19	184	24	84	226	233	39	59	149	134	104	244	193	13	92	158	102	133	12	241	204	
130	48	146	145	197	173	176	71	190	27	97	16	140	154	104	8	229	27	147	17	50	92	146	211	5	22	90	106	144	72	131	131	
29	12	107	207	214	34	239	242	116	194	223	130	113	109	179	96	127	238	23	239	169	177	45	238	114	46	171	128	39	251	112	232	
50	79	98	158	87	210	190	102	157	196	220	163	104	236	54	196	254	235	147	199	196	187	38	239	50	54	142	139	39	126	253	214	
188	48	182	97	181	247	81	91	87	169	255	48	91	157	132	124	213	156	181	24	186	242	121	150	219	255	33	198	227	197	96	51	
117	127	217	7	254	15	231	248	106	238	185	238	82	232	213	18	191	205	70	111	225	114	236	110	60	12	37	60	77	251	66	209	
90	33	154	84	147	86	56	71	169	133	230	23	8	163	102	82	96	231	233	144	92	203	145	64	219	165	158	67	171	4	175	94	
82	25	158	158	9	244	16	81	173	77	207	5	238	247	35	90	192	39	249	128	28	131	146	201	211	247	218	27	26	103	60	86	
201	134	204	59	164	249	101	157	118	87	95	212	251	226	154	236	51	10	110	156	151	240	111	19	236	239	118	65	190	214	201	236	
32	242	44	184	45	205	213	255	198	63	176	93	182	89	122	1	217	19	95	1	206	111	82	149	233	219	117	253	80	24	212	203	
6	248	178	154	253	229	186	198	158	89	80	23	172	222	117	8	205	123	147	213	146	78	26	243	45	22	159	235	148	29	181	219	
255	183	224	100	190	55	222	127	81	238	189	191	75	61	150	55	159	215	213	167	252	239	237	142	250	95	229	151	231	254	214	87	
201	198	152	187	252	169	45	159	254	19	92	84	253	227	232	192	83	11	106	28	51	0	203	115	172	159	62	104	156	208	137	41	
159	30	199	151	82	50	174	214	60	195	82	247	121	230	181	236	119	111	183	143	165	220	45	234	20	46	254	128	175	245	41	221	
224	160	156	184	237	237	208	207	143	63	177	25	134	184	108	27	201	147	239	17	58	111	202	209	157	146	87	127	208	72	214	131	
58	1	114	225	54	57	250	82	109	0	255	2	15	11	180	96	110	137	31	249	138	179	101	196	210	217	170	208	103	142	113	1	
34	143	98	158	87	210	190	230	157	196	216	163	104	236	54	192	250	235	147	199	228	155	46	239	50	54	142	139	23	62	189	214	
3	148	19	185	83	244	184	83	188	73	90	85	188	158	32	232	231	59	19	149	183	156	50	215	13	54	26	194	152	68	161	223	
27	83	46	142	47	151	158	104	205	76	222	175	236	216	55	192	254	229	255	231	196	35	30	253	242	113	143	155	95	62	57	87	
59	5	106	225	118	50	91	82	117	192	255	134	27	13	183	116	126	140	23	189	137	178	101	142	242	205	162	128	103	142	112	241	
35	2	200	189	20	130	104	51	52	99	82	215	177	35	146	64	108	172	63	141	173	156	69	207	204	46	186	192	45	140	120	152	
2	157	50	158	223	213	190	231	158	76	88	163	172	254	38	64	239	123	147	193	102	139	50	255	61	54	158	171	21	92	181	223	
250	1	114	232	94	3	202	81	101	0	255	10	11	11	52	80	106	141	95	249	216	171	69	204	146	249	130	220	39	142	112	128	
54	127	98	158	79	215	150	96	137	196	221	143	104	236	55	7	232	233	147	199	204	227	190	232	51	16	207	187	87	63	126	214	
126	83	106	172	63	6	95	104	137	140	222	175	79	239	51	80	254	229	223	231	204	131	168	204	242	245	139	155	55	63	62	87	
43	207	98	207	117	151	238	248	85	72	124	198	72	232	180	228	120	236	150	238	205	178	60	254	54	124	135	138	127	190	120	132	
2	148	59	217	87	228	177	87	254	73	78	18	188	190	36	100	231	59	19	17	179	152	50	215	77	62	26	74	144	0	165	255	
130	141	22	153	244	172	188	167	62	27	90	16	172	186	32	64	199	59	51	1	114	216	3	247	44	54	158	194	144	72	129	137	
61	93	83	79	85	31	102	248	85	104	252	78	90	241	181	244	120	236	22	110	201	178	124	255	54	124	133	40	127	190	114	164	
130	221	50	155	245	197	188	231	158	27	88	17	172	190	32	64	231	59	179	17	114	152	18	247	45	54	30	203	144	92	165	219	
250	65	98	232	14	19	74	113	69	0	252	138	11	15	180	112	110	133	95	234	200	167	101	204	178	249	170	152	55	142	114	140	
129	138	115	89	52	173	233	51	124	9	118	80	189	3	148	108	195	42	38	24	179	188	97	215	4	190	50	64	192	136	65	169	
125	66	66	69	71	26	110	112	113	162	119	66	75	3	149	244	122	204	182	238	201	182	229	202	54	255	192	132	111	183	106	164	
166	121	162	158	79	213	182	224	159	196	209	143	40	220	119	0	204	251	147	195	198	107	186	249	51	16	143	187	87	63	55	222	
41	253	67	78	85	159	70	252	87	232	252	78	122	208	180	180	88	236	22	110	201	178	252	255	54	60	5	44	127	191	122	164	
185	69	106	228	118	18	79	113	85	64	247	130	91	13	178	113	126	156	21	238	233	179	37	142	242	233	160	132	103	186	112	241	
147	203	74	188	126	145	188	103	140	68	216	231	44	138	178	192	110	43	159	197	198	137	6	253	176	33	186	139	61	156	185	221	
126	121	123	234	59	211	91	200	173	232	189	168	127	223	107	112	254	253	221	242	73	3	168	232	251	213	15	59	99	51	39	115	
60	117	123	100	118	87	87	112	65	224	253	46	91	95	177	48	126	252	151	234	201	179	56	140	243	205	37	1	111	187	102	243	
18	174	238	188	250	208	188	230	191	151	214	179	44	174	166	66	103	251	175	129	102	219	134	255	248	35	254	139	53	84	173	207	
34	239	96	154	215	209	190	238	31	5	88	163	40	236	54	0	223	107	131	215	230	58	78	255	62	20	159	235	85	30	191	206	
74	188	151	242	137	252	52	231	191	155	38	16	174	191	96	223	161	119	251	16	51	201	178	225	143	242	94	75	130	84	175	63	
43	69	97	73	117	159	175	120	93	104	120	70	72	24	180	164	120	8	18	239	225	176	117	222	36	30	130	130	95	158	112	164	
82	249	26	160	19	220	123	226	169	21	166	15	47	142	70	16	168	159	233	192	78	27	144	229	219	229	154	67	41	0	47	90	
30	158	198	177	178	178	186	115	190	135	91	247	77	238	246	200	55	47	175	149	180	217	13	206	188	103	191	195	173	132	169	21	
8	95	93	165	246	11	191	117	4	164	90	231	245	39	161	0	126	115	7	227	224	152	5	12	228	135	238	128	61	250	149	185	
34	4	114	201	244	42	248	7	125	43	250	18	138	45	20	88	238	183	31	129	184	186	65	198	22	254	146	194	199	204	208	129	
2	157	114	211	245	252	248	23	185	91	58	49	172	62	54	104	231	19	151	17	182	40	50	231	15	126	26	203	150	68	229	223	
36	49	121	65	244	79	99	113	97	172	125	8	19	21	208	48	26	152	6	120	155	186	112	12	111	141	37	100	227	138	198	225	
9	152	59	250	240	204	125	183	189	93	126	20	188	151	32	112	167	59	23	8	211	136	50	243	231	191	50	200	24	128	165	251	
120	121	88	104	81	205	82	80	33	12	172	9	31	159	97	144	188	185	149	114	74	3	16	156	243	221	32	123	114	18	110	19	
108	27	152	188	185	180	81	155	135	93	204	13	190	247	35	90	196	51	253	68	158	11	242	177	211	245	138	26	146	77	52	83	
38	106	226	142	125	145	238	72	27	174	93	239	104	200	191	132	124	232	147	199	198	182	206	234	54	20	143	171	87	255	124	197	
105	93	123	117	116	206	105	55	121	205	126	108	179	55	145	48	78	190	84	8	169	184	241	46	231	255	48	128	106	136	70	249	
33	116	121	65	116	207	239	112	80	72	124	98	17	21	180	52	94	56	22	106	225	178	52	79	103	14	32	160	119	138	102	233	
128	176	62	241	171	233	49	67	190	53	39	57	140	151	104	72	163	27	239	16	18	89	43	81	221	211	59	119	144	0	133	227	
248	86	170	254	77	84	181	220	176	94	180	63	120	223	43	91	233	212	239	226	232	103	186	226	215	35	254	157	83	125	119	251	
178	5	82	141	108	43	232	107	13	162	250	26	142	42	52	64	106	141	95	161	56	187	65	202	148	188	154	144	69	72	115	128	
10	178	30	177	234	169	176	207	158	63	21	187	140	143	234	64	167	27	239	17	22	93	10	209	222	83	63	231	148	12	141	139	
109	84	209	69	116	126	234	24	105	233	123	66	89	48	157	244	126	204	22	106	129	178	253	202	38	60	34	164	239	251	66	181	
114	93	102	30	91	208	150	230	137	68	236	171	40	252	39	183	232	243	211	195	108	11	190	255	51	118	138	27	119	63	62	222	
131	190	64	153	242	185	184	222	63	113	80	247	172	142	206	132	55	11	135	149	183	28	13	247	44	22	62	230	188	196	137	221	
114	64	252	222	79	64	93	40	121	150	183	10	121	110	31	91	123	197	125	171	72	71	255	201	83	59	218	153	37	240	118	106	
236	116	186	254	105	116	49	222	180	78	246	61	61	221	235	106	237	92	255	66	136	103	178	162	87	255	114	171	66	253	38	251	
134	48	146	154	203	229	180	67	190	19	65	18	140	222	96	75	235	59	163	145	50	79	146	194	21	18	90	107	144	64	165	146	
156	60	190	243	213	253	115	210	244	219	95	50	153	247	67	47	105	218	223	154	179	240	186	160	223	201	227	229	163	109	117	243	
130	149	62	220	203	181	181	103	156	19	68	19	188	191	38	107	229	19	187	129	114	73	18	213	107	51	90	75	16	64	165	186	
53	68	107	67	84	42	235	88	84	224	247	66	83	65	189	32	120	204	22	234	137	180	45	14	84	141	161	132	101	187	112	160	
141	181	61	241	197	255	121	89	126	119	85	18	221	247	74	175	59	26	147	56	179	124	62	210	207	219	255	101	182	204	133	242	
53	77	99	78	196	50	239	240	68	192	251	66	83	200	181	229	120	236	22	234	201	179	44	44	48	40	227	128	109	251	112	228	
135	182	195	145	242	162	169	87	62	195	83	247	221	230	254	108	119	47	55	157	183	220	165	194	28	38	191	196	173	196	177	213	
194	178	246	210	239	233	176	207	155	63	177	59	12	252	238	27	175	19	239	17	54	111	138	209	31	18	127	255	213	76	143	135	
157	148	116	123	131	223	117	61	119	123	119	18	219	95	94	109	117	158	191	152	255	220	121	151	207	251	246	199	243	132	196	119	
134	178	158	144	239	233	176	67	175	63	49	123	140	250	236	11	175	27	239	17	50	127	138	209	28	18	127	239	208	72	143	131	
139	180	21	185	238	77	185	239	158	127	52	58	156	189	218	171	143	19	243	61	115	108	107	215	76	91	127	236	158	140	135	241	
29	115	5	129	172	15	231	248	70	236	221	230	215	69	153	36	94	72	30	110	201	176	109	28	228	129	111	180	55	251	21	241	
23	12	227	207	150	34	239	115	116	195	95	214	89	239	179	100	127	238	55	189	177	156	45	206	120	46	175	192	167	231	177	245	
159	62	227	151	178	178	171	83	60	195	83	247	93	230	182	236	55	111	183	157	181	220	165	206	28	110	191	192	175	228	161	245	
52	13	106	238	212	34	207	115	85	194	223	130	115	109	177	96	122	230	23	171	184	179	45	142	114	175	167	128	117	251	240	224	
53	95	125	69	116	30	254	48	105	168	250	100	99	8	149	48	190	236	102	238	205	178	117	236	38	254	32	2	109	187	66	141	
46	205	227	222	255	208	238	232	95	8	124	34	104	251	253	228	123	250	183	218	66	58	174	251	62	62	135	239	23	159	124	173	
141	159	254	249	181	182	121	147	127	223	126	212	171	231	167	253	103	106	172	28	183	216	55	238	206	255	118	67	170	197	237	93	
101	127	113	69	118	15	239	248	105	236	248	238	83	40	149	16	254	197	70	103	201	178	253	110	60	30	37	48	77	187	66	241	
9	167	158	249	251	159	45	215	254	63	94	116	157	163	226	228	39	41	174	28	247	216	162	211	238	223	63	237	154	196	169	141	
2	176	146	153	199	237	180	199	190	27	64	18	140	158	104	72	225	27	147	17	50	124	18	211	13	22	94	107	144	88	165	131	
137	28	243	255	181	246	121	150	127	87	110	132	191	247	163	236	71	106	166	28	167	220	55	251	207	255	214	1	186	213	41	221	
188	159	62	160	189	215	87	241	133	204	180	47	78	254	35	17	236	242	206	98	252	171	48	252	251	209	167	223	83	47	252	83	
3	237	74	154	219	149	190	230	251	81	76	143	40	234	119	180	239	235	178	199	199	74	190	247	62	31	158	107	29	20	43	220	
58	63	58	168	255	247	18	222	133	205	252	47	46	252	35	144	220	250	206	112	156	171	112	238	251	213	39	155	219	95	46	223	
166	249	162	154	223	197	190	194	159	212	80	15	44	220	119	0	205	123	147	215	198	79	26	251	61	20	159	171	21	29	55	222	
37	127	105	5	252	15	175	248	96	238	252	206	209	101	211	34	62	76	66	239	225	242	253	46	124	12	39	172	77	251	67	241	
53	77	107	206	196	2	239	112	193	128	255	66	115	225	181	117	120	236	22	234	201	179	44	108	112	168	165	128	101	251	112	160	
38	121	226	30	79	209	150	192	219	198	113	171	104	220	119	32	216	249	147	199	198	103	174	251	55	20	141	171	85	63	118	215	
3	125	107	173	38	3	175	117	108	64	88	231	181	12	182	33	62	105	18	239	197	176	52	109	36	9	46	128	109	186	171	221	
89	64	83	229	4	10	111	48	117	34	226	66	219	3	145	244	114	132	44	234	73	148	117	142	213	238	226	4	42	162	96	32	
247	156	228	212	246	62	222	115	25	238	190	191	75	61	150	51	223	247	221	167	252	235	229	238	58	126	205	146	103	236	210	85	
130	157	150	156	245	196	188	231	190	11	90	49	172	190	32	64	231	123	191	129	114	218	18	255	45	54	158	138	144	84	165	155	
40	24	184	188	45	109	144	79	78	126	152	45	182	61	99	136	201	51	235	1	15	42	83	145	193	213	88	59	90	76	28	91	
251	183	244	198	191	54	222	255	91	239	189	191	106	61	158	55	223	215	245	165	252	251	237	206	186	127	221	151	231	254	214	95	
2	249	178	155	253	133	188	199	158	25	80	19	172	158	113	8	207	123	147	209	210	92	26	241	45	22	158	234	144	28	161	155	
82	41	120	232	19	217	56	66	171	4	36	137	175	206	6	16	166	185	200	192	70	1	54	221	211	213	11	43	112	128	15	18	
29	83	193	174	254	2	78	248	6	200	217	230	81	227	169	240	92	200	54	238	201	18	93	26	180	229	175	140	60	187	40	145	
62	5	98	237	212	51	238	127	85	195	255	2	91	105	189	100	123	174	23	168	184	179	37	142	114	239	163	128	247	254	240	192	
137	175	70	25	249	249	111	182	246	86	126	132	175	227	179	245	67	106	238	76	119	248	118	191	238	247	118	129	238	213	236	252	
138	178	150	187	226	169	176	223	190	63	112	255	140	186	234	201	167	27	231	17	54	125	138	211	28	83	127	231	222	76	141	155	
147	94	78	188	6	146	158	118	157	198	210	231	41	202	183	193	110	225	183	199	236	143	6	238	50	99	234	139	45	181	57	93	
123	81	42	174	63	151	158	104	205	76	220	175	238	216	54	64	254	229	255	231	204	35	28	253	242	117	139	155	95	62	57	87	
57	5	106	225	118	50	107	83	85	192	126	130	27	13	183	96	126	140	23	189	185	176	37	142	242	237	162	132	231	207	112	225	
1	142	75	181	52	170	104	55	124	67	90	213	177	34	144	96	66	46	63	141	189	156	69	79	132	62	186	192	172	128	89	88	
3	190	65	155	114	171	171	255	62	97	88	231	189	70	182	164	63	43	23	157	183	152	45	255	44	14	190	192	189	134	129	253	
11	158	80	155	242	185	186	222	31	65	80	247	173	142	166	196	55	59	135	149	183	184	15	247	172	86	58	226	188	204	9	157	
122	71	106	172	55	6	95	120	1	140	252	175	107	207	51	80	254	237	149	231	200	179	40	143	243	253	175	155	55	190	118	115	
231	67	98	12	101	22	238	120	81	204	247	199	72	232	191	213	126	236	182	239	228	178	12	206	54	58	195	143	79	191	120	197	
2	221	34	158	223	209	190	231	158	68	88	163	172	254	54	64	235	123	147	193	102	186	58	255	61	54	158	139	21	92	181	222	
2	221	18	159	247	197	188	231	158	11	88	19	172	254	32	64	231	123	179	129	114	152	18	255	45	54	30	203	16	92	165	219	
1	158	59	217	52	172	185	55	252	73	94	80	188	178	180	100	167	59	30	13	179	184	48	215	13	190	50	194	136	64	225	169	
34	239	98	158	223	209	190	239	94	69	88	163	40	236	54	0	219	107	131	199	198	186	110	255	62	20	159	171	85	30	253	206	
26	150	92	185	178	171	56	255	190	61	86	247	109	167	170	81	183	27	175	1	54	217	9	215	254	231	62	199	52	132	141	75	
1	158	59	89	48	172	249	55	252	9	126	84	188	179	32	96	165	58	6	24	179	184	48	95	79	191	50	64	216	128	225	171	
59	7	34	154	125	145	154	104	143	12	220	175	104	200	54	132	252	169	143	231	206	35	14	253	178	84	139	187	23	14	57	198	
35	239	66	78	117	159	230	236	95	200	124	78	104	232	190	180	216	234	146	110	199	186	94	255	62	28	133	170	95	190	218	140	
26	157	58	250	91	196	17	246	151	93	204	19	60	223	34	80	229	187	155	128	2	11	50	247	243	231	154	107	18	0	173	251	
124	121	123	238	51	211	87	240	33	192	252	42	127	223	33	48	250	249	221	226	73	131	56	172	243	221	5	59	123	179	102	115	
61	93	123	110	86	87	87	240	69	192	252	38	123	221	51	48	126	248	151	234	201	178	56	174	115	205	37	0	111	187	98	243	
146	14	206	189	242	146	190	246	156	134	90	231	173	174	183	192	111	239	183	133	228	216	5	239	44	39	190	129	45	244	57	221	
72	61	58	119	116	204	125	55	249	77	126	16	191	183	162	112	134	58	85	8	194	184	176	111	231	253	50	128	66	144	199	251	
34	239	96	155	215	209	190	239	30	69	88	163	168	236	54	0	219	123	147	213	86	58	110	255	47	22	159	235	85	30	189	222	
74	188	151	220	203	208	180	231	191	23	70	49	172	254	100	223	163	123	235	16	50	73	178	241	187	114	94	75	130	84	175	127	
45	117	227	79	85	63	230	88	65	232	121	78	88	120	157	164	120	204	18	110	133	178	253	202	54	60	1	38	207	255	122	164	
91	151	70	133	178	178	174	247	62	99	90	247	77	42	190	196	55	199	191	165	247	153	13	223	188	102	191	196	47	196	169	29	
32	119	123	65	116	143	111	112	112	12	124	104	19	17	176	48	30	152	6	122	227	178	96	30	103	141	32	128	117	138	70	169	
2	157	50	218	253	228	184	231	143	91	25	49	172	254	124	74	167	51	151	17	178	9	18	247	15	30	30	234	144	68	165	219	
39	110	226	142	125	145	238	200	95	238	93	207	104	200	191	132	221	232	147	199	198	182	206	251	54	28	141	171	87	191	120	196	
164	173	192	140	236	33	174	239	142	178	184	26	232	234	113	3	89	234	110	227	104	103	202	250	60	16	143	60	21	120	112	136	
2	140	112	145	244	168	248	7	125	27	122	18	140	42	20	72	239	147	31	145	178	184	65	199	20	62	26	194	196	72	129	137	
38	95	34	158	127	213	158	226	137	204	216	175	40	252	55	32	204	249	151	195	204	43	178	239	51	52	143	187	23	63	53	223	
74	184	150	208	137	221	52	199	191	155	166	24	174	190	102	254	161	115	251	16	22	105	146	241	155	210	86	123	202	84	143	31	
248	154	62	180	77	87	149	240	149	254	182	47	90	93	34	75	236	245	239	227	252	111	123	253	211	227	243	211	91	45	124	83	
255	67	66	76	69	18	110	120	113	140	247	102	72	202	191	245	120	236	166	238	204	179	36	204	54	120	195	135	111	191	122	133	
186	65	98	236	4	3	78	113	69	32	241	10	11	11	53	80	122	141	95	227	200	167	4	206	178	233	138	184	119	154	114	0	
38	105	98	30	77	210	182	96	201	196	253	171	104	236	183	5	216	232	131	231	204	163	174	236	50	56	195	139	87	63	126	214	
249	67	67	204	69	30	102	120	117	232	247	78	75	3	177	245	120	140	174	234	201	178	117	206	54	249	192	134	59	175	120	52	
34	5	82	141	244	40	236	103	61	35	250	18	172	42	20	64	234	167	95	1	48	186	65	198	20	62	154	192	197	72	209	136	
114	221	54	222	91	213	150	230	139	77	220	47	44	254	38	64	237	243	211	193	230	11	50	255	51	54	158	187	19	20	167	223	
35	143	98	206	117	151	238	248	93	72	124	70	104	232	182	228	120	234	150	239	197	186	44	255	54	60	131	138	95	174	120	141	
157	91	75	165	38	10	79	52	4	196	82	231	255	39	179	64	118	237	21	239	201	144	53	168	224	225	239	128	44	251	49	121	
242	1	98	232	92	3	202	113	77	0	248	10	11	11	52	80	106	133	95	224	216	171	65	204	178	248	130	216	119	138	114	128	
120	249	58	32	25	132	81	87	161	13	238	9	30	159	98	16	204	157	201	144	74	139	178	4	251	245	2	78	66	0	38	122	
147	164	235	145	214	178	175	223	126	231	94	214	153	174	254	100	119	79	55	157	183	156	45	247	124	47	190	196	173	196	185	253	
243	189	244	214	254	50	222	255	25	235	191	187	108	60	150	35	255	247	255	165	252	251	237	239	62	126	221	150	231	252	211	95	
11	223	54	217	179	255	125	247	127	127	126	52	173	178	162	228	167	47	174	28	231	216	54	247	238	223	22	199	186	212	173	221	
25	105	126	109	34	23	191	116	204	192	214	162	185	14	183	32	126	113	223	239	196	161	37	172	226	201	174	144	103	182	37	253	
155	182	195	145	242	178	168	215	63	195	83	247	77	230	234	204	55	63	183	149	183	220	173	214	188	70	191	198	175	196	171	213	
53	5	234	238	212	34	239	119	84	128	255	2	81	105	176	96	120	230	23	168	248	179	37	142	122	175	167	128	229	250	240	96	
136	178	156	187	175	249	177	207	158	63	117	49	140	247	234	73	195	59	238	16	50	125	74	209	204	211	127	247	144	72	141	203	
230	45	224	196	252	35	222	239	153	170	184	154	236	174	85	3	239	231	95	163	248	107	196	238	60	30	223	184	133	125	243	136	
23	133	227	215	150	162	239	119	117	195	219	210	81	239	180	100	127	238	23	189	177	153	45	206	56	46	175	192	167	230	240	116	
49	95	113	69	116	14	239	48	105	232	250	68	243	8	149	112	190	237	102	238	201	176	117	108	36	190	34	128	105	187	66	253	
43	237	34	186	221	213	189	231	222	95	88	19	168	238	118	0	233	107	179	149	198	74	174	247	125	95	158	235	19	84	247	206	
139	157	246	121	181	254	125	23	127	223	126	21	171	255	183	252	199	171	189	28	191	216	55	255	203	255	86	195	222	196	236	95	
104	137	184	188	185	236	81	15	142	20	232	9	191	151	35	88	196	27	121	4	26	10	242	17	195	253	16	59	144	8	4	122	
37	125	97	37	116	15	239	120	104	236	250	78	243	53	145	48	92	228	86	111	193	178	253	44	245	172	39	144	77	187	67	241	
42	239	224	218	215	209	190	238	95	1	124	42	40	248	246	228	251	250	178	210	70	122	142	247	62	95	151	235	23	158	252	142	
139	189	244	255	165	244	121	31	95	87	76	20	189	255	230	236	199	27	190	28	183	216	247	243	207	255	210	3	158	196	173	223	
113	159	233	101	244	10	111	191	116	226	250	238	243	33	144	48	127	238	118	174	249	184	245	47	236	174	165	192	109	234	210	184	
53	77	107	78	212	2	239	113	192	128	255	66	115	225	181	101	120	238	22	234	217	179	44	108	112	172	231	128	101	251	240	160	
29	99	97	229	36	15	79	248	68	232	223	206	211	101	217	36	126	204	86	110	201	176	109	28	253	204	37	180	118	187	20	241	
224	164	114	206	252	43	222	111	89	171	185	24	206	104	28	18	219	199	78	33	248	111	201	207	186	62	215	124	68	234	210	137	
137	148	244	249	135	125	121	255	95	119	92	18	157	191	122	237	51	27	183	24	243	92	63	211	207	219	87	229	182	204	141	247	
191	148	244	121	165	223	92	191	127	123	119	50	74	125	158	125	253	158	189	152	254	244	121	211	223	255	116	198	243	196	208	119	
34	249	176	154	79	197	190	230	158	208	64	11	172	222	119	0	202	123	147	195	66	107	154	241	61	16	159	43	21	29	55	218	
2	177	146	152	199	197	180	199	190	27	64	18	140	190	104	72	161	27	147	17	82	120	18	243	45	22	30	111	144	80	165	155	
234	190	188	80	203	253	177	67	191	127	60	61	44	188	70	187	167	51	243	17	182	109	50	243	95	23	80	251	211	76	207	223	
157	79	79	167	132	2	238	245	52	226	91	199	81	105	185	65	126	236	21	239	253	144	13	8	240	169	239	132	45	251	248	144	
188	128	116	115	164	26	92	184	125	18	55	18	91	75	156	123	59	128	125	106	248	228	107	181	198	219	97	212	119	171	192	1	
156	60	190	243	205	124	241	218	183	223	84	51	153	255	67	47	237	248	255	144	179	246	187	130	223	219	247	239	227	109	101	243	
110	84	178	252	105	29	60	222	151	90	244	185	223	223	233	75	207	93	255	2	224	71	170	147	211	255	117	174	18	252	39	219	
120	82	190	252	77	84	245	88	146	254	181	47	120	255	107	90	237	212	255	131	200	103	250	193	87	231	251	191	3	124	118	251	
2	249	144	153	205	197	188	199	158	25	80	18	172	158	96	8	229	123	147	209	66	88	26	241	45	20	158	106	144	28	177	155	
27	172	234	195	214	178	239	215	118	99	94	150	57	175	182	96	127	206	23	157	183	152	45	255	126	47	190	196	165	194	241	248	
151	6	235	197	198	50	173	89	124	226	87	214	81	44	191	108	126	140	55	175	177	180	37	202	20	46	234	132	173	224	113	245	
61	5	106	225	246	50	107	87	85	97	126	130	91	45	183	32	126	140	23	188	185	176	37	142	118	237	160	132	231	206	240	225	
208	217	63	252	19	204	53	119	236	192	78	6	180	179	32	115	162	55	57	8	97	185	48	13	243	235	86	2	40	16	165	43	
90	201	42	174	31	145	159	232	143	132	140	139	238	232	114	64	250	227	251	231	76	35	154	253	243	117	143	59	23	62	61	198	
58	87	106	172	119	151	95	120	5	68	252	143	107	237	50	80	254	233	151	231	204	179	60	159	243	253	137	155	119	190	118	82	
38	77	98	30	95	209	182	96	201	68	249	171	104	252	55	0	202	251	147	195	68	43	238	253	55	48	138	171	85	63	118	222	
147	180	235	145	146	178	170	247	62	67	90	247	93	230	188	224	127	175	63	157	183	156	45	223	60	14	191	196	173	192	169	253	
2	157	34	158	223	193	190	230	30	69	88	163	172	254	54	64	255	123	147	193	102	154	26	255	61	54	158	139	21	92	181	222	
2	221	18	159	241	197	190	231	30	27	88	18	172	254	32	64	231	123	179	1	114	152	18	255	45	54	30	202	16	92	161	155	
210	94	78	188	74	128	190	246	156	134	214	231	45	175	179	67	110	225	191	199	228	143	6	237	240	99	250	137	45	181	61	219	
146	182	218	185	242	187	184	223	62	55	86	247	173	174	234	77	183	27	167	145	182	252	15	243	158	214	126	231	188	200	169	157	
34	239	96	155	215	209	190	238	30	69	88	163	168	236	54	0	219	107	131	197	86	186	110	255	46	22	159	235	85	30	157	222	
210	203	110	188	74	192	61	103	164	4	212	163	45	135	162	81	102	179	143	193	96	143	34	237	240	35	250	139	53	20	165	235	
60	125	123	238	83	211	87	224	33	192	236	42	127	223	33	48	254	249	213	226	73	179	56	191	243	237	5	59	123	51	102	242	
39	175	96	27	245	157	246	236	95	233	124	76	104	232	190	180	217	234	146	79	198	186	94	255	46	28	5	107	95	158	218	140	
102	79	102	30	125	146	254	224	201	196	253	167	104	236	183	197	120	232	167	231	204	179	46	253	54	58	143	139	87	191	124	196	
19	31	66	157	246	146	174	246	20	202	90	231	233	234	183	192	127	239	183	205	229	152	5	239	44	47	190	128	45	244	57	221	
90	184	215	156	203	208	180	103	191	151	82	179	44	190	228	198	39	123	235	128	38	219	166	253	30	34	94	139	167	68	173	223	
43	103	99	73	119	155	162	104	93	104	120	226	72	24	180	164	126	8	18	110	225	184	101	222	38	30	129	162	95	142	114	173	
98	221	50	222	219	213	156	230	155	93	216	47	44	254	38	32	237	115	211	193	230	11	50	255	51	54	30	187	19	84	167	223	
27	158	80	187	50	187	186	246	31	65	90	231	173	78	162	196	119	43	143	149	183	152	15	255	172	102	58	194	190	204	9	221	
2	157	182	218	249	229	188	231	143	91	24	49	172	254	108	66	199	27	147	17	178	75	26	247	45	22	30	239	144	68	165	219	
162	239	96	158	239	209	190	238	159	85	88	171	40	236	118	0	201	251	147	199	70	122	238	245	62	16	159	235	85	29	158	222	
90	159	94	189	178	186	62	191	62	39	90	247	109	42	170	208	55	247	239	133	182	153	5	255	254	231	58	193	61	132	137	25	
39	75	98	14	101	159	230	104	91	238	117	207	104	200	191	164	216	232	130	111	196	182	206	255	54	60	129	170	95	191	122	133	
72	253	58	118	112	204	125	182	249	77	126	0	191	183	34	80	164	122	85	72	194	185	178	111	231	255	48	0	66	128	199	251	
26	221	58	250	91	208	18	238	151	85	140	35	60	223	34	192	239	187	155	192	78	11	58	247	243	229	154	43	51	4	45	218	
58	143	98	190	63	209	154	232	135	68	156	171	45	204	54	196	206	187	143	199	14	11	78	191	178	85	139	187	55	14	60	86	
221	0	252	99	174	58	95	184	246	242	151	18	219	105	219	107	55	212	125	106	169	100	239	128	206	235	99	252	103	243	65	97	
2	157	18	147	244	172	184	7	189	27	123	48	172	190	60	72	167	27	23	17	50	152	2	227	12	62	26	194	148	72	161	137	
103	71	98	78	125	146	238	104	197	132	237	142	72	200	191	244	124	232	130	238	204	179	126	204	50	56	129	11	119	191	120	196	
19	132	99	193	150	162	239	247	116	193	90	210	81	238	188	100	127	238	23	189	177	153	37	206	60	46	175	192	165	226	240	116	
34	93	34	158	127	133	158	230	139	200	216	11	44	252	53	32	204	123	147	195	198	11	18	255	55	28	138	186	21	63	53	223	
221	126	79	165	34	86	95	144	161	238	150	230	95	7	131	223	38	244	253	238	233	197	33	168	226	195	237	148	46	181	20	113	
158	54	182	243	173	124	112	91	55	219	119	51	30	255	65	47	237	185	183	144	186	244	179	194	223	219	215	195	226	204	100	247	
252	0	244	115	174	10	78	152	113	50	183	26	75	75	93	95	59	196	108	234	248	116	79	226	210	219	225	84	103	171	66	0	
138	180	244	209	135	255	120	159	127	123	126	18	143	191	70	111	167	31	183	144	183	92	51	211	207	223	83	231	178	204	197	255	
47	237	194	154	223	145	238	237	31	4	105	143	104	232	126	132	121	234	130	222	71	58	30	255	62	92	133	107	223	158	248	140	
138	180	244	249	175	253	120	31	95	123	126	20	175	191	118	108	231	27	191	16	183	220	243	211	207	223	210	231	182	204	197	95	
2	233	16	155	228	141	172	167	190	25	88	0	172	138	112	64	235	43	51	209	82	24	2	241	44	16	158	232	16	88	161	136	
147	205	111	199	134	2	239	247	116	98	222	198	113	38	180	101	126	198	62	239	225	185	45	239	60	42	238	132	45	242	241	252	
181	69	107	70	212	2	239	245	80	128	255	2	81	227	181	97	120	238	6	234	249	179	44	46	120	169	231	128	101	250	240	160	
58	251	110	168	55	223	214	213	143	76	244	167	42	156	166	213	236	185	134	193	207	175	48	253	179	241	166	147	123	30	254	223	
187	148	244	121	165	255	112	159	127	123	254	50	10	63	156	125	245	159	191	16	190	252	115	215	159	255	87	198	211	76	196	87	
224	132	246	220	252	47	220	111	123	43	187	24	206	104	28	25	223	135	127	33	176	239	73	223	186	62	85	86	196	232	243	1	
60	5	106	236	212	163	206	127	69	128	250	10	83	105	56	64	120	230	23	226	216	187	0	142	250	239	167	144	245	250	240	128	
10	180	180	241	233	253	185	87	191	127	28	57	172	191	66	174	175	27	247	17	178	124	162	211	79	95	90	235	214	76	143	251	
27	221	182	217	179	213	60	247	255	93	94	55	172	190	230	228	231	59	191	132	247	217	50	247	251	223	22	227	26	212	173	223	
2	141	18	145	244	168	188	103	61	19	90	18	172	42	16	66	239	139	31	145	50	184	65	199	60	54	154	192	196	72	129	137	
98	189	246	212	254	170	222	231	27	235	250	187	108	60	20	3	255	247	255	133	248	251	197	239	62	62	223	146	133	252	211	89	
196	44	212	222	252	171	218	138	187	163	177	24	238	234	13	25	147	231	110	48	50	103	202	255	156	190	27	126	208	97	67	1	
186	5	98	232	84	3	202	113	69	32	248	10	11	11	52	81	122	136	31	227	216	179	64	206	178	201	130	144	119	139	114	128	
250	26	182	253	111	84	177	80	147	254	245	63	125	255	99	95	236	245	255	194	168	119	250	131	215	251	251	175	99	45	118	243	
250	88	182	255	105	53	92	88	159	90	245	57	239	255	229	95	207	125	255	6	232	87	234	226	211	251	115	174	18	253	39	219	
2	177	146	154	207	197	180	231	158	25	88	18	172	250	104	0	237	27	179	17	82	90	154	241	45	16	94	111	144	72	165	139	
194	169	116	189	174	137	252	173	191	176	80	146	237	206	81	75	167	123	127	211	242	76	139	255	172	210	223	238	20	20	129	9	
90	185	2	184	25	192	16	71	169	0	130	1	174	159	96	208	200	187	201	129	14	11	208	245	209	240	154	27	2	4	38	74	
248	218	62	188	109	85	177	240	133	254	182	47	126	255	34	91	236	245	255	71	204	103	114	165	215	243	251	155	83	45	36	91	
48	233	27	250	89	205	82	224	139	4	173	9	62	223	35	16	200	185	89	66	78	43	90	189	243	221	1	59	112	27	70	202	
34	249	48	158	79	193	182	238	158	80	72	11	44	254	101	0	234	123	147	195	66	106	154	241	61	16	159	43	21	29	55	218	
155	73	106	236	39	83	95	116	197	196	150	130	255	29	179	100	126	241	221	239	204	165	37	168	243	217	174	145	55	190	61	107	
104	176	184	240	205	109	81	27	35	251	173	24	150	183	74	26	129	158	121	24	26	74	251	16	203	221	21	125	194	72	198	98	
3	182	229	145	178	42	173	159	62	115	90	247	156	46	222	175	39	79	55	157	183	220	37	226	140	22	254	198	141	196	129	253	
19	140	107	161	146	163	174	247	60	67	90	214	113	238	184	96	119	239	31	189	183	153	45	127	60	47	191	196	173	194	177	249	
122	141	106	174	31	211	223	232	5	4	204	11	111	236	50	16	248	235	159	231	78	43	24	255	251	245	143	59	119	46	118	70	
185	5	110	225	214	50	107	87	85	97	126	18	91	41	182	96	126	142	23	184	184	184	37	142	114	239	160	196	231	219	240	160	
56	13	107	238	87	215	95	120	5	68	252	131	107	239	50	80	122	251	151	230	72	179	56	191	243	237	129	1	119	190	116	226	
27	141	111	207	214	179	239	249	116	64	94	198	121	109	182	96	127	170	23	239	243	152	45	255	110	47	175	192	55	130	241	249	
2	157	50	159	95	197	190	238	30	69	88	51	172	254	34	64	255	123	147	193	34	154	82	255	45	54	158	235	21	12	181	219	
19	159	71	191	50	179	170	243	29	64	90	231	253	110	176	228	118	171	31	133	183	152	45	255	172	102	170	192	188	142	169	93	
151	6	231	145	150	50	172	83	125	211	83	214	89	238	189	239	119	173	31	189	181	213	37	202	20	42	255	132	173	228	177	245	
74	56	214	156	75	209	176	71	191	149	210	179	44	190	38	198	163	59	235	129	6	203	134	245	30	50	94	139	7	4	173	159	
34	173	32	155	215	209	190	239	30	101	88	163	172	236	118	0	219	123	147	145	118	26	110	247	45	22	159	235	149	76	149	222	
223	30	199	180	18	178	170	80	180	194	211	247	77	238	179	203	103	229	191	191	173	213	4	206	146	99	235	128	173	245	57	85	
61	93	123	110	87	215	87	240	69	192	236	10	123	221	33	48	120	249	23	234	72	179	56	61	243	205	5	9	115	187	98	234	
2	142	230	157	114	144	188	246	191	143	82	247	45	174	166	196	103	251	167	133	162	216	6	239	60	38	254	131	39	132	173	221	
146	142	194	157	242	130	174	246	53	143	218	247	41	174	182	68	127	239	167	133	228	218	5	239	60	38	190	128	167	244	185	221	
38	231	96	26	125	153	190	236	159	85	221	171	104	236	254	4	217	202	195	103	198	50	110	253	62	30	141	255	87	159	222	206	
50	157	106	186	27	209	26	226	151	84	140	171	45	207	34	64	235	187	155	195	78	11	58	191	243	213	155	187	53	15	60	90	
43	115	103	73	119	27	174	104	93	104	120	230	200	8	180	164	254	9	146	231	197	176	101	220	38	28	138	130	95	14	121	173	
91	159	86	191	50	154	62	55	61	64	90	231	109	111	162	208	54	239	173	133	245	153	13	255	190	231	42	192	62	166	169	25	
24	221	59	126	83	196	119	246	189	76	104	0	62	255	32	80	164	123	83	74	66	171	50	111	243	188	2	10	80	17	103	251	
34	221	54	222	219	197	158	239	159	93	217	27	44	254	38	0	237	123	147	193	230	11	26	247	59	54	158	251	17	94	165	223	
3	251	102	216	123	221	188	215	175	93	212	167	172	158	182	117	238	59	223	213	198	11	54	253	63	120	158	235	23	12	183	223	
2	221	50	222	127	133	190	230	143	72	216	3	44	254	53	0	204	123	147	199	194	11	18	255	53	60	138	186	17	31	49	219	
55	75	98	78	93	215	222	96	205	196	237	11	106	200	55	116	120	232	130	230	204	163	126	253	51	60	131	27	119	191	124	198	
19	173	234	203	150	162	239	255	86	67	94	130	113	237	182	96	127	238	23	189	147	184	45	255	126	47	175	196	165	202	240	248	
11	220	118	216	189	213	124	247	255	95	126	53	172	190	54	116	231	59	191	4	247	216	50	247	43	95	22	235	22	196	237	223	
137	4	235	193	214	50	239	87	116	227	94	214	17	45	158	96	127	78	23	189	177	252	37	202	102	47	182	196	175	248	240	241	
16	158	218	187	178	171	57	223	62	7	82	247	245	167	160	72	119	59	47	16	178	156	5	127	220	166	62	192	188	192	161	217	
17	141	111	197	148	162	239	247	116	193	222	194	81	103	188	96	127	230	23	233	249	185	37	47	120	174	175	196	37	194	240	232	
226	165	246	149	252	42	236	239	91	163	184	26	236	42	28	3	219	199	127	33	176	251	193	207	188	62	223	208	132	104	211	137	
1	141	91	253	212	142	107	183	124	1	122	80	247	115	144	112	115	110	62	44	177	184	81	47	237	174	50	64	232	128	225	168	
43	165	66	90	85	145	234	232	95	128	120	10	104	233	52	132	120	232	130	206	70	178	156	255	54	92	129	107	95	175	122	132	
188	197	106	236	148	2	207	253	80	128	254	2	83	97	184	97	120	238	20	234	248	171	45	46	250	239	231	128	103	186	240	168	
224	132	214	156	252	43	252	239	27	51	186	24	206	104	28	25	219	7	110	33	48	239	193	215	188	62	95	84	196	104	211	137	
42	172	162	26	221	213	176	230	223	29	124	27	40	236	102	132	201	123	162	209	22	106	234	247	63	87	159	107	211	12	255	206	
10	180	244	249	175	253	120	23	127	123	126	23	142	191	126	124	167	27	191	17	182	216	243	211	143	223	210	231	146	76	197	95	
10	180	180	243	233	253	185	95	191	95	29	57	140	191	78	174	143	27	247	17	178	106	226	211	79	87	94	239	214	76	143	255	
252	72	228	231	12	42	70	216	117	178	183	26	91	73	221	91	123	196	108	234	232	117	73	168	210	235	229	20	103	251	96	0	
221	72	252	103	46	26	79	152	225	242	183	10	219	105	219	123	54	212	124	234	233	101	237	168	214	235	101	180	39	243	80	33	
110	176	180	114	235	125	185	75	187	127	181	57	140	191	78	159	167	19	255	21	178	71	170	210	95	91	91	255	198	69	143	247	
206	48	254	240	109	120	249	82	251	255	53	159	141	159	95	15	231	21	255	147	178	103	186	194	87	219	219	239	135	101	111	243	
2	165	144	155	252	45	184	143	27	25	57	24	140	250	76	10	131	11	78	17	18	106	203	195	12	30	30	238	208	72	195	131	
222	52	254	210	43	116	25	16	185	254	151	191	78	127	199	251	167	245	253	183	172	71	170	192	211	91	249	191	134	245	46	87	
254	88	182	253	109	92	176	80	155	90	246	55	158	223	231	111	238	245	255	199	172	119	242	160	215	251	251	171	115	189	39	211	
154	24	182	253	41	13	88	88	159	186	240	49	174	255	101	75	207	125	255	70	168	215	194	243	146	251	91	186	22	189	35	211	
222	54	228	16	171	120	188	11	185	255	151	191	204	44	223	175	167	149	253	181	180	69	167	194	154	83	93	255	134	228	143	87	
208	232	148	151	46	136	108	174	191	146	146	18	238	194	65	89	115	237	110	130	106	77	203	255	156	178	223	84	4	48	161	8	
34	253	50	222	95	197	182	238	142	25	88	11	172	254	108	0	237	123	147	193	194	43	154	253	61	20	158	107	17	28	167	219	
34	253	34	26	93	193	158	238	139	85	232	139	40	220	55	32	201	251	211	195	70	43	26	255	51	20	154	59	81	31	119	222	
51	201	32	94	93	221	214	236	199	68	236	11	42	204	55	84	216	234	194	70	206	43	126	255	51	92	129	59	83	31	126	206	
138	222	226	93	245	220	252	247	255	95	126	181	170	188	182	116	231	59	191	5	230	248	182	247	175	127	22	131	214	212	245	223	
35	142	98	158	125	145	186	226	95	76	88	167	104	232	182	64	217	171	131	133	166	186	110	255	54	62	139	171	85	14	125	206	
24	173	106	235	212	179	239	255	86	1	126	2	113	233	176	96	123	234	23	185	154	184	45	255	126	239	167	192	183	218	240	168	
15	253	237	211	182	179	191	183	126	247	94	246	253	111	146	233	55	123	183	159	243	216	47	253	110	15	255	192	142	213	145	249	
56	175	42	174	93	211	87	234	135	12	252	43	107	249	42	16	248	251	135	195	74	171	8	191	251	213	165	251	115	14	126	235	
188	13	102	225	212	50	110	247	85	99	126	18	91	41	180	101	123	206	23	185	184	188	37	174	126	239	164	192	231	220	240	136	
56	13	107	239	86	199	255	112	68	68	254	2	113	253	54	96	120	250	19	234	72	187	60	191	115	175	162	1	119	170	116	242	
2	157	50	159	95	197	190	238	30	75	88	51	172	254	32	64	253	123	179	129	34	154	90	255	61	54	158	235	16	12	165	219	
39	181	48	91	253	181	220	189	95	121	189	57	138	124	94	48	157	155	215	21	158	42	107	247	47	92	21	254	211	142	210	215	
188	205	110	230	148	18	78	253	197	128	190	2	123	107	177	67	120	228	93	234	232	163	41	174	242	235	231	148	103	186	240	8	
141	141	108	211	214	50	237	183	116	83	94	146	217	45	150	105	127	86	55	190	181	252	45	238	110	107	246	196	167	212	241	249	
34	173	32	155	245	201	190	238	30	69	88	163	172	236	54	0	217	123	147	145	54	186	78	255	45	22	159	107	85	12	213	222	
2	142	194	157	114	146	170	246	63	13	90	231	169	174	182	68	126	107	167	141	166	216	6	255	44	38	190	128	47	132	41	221	
25	141	111	239	150	130	111	255	116	64	222	194	113	103	176	97	118	239	29	239	249	153	45	63	248	239	175	192	37	178	241	120	
75	220	237	87	166	58	173	183	124	115	94	246	249	47	154	107	55	86	61	175	241	216	173	239	102	43	254	132	167	240	241	121	
40	205	123	78	212	207	71	246	196	8	252	0	115	245	48	48	88	234	22	106	74	171	42	63	115	141	36	9	115	250	230	234	
19	157	99	142	84	150	239	246	92	192	90	70	113	232	181	228	126	238	18	239	229	184	53	239	53	46	142	0	45	250	112	252	
6	181	50	154	219	229	190	237	158	57	25	19	108	254	108	0	189	91	147	147	50	75	26	247	61	22	159	239	144	79	165	211	
54	245	96	216	219	209	150	232	159	117	152	159	72	252	126	0	221	219	211	243	126	99	250	247	59	22	141	255	213	61	150	214	
50	143	42	190	94	193	26	224	158	68	200	171	101	206	34	64	238	187	139	195	78	11	10	191	243	5	139	187	20	42	61	82	
11	71	70	13	127	19	174	104	77	96	90	230	200	136	182	164	254	9	146	231	197	179	5	222	54	28	139	131	95	14	121	133	
211	159	79	175	50	130	46	113	61	64	218	247	117	102	176	113	118	231	63	239	245	153	45	111	180	46	170	128	61	242	161	93	
24	93	51	254	83	192	55	104	181	196	232	34	124	247	33	84	114	249	147	194	65	131	58	239	241	228	2	10	50	50	39	242	
147	159	71	175	50	162	46	50	61	64	90	247	253	110	176	228	118	231	63	239	245	153	45	255	188	110	171	192	61	166	33	125	
54	213	98	204	223	81	150	234	159	86	140	143	106	236	63	0	217	217	179	225	110	35	126	215	59	22	141	127	119	125	116	214	
25	141	110	207	22	147	239	240	84	64	94	130	121	109	178	96	126	234	31	238	241	184	45	255	126	47	175	192	55	170	112	232	
141	141	236	243	246	50	255	183	116	227	94	146	249	45	150	109	119	222	23	189	243	252	45	238	110	207	182	192	167	213	241	233	
3	220	114	216	249	213	248	247	255	93	116	21	172	190	118	116	207	59	191	133	246	74	114	247	47	94	158	203	22	12	165	223	
43	213	96	74	221	213	214	255	71	93	188	15	170	220	126	36	217	154	215	28	223	42	126	183	111	93	149	127	91	14	220	255	
206	54	230	16	235	112	188	15	187	255	150	191	12	174	222	159	167	151	255	149	180	87	166	194	30	90	223	239	135	100	159	87	
4	165	208	131	252	41	248	137	27	49	57	26	206	104	88	10	155	11	95	49	18	106	203	215	140	20	31	124	212	74	195	129	
25	159	95	175	178	170	63	183	60	64	90	231	253	103	160	64	119	127	63	236	177	152	13	63	236	167	46	192	188	226	161	25	
158	122	182	253	111	236	56	82	187	218	118	183	140	159	103	75	239	253	255	147	172	247	146	226	151	243	218	171	134	125	37	211	
206	52	230	208	235	116	184	67	187	255	151	187	76	254	95	191	167	151	255	145	180	71	186	192	95	91	223	239	135	101	63	215	
42	238	34	26	221	209	146	230	223	29	252	15	40	200	118	132	201	107	130	81	70	107	234	247	59	93	156	123	83	28	254	206	
253	104	252	103	238	58	95	152	115	242	183	10	91	105	223	59	55	244	125	234	232	116	239	170	214	235	229	188	231	243	66	33	
42	185	176	184	253	213	145	199	155	93	52	61	172	156	102	140	205	27	227	17	118	107	242	243	127	87	30	251	210	76	143	223	
2	180	244	243	253	253	248	95	127	123	119	51	140	191	110	120	167	27	191	17	178	88	243	211	15	222	218	231	146	76	133	87	
252	72	230	231	76	42	70	216	113	178	179	10	75	105	93	27	123	196	108	242	168	119	137	226	146	251	197	20	231	251	98	0	
45	165	161	67	253	63	195	25	67	249	189	88	210	72	220	188	217	10	66	56	155	114	249	22	15	220	5	124	218	203	210	164	
78	176	180	240	235	125	185	91	187	127	29	57	140	191	94	14	175	27	255	145	22	69	186	210	223	223	219	239	134	68	143	247	
196	44	150	156	248	171	248	11	191	163	251	24	206	234	1	89	183	167	110	16	48	239	203	222	156	54	91	88	192	97	3	1	
194	232	150	157	46	139	184	202	191	179	146	18	236	234	1	89	179	237	127	128	98	205	139	255	148	50	91	148	4	113	33	9	
224	164	150	157	252	43	168	107	62	51	251	24	204	170	24	9	219	15	110	1	48	251	195	215	156	54	95	92	196	104	147	129	
226	165	246	149	252	139	236	103	95	139	250	26	172	42	20	0	255	175	127	129	242	251	195	223	60	62	222	210	133	72	243	137	
3	252	246	221	117	156	252	247	191	91	114	177	172	188	54	96	175	187	247	133	246	248	162	247	47	126	158	202	87	92	241	223	
89	157	95	175	178	10	111	181	36	192	222	230	255	103	176	96	118	247	61	238	249	152	45	111	224	239	47	128	62	178	161	121	
56	159	18	170	125	131	86	240	135	12	248	111	110	249	32	144	220	251	135	99	78	171	8	191	250	213	45	187	90	14	62	155	
32	141	107	94	84	195	227	246	86	13	252	34	112	253	180	100	89	186	23	200	42	187	40	255	115	47	162	137	85	10	116	235	
47	165	224	99	252	59	218	216	91	241	61	154	219	109	220	44	31	204	87	63	150	114	237	210	78	221	165	252	247	207	210	213	
2	157	18	155	223	197	190	238	30	9	88	19	172	254	32	64	221	123	179	129	34	152	90	255	45	54	158	235	16	12	165	155	
31	205	228	247	182	18	254	183	117	83	126	146	121	109	156	105	63	198	53	207	248	248	45	239	110	235	247	192	167	252	240	248	
40	159	122	126	116	195	87	246	132	12	252	32	114	251	160	32	216	122	135	66	74	171	72	63	107	237	164	217	115	138	228	171	
34	189	32	155	221	201	182	238	30	69	88	155	172	236	62	0	217	59	147	17	50	56	90	255	45	22	159	107	85	12	149	218	
3	159	74	159	80	134	238	246	60	65	74	199	177	226	54	64	126	107	19	205	133	152	20	239	36	46	154	128	29	132	57	220	
95	205	236	119	166	18	255	188	115	211	86	130	249	111	159	111	55	119	189	239	244	216	173	233	110	255	255	128	167	247	209	121	
40	159	123	110	252	203	215	246	196	12	124	96	114	241	164	48	90	122	6	74	74	170	106	63	99	141	36	137	83	218	230	171	
221	84	111	117	50	26	175	54	116	194	214	178	253	103	147	99	55	229	125	239	225	212	173	14	228	235	239	128	36	241	33	121	
54	245	160	88	223	87	148	255	155	254	156	47	8	252	103	40	157	153	247	49	238	107	250	210	59	94	141	255	211	124	54	223	
11	189	19	94	91	212	54	246	191	9	236	64	46	243	33	244	165	123	210	74	67	11	26	255	179	252	18	10	90	21	43	175	
82	71	42	172	30	131	159	104	148	4	202	167	197	204	50	64	254	169	27	231	76	131	14	158	240	37	139	185	52	62	61	194	
3	79	66	9	127	147	190	98	76	96	218	230	8	136	182	164	254	169	146	231	197	187	5	222	54	92	139	131	93	14	121	133	
19	156	111	191	50	162	47	115	60	66	210	231	245	102	178	105	119	231	63	175	245	217	45	109	180	42	250	192	60	224	161	117	
56	141	106	235	148	163	239	247	84	1	254	2	121	233	176	64	121	234	23	232	186	185	45	191	250	239	167	192	183	218	240	136	
6	62	182	241	239	236	184	66	191	219	83	183	140	255	103	75	239	63	191	17	178	213	146	194	151	82	219	171	134	109	37	211	
2	181	180	243	253	253	184	143	191	121	49	49	140	191	110	120	167	27	255	17	178	88	187	211	15	30	158	239	150	76	133	215	
15	249	236	91	182	146	255	189	222	209	94	162	249	125	158	103	7	123	183	223	215	216	111	253	110	95	255	192	167	246	209	249	
248	77	70	238	12	2	78	253	161	162	246	2	123	107	177	83	120	228	125	234	104	227	9	172	242	235	231	144	103	186	240	8	
217	205	110	231	150	18	111	181	101	192	222	130	123	103	145	115	118	228	125	234	233	145	173	173	242	235	231	128	39	242	240	104	
78	50	182	176	235	116	184	67	187	255	29	191	140	190	94	14	175	31	255	145	150	95	178	192	95	87	223	239	135	100	175	215	
42	184	32	154	253	217	144	231	223	93	244	61	172	156	118	132	201	59	195	17	102	107	98	247	63	85	156	251	87	12	222	223	
47	181	105	75	252	63	219	216	87	125	189	190	219	108	222	164	95	136	151	63	159	34	109	151	78	93	37	252	215	207	216	245	
42	177	176	216	255	253	176	207	159	125	20	59	172	156	70	14	143	27	247	17	150	106	242	211	127	84	30	251	214	12	143	255	
52	36	192	227	220	43	234	200	27	177	185	26	75	104	93	26	123	204	87	178	26	114	201	194	158	220	135	116	229	235	210	128	
244	104	194	166	76	42	70	200	49	178	179	10	75	232	93	26	121	196	108	242	8	247	137	234	146	238	197	60	229	251	98	0	
252	104	240	103	206	58	110	152	115	226	183	10	91	105	213	58	63	236	125	234	200	118	237	234	86	235	229	180	231	247	66	0	
78	182	180	208	235	253	184	75	187	255	29	187	140	191	94	14	175	27	247	145	150	91	186	210	31	86	223	239	134	68	143	215	
2	252	50	217	253	140	188	231	191	89	112	51	172	190	116	64	239	59	255	133	242	232	194	247	47	62	222	202	84	12	241	219	
160	165	150	159	252	43	168	111	62	51	123	16	204	170	72	73	219	15	106	16	50	250	203	215	12	54	95	68	132	72	131	128	
74	182	230	144	239	112	188	71	187	255	30	191	140	174	222	143	167	159	247	149	182	90	166	194	30	87	222	239	135	68	191	223	
173	114	224	67	108	59	194	152	83	250	181	236	195	72	223	190	29	204	70	127	141	118	237	178	14	93	37	180	207	255	90	213	
192	44	150	157	124	171	40	2	190	147	210	16	236	226	33	89	227	109	106	128	32	221	131	251	20	54	91	0	132	113	33	136	
56	205	102	239	148	2	78	252	101	128	254	2	123	105	48	65	122	230	63	234	248	169	9	189	242	235	231	144	55	186	240	8	
51	159	83	174	114	139	86	240	143	72	248	237	103	236	162	144	222	235	135	103	207	171	72	191	184	212	45	186	92	142	42	221	
40	159	122	218	116	195	243	240	86	12	124	98	112	221	182	64	88	58	135	72	138	186	40	191	98	15	162	129	87	138	116	235	
2	156	16	155	95	197	186	239	30	73	88	19	172	254	40	64	221	59	179	129	34	154	90	255	45	22	158	235	17	12	165	219	
30	201	228	247	166	18	254	180	127	145	118	130	105	111	157	99	119	231	53	203	248	248	111	237	238	255	255	192	167	191	240	9	
32	159	90	110	122	131	86	244	5	12	120	229	119	235	160	80	94	122	7	98	200	170	72	63	98	229	37	136	125	170	70	155	
34	188	32	153	221	205	176	239	158	125	120	27	172	220	118	0	201	27	147	17	54	122	210	247	45	22	159	111	209	12	151	222	
3	139	10	141	16	134	170	230	172	65	74	199	177	226	54	64	124	107	59	205	195	152	22	125	36	46	138	128	29	2	49	152	
222	232	228	247	60	18	94	184	187	208	151	130	233	111	157	99	54	245	125	239	234	65	175	233	234	251	239	148	167	183	81	81	
184	223	91	110	58	139	87	244	197	12	248	236	119	241	161	16	94	250	6	98	200	171	72	63	224	229	37	152	125	186	70	185	
33	141	33	159	116	195	231	182	86	73	90	66	177	120	176	224	217	106	22	77	199	184	101	191	44	46	190	128	28	74	240	172	
134	165	244	154	252	129	188	201	219	155	24	8	236	238	125	11	151	91	127	17	242	99	138	211	44	30	15	254	148	88	129	129	
35	181	180	200	249	119	152	123	27	250	152	59	12	188	70	34	221	153	247	49	190	107	243	219	27	94	157	191	83	76	150	223	
58	157	19	216	89	197	20	230	151	0	200	10	44	247	33	212	233	187	147	192	74	11	18	255	187	212	154	59	51	12	36	186	
223	84	246	245	170	58	92	55	173	250	150	177	207	63	151	111	167	119	253	175	232	197	165	204	226	251	111	146	38	245	161	89	
11	205	18	90	253	148	240	230	255	25	124	16	46	186	38	244	161	43	150	8	166	43	50	247	59	255	18	107	90	20	235	143	
89	145	110	253	34	18	189	49	60	194	222	166	221	39	178	105	118	85	189	239	209	208	37	141	226	235	250	128	38	246	33	113	
50	125	36	140	95	87	148	127	23	239	156	63	42	60	118	32	204	191	247	129	252	123	113	222	59	86	156	187	83	76	244	223	
2	179	182	208	255	245	184	71	191	255	17	191	140	191	110	10	167	27	255	145	54	89	178	210	31	86	223	239	134	68	135	215	
15	249	236	215	190	153	255	188	206	208	94	162	249	237	222	98	6	123	255	223	210	216	239	253	110	95	239	192	55	182	209	249	
63	108	232	67	254	59	235	216	91	226	61	138	91	77	223	62	63	204	87	255	137	118	237	234	94	77	165	180	231	255	82	228	
252	104	226	102	70	26	110	220	113	162	182	10	91	233	221	62	58	236	117	234	200	247	173	170	118	239	229	164	231	243	98	32	
2	177	180	217	253	253	184	207	159	121	49	51	140	158	124	120	175	27	255	17	178	88	58	211	15	30	158	238	150	76	133	215	
63	164	233	195	254	59	203	216	87	241	189	142	89	76	223	44	127	200	23	255	159	114	109	242	94	77	165	252	247	255	80	245	
6	178	178	144	239	245	184	67	187	255	21	183	140	190	110	10	175	31	247	149	182	91	178	194	31	86	223	239	135	68	167	215	
105	95	87	71	98	26	102	48	105	232	126	236	123	112	151	247	54	228	108	110	197	240	165	108	38	251	101	128	110	242	74	61	
52	36	226	226	220	43	194	216	83	176	185	10	75	232	93	24	121	204	70	243	154	115	201	226	26	204	133	116	229	251	114	128	
2	176	176	209	239	253	184	207	159	125	20	63	140	158	110	12	175	27	247	17	150	107	242	211	31	86	30	255	150	12	135	223	
109	123	230	71	100	26	230	180	105	234	126	236	203	104	151	183	30	228	100	111	205	242	237	168	38	123	101	160	111	255	90	221	
116	104	194	230	76	42	70	216	49	162	242	10	75	232	109	26	121	236	108	98	72	247	201	234	146	238	197	60	225	251	98	128	
42	186	48	154	255	217	176	231	159	93	116	191	172	156	102	132	143	59	215	17	150	106	242	247	31	84	30	251	214	12	159	223	
