香奈儿可可小姐唇露	766 - 个性	https://i.chanel.cn/fnbv3/image/full/shades/rouge-coco-gloss--766--55g.0156766_S.jpg	https://i.chanel.cn/fnbv3/image/full/chanel__com_type1/skus_full/rouge-coco-gloss--766--55g.3145891567663.jpg
34	141	2	155	212	163	174	231	22	1	88	2	96	232	48	64	121	106	19	177	50	186	8	255	40	4	143	192	213	74	176	136	
242	159	23	188	185	207	18	111	159	76	248	109	110	252	38	213	216	179	236	96	125	171	18	191	185	210	1	123	88	12	174	95	
184	157	22	232	149	195	86	101	85	12	242	11	98	57	36	209	248	178	142	96	124	187	17	189	187	226	128	83	115	8	252	10	
3	181	98	203	246	177	186	103	31	73	92	163	172	254	180	36	223	59	147	149	150	184	36	223	46	28	154	234	151	142	241	221	
34	189	50	200	245	149	186	231	15	73	88	35	44	156	118	32	222	59	151	145	146	58	34	247	47	28	154	234	215	14	177	223	
34	185	160	154	223	193	178	199	10	69	72	139	172	140	118	0	200	59	147	209	22	58	210	241	61	20	158	107	213	14	151	222	
19	159	99	143	86	178	239	246	117	192	90	230	121	110	180	228	126	239	23	239	229	153	45	255	52	46	170	128	63	230	49	253	
221	71	71	196	22	18	111	56	101	224	255	198	91	35	189	247	118	196	62	238	233	177	37	204	178	234	226	132	47	183	112	32	
248	157	18	188	249	199	86	125	145	78	240	109	110	252	38	209	216	255	228	98	125	47	210	191	177	246	33	59	88	46	238	95	
217	69	71	229	20	2	111	112	101	0	247	66	91	35	177	245	122	196	62	238	233	177	5	140	242	234	226	132	47	171	96	32	
172	60	171	243	71	124	179	82	176	223	95	18	157	247	67	43	105	252	219	155	49	244	250	160	87	193	227	109	163	105	55	242	
131	146	26	185	116	172	184	19	190	89	82	85	188	142	182	72	230	43	55	157	183	156	2	215	68	62	186	194	156	132	41	157	
179	134	206	173	22	2	104	127	52	194	210	215	49	35	146	80	125	172	63	173	189	222	213	206	220	46	250	128	173	164	120	216	
79	219	46	190	175	157	190	232	207	92	149	167	236	200	55	67	254	99	251	231	196	99	94	253	250	115	207	155	95	62	57	215	
130	221	50	153	253	229	188	231	158	91	88	49	172	190	32	64	231	59	187	1	242	152	18	247	45	54	158	139	20	92	165	219	
122	1	98	232	124	19	218	81	109	64	255	138	11	15	180	116	110	149	95	253	216	171	101	204	210	249	170	220	39	142	112	81	
140	165	237	243	237	249	233	89	62	119	69	146	221	231	90	171	35	27	147	24	51	84	126	210	205	211	122	101	150	204	133	240	
34	221	34	158	223	209	190	230	159	68	92	163	40	236	55	68	234	123	147	195	102	171	62	255	55	22	158	171	23	93	61	222	
25	214	22	241	177	159	127	183	119	111	94	84	255	99	170	228	183	46	140	28	191	152	57	159	234	255	55	68	170	196	169	13	
3	136	193	185	116	154	232	23	124	97	82	215	183	8	144	232	106	44	54	157	167	188	69	207	132	62	186	192	156	140	89	156	
126	67	170	172	47	6	95	104	169	140	222	175	111	207	55	82	254	237	253	231	204	131	138	200	243	117	207	159	23	63	54	83	
24	184	19	249	147	143	185	223	22	57	84	114	189	151	104	232	247	27	183	145	51	216	18	183	237	199	62	196	58	24	169	187	
39	207	98	158	119	147	190	224	95	196	252	167	104	232	183	132	122	234	131	231	198	187	46	255	54	60	143	171	119	191	124	204	
130	136	148	187	237	229	176	207	158	31	80	19	172	254	96	73	201	27	171	17	50	110	210	241	13	18	222	107	144	72	165	138	
187	17	106	232	54	18	203	112	101	96	255	166	27	13	182	244	126	157	151	238	201	179	37	206	242	237	162	196	119	142	112	241	
153	142	28	127	48	159	91	190	119	77	110	20	255	99	170	244	23	110	44	12	175	152	33	191	234	255	52	64	58	128	200	105	
122	65	98	232	110	19	218	121	45	96	244	138	27	143	180	116	126	149	95	238	200	163	36	204	242	249	170	184	119	142	114	217	
1	130	117	81	116	187	225	23	126	97	114	80	187	8	148	236	107	46	6	24	177	188	101	223	12	190	50	64	212	136	81	173	
162	176	148	155	239	233	176	207	159	63	48	59	172	190	110	11	203	27	231	17	54	110	202	211	29	18	94	255	212	76	135	139	
61	117	83	79	84	79	103	120	101	224	255	74	83	209	145	116	120	236	6	106	201	178	253	63	116	172	37	36	127	187	114	176	
130	182	144	145	234	169	184	239	62	63	16	255	140	174	206	137	183	27	231	17	182	124	142	211	28	18	127	239	140	68	143	159	
60	117	123	100	119	91	87	88	97	224	255	42	91	223	33	48	58	252	149	226	73	178	184	140	243	205	37	37	111	187	102	243	
134	120	176	154	235	165	186	200	30	58	81	51	140	222	105	9	239	89	179	211	130	103	10	240	29	16	95	239	149	29	39	211	
9	154	31	253	48	143	105	150	22	9	86	68	191	211	161	236	86	58	54	8	163	152	99	63	231	239	50	128	58	137	33	169	
31	5	239	213	198	50	237	87	124	195	95	214	89	46	254	108	127	207	55	189	177	244	165	194	78	47	255	196	175	244	241	245	
195	182	235	145	230	50	173	159	62	243	86	247	157	174	222	236	55	79	55	157	183	220	167	194	12	46	255	196	173	196	161	253	
35	239	98	26	95	145	158	236	95	68	124	175	104	232	183	132	95	235	147	231	198	58	78	255	62	28	143	171	95	159	122	205	
2	253	34	154	211	209	190	231	159	69	72	179	44	254	102	0	235	123	147	145	86	26	50	247	63	22	158	235	149	92	181	222	
246	125	228	198	207	87	222	233	193	238	188	171	74	124	87	39	223	245	247	227	236	99	254	234	59	88	205	191	103	127	214	215	
126	113	123	226	59	83	19	200	171	232	191	40	79	223	107	48	186	253	223	242	9	35	168	200	251	213	7	255	227	51	39	115	
60	113	123	224	55	95	83	216	101	224	189	42	91	221	107	48	250	220	151	114	73	179	56	156	251	205	33	127	127	187	102	115	
72	188	183	241	169	236	117	151	187	219	166	17	158	191	64	91	165	119	253	16	51	109	146	224	207	251	86	67	194	68	167	91	
114	253	102	94	203	208	150	226	137	196	204	171	104	252	55	183	234	243	243	195	68	107	190	237	51	112	204	187	103	127	62	222	
23	21	235	201	214	34	235	87	116	193	95	246	81	110	188	100	127	239	23	189	177	152	37	206	60	46	175	196	173	226	177	245	
6	42	158	177	227	233	48	66	190	159	86	179	172	190	99	72	167	127	239	145	22	217	130	224	220	83	127	195	132	69	45	203	
22	62	198	149	178	178	184	66	190	135	82	247	109	174	183	204	119	111	175	149	182	216	7	238	28	102	250	195	173	229	41	213	
151	182	195	147	242	178	168	87	62	193	91	247	93	238	252	236	119	47	23	157	183	216	141	198	44	14	191	196	175	196	169	213	
130	157	114	217	237	172	188	103	173	91	120	51	172	190	52	3	175	59	223	1	210	56	194	195	39	56	154	234	196	76	197	219	
178	249	226	158	203	209	190	238	155	86	196	171	44	222	103	15	234	251	147	195	70	79	186	241	51	16	222	171	23	60	191	222	
47	102	226	7	84	55	234	88	65	224	249	206	65	232	223	164	120	204	22	255	141	178	253	202	22	28	163	164	239	255	122	148	
37	49	249	69	116	110	99	24	97	224	127	74	83	53	217	60	90	220	6	106	137	178	245	8	71	172	33	4	231	251	86	160	
38	184	26	240	239	233	177	195	143	53	181	59	142	159	96	8	171	51	207	17	18	107	58	208	221	209	27	127	144	9	135	227	
37	117	121	101	116	79	111	48	113	172	125	72	83	55	152	48	94	220	6	106	169	178	120	14	103	173	33	36	97	171	70	177	
72	189	58	114	113	221	118	242	185	204	110	9	190	255	35	144	164	123	221	66	70	233	186	175	251	221	20	11	66	65	15	91	
101	80	241	69	100	110	111	56	105	226	127	64	209	55	157	118	118	212	54	106	193	180	253	72	71	190	97	4	103	243	64	33	
6	184	31	241	171	233	177	195	174	53	130	57	140	151	96	88	227	55	235	16	18	73	186	240	221	209	27	119	144	9	133	226	
130	149	63	220	223	244	189	103	158	95	68	19	172	190	38	111	229	19	187	129	114	201	50	213	105	50	218	75	18	76	181	255	
60	1	98	236	148	18	78	113	69	0	255	2	91	233	177	80	120	168	23	234	216	179	36	156	242	237	163	128	119	250	240	0	
56	201	106	108	69	86	102	117	117	14	246	2	107	185	52	116	120	236	55	234	72	187	49	175	115	239	192	1	99	186	254	170	
244	84	111	198	77	68	69	236	249	222	183	30	82	94	47	123	248	213	111	227	105	103	186	202	241	35	231	29	33	59	118	115	
61	5	107	110	212	18	239	113	84	192	255	2	115	233	177	112	122	238	23	238	217	179	36	14	114	237	161	128	103	251	240	224	
2	166	130	153	147	161	184	199	62	7	72	179	172	174	98	72	247	11	131	149	18	156	2	243	12	22	154	227	148	69	173	202	
162	37	86	137	236	43	252	71	13	32	250	26	140	138	113	0	238	141	127	145	64	183	195	208	180	16	138	168	84	88	161	137	
179	79	66	14	84	178	206	246	197	194	248	199	33	200	183	196	88	226	22	239	237	175	6	174	50	44	166	136	125	255	120	140	
130	157	146	153	244	173	188	167	62	25	90	48	172	190	32	72	231	59	179	17	114	216	67	215	45	54	158	194	144	72	129	139	
2	221	50	155	245	197	188	231	158	89	88	49	172	190	36	64	231	59	147	17	114	152	18	247	45	22	30	203	144	92	165	219	
166	123	240	194	239	69	158	204	139	252	176	175	12	222	79	11	238	219	215	243	206	99	202	224	63	24	207	191	21	127	135	223	
194	205	150	157	240	169	60	167	62	3	90	16	172	162	0	64	231	47	59	128	114	220	67	247	44	54	94	192	0	80	161	137	
18	207	106	188	63	145	188	103	140	5	218	167	44	138	182	192	238	43	155	133	198	137	6	255	48	37	154	139	53	12	185	207	
79	188	236	211	190	176	191	183	187	223	30	167	253	127	222	230	167	87	255	157	179	88	175	227	110	127	255	198	142	212	133	125	
79	189	244	211	186	176	191	183	171	221	30	180	252	127	222	231	39	87	255	157	183	72	175	227	110	127	255	230	134	212	133	125	
118	125	102	134	207	83	158	104	137	238	189	175	104	252	119	23	252	245	247	231	204	99	190	232	51	80	205	187	103	127	126	215	
2	132	98	137	86	162	168	103	60	65	90	147	172	174	52	96	127	11	19	149	146	152	5	223	28	46	154	192	149	12	177	220	
127	71	102	68	87	18	110	112	97	132	255	142	75	40	191	247	122	228	244	238	205	179	165	204	50	121	193	133	111	183	122	4	
166	123	162	154	207	213	158	232	139	220	145	175	44	222	103	11	238	249	151	211	198	99	186	224	59	16	207	191	21	127	55	215	
2	148	18	155	53	172	186	0	62	11	83	48	236	214	40	72	247	27	51	16	50	156	10	247	5	54	26	194	144	3	161	131	
2	191	98	155	246	147	190	199	31	69	90	183	44	238	182	64	255	59	147	149	182	154	46	255	62	30	158	203	21	76	181	221	
130	157	178	220	253	228	188	230	191	74	88	37	172	190	37	64	231	123	191	193	242	153	18	255	173	54	158	139	144	84	165	219	
134	182	146	145	242	171	184	223	62	255	83	247	140	174	204	136	183	31	167	149	183	92	143	210	12	22	127	230	140	68	139	149	
59	1	114	224	54	51	250	80	109	65	255	138	31	13	182	96	110	157	159	253	142	179	37	204	210	253	170	208	103	142	112	81	
57	69	71	237	20	3	111	120	100	128	251	66	83	3	185	97	120	132	30	234	105	179	69	140	240	233	162	4	55	171	112	32	
56	254	154	172	125	215	86	125	147	142	252	109	98	253	38	144	220	232	134	98	76	167	202	175	243	247	165	59	91	126	254	219	
116	74	105	238	6	67	79	248	1	68	181	171	115	77	185	0	94	224	21	239	200	35	108	189	242	201	161	184	117	187	116	120	
135	182	199	147	242	162	169	83	62	227	91	247	221	230	222	204	119	47	55	157	181	212	173	194	12	38	255	196	173	228	161	245	
184	129	120	107	52	155	105	49	117	0	119	24	219	11	152	81	58	136	4	42	248	176	109	157	230	217	32	64	119	138	194	129	
31	4	227	151	214	34	235	83	52	195	95	214	89	230	179	108	127	238	55	189	177	208	45	206	124	46	191	196	175	231	177	245	
57	50	116	69	67	158	104	16	117	40	118	102	75	3	132	244	126	156	230	136	139	240	117	140	150	251	33	128	107	132	74	165	
157	52	62	115	145	255	113	81	119	123	119	18	91	151	202	125	125	158	255	152	187	212	121	150	207	203	241	197	163	204	228	243	
61	93	99	207	84	31	238	248	117	232	126	70	91	89	189	228	120	236	22	238	201	178	125	238	54	108	167	128	127	191	112	164	
184	4	102	252	68	35	76	115	85	2	255	18	75	75	53	89	121	168	23	170	168	183	1	158	210	235	226	128	119	233	112	128	
130	176	146	145	199	237	176	71	190	19	64	18	140	158	96	73	163	27	147	17	50	92	18	211	13	22	94	107	144	72	165	146	
3	184	247	221	109	197	184	38	222	209	82	2	188	188	52	38	207	123	51	9	131	248	19	253	15	26	223	10	93	8	81	174	
47	71	67	77	117	23	174	120	95	224	89	198	72	104	188	164	120	72	18	239	165	178	125	222	46	30	135	134	95	191	120	148	
2	141	2	156	20	162	42	99	20	1	91	18	104	226	32	64	120	42	2	128	48	152	0	223	32	38	154	192	20	74	176	136	
58	181	227	236	87	70	91	250	7	128	220	130	121	255	48	100	127	253	55	233	136	147	61	223	123	238	175	140	55	174	52	115	
119	182	225	68	254	11	199	248	91	238	248	239	66	104	212	16	191	205	70	39	173	123	237	94	56	30	37	190	77	250	98	213	
60	12	106	254	20	179	206	114	85	194	255	2	115	233	181	96	121	234	23	170	168	183	44	190	114	239	161	128	247	251	112	160	
59	81	122	236	38	19	223	121	101	96	245	170	27	15	183	48	126	157	151	239	200	179	36	204	242	233	162	144	103	158	114	113	
134	121	178	154	235	133	190	196	158	216	80	35	172	222	103	8	239	121	147	215	194	71	10	241	29	16	143	234	148	31	39	219	
195	190	233	147	226	48	189	159	62	115	86	246	157	46	222	238	39	95	55	157	183	92	175	227	12	47	254	228	174	212	129	253	
53	13	99	78	212	162	79	112	197	128	255	66	115	225	181	116	120	228	22	234	201	179	44	172	48	168	161	0	119	251	112	160	
159	14	226	149	148	178	238	242	117	198	222	215	105	234	183	205	127	231	23	175	172	221	4	238	50	111	255	128	175	245	120	204	
166	120	226	30	79	209	150	200	219	198	209	143	104	204	119	10	249	249	179	199	196	103	190	250	55	16	207	171	87	63	118	222	
37	247	1	138	190	75	175	249	14	250	152	238	213	228	249	32	95	74	86	127	211	115	111	60	188	4	175	188	85	251	149	241	
128	141	150	157	244	171	44	39	62	51	90	16	172	34	0	64	227	47	42	128	114	216	65	215	44	54	94	64	132	64	161	136	
59	52	99	200	83	215	187	88	63	64	92	230	72	215	228	228	126	185	147	140	131	147	190	219	55	28	139	170	63	134	39	245	
29	12	234	238	212	162	239	114	84	194	223	130	113	109	179	96	127	238	23	175	169	179	44	142	114	111	163	128	167	235	112	224	
42	186	59	185	207	201	185	199	158	117	80	179	188	158	98	0	239	59	147	129	2	122	18	241	93	1	62	235	85	12	167	251	
20	215	18	174	142	2	78	248	4	136	216	103	117	227	41	64	126	211	46	226	73	3	26	120	248	164	175	140	61	115	161	3	
143	182	214	145	178	187	60	215	62	243	83	247	205	230	234	204	55	31	182	149	183	220	13	214	44	87	63	230	174	196	169	149	
130	157	182	158	249	196	188	230	159	74	88	35	172	254	37	64	231	123	179	193	242	152	18	255	45	54	158	139	16	92	165	219	
18	157	59	216	147	240	185	103	156	69	76	50	60	190	38	96	230	59	147	129	18	153	50	215	121	39	154	195	20	0	165	250	
57	5	106	225	118	50	107	80	85	96	255	134	91	13	191	100	126	156	23	173	137	178	37	142	242	237	160	128	103	175	112	241	
163	142	206	189	20	2	104	51	52	227	210	215	177	34	146	64	109	172	63	141	173	156	69	15	204	46	186	192	45	132	120	152	
75	83	46	174	47	159	159	104	205	76	222	175	236	200	55	66	254	229	255	231	196	35	158	253	242	117	207	155	31	62	57	87	
59	1	98	232	86	18	74	112	69	96	255	138	27	15	180	116	126	141	31	239	204	179	37	204	242	233	170	144	119	142	114	192	
47	95	67	207	117	23	238	248	85	200	124	70	72	232	181	228	120	236	150	238	205	178	60	254	54	124	134	138	127	190	120	132	
2	157	34	158	223	209	190	230	159	70	88	163	44	254	38	64	239	123	147	195	102	139	58	255	53	54	158	139	21	92	181	222	
130	221	54	155	253	197	188	231	158	27	88	49	172	190	32	64	231	59	147	1	242	152	18	247	45	54	30	202	16	92	165	219	
1	158	51	217	116	188	233	23	124	75	82	80	188	184	176	236	199	43	22	29	179	188	32	215	5	62	58	192	152	136	81	237	
126	67	106	172	63	18	95	120	169	140	220	175	79	207	51	80	254	253	223	231	204	3	168	201	243	245	143	155	55	63	54	115	
34	207	98	158	223	209	190	228	223	68	92	163	104	236	54	4	250	235	131	199	230	186	46	255	54	54	143	171	87	126	125	206	
45	93	67	78	117	31	230	248	85	200	248	78	106	200	181	244	120	232	22	110	201	178	124	255	54	60	133	14	127	191	122	188	
2	221	50	155	245	197	188	231	158	27	88	17	172	190	36	64	231	59	179	17	114	152	18	247	45	22	30	203	16	92	165	219	
187	1	98	236	22	19	222	121	101	64	253	138	27	15	180	112	126	141	23	238	200	179	36	206	242	233	162	148	103	174	114	112	
1	156	59	89	52	173	249	55	124	11	118	80	188	179	164	100	135	58	6	8	179	188	32	87	77	190	50	192	216	128	65	169	
79	189	244	247	254	176	254	191	191	209	30	163	253	255	222	102	167	119	191	157	182	88	175	227	110	127	255	198	167	246	177	253	
118	127	98	198	95	213	158	96	137	204	252	175	104	252	55	3	236	247	215	231	204	235	186	236	51	16	205	187	71	127	118	223	
43	253	67	78	85	159	198	252	87	232	253	78	106	200	189	180	88	232	150	110	207	178	124	255	54	28	133	42	95	191	122	164	
38	127	50	222	239	133	190	224	139	202	184	171	44	254	119	35	238	251	151	227	196	107	138	232	59	24	207	171	21	127	39	223	
155	91	70	156	6	144	174	246	156	64	82	231	41	138	183	197	110	107	183	199	199	153	6	253	48	96	170	130	61	156	57	157	
124	113	123	226	59	211	95	200	169	200	189	168	127	223	43	48	254	249	221	242	73	131	184	236	243	213	5	187	107	179	38	115	
61	117	123	100	86	87	119	240	68	192	126	6	91	93	179	48	126	252	22	234	201	178	60	14	115	205	37	0	111	187	114	243	
3	31	198	149	246	146	190	246	156	198	90	231	173	234	183	196	111	239	183	197	228	216	4	239	46	102	254	129	47	244	57	221	
34	239	96	154	215	145	190	238	31	5	92	167	40	236	54	0	223	235	131	215	198	58	110	255	62	20	143	235	85	30	189	206	
146	207	238	156	203	240	188	231	190	151	218	179	44	174	166	75	103	251	175	129	38	207	6	255	120	38	254	139	181	116	173	223	
74	188	151	178	139	252	52	231	191	27	34	17	172	190	100	223	161	115	251	17	50	201	146	225	173	242	94	67	130	68	165	127	
56	155	82	232	213	195	86	117	69	12	250	39	106	185	38	208	248	186	166	96	92	187	81	189	123	245	160	67	123	10	252	155	
127	77	102	14	95	82	254	96	225	196	255	143	106	232	183	215	120	228	230	231	204	179	188	204	50	124	193	11	103	191	126	70	
47	195	198	157	93	151	174	232	95	224	89	199	104	232	182	164	253	104	178	239	231	242	95	221	46	30	207	134	95	47	121	148	
130	189	50	153	229	172	188	39	173	27	123	49	172	190	84	67	207	59	215	5	178	56	194	195	37	56	26	234	212	76	129	155	
47	102	226	14	117	23	238	216	91	232	89	207	104	200	191	164	92	232	146	111	197	178	220	234	54	60	141	174	95	255	122	132	
31	158	70	151	146	178	174	115	61	195	91	247	73	234	182	196	119	175	183	189	181	153	13	238	60	110	191	192	175	228	185	21	
61	5	106	108	212	2	207	117	84	192	255	2	115	233	177	113	120	236	22	234	249	179	36	142	114	233	165	128	119	250	240	160	
130	249	50	158	203	209	188	239	155	84	200	163	44	254	102	3	237	123	179	195	70	75	186	241	55	16	222	43	21	92	175	222	
45	84	227	77	100	30	230	88	65	234	249	78	83	248	157	180	120	204	22	110	205	178	253	202	54	60	1	36	111	255	122	164	
37	117	241	69	116	75	239	112	117	232	124	98	81	53	149	52	122	204	22	106	225	176	101	206	36	30	161	0	111	187	66	165	
94	253	50	254	19	221	118	224	189	204	237	9	46	255	39	144	160	123	217	66	70	235	186	255	243	221	6	11	66	118	47	91	
127	71	70	204	85	18	110	120	229	128	255	66	75	99	189	245	122	228	190	238	237	179	37	204	50	233	130	132	47	175	120	36	
70	184	30	177	227	233	49	195	190	53	87	177	140	151	98	72	163	59	239	16	18	89	43	209	220	211	59	231	144	4	133	227	
60	5	98	236	156	3	78	125	69	0	252	2	91	233	57	80	120	236	23	234	216	163	0	158	242	237	163	152	119	250	240	0	
125	80	99	79	100	30	238	56	97	234	115	70	91	80	157	244	122	204	54	238	205	182	253	206	54	126	195	132	111	191	120	180	
2	178	26	177	226	137	184	199	190	61	87	179	140	143	234	64	167	59	175	17	22	89	10	209	222	81	63	231	148	12	173	131	
29	133	107	201	214	162	239	247	84	193	94	194	81	111	188	96	127	238	23	188	185	184	37	206	122	47	174	196	165	218	240	248	
114	221	102	158	75	212	150	230	137	68	220	175	40	252	55	7	238	243	211	195	68	43	186	237	51	48	206	187	87	127	63	222	
134	121	50	154	238	133	190	198	158	152	80	162	172	222	117	9	239	123	147	211	194	90	138	241	44	24	143	170	20	93	33	153	
166	121	162	158	79	213	150	224	137	196	248	15	40	252	119	3	204	251	243	195	196	107	186	232	51	16	207	187	87	127	118	222	
134	201	150	155	236	169	186	200	158	17	81	18	204	218	105	73	247	73	51	83	2	84	10	241	4	48	75	206	148	27	161	129	
11	188	235	147	246	176	171	159	58	115	94	246	189	174	222	236	55	79	55	157	151	220	175	243	110	15	191	228	175	196	161	253	
31	132	234	193	214	50	237	223	118	195	94	146	89	175	254	108	127	206	55	189	177	184	165	194	126	111	191	196	167	196	241	240	
11	180	235	145	246	178	169	223	126	243	94	246	157	174	222	104	55	79	55	157	183	220	165	226	108	15	191	196	173	196	163	253	
131	182	209	145	242	169	184	223	62	115	80	247	140	174	206	141	183	27	151	149	183	92	143	243	12	22	127	230	140	196	139	221	
25	152	18	249	51	151	115	150	23	9	86	102	191	147	162	228	119	58	190	8	171	152	115	191	231	255	50	130	58	141	41	169	
60	4	234	236	212	50	238	91	85	195	255	18	91	105	189	104	123	238	23	169	152	179	37	138	122	239	167	128	231	254	240	132	
230	253	244	198	238	5	158	239	137	250	184	171	44	254	85	19	207	215	215	231	200	99	202	232	62	24	207	190	69	126	167	219	
31	164	235	129	214	178	173	215	62	231	94	214	217	166	218	108	119	15	55	157	179	220	37	198	108	46	191	196	175	196	177	245	
162	182	148	155	239	233	176	207	30	63	112	59	172	186	104	201	235	27	167	17	50	126	203	241	12	18	126	239	212	76	141	139	
89	158	118	124	49	159	95	191	127	79	238	21	107	111	190	244	183	230	172	12	174	185	53	255	250	255	20	83	122	132	236	95	
26	184	35	187	23	201	187	198	30	69	84	163	173	143	49	192	127	59	147	129	34	184	54	191	229	215	154	161	55	13	5	250	
27	156	18	249	19	215	122	222	55	41	86	18	191	151	32	228	119	59	191	136	43	152	49	191	235	215	30	195	58	132	169	59	
138	160	148	187	237	233	176	207	158	31	112	48	172	178	104	201	201	27	170	16	50	78	195	241	141	179	222	107	144	72	173	139	
29	5	235	199	212	34	111	115	85	195	95	146	81	109	177	100	127	238	23	189	185	177	45	206	122	46	175	192	167	234	240	224	
59	5	98	224	118	50	218	82	69	64	255	130	27	15	181	112	126	137	23	173	140	179	101	206	242	221	162	144	103	142	112	229	
49	50	113	65	70	31	240	16	117	104	242	78	75	8	148	240	126	140	102	140	142	178	117	208	6	254	33	2	111	138	98	149	
35	184	98	222	91	213	186	192	31	192	92	138	40	222	254	180	255	171	147	140	135	26	190	251	55	92	139	171	31	166	43	244	
27	220	54	249	177	215	90	183	127	77	254	52	110	242	166	244	247	167	156	156	191	137	49	255	235	255	23	215	186	132	169	95	
56	155	58	108	229	214	215	117	85	12	252	102	98	249	166	80	216	254	167	98	216	187	80	189	115	253	160	131	91	170	254	155	
185	71	71	237	21	11	111	120	69	128	255	66	91	3	185	229	120	132	30	234	233	177	69	204	240	233	162	132	63	170	112	32	
40	123	218	236	124	215	215	125	145	204	252	109	103	253	163	20	220	248	134	102	205	171	96	175	242	247	37	187	90	190	238	219	
49	54	229	69	116	15	202	120	127	232	250	207	67	40	148	16	254	205	102	165	141	242	221	31	62	174	101	16	109	170	98	213	
82	33	26	136	42	153	184	72	175	4	180	169	140	222	38	80	166	177	206	96	4	35	130	220	210	145	11	59	80	130	43	17	
66	41	90	24	75	217	184	74	170	84	166	137	237	206	71	82	34	97	235	196	6	65	158	125	223	17	11	57	0	4	15	66	
244	82	63	236	108	70	215	248	81	254	181	46	82	95	175	123	252	212	111	227	233	103	187	200	241	163	231	158	81	123	246	115	
188	116	190	242	77	124	177	216	242	222	245	62	217	247	235	43	109	216	223	186	161	231	250	160	215	195	243	173	131	121	55	243	
178	14	67	188	214	226	142	230	149	134	218	243	33	238	165	73	111	243	7	131	40	207	4	239	48	38	254	138	181	121	52	137	
53	167	135	133	254	75	143	248	6	226	152	238	215	100	241	164	63	204	94	111	201	163	109	30	184	6	175	188	125	250	17	241	
181	65	99	71	4	3	239	88	84	192	243	66	83	72	185	100	120	236	22	239	201	182	45	8	48	136	167	132	125	187	240	164	
136	148	188	249	165	121	125	159	31	87	68	16	253	247	122	237	147	27	183	24	51	92	123	211	207	219	94	103	150	204	141	252	
10	180	189	185	239	237	177	223	30	127	92	55	188	191	74	143	143	27	183	17	178	126	251	209	77	83	127	238	210	76	133	251	
66	233	174	156	141	208	48	134	166	85	142	19	160	190	102	106	193	215	235	209	94	75	243	225	27	119	222	91	128	68	188	94	
118	127	114	198	255	215	158	242	137	238	156	175	108	252	55	34	238	247	215	227	228	43	186	238	59	94	143	187	71	127	55	223	
187	148	244	115	151	254	116	63	127	123	247	16	202	63	30	125	245	158	189	144	190	252	121	215	207	255	212	199	243	68	212	127	
185	69	106	236	86	18	79	121	65	96	247	130	91	13	186	113	126	140	23	238	237	179	37	142	242	233	160	132	103	186	112	241	
51	141	43	204	212	214	239	119	100	76	254	2	113	190	182	96	120	174	22	237	217	187	36	253	127	45	162	200	33	2	244	236	
166	249	226	158	111	209	182	228	155	198	208	171	40	220	119	2	202	251	179	195	70	103	186	251	55	16	207	171	85	63	55	223	
46	175	243	206	255	145	202	248	87	136	124	98	104	251	188	228	123	250	183	152	130	50	138	255	62	62	135	235	55	174	116	165	
101	164	233	12	252	7	207	248	122	230	248	204	82	228	212	48	29	204	118	175	169	123	253	78	61	46	165	188	193	242	114	240	
53	13	99	206	212	162	207	241	193	128	255	66	115	225	181	116	120	226	22	234	217	179	44	46	48	172	165	0	119	251	112	160	
134	249	178	158	237	197	190	196	158	82	64	11	172	222	101	8	205	123	147	83	66	79	154	243	53	16	223	43	20	93	53	219	
54	141	198	147	212	34	238	231	61	19	250	18	72	42	37	73	107	207	23	146	56	250	9	226	188	46	222	192	181	120	241	136	
70	173	244	215	254	144	254	183	191	145	30	131	237	239	220	98	231	119	63	157	242	216	175	231	46	126	207	198	167	228	241	221	
154	219	110	188	50	144	158	246	149	4	214	167	41	143	182	65	110	243	159	197	236	143	6	239	242	99	250	139	55	148	61	95	
149	0	235	197	70	34	239	88	84	194	87	214	81	140	191	104	126	140	23	175	225	180	37	202	84	46	170	132	45	251	112	244	
1	142	75	181	52	170	104	55	124	73	90	212	177	34	144	96	66	46	30	141	181	152	101	79	132	62	186	192	12	128	80	92	
91	211	42	174	47	157	159	232	205	68	158	175	236	200	55	64	254	225	255	231	196	35	222	253	242	117	143	187	31	62	57	87	
186	1	98	232	84	3	202	113	69	0	255	10	11	11	52	80	122	140	31	233	136	163	5	206	178	237	128	148	119	138	114	128	
122	71	107	236	119	6	95	120	1	140	252	175	75	239	51	80	254	237	149	231	200	179	32	142	243	237	175	155	55	190	118	115	
35	207	98	206	117	151	238	248	93	72	124	70	104	232	182	228	120	234	150	239	197	178	108	255	54	60	135	139	95	190	120	141	
2	221	34	158	223	193	190	231	158	69	88	163	44	254	38	64	239	123	147	195	102	155	26	255	53	54	158	139	21	92	181	222	
2	157	22	159	245	133	188	231	158	27	88	48	172	254	32	64	231	59	147	1	114	152	18	247	45	54	30	138	16	92	165	155	
24	157	63	252	147	196	181	103	172	1	78	50	60	191	32	96	230	59	155	128	115	137	50	223	123	231	18	67	50	0	165	58	
35	223	66	78	245	151	230	248	95	200	124	70	104	232	183	164	88	234	146	110	197	178	124	255	54	28	133	170	95	190	122	140	
186	5	98	236	20	3	206	121	69	0	245	10	11	9	180	80	120	140	23	234	200	179	4	142	242	233	162	148	119	170	114	0	
34	239	96	155	223	209	190	239	30	69	88	163	40	236	54	0	219	107	147	199	70	58	110	255	62	22	159	235	85	94	189	222	
9	156	27	125	49	172	49	119	252	9	126	84	188	179	32	96	165	59	6	8	179	184	16	95	79	191	50	64	200	0	225	171	
2	125	50	222	110	133	190	230	137	138	216	171	172	254	117	2	206	123	151	199	192	43	138	239	61	28	143	170	21	127	35	219	
189	5	107	236	86	18	111	112	85	192	127	130	83	109	183	97	126	172	23	238	233	178	36	142	114	235	224	132	103	171	112	224	
147	90	99	158	22	146	170	112	212	192	82	230	105	204	181	228	126	233	54	207	229	149	36	239	48	110	170	128	63	191	57	93	
60	121	123	238	51	211	87	240	33	192	252	42	127	223	41	48	250	249	213	226	73	163	56	172	243	221	5	59	123	179	102	115	
61	93	123	71	86	7	231	240	68	200	126	70	115	125	181	32	126	252	22	234	201	178	61	46	119	173	37	128	111	187	112	241	
146	14	206	189	210	146	188	246	158	142	90	231	45	174	183	65	111	239	183	133	228	216	6	239	60	39	254	129	37	228	45	221	
90	188	183	156	219	208	180	231	191	151	66	179	44	255	100	207	163	123	235	145	50	73	130	243	185	54	94	203	134	84	165	255	
118	77	102	14	93	210	254	96	225	196	255	167	106	236	183	84	248	228	231	231	236	163	60	238	50	126	131	139	103	63	126	86	
130	249	50	154	203	209	188	239	154	85	64	163	44	254	102	1	239	123	179	193	86	75	186	241	61	16	222	107	21	92	165	222	
188	77	106	110	212	2	79	117	85	128	252	2	115	233	177	113	120	236	22	234	248	179	36	14	114	233	165	128	119	250	240	160	
130	157	18	155	237	172	188	103	174	27	120	16	172	190	104	67	231	59	147	17	82	56	130	241	45	16	94	234	144	64	161	155	
56	159	122	232	245	215	115	119	69	76	252	103	58	189	166	192	220	186	135	96	221	187	32	189	122	253	32	203	95	142	252	219	
45	113	115	77	119	91	239	120	127	232	120	98	88	48	149	164	122	204	18	106	225	242	101	222	36	30	5	128	111	191	114	165	
31	158	71	147	150	146	174	247	60	193	91	247	73	234	182	228	127	239	63	189	181	153	13	207	56	110	175	192	175	134	185	85	
109	81	99	78	69	30	230	120	65	234	251	78	90	208	189	244	120	236	54	110	205	182	252	222	54	62	1	44	127	191	122	180	
94	253	50	190	27	212	22	224	189	68	237	9	110	255	35	148	162	251	217	66	70	43	186	255	243	245	14	11	50	55	47	87	
119	71	102	76	93	18	110	96	229	204	255	166	73	234	191	245	120	228	142	238	204	179	36	204	50	124	131	135	55	175	120	68	
26	138	94	185	178	139	56	199	62	61	86	179	205	135	226	80	55	63	175	16	50	216	139	215	220	231	127	199	180	132	173	203	
130	165	20	153	228	169	188	39	172	19	90	18	172	162	64	66	235	43	2	128	114	152	67	194	36	16	30	128	148	88	161	137	
57	133	107	201	214	130	239	247	84	193	94	130	81	239	188	96	126	238	23	252	249	184	37	238	122	47	166	196	167	218	240	248	
60	69	98	236	212	146	78	245	69	128	254	2	91	233	180	80	120	238	23	234	216	187	36	190	250	237	166	208	119	186	240	128	
114	221	38	158	91	212	150	230	139	70	216	171	44	252	39	35	238	251	211	195	102	43	186	255	51	54	206	171	85	127	55	222	
231	67	98	14	101	22	238	248	85	204	247	199	72	232	191	245	124	236	182	238	236	179	12	204	54	58	199	143	127	191	120	133	
10	178	82	185	242	147	184	223	30	53	82	247	173	142	234	192	183	59	183	149	150	216	14	247	158	71	62	231	61	140	169	157	
34	125	34	158	79	197	150	226	137	192	216	15	44	252	55	3	204	251	147	195	196	107	154	237	53	48	207	171	85	127	55	222	
56	155	122	236	252	214	215	125	213	76	252	229	127	221	166	80	222	122	135	100	217	187	98	189	242	253	32	155	95	174	236	219	
56	159	43	204	244	214	231	119	100	76	254	98	49	184	182	96	248	190	23	233	217	187	32	173	123	173	162	192	21	10	244	235	
134	237	22	138	236	161	190	206	142	18	88	2	140	202	113	75	239	75	51	83	82	3	138	240	60	16	207	174	148	123	161	137	
98	253	244	198	254	1	158	238	139	170	184	171	108	124	85	2	239	247	223	231	224	107	202	238	62	30	207	190	69	126	179	155	
25	165	234	225	214	178	239	223	118	193	94	18	89	169	254	96	127	206	55	189	190	184	165	230	126	239	182	196	167	218	240	232	
138	190	208	185	238	169	184	223	30	55	80	247	172	174	232	141	175	27	167	17	183	124	15	243	28	18	126	239	159	76	141	153	
27	156	82	223	19	215	91	246	55	77	206	6	47	215	38	228	247	186	158	136	175	152	49	255	227	255	18	131	58	140	40	127	
138	182	148	187	238	185	176	223	30	63	84	247	172	186	234	205	247	27	167	17	54	124	75	243	140	83	126	231	158	76	141	159	
26	140	35	191	23	217	123	198	23	69	94	131	175	207	51	196	127	187	159	135	43	153	58	255	163	215	154	131	54	140	61	250	
53	5	235	206	212	162	239	119	85	195	223	130	81	237	180	100	121	238	23	184	185	187	45	206	122	46	167	192	165	234	240	160	
23	132	227	211	150	178	239	119	117	193	91	214	89	230	188	228	127	174	55	189	185	157	45	206	62	46	191	196	167	226	240	116	
147	182	202	147	146	187	56	255	63	99	83	247	205	238	254	100	55	15	63	181	183	220	13	215	174	70	191	198	172	196	169	213	
49	50	99	97	84	15	234	80	101	104	250	71	83	8	148	240	252	140	38	141	141	178	85	90	54	238	33	0	109	138	66	148	
47	168	98	154	127	209	186	202	94	68	125	3	40	218	118	160	251	43	147	133	6	58	62	255	62	93	155	171	23	14	123	206	
48	91	127	236	60	207	87	125	141	204	244	173	119	221	163	16	222	252	133	102	201	171	96	173	226	253	37	154	124	186	230	251	
27	156	54	248	177	215	88	183	127	77	190	49	174	254	38	116	215	179	157	144	191	137	51	223	171	255	22	211	146	4	173	95	
49	37	225	37	116	15	203	120	102	224	250	206	83	44	148	176	252	205	118	173	137	178	125	28	188	174	39	16	77	42	114	240	
42	174	242	218	119	209	186	202	95	1	124	34	104	218	255	164	251	123	146	144	6	58	142	247	62	95	143	107	23	142	126	140	
18	159	95	197	118	34	175	119	52	170	90	230	117	99	164	68	126	247	7	168	177	152	5	207	52	38	170	128	45	234	161	61	
82	169	42	188	25	193	49	194	162	212	128	9	172	223	67	82	160	241	233	193	14	75	146	117	217	17	155	59	0	4	39	218	
61	167	131	172	220	11	78	248	6	224	216	202	87	100	144	160	126	204	86	239	137	179	109	29	184	132	173	180	189	250	16	176	
66	233	174	189	29	208	48	134	174	21	130	1	164	190	102	66	193	119	235	145	70	75	210	241	205	51	222	91	144	4	60	78	
124	90	191	228	108	70	87	248	193	254	183	110	90	255	175	123	220	212	255	98	201	227	171	200	209	187	227	156	65	251	118	115	
188	48	180	243	205	126	113	216	119	251	245	54	223	127	203	47	237	220	255	176	177	244	251	128	223	219	243	231	163	253	38	243	
157	73	201	167	134	10	110	188	116	226	146	198	243	1	153	225	118	204	28	239	237	149	13	42	224	233	175	132	45	251	49	24	
10	180	244	241	165	121	121	159	95	119	78	16	143	191	78	111	163	27	183	24	50	92	123	211	207	223	87	103	150	204	133	246	
255	50	125	99	40	94	89	24	169	126	183	189	223	95	206	63	134	20	253	126	253	69	249	128	194	249	97	247	70	165	198	117	
62	71	34	158	95	145	158	232	143	4	156	167	236	206	55	196	254	233	191	231	206	3	206	255	186	84	139	187	23	63	61	71	
228	192	84	250	44	40	92	57	57	19	177	24	207	75	12	91	151	129	108	34	104	100	75	211	130	250	81	22	86	227	195	1	
234	36	180	26	201	245	16	71	187	95	172	25	172	190	71	159	129	51	235	16	54	79	242	241	15	83	80	123	146	68	142	78	
130	249	178	158	207	197	190	230	158	146	64	3	172	222	97	0	206	123	147	67	66	90	154	241	53	16	223	42	16	93	161	219	
162	249	242	158	79	193	182	228	158	198	80	171	44	252	103	0	234	123	179	195	66	107	154	249	53	16	223	171	85	63	55	218	
17	141	107	173	86	70	239	119	36	72	90	199	117	47	176	96	126	239	23	239	241	152	53	79	244	173	170	128	45	162	161	248	
114	148	244	89	149	254	212	159	127	107	190	17	238	124	12	120	245	151	253	17	186	237	113	215	175	254	86	87	211	84	196	95	
52	133	107	204	212	162	239	247	116	193	254	2	81	233	188	96	121	238	23	184	185	187	37	206	122	46	167	192	229	234	240	160	
210	217	127	252	3	208	53	103	164	64	70	34	61	159	32	99	34	179	185	192	96	137	34	237	243	227	126	139	39	16	165	123	
61	4	106	229	84	50	235	83	85	195	127	130	89	13	179	96	126	140	23	188	153	176	37	142	118	237	162	132	231	254	112	224	
66	173	228	215	254	128	254	175	175	161	90	130	236	239	84	66	231	127	63	145	210	88	142	255	46	62	159	232	135	166	225	137	
35	143	98	158	117	151	254	234	95	76	124	135	104	232	182	228	216	234	130	199	134	186	110	255	54	62	135	171	95	142	120	205	
34	157	34	158	223	193	190	230	158	69	88	163	172	254	38	64	255	123	147	193	102	154	26	255	61	54	158	139	21	76	181	222	
2	157	18	159	245	165	190	231	158	27	88	18	172	254	32	64	231	123	179	1	114	152	18	255	45	54	30	202	16	92	161	155	
210	78	78	188	74	128	190	246	144	6	214	231	45	175	179	67	110	225	191	199	228	143	6	239	240	99	250	137	45	181	57	217	
35	175	98	30	125	159	246	238	95	76	124	79	104	232	190	164	217	234	130	79	198	186	110	255	62	28	5	43	95	174	122	205	
34	175	98	159	253	209	190	238	94	69	88	171	168	236	54	0	217	107	131	199	198	58	110	255	62	20	143	235	85	30	253	206	
59	155	122	232	242	219	23	117	5	76	252	231	46	157	166	208	222	187	135	96	223	187	32	189	250	253	32	195	127	142	172	223	
60	125	123	238	51	211	87	224	161	192	236	42	127	223	35	48	254	249	213	226	73	131	56	191	243	253	5	59	123	179	38	114	
61	95	123	79	118	7	247	240	68	200	126	70	115	125	181	32	126	248	22	110	201	178	61	44	119	173	37	0	111	187	112	241	
3	31	66	157	246	146	174	246	28	202	90	231	233	234	183	196	127	239	183	207	237	152	5	239	44	47	174	128	45	244	57	157	
90	172	215	156	251	208	188	103	191	151	82	163	44	174	166	199	39	127	239	129	34	217	166	253	58	34	94	139	167	68	45	223	
130	253	48	154	203	193	180	239	158	85	72	179	44	254	110	0	237	123	147	193	82	90	154	245	61	16	222	107	21	92	165	218	
162	235	96	158	237	145	190	236	26	36	80	171	40	236	118	0	219	235	131	199	198	58	206	255	62	20	143	171	85	31	158	206	
188	77	106	110	212	2	207	245	212	128	252	2	115	233	176	113	120	238	23	234	248	179	36	46	114	239	165	128	119	250	240	168	
56	159	122	237	180	214	247	117	68	76	254	103	59	61	162	97	252	186	159	226	217	187	33	189	243	233	162	195	127	138	252	251	
19	141	103	143	150	146	238	247	245	64	218	198	121	238	180	228	127	230	62	173	245	153	37	239	56	46	175	192	47	230	177	124	
167	83	66	78	101	159	230	248	89	200	125	78	106	232	191	244	216	236	162	111	197	178	222	255	54	62	5	42	95	191	122	133	
86	253	58	190	27	208	22	224	191	132	236	41	110	254	38	16	162	251	219	195	78	3	186	255	179	245	15	59	48	51	175	86	
43	37	71	77	127	27	166	105	95	224	122	230	72	152	180	164	250	12	178	239	197	178	101	220	54	28	135	130	95	62	121	133	
119	71	102	206	93	146	234	104	197	132	239	142	72	200	191	244	124	224	130	238	204	163	62	204	50	60	129	11	119	191	120	68	
26	158	94	189	50	139	56	247	63	5	86	247	237	227	162	80	55	63	175	133	182	153	5	255	254	231	58	197	60	132	173	89	
27	158	70	177	178	146	42	247	63	97	90	247	109	234	178	196	119	239	191	141	181	153	13	255	184	110	190	192	189	132	169	93	
156	50	180	243	173	126	112	89	55	251	247	51	219	255	73	47	237	149	255	16	188	116	251	128	223	219	119	231	194	236	100	211	
231	71	98	14	117	151	238	248	93	204	255	199	104	232	191	245	120	232	182	111	228	178	12	223	54	56	199	139	95	191	120	133	
26	154	90	185	50	131	56	214	62	37	82	247	45	142	170	192	119	59	175	133	166	153	5	255	254	103	58	195	60	140	169	153	
57	141	111	201	214	130	239	247	84	193	222	2	81	233	190	96	127	238	23	252	249	185	45	255	122	47	166	196	39	138	240	232	
34	221	38	158	91	196	190	230	139	70	216	131	44	254	39	0	237	251	147	193	102	43	154	255	53	54	142	171	21	95	55	222	
54	141	226	236	212	34	238	239	85	131	250	2	75	169	60	64	121	206	23	176	152	187	9	238	58	239	150	196	247	218	240	136	
134	237	150	139	238	33	174	238	142	146	216	2	172	234	113	67	111	75	42	243	82	27	138	242	60	16	143	172	149	123	161	136	
27	172	234	227	214	178	239	255	118	97	94	130	57	175	246	96	127	207	23	157	150	184	45	247	126	79	191	196	167	194	241	232	
98	189	240	212	254	135	190	231	153	170	152	171	108	124	84	2	239	247	223	165	224	107	192	239	62	30	207	186	197	124	147	153	
130	190	218	153	246	185	188	223	30	115	80	247	173	174	226	204	63	27	183	149	183	124	14	247	12	22	62	230	189	204	137	221	
26	156	114	223	19	213	90	246	159	77	222	23	40	223	38	228	237	187	159	128	47	137	50	255	251	255	146	195	18	12	172	95	
10	188	180	249	181	255	88	11	95	119	100	17	142	191	70	108	131	27	191	16	54	220	243	211	143	223	94	119	146	76	133	94	
47	173	192	154	215	145	234	232	31	1	108	139	104	224	126	132	121	234	162	156	6	58	206	251	63	28	133	107	211	110	122	140	
41	37	195	44	85	143	234	88	87	160	122	202	91	233	176	180	124	236	18	173	137	178	205	158	60	60	133	32	127	174	122	128	
58	172	178	155	223	209	178	206	223	5	236	3	40	216	118	132	251	123	131	145	6	43	62	255	43	85	159	123	215	14	255	206	
2	180	176	249	181	247	24	167	95	77	174	17	172	62	38	116	199	187	255	16	182	201	115	215	171	95	22	83	146	68	165	127	
53	197	107	110	148	2	239	245	208	192	255	66	83	225	184	97	120	238	4	234	249	187	44	14	248	173	167	132	101	250	240	160	
2	157	18	155	229	172	188	231	190	27	88	48	172	254	104	65	199	59	147	17	82	24	2	243	45	16	94	202	144	64	161	139	
226	205	98	30	79	149	190	232	217	4	233	143	104	236	55	17	216	235	227	231	70	43	254	253	55	56	201	59	81	63	118	206	
26	172	34	187	23	209	155	202	223	69	220	3	172	216	54	132	251	43	147	133	14	171	62	255	235	87	158	59	87	14	61	206	
121	88	127	236	44	79	95	124	141	204	254	173	126	221	163	115	206	245	253	102	201	163	97	172	242	251	101	144	68	187	100	121	
151	4	227	133	70	50	173	81	84	194	83	214	81	236	189	109	126	236	54	175	161	213	164	202	20	42	235	132	173	239	113	245	
74	184	176	241	233	253	177	23	187	95	20	25	172	191	70	142	133	27	247	17	150	108	242	209	79	211	90	235	210	76	143	255	
252	0	212	115	46	42	74	152	179	178	183	26	75	75	93	91	59	196	108	106	56	100	75	160	210	219	97	84	231	187	66	0	
205	80	252	98	172	58	95	152	192	250	183	184	219	109	217	123	23	212	125	106	168	101	239	128	194	235	97	188	166	243	64	33	
4	141	198	151	196	34	238	231	63	19	90	2	232	106	41	74	121	239	38	144	112	250	73	234	60	38	222	64	149	122	225	136	
56	5	98	236	84	51	74	121	85	0	255	10	27	9	181	81	120	140	23	233	184	179	101	142	242	237	160	132	119	171	112	128	
130	141	150	155	228	137	188	167	188	27	90	16	172	162	96	64	239	43	34	0	114	152	66	227	44	20	158	194	148	88	129	137	
198	176	253	114	40	108	89	8	187	118	167	153	222	94	94	59	135	149	253	55	250	69	251	192	211	251	89	247	196	229	71	119	
17	95	95	101	50	14	47	53	48	234	118	230	247	39	129	99	54	116	28	110	225	144	53	12	228	171	103	128	45	178	1	185	
252	91	190	228	44	86	219	112	136	252	182	44	94	191	163	123	204	245	253	110	201	227	169	168	211	251	227	148	66	187	102	115	
17	31	75	229	214	14	111	117	52	200	94	230	113	39	176	97	118	238	22	238	225	152	53	47	244	173	166	128	45	178	160	249	
2	205	18	159	254	129	190	230	142	130	120	2	172	234	113	64	106	107	27	195	66	10	2	255	44	20	143	168	20	121	33	136	
34	93	50	222	125	133	190	230	137	200	216	171	44	254	53	0	206	123	151	199	224	43	130	239	53	62	142	170	85	61	51	219	
53	165	193	69	180	11	70	248	70	160	200	74	211	97	145	36	88	204	84	110	201	178	205	29	184	142	165	52	101	250	82	160	
17	157	43	173	116	70	239	119	52	72	94	102	113	55	176	96	124	231	23	237	249	153	37	79	240	175	170	192	45	226	176	249	
2	249	146	154	207	197	180	231	158	17	72	18	172	190	104	0	201	123	179	193	82	90	154	241	45	16	94	107	16	80	165	154	
58	13	107	238	87	215	95	104	5	68	236	131	107	239	50	80	120	251	151	230	72	179	56	191	243	237	129	1	119	190	118	226	
54	77	98	94	93	213	218	224	205	68	233	11	104	204	55	112	216	233	131	199	206	43	126	255	51	62	130	27	83	31	116	222	
0	158	219	187	178	168	59	223	62	7	82	247	181	166	160	72	119	59	47	21	178	156	7	127	204	166	62	192	156	200	161	153	
10	156	50	218	21	213	90	198	159	77	212	3	40	223	38	228	237	187	191	128	46	137	50	255	51	95	154	139	18	12	44	95	
2	157	34	159	223	197	190	238	30	69	88	163	172	254	38	64	253	123	147	129	34	154	90	255	61	22	158	203	21	76	181	218	
147	158	203	155	178	171	186	223	62	99	90	247	181	174	162	64	63	43	55	149	183	156	13	127	236	6	62	192	189	200	169	217	
2	221	50	158	223	197	190	230	158	79	216	3	44	254	38	0	237	123	179	193	98	11	154	255	53	54	158	171	21	92	165	219	
39	207	98	30	125	145	254	232	223	76	253	175	104	232	191	196	248	234	131	103	198	163	110	255	54	62	135	139	87	191	124	204	
91	143	71	175	146	146	110	246	189	65	218	199	125	238	176	228	119	239	63	237	173	153	5	255	184	110	190	192	45	134	169	93	
27	158	94	189	50	130	58	246	61	65	94	247	109	227	162	80	119	239	175	133	166	153	5	255	254	231	58	128	61	132	169	89	
61	93	123	110	87	215	87	240	69	192	236	10	123	125	35	48	122	248	19	234	73	179	56	45	115	237	5	1	115	187	98	250	
86	125	58	190	26	193	23	232	190	4	232	171	124	254	35	80	242	251	203	227	78	3	154	127	241	165	15	59	48	50	39	82	
43	39	70	13	127	155	174	104	95	224	120	230	72	232	183	164	254	105	178	231	197	242	79	223	46	30	143	135	95	62	121	149	
25	141	111	167	150	10	111	191	116	96	90	198	115	39	144	97	118	198	28	239	249	153	45	63	240	239	175	128	45	242	177	120	
18	174	214	157	114	208	184	230	191	141	82	227	44	174	166	197	103	251	167	129	38	216	6	255	60	38	126	131	39	132	45	205	
59	219	126	236	50	215	215	117	141	76	254	167	63	31	166	96	238	177	159	103	221	171	33	253	242	249	162	147	127	142	172	91	
131	182	197	145	226	50	172	223	63	243	90	247	141	46	222	175	55	79	55	181	181	220	165	194	140	6	254	196	173	196	161	245	
19	31	99	143	116	150	239	114	92	200	90	230	113	108	181	228	126	110	22	239	229	184	37	239	52	46	174	128	45	254	113	253	
43	39	70	13	127	27	174	105	79	232	251	230	200	136	182	164	254	13	250	231	197	179	69	222	54	60	139	131	95	46	121	133	
42	168	160	26	221	213	178	206	223	29	228	25	168	204	102	132	201	123	163	145	22	107	170	243	27	85	159	123	211	12	255	206	
215	30	206	180	2	178	42	80	180	194	211	247	77	238	179	203	103	229	255	183	165	213	4	202	146	99	235	128	173	245	41	85	
34	175	96	155	253	217	190	238	31	69	88	171	168	236	54	0	217	107	131	69	86	58	110	255	46	22	159	235	85	14	213	222	
43	32	66	72	93	153	234	72	91	0	104	10	104	201	116	148	120	168	146	140	6	178	222	219	55	92	129	47	87	142	122	132	
35	175	98	27	245	157	182	238	95	77	124	15	168	232	182	132	217	107	130	87	134	186	110	255	46	28	5	235	95	14	251	207	
57	141	110	206	212	146	239	246	84	64	254	2	113	105	176	96	122	238	23	234	249	187	45	191	122	239	166	192	55	138	240	168	
151	4	239	197	150	50	235	81	116	194	215	214	81	228	189	109	127	172	30	189	185	181	37	206	16	46	171	132	173	225	113	116	
2	157	18	159	177	133	62	239	30	27	88	16	172	254	32	64	247	123	179	1	114	152	18	255	45	54	30	202	16	88	161	139	
226	172	210	148	252	135	190	230	154	171	216	26	172	174	16	2	239	247	95	161	96	251	192	239	60	22	159	186	197	120	147	137	
24	173	106	227	212	178	239	247	118	65	222	2	49	169	180	96	123	206	23	153	186	187	45	255	126	175	183	196	165	202	240	136	
102	175	147	30	223	217	70	232	83	164	104	74	106	224	109	148	121	234	162	26	15	122	138	251	61	86	5	47	251	126	90	140	
35	174	98	158	125	151	186	226	95	77	124	7	104	232	182	4	217	171	130	5	166	186	110	255	62	28	139	171	87	14	121	207	
66	169	102	157	254	128	174	175	175	129	90	2	237	234	116	66	110	239	127	193	210	73	138	253	174	252	143	232	5	0	161	136	
98	189	148	149	253	173	188	239	187	171	120	26	172	58	16	2	205	103	115	1	112	122	194	239	61	54	222	234	192	72	211	139	
34	93	50	158	124	133	190	230	157	136	88	2	172	238	53	0	206	123	23	193	224	171	2	239	53	62	158	170	20	25	49	153	
2	189	146	155	245	165	188	231	190	27	88	16	172	254	104	65	231	27	147	17	82	88	26	247	45	22	30	234	144	64	161	139	
2	253	50	154	219	197	188	239	158	89	72	19	172	254	104	0	237	123	147	129	82	90	26	247	61	20	158	107	16	92	165	219	
218	233	84	191	14	137	110	237	175	176	18	2	237	234	17	67	34	229	125	227	98	73	139	253	182	251	207	168	37	176	195	8	
184	205	110	102	148	2	79	253	100	160	254	2	83	97	184	99	120	230	92	234	233	185	45	47	250	171	231	148	101	250	240	40	
216	91	127	236	36	70	87	117	229	204	214	102	123	29	179	99	236	244	157	226	233	165	49	173	243	249	230	130	47	178	244	123	
81	159	91	229	50	10	47	55	44	72	90	228	245	39	128	96	54	119	60	104	209	152	5	13	228	165	42	128	44	162	161	57	
2	180	180	217	189	253	88	7	95	117	38	17	174	191	70	120	135	27	191	16	54	72	115	215	143	222	30	115	146	76	133	94	
74	176	176	251	233	253	177	15	155	95	21	57	172	191	78	14	133	27	247	17	150	106	242	241	207	211	94	235	210	68	143	255	
252	72	196	247	12	10	70	152	177	178	183	26	75	73	93	27	105	196	108	234	104	101	203	168	210	235	229	20	103	187	98	0	
253	72	253	102	46	26	79	152	225	242	183	138	219	101	219	59	54	228	124	238	233	103	239	40	242	235	101	148	39	243	66	97	
98	253	48	218	221	197	148	239	155	81	168	25	168	252	110	48	201	147	211	145	82	43	90	247	47	22	157	123	208	12	150	222	
252	90	126	244	45	22	25	80	168	250	182	63	127	159	163	123	238	245	255	98	232	231	227	232	211	249	99	155	70	189	38	123	
78	48	188	242	233	125	185	11	171	127	53	57	204	191	78	159	135	23	255	21	18	69	251	192	223	91	91	255	194	69	143	115	
98	181	144	155	253	165	180	175	27	25	57	24	172	58	72	10	205	19	119	17	50	106	219	247	45	22	30	238	208	72	163	139	
120	233	56	122	217	205	81	238	163	29	172	9	46	215	72	16	137	186	193	80	90	43	250	53	251	213	20	123	210	8	198	106	
237	68	69	69	44	31	78	184	97	250	182	76	211	33	217	191	92	196	124	110	233	116	253	8	166	250	229	180	106	251	90	33	
130	205	18	159	244	140	188	167	190	27	90	16	172	162	104	64	199	43	51	128	114	152	2	247	44	22	94	202	16	88	129	137	
49	142	65	101	84	14	110	191	116	162	250	82	243	97	144	112	125	238	118	172	169	184	77	47	108	174	165	64	109	168	208	168	
185	5	110	225	214	50	239	247	85	195	126	18	91	41	181	97	127	206	23	184	184	188	37	142	126	239	182	196	231	216	240	168	
34	217	98	222	93	213	214	238	199	73	252	7	170	220	62	100	200	187	147	193	206	43	122	189	35	92	148	59	83	30	244	222	
34	156	50	218	253	213	152	198	159	93	244	17	172	222	38	100	205	59	191	129	166	43	50	247	47	94	158	235	18	12	228	223	
2	157	34	159	223	197	190	238	30	69	88	147	172	254	34	64	221	123	147	129	50	154	90	255	45	22	158	203	20	12	181	218	
153	132	110	241	214	50	237	183	116	115	94	146	89	45	150	105	127	198	55	188	177	252	37	206	110	107	246	196	167	216	240	232	
34	175	32	155	253	217	186	238	30	69	88	131	172	236	118	0	217	123	131	21	54	58	110	255	45	22	159	107	213	14	213	222	
67	221	237	23	162	58	189	183	62	115	94	244	253	102	146	111	39	87	63	143	209	216	239	113	108	43	127	192	140	240	129	125	
89	204	237	87	166	50	237	191	116	115	94	146	217	47	146	107	55	70	61	175	241	220	165	236	102	43	254	196	167	240	241	121	
32	205	123	78	212	207	231	246	196	8	252	2	115	245	49	32	88	234	22	106	72	171	40	63	115	141	36	8	113	250	116	234	
19	29	99	143	116	150	238	114	84	192	90	198	113	232	181	224	126	238	18	239	229	152	52	239	48	46	142	128	45	254	113	252	
2	142	198	157	114	146	188	246	191	15	90	231	45	174	166	197	111	251	167	133	166	216	6	255	44	38	254	131	39	132	45	221	
25	157	79	175	178	171	175	247	54	65	90	231	245	103	176	96	119	123	31	157	179	152	45	63	236	175	174	192	189	202	161	249	
34	237	96	24	221	209	182	238	31	117	248	171	40	236	62	0	217	219	211	209	118	43	110	247	63	22	157	127	85	92	214	222	
92	125	51	174	91	192	31	233	182	132	232	161	253	215	33	80	126	249	191	227	72	3	138	95	241	229	15	43	48	50	39	242	
11	39	102	140	127	19	190	104	207	192	222	239	200	232	182	228	254	237	250	231	196	163	15	220	54	124	139	139	95	47	121	135	
34	221	98	156	223	209	158	238	159	68	216	139	40	236	55	64	219	251	179	195	102	43	126	255	55	54	159	139	85	93	116	222	
83	159	90	191	50	130	126	246	53	66	126	231	125	227	162	80	119	239	15	172	164	153	5	127	242	239	58	128	61	128	169	25	
83	141	79	174	18	146	110	246	52	66	218	199	117	238	176	240	118	231	63	239	237	153	45	255	184	110	174	128	45	210	177	93	
57	141	110	239	212	146	239	246	84	64	254	2	113	233	176	96	120	230	23	234	248	187	45	191	122	239	167	192	55	154	240	168	
19	159	67	191	18	146	110	246	63	65	90	231	125	238	178	224	119	239	159	141	167	153	5	255	186	111	170	128	61	134	41	221	
2	157	146	157	246	167	190	231	30	41	88	34	172	254	32	0	255	123	19	129	50	218	0	255	60	22	158	194	149	72	161	137	
130	233	86	157	190	130	252	239	191	144	82	2	172	202	52	65	230	111	127	193	114	217	131	253	172	186	207	200	20	0	161	137	
34	172	130	157	252	143	190	231	158	171	88	26	172	170	48	0	239	255	127	129	96	250	194	239	60	54	158	170	5	88	147	137	
56	173	106	235	148	163	239	247	86	1	254	2	113	235	176	96	121	238	23	249	186	186	45	255	122	239	167	192	183	218	240	168	
2	205	18	158	124	133	190	230	158	8	88	2	172	234	49	64	206	123	23	193	66	11	2	255	52	52	158	138	21	24	33	137	
184	5	98	232	212	35	78	119	85	0	254	18	75	41	48	81	120	142	23	233	184	183	1	142	242	239	160	192	119	251	240	128	
226	180	148	157	253	173	188	239	58	59	120	58	172	56	16	0	205	15	123	1	50	122	195	223	61	54	222	234	192	72	147	137	
120	141	110	231	148	130	79	253	100	128	254	2	115	99	176	97	120	230	93	234	248	187	41	63	250	239	167	144	39	250	240	40	
217	205	111	239	150	10	79	189	101	224	222	194	115	103	145	97	118	230	124	238	233	153	45	47	240	239	231	144	37	178	160	120	
218	219	118	188	43	214	188	117	173	92	182	183	60	159	166	99	238	241	255	231	236	175	35	253	243	249	234	147	23	188	165	91	
42	172	2	26	93	209	146	202	223	140	236	11	40	216	118	148	217	234	130	0	6	43	138	255	59	84	133	59	83	14	122	134	
42	184	176	184	249	217	144	199	155	93	180	57	174	156	102	140	201	59	227	17	30	106	242	243	203	85	30	123	210	12	143	223	
66	180	180	219	253	253	112	15	63	121	53	25	174	190	76	120	131	27	255	16	50	88	243	211	15	222	30	255	210	76	197	95	
244	104	196	247	12	42	70	152	51	178	179	10	75	105	77	27	123	196	108	242	40	119	203	162	146	235	197	60	231	251	66	0	
252	104	252	102	110	58	95	152	241	178	183	26	219	105	217	59	55	228	125	106	232	103	239	170	214	235	229	188	231	243	66	33	
125	79	68	71	164	30	78	184	97	162	190	76	211	96	151	183	24	228	108	110	237	240	237	44	166	235	101	20	111	251	90	4	
78	176	180	241	235	125	184	139	187	127	53	57	140	191	78	30	135	31	255	17	18	79	250	208	207	211	95	255	130	68	143	215	
196	36	148	148	232	43	120	11	63	179	179	24	204	234	73	91	147	197	110	48	48	101	203	202	156	54	95	92	128	97	3	1	
111	181	240	67	252	61	88	153	91	249	189	56	202	125	220	62	159	158	213	60	158	114	235	210	79	221	21	254	214	207	210	199	
222	60	254	244	43	112	25	2	169	254	151	185	76	191	87	219	167	245	253	131	164	71	179	192	211	251	123	155	134	117	47	83	
222	88	182	245	47	124	48	80	189	218	182	51	206	159	199	107	239	117	255	67	168	229	163	224	215	251	123	155	130	253	37	83	
15	189	237	147	178	187	191	183	62	251	94	246	253	102	158	47	39	123	55	159	179	216	111	125	110	15	255	192	142	212	129	253	
222	22	174	180	43	114	24	2	169	222	151	189	76	110	71	223	167	245	253	167	172	197	187	192	211	115	219	151	166	101	47	87	
194	232	86	157	46	139	124	172	191	178	210	18	237	202	17	67	166	237	127	227	96	221	131	253	164	242	223	136	4	48	33	9	
56	191	58	174	125	131	86	240	135	12	248	109	110	249	162	144	220	251	135	99	138	171	8	191	250	213	37	251	88	14	62	155	
47	149	96	203	252	21	218	249	87	121	189	191	219	124	222	36	223	138	151	61	158	34	111	151	110	93	161	252	215	142	208	247	
28	205	100	243	214	50	238	183	117	147	126	18	123	41	156	105	123	198	23	187	248	248	45	238	254	239	246	192	231	221	240	136	
32	141	43	94	116	195	227	246	86	13	252	34	48	253	180	100	89	186	23	136	42	187	40	255	115	14	162	137	85	10	116	235	
2	156	34	159	223	197	190	230	30	67	72	147	172	254	32	64	221	123	147	129	50	154	90	247	45	22	158	107	20	12	181	219	
32	159	122	126	116	195	87	246	134	12	252	32	114	251	160	32	216	122	7	66	74	171	72	63	107	173	164	201	113	138	228	171	
34	188	32	155	213	205	182	238	30	71	72	155	172	252	126	0	217	59	147	17	50	58	90	247	45	22	159	107	213	12	149	218	
3	159	78	157	80	134	238	246	60	65	74	199	113	226	182	64	126	107	19	205	133	152	20	239	36	46	154	128	29	128	57	156	
2	176	180	219	253	253	248	143	31	121	52	25	140	158	76	120	135	27	255	17	50	120	251	211	15	94	30	255	210	76	197	223	
95	205	244	119	182	26	126	188	185	211	22	131	249	111	159	107	55	119	253	239	240	200	237	233	238	255	255	132	166	247	209	121	
32	223	123	110	116	195	199	246	196	12	120	96	115	241	161	32	216	122	6	106	72	171	104	61	99	173	37	136	113	186	230	171	
33	141	43	222	84	198	239	230	84	72	90	66	241	248	180	96	88	106	22	207	233	186	52	63	33	46	174	0	93	122	240	252	
34	253	96	152	221	219	180	239	31	117	168	155	40	188	86	0	201	155	211	145	118	122	119	247	63	22	157	127	213	92	214	222	
26	101	51	188	91	193	31	104	183	132	233	163	108	215	33	212	126	249	147	226	72	131	170	223	241	244	139	43	50	54	39	242	
19	47	106	140	62	155	190	106	92	224	218	167	72	200	182	224	254	237	250	231	196	179	5	222	54	101	139	131	93	63	57	132	
221	77	110	102	42	26	79	188	225	194	182	138	123	103	145	115	54	228	125	234	233	193	173	44	242	235	229	144	39	179	224	105	
83	141	79	191	18	130	111	246	180	64	218	198	113	110	176	113	118	231	31	239	237	153	45	127	176	46	174	128	45	226	49	121	
19	157	79	191	18	130	106	242	52	64	90	231	117	110	176	96	118	239	31	237	133	153	13	255	180	46	170	128	61	162	33	89	
56	141	110	238	212	147	239	246	212	0	254	2	113	233	176	96	120	230	63	234	232	187	45	191	122	239	167	192	55	138	240	168	
34	221	96	152	223	211	150	238	31	69	216	139	40	188	54	64	201	251	179	193	110	43	119	255	63	54	158	59	85	92	244	222	
25	157	127	175	178	130	111	181	36	64	222	230	255	103	176	96	118	247	29	238	249	153	45	63	232	239	175	192	54	162	161	121	
56	141	106	235	148	163	238	255	84	129	254	2	123	235	48	64	120	234	31	250	250	185	13	191	250	239	167	192	55	218	240	136	
34	152	50	216	253	213	184	199	223	89	112	17	172	222	54	112	205	59	179	1	178	42	114	247	47	62	154	203	82	12	229	223	
38	165	80	195	252	43	202	137	31	49	185	26	206	104	92	24	91	139	87	49	26	114	203	215	140	156	135	252	213	75	210	128	
34	156	50	223	125	140	184	230	191	73	112	19	172	188	52	64	207	123	183	133	162	250	66	255	39	62	154	138	84	12	241	219	
70	56	182	241	171	108	56	82	191	219	179	53	140	191	71	75	167	125	255	147	176	213	146	192	135	242	91	175	130	117	37	83	
210	90	54	188	43	148	188	246	189	94	210	183	172	158	39	107	230	113	255	199	228	197	34	233	151	114	218	138	20	61	37	223	
42	184	176	184	233	221	144	207	159	125	52	57	172	157	70	12	141	27	211	17	22	106	242	243	207	85	28	251	210	12	143	223	
15	249	236	211	182	146	255	189	94	81	94	162	249	111	158	102	39	115	183	223	215	216	111	253	110	79	255	192	166	215	145	249	
45	100	240	67	236	59	90	216	115	242	189	136	219	237	221	62	31	204	85	126	152	118	237	162	94	221	37	188	231	255	82	225	
125	79	68	71	180	26	70	176	97	168	254	108	115	96	151	247	26	230	108	110	205	176	109	46	166	239	101	144	111	250	90	13	
74	178	166	145	235	112	188	15	187	255	23	191	140	174	94	143	167	23	255	149	182	89	135	192	30	83	222	239	134	68	143	87	
78	176	176	241	235	125	184	79	187	255	53	57	140	191	78	30	167	31	255	17	22	88	186	208	159	211	95	239	130	68	143	215	
42	170	50	26	93	209	146	199	223	13	252	41	42	216	102	148	201	43	195	1	14	43	10	243	59	84	29	59	83	12	254	207	
78	50	182	176	235	116	184	67	187	255	23	187	140	254	78	30	167	31	253	145	20	71	170	192	223	83	223	239	134	100	175	215	
252	104	240	102	110	58	79	152	115	226	183	10	91	233	221	63	63	236	125	106	200	119	239	170	214	235	229	188	231	247	66	32	
32	159	90	174	116	131	82	240	135	76	248	239	103	237	160	16	222	251	135	71	143	187	72	63	234	213	37	218	124	138	46	155	
47	164	232	195	254	59	203	216	87	241	189	142	91	76	223	44	95	200	23	255	159	50	109	146	94	93	165	252	247	239	80	245	
62	205	228	247	150	2	238	181	117	19	242	2	107	107	28	73	123	199	53	227	248	248	77	237	190	223	222	192	231	251	240	8	
34	156	48	155	223	197	184	239	30	9	88	19	172	254	40	64	221	59	179	129	50	26	90	247	45	22	158	235	17	12	181	219	
95	201	228	247	182	146	254	188	239	208	22	130	249	111	157	99	55	247	61	207	214	200	111	253	238	251	239	192	39	183	209	89	
48	223	90	238	114	131	87	244	132	8	120	229	119	235	160	80	222	251	7	98	201	186	72	63	224	229	37	136	124	186	102	155	
34	184	164	152	221	205	176	207	158	125	80	25	168	220	118	0	201	27	243	17	22	122	210	215	31	22	159	111	209	12	151	222	
1	201	15	173	16	134	238	246	172	72	74	199	241	226	48	64	116	107	59	205	193	153	21	125	36	46	170	128	28	2	49	152	
206	216	244	246	46	18	90	184	187	218	183	177	239	127	157	123	135	245	253	239	232	69	175	236	138	251	207	158	166	183	65	85	
188	91	31	174	56	71	87	248	164	204	242	109	119	83	161	83	92	244	76	98	233	163	8	44	240	225	101	144	120	187	38	19	
49	205	59	239	52	194	231	180	84	136	90	98	243	113	177	97	88	126	20	107	233	186	40	45	225	175	166	128	117	250	116	41	
34	189	160	209	221	205	180	231	31	127	152	31	168	188	70	0	205	187	243	145	246	122	211	247	63	22	157	251	213	76	150	222	
42	253	18	218	91	213	54	230	159	1	236	8	44	243	100	180	233	251	146	192	103	11	26	255	59	220	23	43	27	21	43	142	
19	111	10	173	30	147	190	98	86	160	218	131	161	136	55	64	250	237	58	199	204	187	69	190	180	101	139	1	93	63	57	140	
93	77	110	231	6	18	111	48	116	194	222	130	123	103	147	99	118	228	125	238	233	209	173	172	242	235	239	128	39	178	113	96	
17	13	111	175	50	130	111	112	36	64	90	198	117	102	178	96	118	229	63	239	193	145	45	109	244	175	170	128	61	163	33	113	
34	253	96	221	223	197	180	231	31	111	216	159	40	188	54	64	205	187	179	129	230	58	83	255	63	22	158	251	21	92	180	222	
184	141	110	238	148	147	238	252	212	0	254	2	115	233	176	96	120	234	31	234	232	187	45	191	122	239	167	128	119	186	112	136	
56	141	70	239	148	131	78	253	133	128	250	2	123	105	56	65	120	226	31	226	120	185	9	191	250	239	167	208	55	186	240	8	
2	156	36	153	125	141	184	167	159	25	112	19	172	188	52	64	205	59	183	5	178	250	66	247	45	62	154	202	85	12	145	139	
253	73	126	102	42	26	79	188	113	194	246	138	123	103	147	119	118	244	125	238	233	215	173	40	242	235	229	128	39	179	98	105	
2	152	48	216	253	213	184	207	223	89	112	17	172	158	118	96	207	59	183	1	178	106	114	247	15	30	30	235	80	12	229	223	
89	157	111	239	178	2	111	188	37	64	222	230	255	103	176	112	118	247	61	238	249	153	45	173	242	239	167	128	54	178	161	121	
134	28	182	157	107	228	184	66	191	218	82	183	172	254	103	75	231	127	191	135	160	213	146	226	149	50	218	131	132	117	37	223	
61	104	232	71	110	59	239	216	115	226	181	138	91	77	223	62	63	236	84	254	141	246	237	170	94	205	37	180	231	255	82	229	
2	178	176	209	235	253	184	79	187	255	21	61	140	190	78	10	167	27	255	17	22	88	186	210	31	86	95	239	130	68	135	215	
2	176	176	217	235	221	176	207	159	125	52	57	172	158	78	12	143	27	215	17	22	106	242	243	31	84	30	255	210	12	135	223	
125	79	102	71	228	26	102	48	97	236	254	236	107	96	151	182	58	228	108	110	205	176	237	44	54	255	101	144	111	190	90	77	
252	104	226	102	78	26	110	216	113	162	182	10	91	233	221	58	58	236	117	234	200	247	172	170	114	235	229	188	231	243	98	32	
15	249	236	215	190	152	255	188	206	81	94	162	249	239	222	98	38	115	255	223	214	216	239	253	110	203	175	192	55	183	209	249	
70	178	178	144	235	244	184	67	187	255	21	183	140	190	78	10	167	31	255	149	22	91	178	194	159	86	223	239	134	68	175	215	
