香奈儿可可小姐唇露	106 - 樱桃色	https://i.chanel.cn/fnbv3/image/full/shades/rouge-coco-gloss--106--55g.0156758_S.jpg	https://i.chanel.cn/fnbv3/image/full/chanel__com_type1/skus_full/rouge-coco-gloss--106--55g.3145891567588.jpg
246	125	228	198	207	117	158	248	201	254	185	175	72	124	95	35	239	213	255	227	236	99	250	232	59	24	205	191	87	127	246	215	
2	133	98	137	214	163	170	103	92	65	90	2	44	42	52	96	123	11	19	145	146	184	5	223	60	12	154	192	149	76	241	204	
78	219	46	190	175	149	159	232	143	158	150	175	236	232	51	67	238	97	255	199	196	99	138	253	242	115	207	155	22	63	61	71	
172	60	171	243	79	124	179	82	244	223	95	18	157	247	67	43	105	252	219	155	33	244	250	160	87	193	227	109	163	105	55	242	
34	189	50	200	245	149	186	119	15	73	88	35	44	156	118	32	222	59	151	145	146	58	34	247	47	28	154	234	215	14	177	223	
162	179	20	146	239	201	176	207	143	61	177	59	140	156	110	11	171	19	239	17	22	111	202	209	31	16	94	255	212	12	143	143	
11	211	46	158	47	151	190	232	205	204	214	167	236	216	55	99	254	225	255	231	196	35	30	253	178	115	207	155	95	62	57	87	
126	67	170	172	47	6	95	104	169	140	222	175	79	207	51	82	254	237	255	231	204	131	138	200	243	117	207	159	7	63	54	67	
210	249	178	222	203	208	188	230	139	84	68	171	44	254	102	15	238	123	179	195	70	75	186	241	51	16	222	43	23	93	191	222	
39	207	98	158	87	147	190	224	95	196	252	167	104	232	183	132	122	234	131	231	198	187	46	255	54	60	143	171	119	191	124	204	
131	18	26	185	116	172	184	19	190	89	82	117	188	142	182	72	230	43	55	157	183	156	2	215	68	62	186	194	156	132	41	157	
61	125	83	79	84	79	103	120	101	232	255	74	83	209	145	116	120	236	6	106	201	178	253	63	116	172	37	36	127	187	114	160	
34	185	160	154	223	193	178	199	10	69	72	139	172	140	118	0	200	59	147	209	22	58	210	241	61	20	158	107	213	14	151	222	
179	134	206	173	20	2	104	127	20	194	210	215	49	35	146	80	125	172	63	173	185	218	197	206	220	46	186	128	173	164	120	216	
130	221	146	153	245	172	188	167	190	27	90	49	172	190	32	64	231	59	187	1	114	216	2	247	45	54	158	194	16	92	161	155	
122	1	98	232	124	19	218	81	109	64	253	139	11	15	180	116	110	149	95	253	216	171	101	196	210	249	170	220	39	142	112	81	
72	188	183	241	169	236	116	151	187	219	166	17	158	191	64	219	165	119	253	16	51	109	146	224	207	251	86	67	194	68	135	123	
60	113	123	226	55	95	83	216	101	224	189	42	91	221	107	48	250	220	151	114	73	179	56	156	251	205	37	127	127	187	102	115	
246	127	244	194	239	117	158	232	139	254	184	175	76	254	127	43	239	209	215	227	192	103	250	240	59	24	207	191	85	127	167	215	
118	61	98	30	75	208	150	98	137	212	205	171	40	252	103	183	232	243	243	195	68	75	190	233	51	48	207	59	71	118	63	222	
182	185	57	240	237	239	83	227	155	183	181	26	142	159	100	57	233	185	207	18	58	127	120	210	223	211	79	119	144	41	199	162	
131	128	193	185	116	154	232	23	124	97	82	215	183	8	144	232	106	44	54	157	167	188	69	207	132	62	186	192	156	140	89	156	
76	17	186	228	224	108	123	17	35	141	127	8	87	183	67	120	182	254	53	24	24	18	176	0	215	237	33	168	160	227	102	51	
150	57	187	240	169	237	49	194	191	181	160	25	142	183	97	27	169	255	203	80	48	75	176	242	217	209	75	127	144	105	7	226	
187	17	106	232	118	18	75	112	101	64	255	166	27	13	182	113	126	157	151	238	201	179	37	206	242	233	162	196	119	142	112	241	
9	125	123	117	116	206	125	55	121	204	126	4	183	23	130	48	134	62	86	72	193	184	241	46	231	253	48	128	66	144	70	249	
122	65	98	232	110	19	218	121	45	96	244	139	27	15	180	112	126	149	95	238	200	163	101	204	242	249	170	184	119	142	114	217	
1	130	245	81	116	187	225	23	126	97	114	80	187	8	148	236	107	46	6	24	177	188	101	223	12	190	50	64	212	136	81	173	
198	42	158	176	235	233	48	66	172	134	86	163	172	190	99	75	167	127	235	209	38	217	130	224	220	81	30	139	132	117	45	203	
44	177	250	96	244	79	115	85	97	173	125	8	23	149	202	48	16	156	5	120	26	186	240	12	255	205	37	100	224	162	198	163	
37	177	97	65	244	223	235	81	69	232	121	70	145	24	220	164	88	136	22	124	147	184	125	220	44	28	165	196	239	142	210	164	
60	117	123	100	119	91	87	88	97	224	255	42	91	223	41	48	58	252	149	226	73	178	184	140	243	205	37	37	111	187	102	243	
162	21	114	205	229	172	252	103	233	75	250	51	140	63	20	66	238	147	223	1	176	56	64	194	23	124	154	130	199	204	227	219	
141	181	237	243	245	249	169	89	62	115	85	154	221	119	90	107	43	27	146	152	51	116	126	210	77	195	251	108	150	200	133	240	
126	113	123	226	59	83	19	200	171	232	189	40	79	223	107	48	186	253	223	242	9	35	168	200	251	213	7	255	227	51	39	115	
35	239	98	26	95	145	158	236	95	68	124	175	104	232	183	132	95	235	147	231	198	58	110	255	62	28	143	171	95	159	122	205	
128	141	150	157	244	171	44	39	62	51	90	16	172	34	0	64	227	47	42	128	114	216	65	215	44	54	94	64	132	64	161	136	
130	48	146	152	203	224	176	67	190	23	65	19	140	158	104	11	235	59	163	145	18	79	146	192	21	16	90	107	144	68	167	210	
18	207	106	188	63	145	188	103	140	5	218	167	44	142	182	192	238	43	155	133	214	137	6	255	48	37	154	139	53	12	189	207	
194	205	150	157	240	169	60	167	62	3	90	16	172	162	0	64	231	47	59	128	114	220	67	247	44	54	94	192	0	80	161	137	
52	110	204	151	198	104	231	227	184	182	169	14	230	34	65	139	105	238	106	130	105	118	216	104	180	130	207	49	105	123	251	128	
31	132	235	193	246	50	237	215	118	231	94	214	89	174	254	236	127	206	55	189	177	244	165	194	110	111	190	196	175	244	249	245	
59	17	114	224	54	59	250	80	109	65	255	162	31	29	182	96	110	157	159	253	142	179	37	196	210	253	170	208	103	142	113	85	
13	191	159	249	250	133	189	247	190	27	88	116	156	243	96	0	167	59	115	25	115	88	10	87	108	15	63	236	156	64	161	161	
59	81	122	236	54	19	223	121	101	96	245	170	27	15	183	48	126	157	151	238	200	179	36	204	242	233	162	144	103	158	114	113	
130	149	63	152	223	245	189	103	158	95	68	19	172	190	38	103	197	19	187	1	115	73	50	213	41	50	218	75	16	76	181	255	
189	5	106	236	212	18	111	113	101	192	255	2	83	233	187	96	122	236	23	238	217	179	37	142	114	233	160	128	103	186	240	224	
13	175	158	179	180	186	111	179	118	223	95	116	253	227	162	224	51	110	38	28	243	216	47	55	238	231	55	193	170	192	169	241	
2	191	226	155	246	147	190	199	31	69	90	183	44	238	182	64	255	59	147	149	182	154	46	255	62	30	158	203	21	76	181	221	
137	199	221	95	176	219	109	191	118	87	78	212	253	99	154	229	51	110	46	12	227	216	111	63	238	239	118	0	186	208	201	232	
61	93	99	207	84	31	238	248	117	232	126	70	91	89	189	228	120	204	22	238	201	178	125	238	54	108	167	128	127	191	112	164	
203	252	70	16	161	61	126	190	191	250	62	253	158	143	223	27	167	70	236	14	231	69	153	115	254	31	117	182	202	213	138	31	
184	1	112	107	52	155	104	53	101	0	119	16	219	11	152	81	58	136	4	42	248	184	105	157	230	249	32	64	119	138	194	137	
56	1	98	236	148	3	78	121	69	0	255	2	91	201	177	80	120	172	23	234	200	179	4	156	242	233	163	152	119	187	112	0	
252	80	175	214	77	76	245	204	248	222	182	27	120	223	59	91	121	212	239	227	104	103	186	234	213	35	250	25	97	59	119	250	
31	4	235	135	214	34	239	115	116	195	95	214	89	102	179	108	127	174	55	189	177	144	45	206	124	46	175	196	167	230	177	245	
116	74	104	238	44	3	207	120	65	196	177	175	115	77	187	0	94	224	29	238	204	35	108	61	242	169	161	184	117	187	116	81	
162	33	80	141	108	43	236	75	13	160	248	10	140	138	53	2	234	173	95	33	64	51	193	216	20	24	138	184	85	104	115	137	
23	204	247	255	190	130	254	174	255	18	251	243	239	125	188	103	255	247	127	175	236	237	77	255	170	254	222	194	247	246	225	140	
141	206	159	191	176	154	47	182	124	130	78	68	253	226	129	229	19	110	46	78	97	220	231	47	236	231	102	0	10	241	41	168	
150	237	84	255	156	169	234	236	127	144	232	2	231	106	93	11	251	203	106	243	42	108	79	125	188	154	207	124	245	59	67	8	
50	213	107	236	30	66	223	252	7	164	222	131	81	127	56	64	126	253	23	231	200	147	125	156	251	239	175	149	53	186	52	114	
38	228	212	243	222	41	238	140	123	51	43	90	199	106	93	26	187	199	99	219	34	112	207	115	172	158	207	116	229	83	195	0	
119	183	243	68	254	11	198	232	123	238	249	239	66	232	213	20	191	205	70	103	173	115	205	94	56	30	5	190	197	123	70	221	
162	160	16	155	237	205	176	207	142	29	241	25	172	220	108	75	201	27	235	17	18	47	202	209	157	16	90	127	16	8	165	139	
118	125	102	134	79	215	158	96	137	204	189	175	104	252	119	7	236	245	215	231	204	99	190	236	51	112	205	187	71	127	126	215	
166	120	162	158	79	213	190	192	155	222	80	15	40	220	119	10	237	123	179	195	198	103	186	241	55	16	223	171	85	63	55	222	
191	254	118	242	173	183	92	254	191	218	181	183	127	255	255	63	239	243	255	143	238	103	43	255	219	223	247	159	150	213	244	127	
61	13	234	238	214	50	239	115	84	194	95	130	81	109	177	96	127	238	23	175	185	179	45	142	122	239	167	128	165	235	240	240	
53	73	107	206	212	2	111	113	65	128	255	74	83	193	189	116	120	236	22	234	201	179	44	12	112	168	165	0	101	251	240	160	
130	177	146	144	197	237	176	71	190	19	65	18	140	154	104	73	161	27	179	17	50	124	146	209	13	18	90	107	144	72	161	131	
134	144	146	155	52	173	56	128	62	27	83	48	236	210	40	72	247	27	51	16	50	148	10	247	5	54	26	194	144	9	161	131	
36	174	9	153	204	201	225	226	58	54	160	30	132	130	64	152	105	169	2	152	83	62	220	114	156	4	159	109	89	8	107	128	
131	242	233	145	230	48	169	159	58	123	86	246	157	174	222	236	55	79	55	157	183	220	173	242	12	14	191	228	173	196	131	253	
226	187	244	24	235	153	176	207	139	61	48	253	44	140	206	159	175	19	231	17	214	110	202	241	30	16	116	255	87	12	143	159	
37	247	1	131	254	75	135	249	142	248	152	238	213	196	233	32	31	91	86	127	211	115	110	62	188	0	47	188	93	123	145	241	
214	253	49	126	155	228	23	188	243	29	153	121	236	250	12	53	149	251	221	227	170	67	251	255	249	252	47	190	154	119	167	23	
56	127	130	174	93	247	86	198	129	204	252	15	110	242	35	148	248	234	206	98	76	163	56	174	177	213	135	59	75	127	126	223	
58	109	194	238	87	98	238	198	97	128	250	2	107	105	21	144	122	237	19	227	8	178	220	234	51	252	135	1	231	255	122	138	
47	181	119	195	237	29	253	249	43	126	125	15	92	239	222	149	191	31	215	46	211	122	186	213	127	219	103	238	78	134	199	243	
134	252	148	63	219	34	191	207	58	31	89	49	76	187	2	11	233	127	115	131	54	95	155	99	125	38	223	195	201	113	163	130	
204	123	138	151	73	124	163	208	228	221	175	6	240	226	75	219	104	194	234	218	11	115	255	33	221	33	230	9	169	91	45	248	
175	190	126	116	112	218	251	248	187	220	116	40	221	223	151	61	191	253	213	251	234	246	168	204	254	219	239	175	79	165	103	251	
248	175	14	154	221	203	231	239	190	52	166	27	238	224	34	149	105	226	202	124	122	47	79	127	188	3	7	89	81	8	255	200	
253	126	185	95	233	93	151	188	90	254	244	124	254	245	207	255	21	222	236	114	233	126	251	186	255	247	117	187	202	63	207	123	
52	62	159	132	222	111	167	218	34	255	186	110	118	98	11	155	121	192	206	242	27	227	121	104	189	6	231	54	201	123	38	247	
231	253	230	22	205	72	102	237	251	246	162	28	96	232	95	23	169	102	106	78	116	111	190	235	63	58	197	58	206	119	214	206	
73	162	196	147	205	89	229	143	166	247	78	132	201	194	202	198	97	74	234	154	87	124	255	49	76	129	87	45	34	76	205	200	
224	6	142	156	77	104	161	66	188	134	224	94	164	162	35	219	105	160	74	168	33	103	82	74	148	34	250	25	217	121	111	128	
244	204	94	162	220	11	238	172	250	162	170	10	198	98	21	145	123	197	106	243	104	175	89	94	188	130	143	20	125	122	107	8	
22	236	215	243	228	139	238	228	127	178	234	154	199	235	85	9	251	237	123	211	88	244	139	242	188	186	207	100	197	251	195	128	
76	254	10	179	215	235	163	230	164	229	239	134	193	2	74	192	121	238	202	218	3	186	125	52	188	133	182	65	169	11	173	248	
159	58	103	83	67	245	57	86	55	253	245	246	41	151	199	189	47	153	215	156	159	222	175	208	31	89	241	226	175	132	46	253	
140	254	8	131	91	221	163	209	102	125	229	30	146	2	75	133	105	136	202	146	3	54	127	49	253	1	163	37	249	11	175	240	
12	110	210	150	236	169	175	226	190	178	9	130	253	226	113	137	59	111	106	139	64	103	138	122	28	6	95	40	20	243	41	136	
185	61	251	13	249	223	123	216	127	238	246	45	122	87	143	48	63	238	222	188	238	131	121	223	255	159	37	189	226	230	70	215	
136	141	158	63	212	235	190	227	254	35	251	25	253	235	48	0	155	107	74	129	54	255	24	127	109	7	26	33	209	67	173	138	
198	45	220	156	254	43	206	202	90	178	168	218	212	106	85	139	251	227	107	255	98	103	75	106	188	150	95	60	213	121	227	32	
182	252	173	127	185	91	182	237	51	210	229	49	235	255	142	55	187	91	237	226	122	231	235	239	187	243	79	23	67	119	239	214	
206	255	158	222	254	133	63	214	191	157	222	183	108	247	111	88	231	123	255	208	162	75	186	242	249	55	159	235	150	213	165	123	
238	92	206	62	184	35	222	191	181	190	254	189	123	109	147	3	31	247	255	167	108	231	73	110	250	243	229	145	207	245	170	27	
180	147	15	129	205	77	229	227	174	253	162	126	6	34	98	219	232	130	106	208	27	123	99	80	157	0	239	69	137	9	244	210	
8	234	10	131	83	217	97	86	164	101	103	150	137	131	66	196	105	40	202	24	23	188	245	6	95	197	50	65	235	14	141	208	
6	164	218	255	244	40	238	205	127	131	185	210	212	235	93	10	251	203	91	155	50	97	139	83	188	156	159	44	197	251	243	128	
56	56	190	255	41	247	80	88	151	250	118	48	127	223	99	122	151	125	253	18	138	213	171	176	195	255	113	170	210	173	4	91	
150	175	213	223	160	110	126	183	59	170	122	242	125	55	129	250	55	255	245	130	121	216	137	235	174	247	117	128	133	241	170	185	
106	17	142	156	141	246	20	7	135	83	198	19	96	246	38	239	193	246	234	129	61	203	51	193	19	99	222	11	138	124	188	86	
6	239	34	26	144	134	79	248	52	142	219	197	211	69	185	76	89	236	15	254	250	133	9	62	169	150	167	196	136	243	240	48	
191	18	228	255	169	93	221	188	151	94	183	191	219	253	159	175	77	215	255	207	249	111	251	179	203	251	251	223	127	191	76	247	
137	207	254	125	181	218	109	191	119	79	126	180	235	231	178	245	115	110	172	12	231	220	39	191	238	255	118	129	50	212	205	125	
246	253	240	198	239	37	158	238	139	250	184	171	76	124	85	3	175	215	223	231	224	99	202	234	59	26	207	190	213	127	167	219	
130	242	148	155	238	137	176	207	30	63	112	255	140	142	238	137	167	27	167	17	86	124	138	209	28	16	127	239	28	12	141	155	
18	157	59	216	147	240	185	103	156	69	76	50	60	190	38	96	230	59	147	129	19	153	50	215	121	39	154	195	20	0	165	254	
137	255	30	249	179	151	189	247	182	59	94	118	189	243	226	228	39	59	182	136	243	216	51	151	238	207	62	196	58	192	169	185	
179	142	204	189	20	130	104	51	52	227	210	215	177	34	146	80	109	172	63	141	173	156	69	15	204	46	186	192	45	132	120	152	
75	83	46	174	47	159	159	104	205	76	222	175	236	200	63	66	254	229	255	231	196	35	158	253	242	113	143	155	31	63	57	87	
130	221	22	155	245	172	188	167	190	27	90	48	172	190	32	64	231	59	179	1	114	216	2	247	45	54	158	202	16	88	161	139	
59	1	98	232	86	18	74	112	69	96	255	138	27	15	180	112	126	141	31	239	204	179	101	204	242	233	170	144	119	142	114	196	
126	87	106	172	119	6	95	120	33	140	220	175	79	239	51	80	254	237	157	231	76	131	168	142	242	245	171	155	55	191	118	83	
43	95	67	207	117	23	238	248	85	200	124	70	104	232	181	228	120	236	150	238	205	178	60	254	54	124	134	138	127	190	120	133	
2	221	34	158	223	209	190	230	159	70	88	163	44	254	38	64	239	123	147	195	102	139	58	255	53	54	158	139	21	92	181	222	
1	158	51	217	116	188	233	19	124	75	82	80	188	184	176	236	199	43	54	29	179	188	32	215	5	62	58	192	152	136	81	237	
34	207	98	158	223	209	190	228	223	68	92	163	104	236	55	4	250	235	131	199	198	186	46	255	54	54	143	171	87	126	125	206	
53	35	243	101	118	15	194	104	115	232	251	239	67	108	29	16	190	205	102	103	141	179	205	78	58	238	33	54	109	171	98	213	
141	148	189	251	237	249	125	255	126	119	69	18	221	247	122	237	115	26	178	24	115	92	127	211	207	223	215	101	182	204	141	240	
146	78	67	188	70	224	158	230	149	2	218	179	32	174	165	73	107	251	135	129	108	207	6	239	48	38	222	139	181	88	52	143	
187	1	98	236	22	19	222	121	101	64	253	138	27	15	180	112	126	141	23	239	200	179	36	206	242	233	162	148	103	174	114	240	
1	156	59	89	52	173	249	55	124	9	118	80	188	179	164	100	135	58	6	8	179	188	32	87	77	190	50	192	200	128	65	169	
172	60	190	243	207	124	179	218	246	223	117	54	217	247	75	175	109	218	215	154	177	246	250	162	223	195	227	173	163	125	54	243	
255	71	70	76	85	18	110	120	225	128	255	198	73	234	191	245	122	196	190	238	237	179	37	204	50	122	194	133	47	175	120	4	
114	253	38	158	91	212	150	230	137	84	204	171	44	252	39	39	238	243	211	195	68	107	186	253	51	48	206	187	87	127	63	222	
29	133	107	205	214	34	239	247	84	193	94	194	81	111	190	96	127	238	23	188	153	186	37	206	122	175	166	196	165	218	240	240	
155	75	70	156	6	144	174	246	156	64	82	231	41	138	183	197	110	107	183	199	199	153	6	253	48	96	170	130	61	156	57	157	
124	113	123	224	59	211	95	200	169	200	189	168	127	223	43	48	254	249	221	242	73	3	184	204	243	213	5	59	107	179	38	115	
61	117	123	100	86	87	119	240	68	192	126	6	91	93	179	48	126	252	22	234	201	178	60	14	115	205	37	0	111	187	114	243	
23	212	227	129	214	146	235	215	52	193	90	246	89	238	188	228	127	207	23	189	183	152	37	206	60	46	175	196	175	198	177	245	
134	188	186	176	251	233	181	99	190	63	21	187	140	159	98	0	163	57	207	17	50	125	136	211	220	215	63	239	148	76	133	227	
34	239	96	154	215	145	190	238	31	5	92	167	40	236	54	0	223	235	131	215	198	58	110	255	62	20	143	235	85	30	189	206	
101	80	241	69	116	110	235	18	107	201	127	64	25	183	213	116	118	220	54	8	129	178	245	192	7	188	32	8	231	243	98	165	
74	188	151	242	139	236	52	231	191	27	34	17	172	191	100	223	161	115	251	17	50	201	146	225	143	242	94	67	130	68	165	127	
60	1	66	236	156	3	78	125	133	0	249	10	75	201	53	80	120	168	23	226	88	179	0	156	242	237	162	144	119	187	242	0	
47	253	67	78	93	159	198	248	87	232	120	78	106	192	189	180	88	232	18	110	203	178	252	255	54	60	5	46	95	191	90	164	
39	57	225	13	85	63	234	88	71	224	120	206	16	40	181	164	88	206	18	125	135	178	125	200	60	28	129	160	255	239	90	148	
189	69	106	236	212	18	79	117	85	192	255	2	83	233	184	113	122	236	23	234	248	179	36	142	114	233	164	128	119	186	240	160	
130	149	114	209	229	172	188	39	173	27	122	178	172	62	20	66	207	27	215	1	176	184	192	194	37	60	26	194	196	76	227	155	
162	249	178	158	203	213	188	238	155	84	64	171	44	254	102	3	239	123	179	195	86	75	186	241	59	16	222	107	23	92	175	222	
37	49	241	69	244	110	227	80	97	233	125	66	19	53	213	52	120	222	22	120	131	178	244	72	47	188	32	32	231	235	82	164	
26	157	58	186	91	244	22	230	159	85	204	35	44	223	34	192	231	187	155	195	86	11	58	255	243	245	26	75	50	5	173	218	
130	157	50	158	249	196	188	230	159	10	88	35	172	254	37	64	231	123	179	193	242	152	18	255	45	54	158	139	16	92	165	219	
33	245	115	67	116	207	227	244	113	104	125	96	19	85	156	52	126	152	22	106	227	178	108	127	103	140	32	196	103	155	66	169	
30	58	206	177	178	178	184	83	190	133	91	247	13	142	226	200	39	63	175	149	148	221	134	238	158	103	255	195	164	229	173	213	
8	125	58	119	112	204	127	54	253	76	126	0	191	151	2	48	132	122	87	72	224	184	48	47	231	253	48	0	64	128	71	251	
130	37	82	141	236	43	188	71	45	35	218	26	140	138	48	2	238	143	95	129	80	191	65	210	148	16	154	176	85	72	161	137	
134	172	186	241	251	233	55	67	190	191	63	57	140	151	96	88	163	63	239	18	50	93	168	242	221	213	63	231	144	96	135	227	
141	84	7	147	211	253	161	212	244	127	119	150	233	71	43	205	105	34	202	18	167	116	124	182	119	65	178	97	251	93	15	249	
66	104	90	48	11	217	56	67	174	212	162	137	173	198	67	18	38	33	234	132	6	73	150	85	158	209	27	57	0	132	15	204	
56	127	26	174	61	215	215	254	129	204	252	47	106	254	39	16	220	250	198	98	140	171	56	175	243	245	167	187	219	126	126	223	
198	237	214	247	198	42	238	173	59	178	43	90	197	234	93	146	179	207	107	171	96	245	159	98	172	158	207	36	173	114	203	0	
12	175	216	190	221	106	231	201	126	167	233	86	213	226	73	152	123	207	106	155	51	114	223	122	188	134	159	109	205	123	235	128	
217	3	71	229	21	27	110	112	101	32	247	66	91	3	176	245	122	132	62	234	233	179	69	204	182	235	226	132	47	174	120	32	
185	69	106	236	86	18	79	121	65	96	247	130	91	13	186	113	126	156	23	238	233	179	37	142	242	233	160	132	103	186	112	241	
56	217	202	238	87	214	86	229	83	12	252	7	107	249	38	208	248	236	135	194	76	187	88	191	179	237	134	3	123	62	254	138	
18	159	87	229	54	34	175	119	28	162	90	230	117	39	160	68	126	119	23	227	240	152	1	239	228	166	174	130	37	234	53	185	
66	185	142	156	141	212	48	143	166	85	194	17	160	182	98	114	193	214	232	145	95	75	243	225	155	53	222	75	136	4	188	94	
130	241	146	153	199	205	180	199	190	19	64	18	140	154	104	72	161	27	179	17	114	92	18	243	45	22	94	99	144	80	165	138	
134	201	150	155	228	169	188	200	190	25	81	16	140	194	105	73	255	75	51	210	18	84	10	241	4	16	78	206	148	91	161	129	
130	186	212	27	106	153	184	223	27	127	112	255	172	142	198	141	175	27	231	21	214	124	206	241	28	18	126	239	93	12	139	221	
162	249	178	158	79	213	190	228	154	210	80	11	44	220	103	8	205	123	179	195	66	79	186	241	53	16	223	43	21	125	55	222	
27	164	234	193	214	50	239	223	119	195	94	150	25	173	254	100	127	206	55	189	183	188	165	194	126	111	182	196	167	196	240	240	
252	86	174	254	77	68	247	220	120	222	181	63	88	95	43	91	121	212	239	163	104	103	251	202	215	35	255	157	83	123	119	243	
139	178	235	145	246	146	169	223	126	227	86	246	157	174	222	104	63	79	55	157	183	220	165	242	108	15	191	196	173	196	163	253	
34	127	50	222	239	213	190	226	137	202	88	171	44	254	117	35	206	123	151	199	192	107	162	233	59	24	207	170	21	127	39	223	
59	5	98	224	118	50	218	82	69	64	255	130	27	15	181	116	126	137	23	173	140	179	101	206	242	221	162	144	103	142	112	229	
199	60	181	23	251	173	191	146	191	254	59	61	124	250	71	63	167	111	255	23	181	84	187	122	60	26	85	170	202	245	131	213	
0	139	158	153	149	159	177	231	223	61	102	19	166	168	38	78	233	34	170	17	54	248	3	241	79	50	214	67	210	76	221	14	
162	226	20	187	109	201	176	207	142	31	113	51	172	218	104	203	203	27	239	17	82	111	202	209	29	144	122	239	16	8	141	139	
23	132	227	199	150	162	239	115	117	227	95	214	81	111	188	100	127	174	23	189	177	153	45	206	122	46	175	196	167	226	240	245	
118	127	98	222	111	212	158	96	137	204	221	175	104	252	55	3	236	247	215	227	196	43	186	236	51	60	207	155	71	127	118	223	
137	111	159	189	176	218	111	182	118	206	126	68	191	227	163	228	83	110	46	78	229	220	231	191	238	255	118	129	58	245	41	237	
53	55	112	75	86	31	242	88	101	108	255	102	67	8	159	112	126	204	230	106	140	178	109	158	54	237	33	3	111	191	66	133	
3	237	106	154	223	149	186	230	223	85	124	135	40	234	118	48	239	235	147	213	230	10	62	247	62	30	158	235	93	21	123	206	
77	95	142	133	219	126	167	217	230	252	182	38	216	54	131	255	105	196	238	248	181	83	253	40	253	35	231	149	171	109	47	243	
153	159	182	249	177	254	125	183	119	207	126	52	175	227	162	228	247	42	164	156	247	216	55	191	238	223	55	193	186	196	169	93	
53	247	5	165	190	75	143	249	6	224	153	238	215	100	241	160	62	92	94	111	201	35	109	28	184	134	173	188	125	122	17	241	
53	13	107	206	212	162	207	113	197	128	255	66	115	225	181	116	120	236	22	234	217	179	44	44	112	168	165	0	101	251	240	160	
231	140	245	254	236	33	222	238	191	147	177	251	111	255	221	126	207	211	127	135	174	103	75	243	158	222	223	190	151	253	225	6	
205	242	132	145	75	93	37	252	230	255	166	62	153	246	202	231	105	200	234	192	151	118	255	49	221	193	103	109	43	45	175	243	
46	173	113	222	255	209	234	232	95	9	125	34	104	251	253	228	91	250	183	218	70	42	174	255	62	92	135	235	23	143	124	173	
142	141	244	247	246	48	252	183	187	211	30	147	237	111	220	111	167	95	55	157	178	216	175	225	46	219	223	198	135	244	209	93	
140	141	22	191	177	235	175	227	188	3	219	16	228	227	40	1	185	99	74	227	114	237	10	127	236	182	79	65	216	99	165	128	
236	126	136	151	69	125	167	214	50	254	244	14	186	38	67	217	105	238	238	210	43	246	250	122	213	35	255	185	203	125	127	249	
151	189	148	191	188	39	78	251	31	219	217	92	252	247	73	15	221	223	127	250	191	98	219	255	191	246	199	222	154	243	168	17	
205	255	170	7	201	124	55	216	100	92	223	47	248	244	203	246	124	202	238	118	199	83	255	35	127	97	39	173	42	127	46	247	
140	252	191	255	172	251	118	250	255	250	119	120	254	253	137	111	183	119	254	98	167	245	43	255	255	251	119	135	78	247	141	55	
166	234	226	158	111	209	182	232	155	134	81	171	104	204	127	0	223	251	179	195	198	102	174	251	55	22	223	171	85	63	55	223	
255	159	198	55	176	42	254	187	61	234	251	237	123	109	151	19	223	103	117	103	253	242	201	174	254	254	237	132	206	255	218	83	
176	4	70	188	196	35	196	71	53	3	250	26	10	42	53	89	121	142	6	163	56	247	1	206	178	170	214	4	181	217	240	128	
13	59	173	3	203	95	179	248	36	252	158	46	218	52	131	175	124	196	238	114	197	115	123	44	95	67	103	213	203	63	63	243	
120	215	13	150	221	235	231	238	56	254	191	78	254	98	11	147	121	230	238	226	105	99	120	126	189	35	239	61	105	123	239	248	
82	249	51	186	25	205	19	230	171	53	168	9	174	158	66	82	129	251	249	83	78	75	250	245	185	212	31	123	0	23	135	78	
52	5	107	205	212	162	239	119	85	193	255	130	81	109	184	96	121	238	23	185	185	187	44	206	122	174	167	192	229	234	240	160	
154	203	110	188	50	144	190	246	133	4	214	167	41	143	182	65	110	243	159	197	236	139	6	237	242	99	254	139	55	148	61	95	
1	142	75	181	52	170	104	55	124	73	90	212	177	34	144	96	66	46	30	141	181	152	101	79	132	62	186	192	12	128	80	92	
91	211	42	174	47	153	159	232	205	68	222	175	236	200	55	64	254	225	255	231	196	35	158	253	242	117	143	187	31	62	57	87	
186	1	98	232	20	3	202	113	69	0	255	10	11	11	52	80	122	141	31	233	136	163	5	206	178	237	128	148	119	138	114	128	
122	71	107	236	119	6	95	120	1	140	252	175	75	239	51	80	254	237	149	231	200	179	32	142	243	237	175	155	55	190	118	115	
35	143	98	206	117	151	238	248	93	72	124	70	104	232	182	228	120	234	150	239	197	186	108	255	54	60	135	139	95	174	120	141	
2	157	34	158	223	193	190	231	158	69	88	163	44	254	38	64	239	123	147	195	102	155	26	255	53	54	158	139	21	92	181	222	
2	157	22	159	245	197	188	231	158	27	88	48	172	254	32	64	231	59	147	1	114	152	18	247	45	54	30	139	16	92	165	155	
24	157	63	252	147	212	181	103	172	1	78	50	60	191	32	96	230	59	155	128	83	153	50	223	123	239	18	67	50	0	165	58	
43	237	34	154	221	213	191	238	222	85	92	19	40	254	118	0	233	107	147	213	230	58	62	247	127	95	158	43	21	28	255	206	
166	141	198	147	196	34	236	231	61	19	250	18	72	42	45	89	107	207	55	146	112	250	73	226	60	46	222	192	133	121	241	128	
34	239	96	155	223	209	190	239	30	69	88	163	40	236	54	0	219	107	147	199	70	58	110	255	62	22	159	235	85	94	189	222	
9	156	27	125	49	172	49	119	252	9	126	84	188	179	32	96	165	59	6	8	179	184	16	95	79	191	50	64	200	0	225	171	
147	150	206	147	146	155	56	215	63	115	83	247	205	206	254	108	55	15	63	149	183	220	13	215	142	102	191	196	172	132	169	213	
147	90	99	158	22	146	170	112	212	192	82	230	105	200	181	228	126	233	54	207	229	149	36	239	48	110	170	128	63	191	57	93	
60	121	123	238	51	211	87	240	33	192	252	42	127	223	41	48	250	249	213	226	73	163	56	174	243	221	5	59	123	179	102	115	
61	93	123	71	86	7	231	240	84	200	126	70	115	125	181	32	126	252	22	234	201	178	61	46	119	173	37	128	111	187	112	241	
146	142	206	189	210	146	188	246	158	142	90	231	45	174	178	65	111	239	183	133	228	216	6	239	60	38	254	129	37	228	45	221	
90	188	151	156	219	208	180	231	191	151	66	179	44	255	100	207	163	123	235	144	50	73	130	243	185	54	94	203	134	84	165	255	
70	189	244	247	238	160	252	191	155	179	30	163	237	239	92	74	167	119	183	149	210	88	143	243	46	94	223	198	135	244	129	153	
2	157	18	155	229	172	188	39	172	27	88	48	172	190	120	67	199	27	147	17	50	56	130	227	45	52	30	234	212	72	129	139	
130	253	50	154	203	197	188	239	158	85	72	19	44	254	102	3	237	123	179	193	86	75	154	241	61	16	222	107	17	92	165	223	
45	225	113	67	116	219	239	240	85	104	121	98	88	81	157	164	122	168	18	106	193	178	108	253	36	28	5	196	127	159	114	165	
31	151	71	147	150	146	170	119	180	193	91	247	73	234	182	228	127	239	63	189	181	153	5	206	56	110	175	192	175	134	185	85	
41	116	227	77	85	30	230	88	99	232	121	78	90	184	157	180	120	204	18	110	197	178	245	202	54	60	1	36	111	255	122	164	
8	253	58	126	113	220	119	247	253	76	126	0	190	255	34	48	164	123	215	74	194	185	50	111	231	253	48	9	66	208	239	251	
146	166	94	177	178	171	57	199	190	63	95	179	141	135	226	65	39	63	239	16	50	221	138	215	254	227	63	199	180	192	173	67	
128	165	18	145	236	169	172	103	44	35	218	26	140	42	0	67	235	47	74	128	112	186	65	194	36	52	158	64	132	72	161	136	
109	80	211	69	101	30	238	120	113	106	127	78	88	16	253	244	123	204	54	234	205	182	253	202	22	124	128	4	111	191	122	180	
130	150	94	185	250	233	57	231	190	63	95	179	140	167	234	75	167	27	207	16	50	29	10	215	252	215	62	231	180	72	133	203	
57	133	107	205	214	162	239	247	84	193	94	130	81	109	186	96	127	238	23	252	185	186	37	142	122	175	166	196	167	218	240	248	
98	253	38	158	91	212	150	230	139	84	216	139	44	254	39	3	236	123	243	195	70	43	186	255	51	52	222	171	85	61	39	222	
154	182	86	177	242	187	184	255	62	117	88	247	173	174	238	129	63	27	151	149	182	93	14	247	190	69	62	231	189	220	169	221	
35	223	66	78	245	151	230	248	95	200	124	70	104	232	182	164	88	234	146	110	197	178	124	255	54	28	133	42	95	190	122	140	
147	184	235	145	246	179	171	223	62	99	94	246	157	142	250	36	63	75	23	157	179	156	45	247	76	15	191	228	173	196	177	253	
2	125	114	222	126	133	190	226	137	136	88	171	172	254	117	2	206	123	151	199	192	11	130	239	52	28	142	170	20	127	35	219	
119	71	102	76	93	210	254	96	193	204	255	163	72	232	191	245	120	228	166	231	204	179	38	204	50	120	131	139	119	175	124	68	
56	219	58	172	53	215	215	245	23	76	244	47	42	221	166	16	252	249	134	96	207	171	112	191	243	245	164	155	123	62	254	223	
106	190	188	82	233	253	177	3	191	127	60	61	188	252	70	186	133	51	243	17	182	109	178	243	79	23	122	251	210	77	199	219	
204	206	213	190	252	107	239	172	126	22	251	214	253	106	57	194	123	199	106	235	99	101	95	127	188	166	207	29	220	123	249	8	
59	95	62	174	60	215	151	252	133	204	244	45	126	220	167	17	220	241	207	103	237	235	48	173	243	241	39	147	89	62	110	91	
145	91	75	165	102	14	111	53	36	192	90	231	117	39	177	64	54	228	23	238	193	144	21	46	228	225	238	128	45	186	177	121	
82	169	10	56	9	192	48	71	170	80	160	1	172	150	66	82	160	179	233	128	6	75	146	117	209	80	154	59	0	4	39	74	
224	165	146	134	252	47	222	111	137	171	185	24	238	232	28	2	217	199	78	33	56	107	201	207	56	30	143	62	196	122	211	9	
25	223	54	221	177	215	125	247	119	111	94	52	175	183	162	228	247	63	188	140	255	152	49	255	235	255	22	195	58	212	173	95	
66	137	174	189	29	208	48	135	174	17	130	1	164	158	102	98	193	55	235	17	86	75	194	177	141	112	222	91	128	4	180	78	
130	249	146	153	195	197	180	199	30	19	64	18	172	190	104	8	225	91	147	209	114	92	18	243	45	22	94	111	144	80	165	154	
252	82	190	252	77	86	183	88	176	254	181	63	88	255	107	91	253	212	255	162	232	103	250	200	215	227	239	191	67	125	118	243	
189	5	107	236	86	18	111	113	85	192	127	130	83	109	183	97	126	172	23	238	233	178	36	142	114	235	224	132	103	171	112	224	
155	223	22	255	51	151	61	246	119	79	94	38	173	183	162	228	103	126	190	200	231	152	51	255	231	255	54	131	58	220	169	255	
61	101	3	172	94	11	206	120	6	224	217	202	87	240	177	160	30	236	86	111	201	179	77	156	184	132	173	188	109	171	24	176	
134	237	150	138	236	33	190	204	142	18	88	2	140	234	121	75	239	75	42	83	82	82	138	240	60	16	207	174	148	123	161	129	
156	52	182	243	205	124	113	216	119	219	117	54	219	255	203	47	253	220	247	176	177	244	187	130	223	219	243	199	163	237	103	243	
157	69	75	165	134	2	110	188	116	226	210	198	83	64	185	225	118	204	28	239	237	144	13	42	240	233	175	132	45	251	176	24	
60	76	110	99	20	42	99	216	100	160	191	2	83	1	185	49	120	196	78	234	136	161	45	44	114	201	161	20	103	187	112	32	
27	164	234	225	214	50	234	215	119	227	126	130	25	175	254	96	127	206	23	153	158	184	37	230	126	237	182	196	167	206	240	236	
230	253	244	198	254	39	158	238	139	170	184	171	108	124	85	3	239	215	223	231	224	107	200	234	62	30	207	190	197	255	131	155	
138	178	209	185	98	153	184	223	30	115	80	247	172	142	232	141	63	27	167	149	151	92	14	241	12	16	126	230	159	140	137	221	
43	237	120	218	223	209	182	238	223	21	76	42	40	216	118	164	235	107	146	209	70	122	174	247	62	31	158	107	23	29	255	142	
136	180	244	241	133	127	121	255	127	119	92	18	157	191	90	236	51	26	183	24	179	92	119	211	207	223	87	231	182	204	141	242	
53	99	67	39	116	79	202	104	100	224	251	206	83	108	149	176	252	205	118	111	201	179	253	14	176	174	37	52	109	59	114	176	
53	77	99	78	212	2	239	113	196	192	251	66	83	224	181	101	120	238	22	234	249	179	44	44	48	172	167	0	117	250	240	160	
205	127	142	23	197	127	103	255	114	254	222	92	203	225	83	159	57	238	236	123	249	254	249	42	188	199	101	164	234	117	250	245	
206	232	212	191	42	137	94	184	191	146	83	144	239	207	65	91	135	249	125	195	106	84	203	247	142	251	95	234	54	177	129	1	
151	253	156	255	184	39	78	253	31	186	219	92	214	243	76	97	221	239	126	126	253	218	219	190	188	255	199	86	152	123	168	1	
2	157	146	158	241	228	190	231	190	11	88	35	172	254	32	64	231	123	179	129	98	152	18	255	45	54	158	139	16	84	161	155	
143	189	183	23	235	127	191	255	191	250	114	124	220	246	199	191	183	127	255	243	241	217	187	234	45	26	127	170	202	117	131	245	
189	63	141	159	205	127	167	248	126	254	253	126	222	230	203	221	121	238	238	234	189	247	251	250	253	39	231	189	251	127	127	243	
229	231	158	190	248	39	110	253	54	179	235	92	83	226	138	81	215	239	110	254	252	214	203	63	60	175	103	108	144	250	232	129	
73	126	175	7	89	126	179	242	160	236	254	39	248	22	131	246	108	244	238	198	133	251	249	172	119	101	167	131	75	63	47	255	
73	222	174	135	89	94	55	244	160	204	254	39	248	22	138	246	108	228	238	198	197	143	253	175	119	101	166	131	11	62	47	255	
155	189	182	249	177	246	124	55	127	199	110	21	175	255	166	244	215	43	188	156	191	216	119	223	235	223	22	67	154	196	237	95	
212	246	143	135	221	79	231	248	62	238	243	86	70	226	46	81	249	197	110	227	105	247	249	78	181	162	239	151	41	123	229	83	
221	126	223	229	42	62	95	144	160	254	150	244	223	23	195	155	38	117	253	106	233	197	41	168	194	195	101	148	46	245	5	113	
210	217	127	252	3	208	53	103	164	64	70	34	61	159	32	99	34	179	185	192	96	137	34	237	243	227	126	131	39	16	165	123	
61	4	106	229	86	50	235	83	85	195	127	130	89	13	179	96	126	140	23	188	153	176	37	142	118	237	162	132	231	254	112	224	
58	87	106	172	55	151	95	120	5	196	220	143	107	205	50	80	254	233	151	231	204	179	60	159	243	253	137	155	55	190	118	82	
56	5	98	236	84	51	74	121	85	0	254	10	27	9	189	81	122	140	23	233	184	179	101	142	242	237	160	132	119	171	112	128	
35	143	98	158	117	151	254	234	95	76	124	135	104	232	182	228	216	234	130	199	134	186	110	255	54	62	131	171	95	142	120	205	
34	157	34	158	223	193	190	230	158	69	88	163	172	254	38	64	255	123	147	193	102	154	26	255	61	54	158	139	21	76	181	222	
2	157	18	159	245	133	190	231	158	27	88	18	172	254	32	64	231	123	179	1	114	152	18	255	45	54	30	202	16	92	161	155	
210	74	78	188	74	128	190	246	144	6	214	231	45	175	179	67	110	225	191	199	228	143	6	239	240	99	250	137	45	181	57	217	
35	175	98	30	125	159	246	238	95	76	124	79	104	232	182	164	217	234	130	79	198	186	110	255	62	28	5	43	95	174	122	205	
34	175	98	159	253	209	190	238	94	69	88	171	168	236	54	0	217	107	131	199	198	58	110	255	62	20	143	235	85	30	253	206	
52	133	107	196	212	162	239	247	84	129	254	2	81	233	180	96	121	230	23	184	185	187	37	78	122	47	167	196	229	234	240	160	
210	153	95	252	50	192	53	103	172	4	232	179	44	183	32	81	226	179	159	128	112	139	34	253	241	227	90	139	49	0	167	59	
60	125	123	238	51	211	87	224	161	192	236	42	127	223	35	48	254	249	213	226	73	131	56	191	243	245	5	59	123	179	38	114	
35	175	96	27	253	157	190	238	95	76	124	143	104	232	254	148	217	107	130	71	214	58	78	255	46	28	13	235	95	30	218	206	
61	95	123	79	118	7	247	240	68	200	126	70	115	125	181	32	126	248	22	110	201	178	61	44	119	173	37	0	111	187	112	241	
3	31	66	157	246	146	174	246	28	202	90	231	233	234	183	196	127	239	183	207	237	152	5	239	44	46	174	128	45	244	57	157	
26	172	215	156	251	208	188	231	191	151	82	163	44	174	166	199	39	127	239	128	38	217	134	253	58	34	94	139	167	68	45	223	
47	121	70	75	255	155	166	236	95	232	120	230	104	200	181	164	250	40	146	111	197	186	111	253	38	28	135	162	95	31	251	141	
2	157	18	155	228	172	188	39	174	27	89	48	172	186	104	67	199	59	19	17	50	24	2	243	45	16	94	202	148	72	129	139	
162	235	96	158	111	209	190	232	154	6	80	171	40	236	118	0	219	235	131	199	102	58	206	243	62	20	223	171	85	63	62	222	
58	207	34	186	159	209	158	237	143	4	220	171	108	236	54	132	222	171	143	199	94	11	78	255	178	85	143	187	23	30	189	207	
19	133	103	133	150	146	239	247	245	192	218	198	89	236	188	228	127	230	62	173	245	153	37	207	56	46	175	196	47	166	241	124	
188	197	106	236	212	18	79	117	85	128	254	2	83	233	184	113	120	238	23	234	248	179	36	174	114	235	164	128	119	186	240	160	
2	253	50	158	203	197	188	238	154	93	88	11	44	254	102	1	237	123	147	193	82	75	154	245	61	16	222	235	17	92	165	219	
39	80	66	76	101	31	230	120	89	234	125	78	74	248	191	180	88	236	178	111	197	182	220	222	54	60	129	46	95	191	122	132	
16	221	58	254	219	196	119	247	189	76	108	1	62	255	34	80	164	123	215	66	70	11	50	111	243	253	2	11	80	18	175	219	
47	217	67	75	119	155	166	228	77	96	250	230	104	216	181	164	250	104	146	239	197	178	109	253	54	28	135	130	95	62	249	141	
131	178	218	153	98	185	184	222	62	115	80	247	173	142	234	73	55	27	183	149	167	220	13	243	158	6	62	230	189	204	137	221	
154	151	94	189	178	171	60	247	62	39	94	247	109	227	170	88	55	191	175	133	246	153	13	223	250	231	58	197	188	196	173	89	
155	151	71	177	146	178	46	247	189	99	90	247	77	234	186	196	55	231	191	189	245	157	13	223	184	110	191	196	45	196	169	93	
27	220	178	223	19	245	126	246	127	79	94	54	174	191	162	228	231	123	191	192	175	152	50	255	227	255	22	131	58	220	173	127	
239	81	82	78	101	31	230	120	93	202	115	78	72	88	189	244	120	204	182	238	205	182	125	206	54	62	193	6	95	191	120	148	
154	151	90	185	178	163	56	255	62	55	90	247	45	174	170	200	55	59	175	133	182	157	5	247	222	103	58	199	188	196	169	153	
57	133	111	205	212	130	239	247	84	192	222	2	81	105	186	96	123	238	23	252	249	187	37	174	126	175	166	196	39	138	240	232	
56	133	106	236	212	19	78	255	85	128	254	2	83	105	184	96	120	238	23	234	248	187	36	174	250	237	164	196	119	186	240	136	
34	221	54	158	91	197	190	230	139	84	216	11	44	254	39	3	239	251	179	195	230	11	146	255	49	54	218	187	21	29	55	223	
226	253	244	196	254	35	190	230	155	162	152	171	108	108	85	2	255	247	255	231	224	111	200	238	60	30	207	186	197	124	211	153	
27	172	234	227	214	178	235	214	118	99	94	130	57	143	246	96	127	206	23	157	158	188	45	247	126	79	191	196	167	194	241	232	
118	79	102	78	93	210	250	96	205	196	255	163	104	204	183	84	120	224	130	231	204	163	46	236	50	60	131	11	119	191	124	196	
147	134	202	145	146	163	42	247	62	99	82	215	85	234	190	96	119	47	63	189	183	156	13	95	60	46	191	196	173	128	169	153	
43	101	66	76	85	139	202	104	87	160	120	139	106	201	53	148	92	232	147	239	201	178	204	223	62	92	1	46	127	191	122	132	
46	237	194	90	221	149	254	238	31	53	108	11	40	232	118	132	249	234	162	222	70	122	154	247	63	92	149	107	211	31	250	142	
154	180	240	241	151	255	120	155	127	119	126	18	143	191	70	108	163	27	183	16	190	220	243	211	207	223	211	103	182	204	133	255	
151	4	227	133	70	50	169	81	84	194	83	214	81	236	189	109	126	236	54	175	161	213	164	202	20	42	235	132	173	239	113	245	
156	50	182	243	173	127	112	89	55	251	119	51	91	255	77	47	253	157	255	144	188	244	251	130	223	219	119	199	226	236	100	211	
130	141	22	155	228	136	188	39	172	19	90	18	172	162	96	66	235	43	2	128	114	152	66	227	44	52	222	192	132	72	161	137	
252	26	190	244	109	86	177	88	179	254	183	63	92	255	99	123	236	245	255	226	168	103	250	168	215	243	235	191	3	45	38	243	
252	0	244	115	46	10	74	152	241	178	179	26	75	75	93	91	59	196	108	98	232	100	79	130	210	219	225	84	103	171	66	0	
217	89	239	229	6	86	127	52	37	198	86	134	127	7	179	247	118	245	157	238	233	148	53	168	243	233	230	128	38	246	36	120	
230	205	98	30	79	149	190	232	155	4	233	139	104	236	55	17	216	235	227	231	70	43	254	253	55	56	201	59	85	63	118	206	
238	120	182	252	105	23	124	216	159	250	245	57	223	255	225	127	207	125	255	102	224	71	170	168	211	251	99	190	18	253	39	211	
221	80	252	100	172	58	95	152	192	250	151	184	223	117	219	123	23	212	125	110	169	69	239	0	218	171	101	188	166	243	64	97	
42	253	178	186	223	213	181	231	223	85	108	19	44	252	102	132	233	123	131	17	118	126	58	247	127	87	30	107	211	28	255	206	
155	189	244	249	181	253	92	63	127	87	126	17	174	190	22	124	199	59	189	20	191	216	115	215	235	223	22	67	146	204	229	95	
238	176	252	83	40	120	185	9	187	119	181	185	220	95	94	59	167	21	253	55	182	69	251	194	87	59	91	255	198	197	199	115	
66	173	244	215	254	128	190	175	143	177	90	130	236	238	84	66	167	127	55	145	210	88	138	241	46	30	159	238	132	230	129	137	
26	236	34	187	93	213	191	230	151	87	92	3	172	253	50	132	233	107	147	197	102	58	58	255	111	87	158	107	23	93	189	254	
58	219	62	172	61	214	87	244	133	76	246	39	122	93	166	81	236	245	223	99	205	167	113	189	243	241	166	147	91	30	108	91	
74	180	180	243	233	253	185	31	191	127	28	57	172	191	74	174	143	27	247	17	178	124	226	243	79	223	122	235	194	76	143	251	
50	141	226	237	212	34	206	239	85	129	250	2	75	169	52	64	121	206	23	176	152	187	5	238	58	238	150	196	247	218	240	136	
53	197	107	110	148	2	239	245	84	192	255	66	83	225	184	97	120	238	4	234	249	179	44	14	248	173	231	128	101	250	240	160	
224	165	146	142	252	47	222	111	153	171	185	24	206	104	28	3	155	199	78	33	48	107	201	223	60	62	31	62	192	104	195	1	
252	72	228	119	12	10	70	216	113	178	179	26	75	73	93	27	121	196	108	226	232	119	203	168	210	235	229	20	103	251	98	0	
189	4	234	197	212	50	239	87	84	195	127	146	81	45	190	96	122	140	23	188	185	180	37	206	102	175	162	132	231	248	240	224	
58	13	107	238	87	215	95	104	5	68	236	131	107	239	50	80	120	251	151	230	72	179	56	191	243	237	129	1	119	190	118	226	
202	180	176	251	233	253	185	31	187	127	61	57	140	191	74	174	135	27	247	17	178	106	234	211	79	215	94	239	210	76	143	251	
35	174	98	158	125	149	186	226	95	77	124	7	104	232	182	4	217	171	130	5	166	186	110	255	62	28	139	171	87	14	121	207	
2	157	34	159	223	197	190	238	30	69	88	163	172	254	38	64	253	123	147	129	34	154	90	255	61	22	158	203	21	76	181	218	
2	157	18	159	181	133	62	239	30	27	88	16	172	254	32	64	247	123	179	1	114	152	18	255	45	54	30	202	16	88	161	139	
151	4	239	197	150	50	235	81	116	194	215	214	81	228	189	109	127	172	30	189	185	181	37	206	16	46	171	132	173	225	113	116	
35	175	98	27	245	157	182	238	95	77	124	15	168	232	182	132	217	107	130	69	134	186	110	255	46	28	5	235	95	14	251	207	
34	175	96	155	253	217	190	238	31	69	88	171	168	236	54	0	217	107	131	69	22	58	110	255	46	22	159	235	85	14	213	222	
215	30	206	182	2	178	42	80	180	194	211	247	77	238	179	203	103	229	255	183	165	213	4	202	146	99	235	128	173	245	41	85	
61	93	123	110	87	215	87	240	69	192	236	10	123	125	35	48	122	248	19	234	73	179	56	45	115	237	5	1	115	187	98	250	
19	31	99	143	116	150	239	114	92	200	90	230	113	108	181	228	126	110	22	239	229	184	37	239	52	46	174	128	45	254	113	253	
2	14	198	157	114	146	190	118	53	143	82	231	45	174	182	196	103	235	167	133	166	216	6	255	44	38	190	129	39	196	45	221	
130	181	244	217	181	253	120	31	95	119	126	17	174	191	78	124	135	27	191	16	182	92	115	211	143	222	210	99	146	76	133	95	
2	157	22	155	237	173	188	231	190	27	88	16	172	254	104	65	199	27	147	17	18	88	10	243	45	16	94	234	144	64	161	139	
34	253	96	154	207	209	190	236	30	117	89	171	40	236	126	1	219	123	147	195	70	90	238	247	61	20	222	235	21	31	181	222	
38	231	96	30	109	153	190	232	91	12	89	175	104	232	255	0	217	235	163	103	230	114	206	255	62	28	205	171	85	31	94	206	
2	253	50	154	219	197	188	239	158	89	88	19	172	254	104	1	237	123	147	129	82	75	26	247	61	16	94	235	16	20	165	219	
16	221	59	254	219	196	23	245	189	68	232	1	62	255	33	80	166	123	91	194	66	11	58	127	243	173	14	11	112	50	167	219	
43	203	98	15	95	147	190	237	77	72	248	231	104	200	182	164	250	233	210	231	197	187	77	253	54	92	142	155	95	62	249	157	
50	77	98	30	93	213	222	232	207	68	233	11	106	204	55	112	248	235	131	199	206	43	126	255	51	60	128	27	83	63	116	222	
155	159	74	189	178	178	62	247	63	99	90	247	109	227	170	208	55	239	175	133	244	157	5	255	250	231	62	192	189	196	169	25	
91	141	71	141	146	178	110	247	189	65	218	199	125	238	184	228	119	239	63	173	245	153	45	255	184	110	174	196	47	198	177	93	
170	253	176	56	221	213	181	239	219	95	52	25	168	220	102	140	201	59	195	17	118	111	242	247	111	87	31	107	211	12	207	222	
103	71	102	30	125	145	222	232	223	204	253	175	104	200	191	84	216	234	163	103	198	35	110	253	54	62	129	171	87	191	124	196	
155	159	90	191	178	179	62	255	62	67	90	247	45	174	162	192	119	171	191	133	247	153	5	255	254	231	62	192	191	196	169	25	
57	141	110	239	212	146	239	247	84	64	254	2	113	105	184	97	120	230	23	234	248	187	45	191	122	239	166	196	55	138	240	168	
34	221	50	222	91	197	190	230	142	89	88	7	44	254	39	2	205	123	179	195	98	11	154	255	53	54	158	171	17	31	39	219	
102	71	102	158	95	209	190	104	141	196	217	171	104	236	63	64	250	233	131	231	100	35	46	255	50	54	143	139	87	63	124	214	
42	236	66	90	93	149	246	239	223	6	108	11	40	200	118	148	217	234	130	202	70	58	218	255	63	95	133	43	83	30	218	142	
17	141	79	175	146	162	47	191	52	97	90	198	117	38	176	96	55	71	63	173	177	152	45	127	252	175	170	196	45	194	161	121	
226	173	148	149	252	44	188	111	186	171	248	26	236	42	28	2	239	71	127	1	112	127	193	239	61	62	222	250	197	104	211	137	
56	133	110	236	212	162	239	247	84	129	254	2	83	225	184	64	120	238	23	232	248	187	32	46	250	175	167	196	101	234	240	168	
147	158	207	155	178	171	186	223	62	99	82	247	181	142	178	72	127	43	31	149	183	156	5	127	172	38	190	192	188	208	161	217	
24	236	106	227	212	178	235	215	118	65	254	2	49	169	180	96	123	206	23	153	154	186	45	255	126	143	182	196	165	202	240	136	
98	237	208	149	254	163	190	231	155	170	184	138	172	46	21	2	255	247	95	161	112	111	192	239	60	30	159	186	133	120	243	137	
253	72	252	100	46	58	79	152	225	242	182	138	219	101	211	123	54	244	124	238	233	101	237	40	242	235	101	148	39	243	64	97	
34	249	32	90	93	213	150	238	159	93	168	9	40	220	62	48	201	187	211	193	78	43	122	247	59	22	156	123	81	30	246	222	
131	182	197	145	226	50	172	223	63	243	90	247	141	46	222	175	55	79	55	181	181	220	165	194	140	6	254	196	173	196	161	245	
78	180	188	241	235	121	185	11	187	119	53	185	204	255	94	159	167	21	251	17	50	69	250	194	95	91	91	255	198	101	143	243	
222	94	254	181	43	118	89	48	177	222	150	181	95	55	131	223	38	245	253	231	237	197	179	234	195	243	107	147	46	245	47	83	
223	88	254	244	42	126	93	144	185	246	150	185	95	31	215	123	167	245	253	247	172	197	191	232	211	251	95	151	166	245	47	119	
252	90	182	244	109	84	177	80	177	218	182	63	126	223	227	123	236	245	255	194	168	103	226	168	215	251	235	155	67	189	38	243	
253	223	174	158	239	95	247	249	118	254	247	127	251	246	234	245	125	254	254	238	253	247	255	255	255	231	231	175	251	254	252	247	
40	233	57	122	93	205	87	230	199	0	236	8	50	157	48	48	200	250	82	72	74	43	114	61	115	221	16	121	83	26	66	170	
26	220	34	187	157	213	149	231	159	95	92	19	172	255	98	164	205	123	151	145	126	111	50	247	171	87	158	235	18	92	189	255	
173	183	102	190	221	95	247	248	127	254	247	46	237	246	138	181	127	238	238	234	245	243	127	255	255	247	239	205	239	111	253	247	
26	221	162	190	159	245	223	198	151	71	220	3	172	255	51	196	233	123	147	197	46	43	58	255	243	119	158	43	183	93	61	254	
210	233	84	189	46	139	252	173	191	178	18	2	237	202	81	67	167	101	127	195	98	76	139	253	172	242	223	172	52	48	129	9	
1	141	219	255	244	174	107	183	126	9	122	80	247	115	144	112	51	110	30	56	51	184	89	127	237	174	54	64	232	192	195	169	
198	232	212	191	44	139	124	172	191	178	82	16	239	202	81	91	183	237	125	195	98	68	139	251	132	242	95	184	20	49	1	9	
56	173	106	235	212	163	239	247	84	1	254	2	113	235	176	96	121	234	23	185	186	187	13	191	122	239	166	192	165	219	240	168	
56	13	107	238	85	215	127	112	21	4	252	3	123	237	50	64	120	234	151	238	74	179	56	191	115	237	161	1	119	170	116	226	
189	5	110	225	214	50	239	247	85	195	126	18	91	41	181	97	127	206	23	184	184	188	37	142	126	239	182	196	231	216	240	168	
42	221	96	218	221	213	214	255	215	93	252	15	42	220	62	100	220	155	151	197	206	43	122	183	35	93	148	251	87	30	244	223	
2	157	34	159	223	197	190	238	30	69	88	147	172	254	34	64	221	123	147	129	50	26	90	255	45	22	158	203	20	12	181	218	
153	132	110	241	214	50	237	183	116	115	94	146	89	45	150	105	127	198	55	188	177	252	37	206	110	107	246	196	167	216	240	232	
34	175	32	155	253	217	186	238	30	69	88	131	172	236	118	0	217	123	131	21	54	186	110	255	45	22	159	107	213	14	213	222	
89	204	237	87	166	50	237	191	116	115	94	146	217	47	146	107	55	70	61	175	241	220	165	237	102	43	254	196	167	240	241	121	
40	205	123	78	212	207	231	246	196	72	252	2	115	245	49	32	88	234	22	106	72	171	40	63	115	141	36	8	115	250	116	234	
17	93	107	206	212	150	239	112	76	192	90	70	113	252	181	100	124	238	18	239	193	185	60	239	49	44	142	0	61	250	113	252	
2	142	198	157	114	146	188	246	191	15	90	231	45	174	166	197	111	251	167	133	166	216	6	255	44	38	254	131	39	132	45	221	
38	253	96	24	223	81	150	234	159	117	168	171	72	252	126	0	217	219	211	241	126	99	126	247	59	22	141	127	85	61	214	214	
24	93	51	190	91	192	23	236	181	68	232	35	124	247	33	84	242	249	147	226	64	131	58	255	241	228	14	11	50	50	39	250	
50	205	42	190	154	193	31	229	159	4	200	171	101	238	34	80	254	251	143	227	78	11	10	191	243	165	143	187	52	58	180	90	
43	207	66	12	127	147	190	237	77	64	254	230	104	200	182	164	254	233	218	231	197	187	5	253	54	92	142	139	95	62	249	141	
211	159	78	191	178	170	62	247	60	67	94	247	109	231	162	80	55	239	63	164	245	153	5	127	254	239	46	192	173	240	169	25	
83	141	79	174	146	178	110	247	52	64	218	198	113	238	176	244	118	231	63	239	253	153	45	255	176	46	174	128	45	242	177	93	
54	221	96	8	93	81	222	234	223	84	252	171	10	236	55	16	219	216	211	231	110	35	126	255	51	22	133	63	87	61	116	214	
19	159	67	191	146	179	46	247	61	67	90	247	125	238	176	224	119	239	159	141	247	153	13	255	188	110	174	192	189	212	169	93	
57	141	110	238	212	146	239	247	84	64	254	2	113	233	176	96	120	230	23	234	248	187	45	191	122	239	166	192	119	250	240	168	
2	221	50	158	127	197	190	236	158	24	89	35	108	254	45	64	237	123	147	195	226	11	26	255	53	54	158	171	16	95	165	219	
47	181	240	67	253	61	216	153	75	121	189	56	202	125	222	60	157	155	215	60	158	98	235	147	79	221	53	254	210	206	210	247	
25	157	111	175	178	162	47	183	60	65	90	230	253	103	176	96	119	123	31	173	179	152	45	127	236	167	174	192	188	210	161	249	
15	189	237	147	178	187	175	183	62	251	94	246	253	102	158	47	39	123	63	159	179	216	111	125	110	15	255	192	142	212	129	253	
210	232	86	189	46	137	124	174	191	178	210	18	237	202	112	75	166	237	127	195	98	77	138	253	172	242	223	168	20	48	1	9	
98	173	144	148	252	163	188	231	155	171	250	26	172	174	20	2	239	231	95	129	112	251	192	255	60	30	158	184	133	88	243	137	
34	165	48	154	252	137	252	175	95	25	57	24	236	106	92	0	219	11	87	17	210	42	75	247	44	28	158	254	212	10	211	137	
206	54	230	148	235	112	56	3	187	255	151	191	204	46	222	223	167	151	253	149	180	69	167	194	31	115	219	151	134	100	175	87	
10	221	50	218	189	245	92	231	223	95	252	49	172	254	38	116	199	59	191	129	231	9	50	247	171	126	158	235	146	220	165	95	
184	205	110	238	148	2	79	253	116	128	254	2	115	107	176	97	120	230	93	234	248	185	41	47	250	239	167	148	39	186	240	40	
226	165	148	149	252	46	188	111	59	43	250	24	236	40	28	2	251	135	127	1	114	127	193	223	60	62	94	246	196	72	211	137	
222	90	182	253	109	108	56	82	189	218	246	51	142	159	103	107	239	245	255	3	168	247	131	226	215	243	122	139	130	125	37	215	
42	175	34	90	221	213	180	231	223	31	124	9	40	232	102	148	201	43	130	1	118	107	138	247	63	95	148	43	83	76	254	206	
42	181	180	249	253	253	181	223	159	127	28	57	172	189	70	142	143	27	247	17	182	106	242	243	239	87	30	255	210	76	143	255	
130	181	244	243	181	253	120	31	127	123	55	17	140	63	78	121	247	155	191	17	178	92	123	215	143	94	214	247	210	76	197	87	
206	60	254	244	111	112	185	2	187	254	151	187	76	255	87	223	167	245	255	147	164	71	162	226	87	123	223	191	134	117	47	83	
78	180	180	240	235	125	185	203	187	127	29	57	140	191	78	142	167	31	255	17	50	69	186	210	223	223	95	255	198	68	143	247	
196	44	150	158	248	171	250	11	191	163	187	24	206	234	1	91	147	231	110	48	48	229	203	222	156	54	91	124	192	97	3	1	
237	109	84	71	36	30	70	188	97	234	182	76	243	97	149	183	24	228	108	110	237	244	237	44	38	249	101	20	106	251	90	12	
252	72	196	247	12	42	70	216	49	178	179	10	75	105	77	27	123	196	108	242	40	119	203	162	146	235	197	60	231	251	66	0	
2	205	18	158	124	133	190	230	159	9	120	2	172	206	53	64	206	107	23	193	66	11	2	255	36	60	158	136	20	26	113	137	
26	157	162	222	157	213	223	231	151	79	220	3	44	255	55	228	233	251	147	129	110	11	50	255	179	119	158	171	18	92	188	254	
45	165	161	67	253	63	193	153	83	249	189	88	210	120	220	188	217	10	70	56	159	114	249	23	15	220	5	124	218	202	210	164	
194	104	214	159	44	139	120	168	191	178	242	16	236	234	85	89	183	237	127	195	96	69	139	251	132	186	91	184	20	49	1	9	
56	191	58	174	125	131	86	240	135	12	248	109	110	249	162	144	220	251	135	99	206	171	8	191	250	213	37	251	88	14	62	155	
217	205	126	239	178	26	79	189	229	192	222	130	123	103	144	115	118	228	125	238	249	129	45	173	242	235	231	144	39	242	224	105	
28	205	100	243	214	50	238	183	117	19	126	18	123	41	156	105	123	206	23	187	248	248	45	238	254	239	246	192	231	221	240	136	
32	141	43	94	116	195	227	246	86	13	252	34	48	253	180	100	89	186	23	136	42	187	40	255	115	15	162	137	85	10	116	235	
2	156	34	159	223	197	190	230	30	67	72	147	172	254	32	64	221	123	147	129	50	154	90	247	45	22	158	107	20	12	181	219	
40	159	122	126	116	195	87	246	134	12	252	32	114	251	160	32	216	122	7	66	74	171	72	63	107	173	164	201	113	138	228	171	
34	189	32	155	213	201	182	238	30	69	72	155	172	252	126	0	217	59	147	17	50	58	90	247	45	22	159	107	213	12	149	218	
3	159	78	157	80	134	238	246	60	65	74	199	177	226	182	64	126	107	19	205	133	152	20	239	36	46	154	128	29	132	57	220	
79	205	244	119	166	26	127	188	115	211	86	131	249	111	159	111	55	119	189	239	240	216	173	233	110	255	255	128	167	247	209	121	
40	223	123	110	252	203	199	246	196	12	124	96	115	241	161	48	216	122	6	106	74	170	106	63	99	141	36	137	81	250	230	171	
33	141	43	222	84	199	239	230	84	72	90	66	241	248	180	96	216	106	22	205	233	186	52	63	45	46	174	0	93	74	240	252	
50	253	96	200	223	87	148	239	31	252	184	139	10	188	119	48	217	155	211	177	238	107	123	215	59	22	157	255	87	92	214	223	
26	221	19	254	91	193	23	236	183	128	232	2	108	215	33	212	122	251	147	194	75	139	58	255	177	244	142	11	50	54	39	250	
58	207	42	172	30	131	159	236	148	4	204	143	101	206	51	64	250	233	27	231	76	139	2	191	241	101	143	57	52	62	53	202	
51	207	106	172	94	147	190	237	220	100	216	167	37	200	54	64	250	233	155	231	204	187	4	255	178	101	139	59	93	62	185	206	
25	157	111	239	178	130	111	191	36	64	222	230	255	103	176	96	118	247	61	238	249	153	45	189	232	239	175	192	54	242	161	121	
81	205	111	191	146	130	111	247	60	66	218	198	117	102	176	113	118	231	63	239	249	153	45	109	252	42	238	128	45	242	161	121	
50	253	96	204	223	83	212	238	95	230	188	143	42	172	55	0	201	255	211	193	236	43	119	255	59	22	157	59	119	92	244	222	
19	159	79	191	178	130	110	247	52	65	90	231	117	102	176	97	119	239	31	237	245	152	45	253	188	46	174	192	61	146	161	93	
184	141	110	238	212	146	239	245	84	0	254	2	113	105	176	96	120	230	55	234	248	187	45	191	122	239	167	192	119	186	240	168	
252	104	240	103	238	58	110	152	113	226	183	10	91	105	213	58	63	236	125	234	232	246	237	170	86	239	229	188	231	247	66	160	
24	141	102	239	148	163	238	247	84	0	254	2	123	107	49	64	121	234	31	235	186	187	13	191	250	239	167	192	183	218	240	136	
47	181	104	75	252	59	219	249	95	121	189	190	219	124	222	36	95	138	151	63	159	114	109	151	78	93	165	252	215	207	216	245	
42	185	176	216	253	213	16	231	159	93	220	51	172	190	102	100	205	59	183	17	150	11	114	243	107	95	158	251	18	76	189	255	
248	205	102	238	156	2	78	253	229	130	254	2	123	107	176	83	122	230	125	234	232	169	9	173	242	235	231	144	39	179	240	8	
98	164	148	157	252	172	188	111	63	59	250	24	236	42	28	0	251	15	127	17	114	122	193	215	60	62	94	246	212	72	211	137	
15	249	236	211	182	146	255	189	94	209	94	162	249	111	158	102	39	115	183	223	215	216	111	253	110	79	255	192	166	215	145	249	
42	187	50	26	253	217	144	231	223	13	252	57	40	252	102	132	201	59	131	1	86	43	106	247	59	87	30	123	83	12	255	207	
42	181	180	249	253	253	144	207	159	125	28	57	172	189	70	12	143	27	247	17	150	106	242	211	207	87	94	251	210	76	143	255	
2	181	244	209	253	253	248	159	63	123	61	49	140	190	76	120	167	155	255	17	178	88	123	211	143	94	95	247	210	76	133	87	
54	165	64	227	220	43	202	201	31	49	185	26	75	104	92	24	123	139	87	178	26	114	203	210	158	220	133	252	245	203	210	128	
134	60	182	241	175	108	56	82	191	219	243	55	140	255	103	75	239	127	255	147	176	213	146	226	143	246	219	139	130	117	37	211	
78	54	182	176	235	116	184	67	187	255	31	187	140	191	70	30	167	31	255	145	182	87	170	194	95	87	223	239	134	100	175	215	
78	180	176	241	235	253	184	75	187	255	29	57	140	191	78	15	167	31	247	17	54	89	186	210	207	87	95	239	134	68	143	215	
109	107	228	71	236	27	198	184	97	234	54	108	211	104	151	183	24	228	100	110	205	114	237	40	38	122	101	176	111	255	90	141	
202	182	226	144	235	112	188	15	187	255	30	191	140	174	222	159	167	31	255	149	182	90	167	194	30	87	222	239	134	68	143	223	
47	172	232	195	254	59	203	216	95	241	61	142	89	108	223	44	95	200	23	255	159	114	109	242	94	93	165	252	247	255	80	245	
32	159	90	174	116	131	82	240	135	76	248	239	103	237	160	16	222	251	135	71	143	187	72	191	234	213	37	218	124	138	46	155	
34	155	43	218	116	195	163	246	86	77	92	98	176	220	180	100	216	58	22	201	131	186	40	253	45	62	170	138	85	10	116	237	
62	205	228	247	150	2	238	181	117	19	242	2	107	107	28	73	123	199	53	226	248	248	13	237	190	223	222	192	231	251	240	8	
34	156	48	155	223	197	184	239	30	9	88	19	172	254	40	64	221	59	179	129	34	154	90	247	45	22	158	235	17	12	181	219	
95	201	228	247	182	146	254	188	247	208	86	130	249	111	157	99	55	247	61	207	210	216	111	253	238	251	239	192	39	183	209	89	
32	159	90	238	114	131	86	244	4	12	120	229	119	251	160	80	222	122	7	98	200	170	72	63	234	229	36	136	124	186	230	155	
34	184	32	152	221	205	176	207	158	125	80	25	172	220	118	0	201	27	211	17	54	106	210	215	31	22	159	111	209	12	151	222	
3	137	7	141	16	134	170	246	44	73	74	199	177	226	48	64	124	107	59	205	195	152	23	125	36	46	170	128	28	130	177	152	
222	216	244	247	46	26	94	184	187	210	183	163	239	127	221	111	55	245	253	239	232	69	175	236	234	251	239	146	167	183	65	89	
188	91	95	238	56	3	87	240	132	200	248	237	119	211	161	16	94	240	68	98	201	163	72	61	224	225	37	152	120	187	98	25	
1	141	43	255	116	194	231	182	84	72	90	98	243	112	176	96	88	106	22	107	233	184	100	63	100	174	166	128	92	250	240	169	
34	181	160	192	253	87	148	111	27	251	152	63	44	188	70	32	141	159	247	145	250	107	243	222	59	30	29	255	81	76	150	223	
51	205	10	172	30	131	158	103	212	36	200	131	167	200	50	64	250	171	27	229	76	187	4	191	240	101	138	57	117	30	185	202	
93	77	110	231	38	18	127	184	117	194	214	130	251	111	155	99	118	245	125	238	232	193	173	172	226	235	239	144	39	247	97	105	
58	205	98	172	95	195	95	103	149	4	200	139	45	199	50	68	122	233	131	231	72	139	18	255	241	100	138	27	55	62	180	234	
17	201	111	175	34	2	47	176	44	192	94	198	245	102	178	96	118	229	63	239	193	152	45	109	244	175	239	128	45	162	33	121	
184	205	110	238	212	146	238	245	213	0	254	2	123	105	176	65	120	230	23	234	248	187	45	191	250	239	167	192	119	186	240	136	
217	201	126	238	42	26	127	189	97	194	246	130	123	103	147	115	54	244	125	238	233	209	173	236	242	235	103	128	39	178	224	105	
217	221	127	239	178	2	127	181	37	192	222	162	255	103	178	101	118	247	61	238	249	153	45	237	250	235	175	128	54	178	161	121	
24	205	102	239	148	130	78	253	229	128	254	2	123	107	48	65	122	230	63	234	248	169	9	189	250	235	231	208	55	186	240	8	
162	184	48	216	125	213	144	231	159	93	212	59	172	158	102	36	207	59	183	17	150	42	114	247	15	94	154	251	22	12	157	223	
15	249	236	215	190	152	255	188	206	81	94	162	249	239	222	98	38	115	255	223	210	216	239	253	110	75	175	192	55	183	209	249	
61	104	232	71	102	59	239	216	115	226	54	138	91	109	223	62	63	220	87	254	141	246	237	170	94	79	37	180	231	255	82	229	
105	223	119	71	100	26	103	180	105	232	126	108	123	112	151	246	54	228	108	110	197	176	173	109	54	251	101	128	110	182	74	13	
2	177	176	217	253	253	184	143	31	121	56	57	140	190	108	120	167	27	255	17	178	120	115	215	15	30	31	239	208	76	133	223	
2	176	176	209	255	253	184	79	31	125	28	59	172	190	78	12	135	27	247	17	22	120	242	215	15	86	30	255	150	12	135	223	
109	123	226	71	100	26	230	176	105	236	254	236	107	104	151	182	30	228	100	111	205	178	237	168	54	121	101	144	111	255	90	221	
2	180	182	209	251	253	184	71	191	255	29	59	140	191	78	10	167	27	255	145	54	88	178	210	15	86	95	239	134	68	135	215	
252	104	226	103	70	26	110	220	113	162	246	10	91	233	221	62	58	236	117	234	200	247	173	234	118	239	229	180	231	243	98	128	
47	122	225	7	108	27	206	216	67	238	188	239	203	76	215	190	30	236	214	127	205	114	237	168	38	93	165	180	239	255	90	213	
