香奈儿可可小姐唇露	756 - 辣椒色	https://i.chanel.cn/fnbv3/image/full/shades/rouge-coco-gloss--756--55g.0156756_S.jpg	https://i.chanel.cn/fnbv3/image/full/chanel__com_type1/skus_full/rouge-coco-gloss--756--55g.3145891567564.jpg
29	82	146	103	51	158	111	144	117	72	119	68	223	211	139	244	54	108	172	126	175	144	45	142	162	255	38	128	42	183	41	37	
2	133	98	201	212	163	170	103	92	65	90	2	40	42	52	96	123	11	19	145	146	184	5	223	60	12	154	192	149	12	241	204	
3	181	98	203	246	177	186	103	31	73	92	163	172	190	180	100	223	59	147	149	150	184	36	223	46	28	154	234	151	206	241	221	
130	221	50	155	245	213	188	231	158	89	88	51	172	190	38	64	231	59	179	17	242	152	50	247	45	22	30	235	144	92	165	223	
2	253	50	155	211	213	180	231	159	93	88	51	172	254	102	64	237	59	147	145	118	152	50	247	47	22	158	235	144	92	165	223	
34	185	50	200	245	197	186	231	79	73	120	43	44	156	118	0	220	59	151	145	150	58	18	245	63	28	158	235	213	14	183	219	
34	185	160	152	223	193	178	199	10	69	72	139	172	140	118	0	201	59	147	209	22	58	210	241	61	20	158	107	213	14	151	222	
118	125	228	198	207	117	222	254	137	238	188	175	106	124	87	7	204	247	215	227	204	99	254	234	63	88	205	187	103	127	86	223	
27	159	67	143	86	178	175	118	53	192	90	231	121	110	182	228	126	239	23	239	197	153	45	255	52	46	170	128	63	230	177	253	
214	62	198	148	226	50	186	81	185	198	211	247	76	238	167	223	230	253	255	183	180	215	132	202	28	50	235	130	173	103	41	213	
246	176	246	224	231	123	240	73	235	191	183	59	78	189	76	31	187	149	239	50	60	119	137	208	155	218	69	247	199	111	206	7	
56	65	98	236	20	18	78	117	69	128	254	2	91	201	176	80	120	172	23	234	216	179	36	140	242	237	162	128	119	190	240	0	
34	33	116	141	236	139	184	71	79	161	248	18	172	138	84	0	238	47	119	145	144	250	65	208	20	24	154	242	20	8	129	137	
130	157	54	156	249	196	188	231	191	95	88	55	172	190	38	64	231	123	179	193	242	137	18	255	45	54	158	139	144	92	165	219	
23	30	198	145	178	178	170	83	188	195	83	247	105	170	183	204	119	43	183	149	181	221	4	238	28	46	186	194	175	229	41	149	
118	56	27	248	41	237	17	66	175	181	168	24	142	183	97	88	233	49	235	16	26	75	178	240	217	213	27	123	144	65	7	34	
131	152	19	185	116	180	184	19	190	89	82	117	188	154	182	232	231	43	55	157	183	156	18	215	4	62	186	194	156	4	41	221	
179	134	206	189	20	2	104	127	52	195	210	215	33	35	146	64	125	172	63	173	173	218	197	207	220	46	250	128	173	164	120	216	
95	219	46	190	47	157	190	232	207	220	214	167	236	200	63	67	254	225	255	231	196	35	223	253	242	115	207	155	95	63	57	87	
34	221	34	158	223	209	190	230	159	68	220	167	44	252	55	196	234	123	147	195	102	171	62	255	55	54	158	139	23	93	61	222	
130	221	178	153	245	172	188	167	190	91	90	49	172	190	32	64	231	59	179	1	242	216	18	247	45	54	158	194	20	92	165	219	
122	1	98	232	126	19	248	113	101	64	255	139	11	143	180	96	110	133	95	237	216	171	37	196	210	249	170	220	39	142	112	65	
78	219	46	190	175	149	191	236	143	158	150	167	236	232	51	67	238	99	251	199	196	109	11	253	254	115	207	155	22	63	61	207	
37	85	97	69	116	31	235	112	93	232	120	70	80	48	149	164	126	72	18	110	193	176	117	206	36	30	161	128	79	186	82	165	
0	125	122	117	180	206	125	55	121	205	126	52	183	55	130	48	132	62	85	24	241	248	241	46	231	191	52	128	200	128	198	249	
40	185	122	105	244	207	103	117	97	13	125	8	51	21	128	48	28	186	5	88	154	186	112	29	239	237	32	96	226	130	198	171	
3	136	197	185	116	154	232	23	126	73	82	215	189	8	144	232	106	44	54	157	167	188	69	215	132	62	186	192	156	140	89	156	
126	67	170	172	47	6	95	232	169	140	222	175	206	207	51	66	254	237	255	231	204	3	138	200	243	117	207	159	23	63	54	67	
56	117	120	96	112	205	83	80	97	168	124	8	27	151	65	16	158	152	85	122	202	50	240	26	243	205	37	61	96	147	78	51	
187	17	106	224	118	18	91	113	101	64	255	166	27	15	182	112	126	157	151	238	201	179	37	204	242	233	162	196	103	142	112	113	
72	156	186	254	241	236	125	151	185	93	126	21	188	151	34	120	164	59	23	8	146	137	178	231	231	255	58	203	128	192	167	251	
43	55	98	137	212	183	234	115	71	105	90	198	33	136	182	164	124	170	18	253	151	186	85	223	62	12	170	224	255	142	120	156	
2	185	50	217	229	252	184	7	175	89	120	49	172	158	116	106	174	59	215	17	146	56	178	209	15	56	26	203	196	4	135	223	
122	65	98	232	110	19	216	113	37	64	244	138	9	15	180	116	110	149	223	236	200	163	101	204	242	249	170	152	55	142	114	208	
47	111	66	78	85	151	238	248	87	200	249	206	104	200	191	164	124	232	134	238	205	178	12	255	54	28	133	142	127	191	122	132	
1	128	241	89	116	155	233	23	126	97	114	80	187	8	148	236	107	46	38	24	179	188	101	223	12	190	50	64	212	136	81	173	
66	60	158	188	75	232	49	198	190	182	70	163	172	191	99	75	163	127	235	145	2	221	130	241	221	51	90	139	132	69	37	203	
2	153	178	154	235	212	176	199	191	93	116	19	172	222	110	73	231	59	179	145	86	75	178	241	31	16	94	107	146	4	165	223	
72	188	183	241	169	236	117	151	187	219	166	17	190	191	64	219	165	119	253	16	50	77	146	224	207	251	86	67	194	68	135	91	
26	157	58	184	211	225	185	103	159	69	72	179	44	191	34	64	239	187	147	145	22	155	2	215	219	87	154	203	183	4	165	218	
126	113	187	226	59	83	27	200	171	236	189	169	79	223	105	50	254	253	255	242	8	131	170	200	251	213	15	191	163	51	39	115	
60	113	123	100	119	91	87	216	97	224	255	42	91	223	73	48	58	252	213	242	73	179	184	140	243	205	37	165	111	187	102	243	
39	239	98	26	119	145	142	236	95	68	125	239	104	232	191	132	94	235	147	231	198	58	78	255	62	28	143	171	95	159	122	205	
61	117	99	76	84	15	71	248	71	224	253	78	115	241	181	180	88	236	22	110	201	178	253	31	54	44	37	60	127	187	114	164	
185	12	106	222	84	179	235	112	84	194	223	130	113	237	183	101	122	236	23	239	169	183	44	191	114	239	163	128	119	251	112	224	
236	80	58	254	104	69	149	124	132	94	213	56	252	213	171	123	220	84	255	106	224	103	250	10	83	225	98	189	82	187	55	243	
187	81	122	228	54	19	223	112	101	96	246	170	27	31	182	52	126	157	159	238	200	167	37	204	242	233	170	144	103	158	114	249	
130	141	150	157	244	171	44	39	62	51	90	16	172	42	0	64	231	47	59	128	114	220	65	215	44	54	222	192	132	64	161	136	
194	205	150	157	240	169	60	167	62	19	90	16	172	162	0	64	231	59	59	128	114	220	67	247	44	54	94	194	4	80	161	137	
157	180	60	115	131	255	113	25	119	123	71	18	219	31	74	237	113	158	191	152	187	220	121	146	207	235	240	71	179	196	212	243	
217	159	118	127	177	158	94	191	117	78	238	20	111	99	174	244	183	230	204	44	253	141	41	255	170	255	20	83	122	196	200	77	
57	69	107	108	214	2	239	117	84	192	254	130	113	237	177	96	126	236	23	238	201	179	36	14	114	237	165	128	103	186	240	240	
29	70	64	11	165	251	97	144	118	102	111	164	203	0	154	228	91	14	174	10	15	176	109	56	166	235	162	1	118	223	92	196	
29	70	18	115	49	159	106	144	117	8	119	68	207	67	139	244	54	108	164	126	167	144	45	138	230	255	36	128	42	151	9	133	
151	12	231	159	70	162	175	82	52	194	83	198	121	238	183	109	126	237	55	207	165	213	47	238	20	46	235	128	61	245	49	253	
203	185	244	211	174	152	191	183	235	93	30	180	189	126	222	231	167	87	253	223	247	72	175	243	238	95	127	238	142	214	143	125	
77	64	209	229	96	8	109	24	49	242	119	208	223	3	209	255	119	221	60	174	201	212	237	192	196	248	227	164	46	241	3	33	
61	69	99	205	84	31	238	248	117	232	126	70	91	121	189	244	120	204	22	238	201	178	125	206	54	108	167	128	111	191	112	164	
55	98	226	130	79	25	238	72	91	231	117	175	72	200	255	172	123	200	130	255	206	118	236	194	22	28	133	175	239	255	122	196	
77	82	209	197	98	8	109	24	43	226	117	236	221	23	201	254	55	220	118	46	193	84	229	192	70	248	99	172	46	243	67	177	
79	189	245	211	186	180	187	151	175	253	30	246	253	126	222	230	39	87	255	157	147	72	175	225	110	95	255	230	142	214	133	117	
2	157	150	153	244	172	188	39	62	27	90	48	172	190	0	72	231	43	51	17	50	216	67	215	44	54	158	194	148	72	129	137	
59	1	114	225	116	153	248	80	109	65	254	138	143	13	182	100	238	153	95	217	142	187	101	192	214	249	170	210	119	142	113	197	
37	101	97	73	116	79	239	120	84	104	125	74	19	17	189	52	90	136	22	110	233	178	124	30	100	12	165	132	127	187	80	225	
93	94	242	87	49	150	107	178	117	205	255	68	123	115	166	244	116	238	172	78	173	152	45	175	226	255	32	128	170	183	104	37	
56	153	106	220	197	86	118	117	85	12	246	2	106	185	52	112	120	254	179	226	88	187	17	189	115	239	210	11	115	42	244	170	
2	187	226	155	246	147	190	199	31	69	90	183	44	238	182	64	255	187	147	149	246	154	46	255	62	30	158	235	21	92	181	221	
50	191	130	184	215	233	2	71	123	13	232	47	34	162	102	144	249	171	198	145	30	187	208	115	184	20	22	123	217	76	238	206	
2	140	2	156	20	162	42	99	52	1	91	18	104	226	32	64	120	43	34	128	48	152	0	223	32	38	138	128	20	74	176	136	
38	96	98	154	95	243	186	200	95	229	93	159	72	204	127	8	251	169	163	149	134	55	62	210	31	20	143	111	213	31	124	214	
244	80	111	198	12	70	69	236	121	94	183	30	82	94	47	123	248	212	236	227	105	103	251	202	241	162	230	29	33	57	118	123	
40	126	154	238	125	199	215	86	209	142	252	109	102	253	167	20	216	248	134	98	76	163	0	174	242	247	37	187	90	250	110	219	
25	220	23	249	179	151	127	254	23	9	86	114	191	55	160	229	119	90	183	88	43	216	59	191	235	207	54	192	186	152	169	187	
194	28	54	216	75	236	144	66	169	26	176	27	46	158	37	27	237	49	223	19	34	103	146	226	145	184	90	27	64	69	39	91	
98	255	100	198	239	93	222	254	137	254	188	175	106	60	215	19	204	247	255	231	204	107	250	235	55	88	205	187	79	126	214	223	
26	253	147	185	147	199	57	223	22	49	68	210	157	151	96	164	63	59	147	145	51	216	16	151	233	199	159	230	190	92	165	187	
55	18	46	140	76	22	248	88	140	192	213	79	17	136	119	75	236	133	123	175	140	35	150	200	83	9	203	60	29	171	120	208	
172	60	171	243	79	124	179	82	240	254	223	26	153	247	67	43	105	252	219	154	49	118	248	162	85	193	251	45	163	105	55	242	
131	48	172	177	70	181	184	2	30	115	66	151	157	14	86	233	231	13	179	149	151	220	85	192	141	203	218	68	140	12	57	208	
53	0	107	67	84	3	235	88	84	224	247	66	81	0	189	36	120	140	22	238	137	182	109	78	20	12	162	132	101	171	112	228	
53	77	67	14	84	146	206	112	197	192	249	198	113	200	181	229	120	232	22	239	205	163	44	236	48	40	163	136	127	191	120	148	
137	160	189	251	236	249	61	191	30	87	69	144	157	231	234	239	7	27	178	24	115	92	123	211	207	211	126	97	150	204	141	249	
56	75	170	76	85	86	231	85	112	140	246	2	121	249	181	96	248	236	23	234	200	179	176	170	115	239	166	129	99	58	246	171	
32	141	2	154	148	163	166	231	22	1	88	2	96	232	48	64	89	106	2	81	18	186	8	255	40	4	135	96	149	90	176	136	
13	25	147	251	161	148	47	146	22	24	86	70	189	215	161	237	101	123	54	202	195	152	59	177	197	227	190	128	58	185	33	185	
177	39	245	69	118	27	210	124	123	236	242	110	75	40	148	52	190	204	102	108	236	250	109	142	62	254	101	19	103	174	74	141	
157	156	147	241	179	246	91	151	55	77	222	20	207	243	162	228	247	171	140	152	191	153	57	255	171	255	7	195	186	196	169	117	
118	85	235	236	86	66	95	120	7	164	218	163	89	255	49	96	126	253	55	227	200	147	61	206	251	239	175	132	165	251	52	114	
90	51	90	88	58	153	26	72	171	4	180	168	174	223	165	144	182	185	204	96	4	35	130	221	146	209	3	59	82	2	15	19	
50	191	19	184	185	235	18	79	151	109	184	109	38	236	38	145	220	187	206	17	63	43	80	191	184	212	33	251	216	76	174	95	
185	39	116	71	119	31	114	52	125	104	118	98	75	24	150	245	126	140	230	104	236	248	101	236	38	251	33	3	111	142	74	173	
86	1	144	6	137	108	148	11	171	181	139	9	206	184	68	78	129	119	233	17	26	105	219	192	137	116	94	91	128	102	141	38	
21	85	19	174	138	2	14	248	4	128	217	230	85	227	169	192	122	221	63	234	73	131	27	120	176	164	175	140	61	115	33	129	
171	182	189	187	237	205	189	255	154	95	20	127	188	255	74	139	143	19	247	17	243	110	234	209	77	19	126	238	208	72	135	251	
157	76	231	222	86	162	239	242	84	194	94	198	113	237	179	100	127	238	23	239	233	151	44	239	112	46	235	128	47	255	112	248	
53	77	107	206	84	2	79	240	193	192	255	66	83	193	181	117	120	236	22	234	201	179	44	44	112	168	161	128	119	187	112	160	
59	119	227	204	83	83	63	88	55	224	92	231	88	215	183	244	126	253	151	238	201	146	188	222	119	60	139	170	63	183	54	245	
3	168	164	217	45	157	184	134	206	240	82	2	188	156	116	102	203	123	59	157	135	120	246	241	13	26	159	106	21	12	81	174	
53	247	5	171	188	67	143	248	30	250	216	230	215	197	249	33	95	88	22	251	235	51	79	62	188	4	175	188	92	123	145	177	
6	208	146	155	229	173	184	200	158	25	81	50	204	222	40	72	247	25	179	83	18	148	10	241	5	54	154	206	148	15	161	131	
214	64	229	247	15	66	77	172	57	214	179	146	107	79	29	127	122	197	125	234	108	68	255	232	183	251	213	141	39	245	116	110	
59	51	99	76	251	119	19	91	67	236	252	239	74	221	230	180	220	222	151	76	143	59	248	159	123	93	33	255	123	174	126	247	
184	76	98	238	84	131	74	120	85	128	255	2	107	201	53	80	120	168	23	234	232	183	8	159	242	237	129	144	119	170	114	128	
247	183	241	68	254	11	199	252	123	238	248	239	66	104	212	17	191	205	70	103	233	115	237	94	60	30	37	190	109	250	98	213	
130	180	146	145	197	237	176	67	190	19	65	18	140	158	104	73	225	27	179	17	50	124	146	211	5	22	90	107	144	72	165	147	
74	17	135	156	141	244	20	47	135	87	202	19	236	254	42	238	201	119	234	129	29	75	243	225	147	119	222	27	146	108	188	86	
62	117	112	239	53	126	222	216	109	172	255	11	75	95	31	180	254	221	149	227	140	176	253	202	243	253	143	167	231	255	126	87	
178	154	106	85	118	218	177	87	127	77	118	243	105	156	182	8	62	63	183	145	182	188	36	207	70	46	48	195	231	132	116	223	
188	120	190	255	41	119	89	88	151	186	118	48	127	223	97	122	151	125	245	18	136	215	187	176	195	251	113	171	210	233	36	187	
58	1	114	225	54	57	250	80	109	0	255	2	15	11	180	96	110	137	31	249	138	179	101	196	210	221	170	208	103	142	113	129	
159	12	227	159	194	178	171	81	52	194	83	214	89	230	183	237	119	237	55	159	181	213	173	202	20	46	235	128	175	231	49	245	
230	178	214	128	239	107	176	65	175	191	177	59	204	250	204	11	175	29	239	49	48	119	136	208	28	18	111	239	192	106	135	131	
27	83	46	142	47	151	158	104	205	204	222	175	236	216	55	192	254	229	255	231	196	35	30	253	242	113	143	155	95	62	57	87	
3	148	51	153	83	228	185	87	188	73	74	20	188	190	36	100	231	59	19	17	147	152	50	215	141	54	26	202	152	4	161	255	
35	2	204	189	20	130	104	51	52	99	82	215	177	35	146	64	108	172	63	141	173	156	69	207	204	46	186	192	45	140	120	152	
2	221	50	158	223	213	190	231	158	76	88	131	172	254	38	64	239	123	147	193	102	139	58	255	61	54	158	171	21	92	181	223	
250	1	98	232	92	3	202	81	101	0	255	10	11	11	52	80	106	133	95	249	216	171	69	204	146	249	130	220	39	142	112	128	
126	83	106	172	63	6	95	104	137	140	222	175	79	239	51	80	254	229	223	231	204	131	168	204	242	245	139	159	55	63	62	87	
206	54	214	145	226	170	184	81	188	211	83	247	204	238	226	219	167	61	231	151	180	213	142	192	28	2	111	199	172	102	171	149	
2	221	50	159	255	197	188	231	158	91	88	19	172	254	36	64	231	123	179	129	114	152	18	247	45	54	30	203	16	92	165	219	
2	148	59	217	87	228	177	87	254	73	78	18	188	190	36	100	231	59	19	16	179	152	50	215	77	62	26	74	144	0	165	191	
1	8	179	185	116	186	232	19	124	73	82	84	189	8	176	232	195	47	54	29	183	188	101	215	132	62	186	192	140	136	89	237	
27	221	82	255	51	214	82	182	55	9	198	38	251	55	163	228	119	250	188	200	239	152	121	255	227	255	144	131	58	149	40	63	
250	65	98	232	14	19	202	113	5	0	244	138	11	15	180	112	110	133	95	234	200	167	101	204	178	249	170	152	55	142	114	140	
129	138	115	89	116	173	233	51	124	9	118	80	189	3	148	108	195	42	38	24	179	188	97	215	12	190	50	64	192	136	65	169	
214	182	246	224	239	107	176	65	171	191	179	59	78	185	76	11	191	21	239	49	50	119	136	208	31	18	127	247	197	78	199	131	
45	253	67	78	85	159	70	248	87	232	248	78	122	208	181	180	88	232	22	110	201	178	252	255	54	60	5	44	127	191	122	164	
199	54	195	145	226	34	172	81	60	195	83	247	205	238	254	207	119	45	55	189	181	212	133	194	28	34	239	196	173	230	177	213	
151	4	235	157	214	50	237	81	116	195	87	214	89	238	183	109	127	237	55	189	181	212	37	202	28	47	239	128	173	238	177	245	
147	203	74	188	126	145	188	103	140	68	218	231	44	138	178	192	110	43	159	197	198	137	6	253	176	97	186	139	61	156	185	221	
126	121	123	234	59	211	91	200	173	232	189	168	127	223	107	48	254	253	221	242	73	3	168	232	251	213	15	59	99	51	39	115	
60	117	123	100	118	87	87	240	65	224	253	46	91	95	185	48	126	252	151	234	201	179	56	140	243	205	37	5	111	187	102	243	
98	63	228	198	255	125	158	246	137	238	188	175	104	124	87	34	207	247	247	227	236	107	232	238	63	94	205	187	199	126	86	223	
154	221	19	251	147	215	91	246	23	33	206	130	47	55	33	228	119	251	157	208	107	152	57	191	171	247	158	19	62	157	44	122	
34	239	96	154	215	209	190	238	31	5	88	163	40	236	54	0	223	107	131	215	198	58	78	255	62	20	159	235	85	30	191	206	
74	188	151	178	137	252	52	199	191	219	38	16	172	191	96	223	161	119	251	16	51	201	146	225	143	242	94	75	130	68	175	63	
47	199	71	9	85	23	174	232	95	232	88	198	72	104	181	164	120	8	146	239	229	178	125	222	44	30	143	166	95	46	121	156	
130	249	50	154	75	209	176	207	159	85	64	179	44	222	102	72	239	59	147	209	86	15	58	243	31	16	158	107	17	4	165	222	
57	69	107	76	212	2	239	117	84	192	255	66	81	233	180	97	122	236	23	238	233	179	36	14	114	173	167	128	119	186	240	224	
2	185	50	219	229	140	184	7	175	25	120	49	172	158	100	72	239	59	151	17	146	56	146	241	13	56	26	202	208	4	129	155	
34	110	226	154	119	177	186	74	31	13	89	239	40	200	182	132	221	169	147	149	134	178	78	255	54	20	139	171	151	143	124	197	
26	221	58	250	219	212	21	246	191	93	204	17	60	255	34	208	231	123	155	145	86	11	50	247	251	247	30	75	146	20	173	219	
33	117	121	97	116	79	111	112	112	172	124	104	19	23	144	48	62	152	6	106	233	178	100	14	103	141	37	160	97	170	70	161	
23	30	195	157	146	178	170	115	60	195	91	247	109	234	182	228	119	175	55	141	181	153	5	206	60	46	170	192	175	228	185	213	
33	177	115	73	244	207	227	81	99	13	125	64	51	21	156	52	90	154	6	88	147	184	116	93	111	156	32	64	231	139	198	169	
8	61	58	119	240	204	125	54	248	205	126	0	191	181	2	48	132	122	85	88	208	184	176	46	231	255	52	64	192	144	207	251	
43	71	66	15	117	23	174	104	93	232	91	198	104	136	182	164	250	76	146	239	197	178	85	222	54	28	139	130	95	14	121	148	
70	185	190	241	251	233	49	67	174	53	86	51	140	151	96	88	163	63	239	16	18	217	162	240	221	225	59	195	128	1	167	227	
34	161	22	137	236	137	184	103	13	57	122	18	172	138	84	64	206	43	119	17	18	184	65	192	4	24	26	194	20	8	129	137	
56	69	98	236	212	18	78	117	69	0	254	2	91	233	176	80	120	172	23	234	216	179	36	142	242	237	162	128	119	186	240	128	
29	74	86	83	49	159	111	208	117	78	118	100	207	194	179	253	55	108	140	78	237	240	45	174	134	255	37	132	234	247	104	69	
99	255	228	198	237	29	254	247	169	254	184	175	234	124	94	19	143	247	223	103	236	107	250	239	63	28	205	186	69	126	214	223	
156	60	174	243	133	125	113	82	247	255	87	18	155	247	75	111	105	154	255	154	187	116	251	130	207	219	243	229	163	101	101	243	
49	118	101	101	116	11	206	124	127	232	250	239	83	40	148	16	254	205	102	101	205	242	77	78	60	174	101	144	109	170	98	157	
39	98	226	12	79	83	254	200	91	238	245	175	72	200	255	28	248	232	194	231	204	247	174	194	22	28	133	175	71	191	126	198	
253	66	194	197	71	26	110	112	113	162	247	202	75	3	213	254	122	204	182	238	201	246	229	194	22	248	195	132	111	183	106	164	
154	148	240	115	133	255	117	31	127	119	231	16	202	255	78	125	113	158	189	16	58	212	123	215	207	223	214	87	178	204	196	118	
166	115	226	142	79	83	246	200	217	228	245	143	72	204	127	14	248	237	131	231	204	115	190	192	19	16	207	47	87	63	126	214	
2	253	50	155	211	197	190	239	30	69	72	179	172	254	38	64	239	123	147	145	118	24	26	255	45	22	158	107	21	92	165	222	
255	64	81	197	103	26	110	120	121	162	119	206	89	3	213	255	126	196	54	238	193	214	181	200	22	248	195	164	47	183	106	37	
207	189	244	211	190	144	187	191	191	241	30	182	253	255	222	230	167	115	255	221	247	72	175	247	110	95	175	238	166	196	129	125	
2	141	22	153	244	172	188	167	62	27	90	16	172	186	32	64	199	59	51	1	114	216	3	247	44	54	158	194	144	72	129	137	
26	253	3	243	147	215	91	246	23	101	206	146	47	55	32	196	119	251	157	145	123	153	49	255	187	215	158	83	182	92	188	122	
18	174	238	188	250	208	188	230	190	151	214	179	44	174	166	66	103	251	175	129	118	219	134	255	248	35	254	203	53	84	173	207	
3	95	194	157	246	146	174	246	29	194	90	231	233	232	183	196	127	111	183	199	165	152	4	239	44	54	175	128	47	252	57	157	
49	147	117	69	116	31	242	176	117	104	250	102	75	9	156	112	126	140	102	238	204	178	101	204	38	254	33	0	111	138	98	141	
90	169	90	184	27	209	58	72	171	20	164	137	173	206	70	82	34	177	233	196	6	67	158	213	219	209	11	57	2	4	47	198	
244	82	191	198	108	70	215	220	48	222	181	62	82	87	143	123	253	212	255	227	233	103	251	66	209	171	255	156	65	123	118	243	
38	248	162	154	95	213	186	200	158	231	81	171	44	220	119	8	221	121	147	211	6	54	58	243	29	20	143	235	213	31	55	214	
47	79	98	206	117	151	238	248	85	200	124	198	104	232	181	228	120	236	150	238	205	178	52	238	54	124	135	138	127	190	120	132	
138	196	176	251	165	121	125	159	95	119	68	16	175	247	106	237	147	27	191	24	50	220	123	211	203	223	86	103	150	220	133	254	
75	253	248	211	190	152	254	183	251	115	30	167	253	254	222	98	167	91	253	223	214	92	175	243	238	93	63	238	38	150	131	125	
56	155	26	232	237	199	84	119	5	13	254	111	42	189	38	192	216	186	167	64	92	187	66	189	123	245	224	219	91	10	252	155	
130	180	146	153	195	225	180	199	62	23	64	19	140	190	104	72	235	27	163	145	50	94	146	211	13	22	30	111	144	84	165	146	
30	141	246	243	246	50	254	151	61	19	126	146	105	47	189	111	111	199	55	152	184	248	45	224	46	255	222	192	167	253	241	136	
154	212	54	252	203	208	180	103	156	19	68	51	44	191	36	203	227	51	179	129	114	205	18	215	115	99	94	11	19	84	173	138	
59	191	10	152	211	249	177	199	254	77	252	191	174	166	38	148	233	171	206	145	63	171	52	253	188	5	62	251	219	76	175	223	
181	64	107	71	84	3	239	88	84	192	247	66	83	64	189	32	120	236	22	234	137	182	45	14	112	12	161	132	117	187	112	224	
181	77	67	78	196	178	206	240	196	192	248	70	115	232	181	229	120	234	22	239	205	179	44	44	48	40	163	136	125	251	112	164	
89	207	242	95	181	150	95	182	127	77	246	4	106	106	183	244	247	238	172	76	238	233	37	239	226	255	16	195	122	149	108	109	
46	239	243	206	255	145	110	248	71	136	124	98	104	251	253	228	123	250	183	202	194	50	142	255	62	60	135	235	55	190	116	165	
138	182	180	185	239	253	177	255	30	127	92	58	188	191	74	175	143	27	183	17	178	124	251	147	207	211	126	239	146	76	141	251	
163	233	106	222	83	149	190	232	31	192	124	142	104	222	182	180	255	235	147	205	231	26	190	251	62	29	139	171	31	150	107	244	
56	155	58	76	245	214	215	117	68	12	254	102	48	249	164	96	216	190	183	72	216	187	162	189	115	237	162	203	91	10	252	187	
134	121	146	154	236	161	190	200	158	24	89	162	140	222	105	73	255	91	51	211	82	80	10	241	4	16	79	238	148	91	161	129	
159	60	199	151	146	178	170	82	60	194	83	247	93	230	179	237	119	109	183	159	181	213	175	234	28	110	239	128	175	229	41	213	
185	69	106	228	118	18	79	113	85	64	247	130	91	13	178	113	126	156	21	238	233	183	37	142	242	233	160	132	103	186	112	241	
53	12	235	222	84	162	239	114	213	194	223	2	113	233	181	96	122	236	23	175	169	183	44	175	114	46	163	128	55	251	112	224	
219	157	51	216	177	246	95	183	255	207	190	52	110	246	166	244	245	179	156	152	191	201	49	255	187	255	23	211	146	68	172	119	
90	97	90	232	42	153	152	72	169	4	181	169	142	206	38	16	182	49	206	96	68	35	130	220	210	209	10	59	80	130	15	2	
28	22	102	83	161	251	119	148	119	102	119	165	203	228	151	253	115	236	172	78	143	240	109	188	166	251	5	133	230	255	92	212	
53	247	5	165	190	75	143	248	6	226	152	238	215	100	145	160	127	204	94	111	201	179	109	28	188	134	175	180	117	251	17	241	
122	249	142	152	157	212	16	143	167	85	142	19	168	254	102	194	193	215	233	209	95	75	243	225	187	113	158	91	130	12	188	94	
34	207	98	158	215	210	190	230	157	196	216	163	104	236	54	196	250	235	147	199	228	155	46	239	58	54	142	139	23	62	61	222	
164	160	156	187	237	233	145	205	142	63	177	56	206	248	104	11	217	27	238	49	50	103	202	209	157	146	127	127	208	74	207	131	
118	209	101	229	15	70	79	184	97	254	183	2	75	111	28	127	120	196	125	234	205	86	251	136	151	235	229	149	39	179	116	118	
43	54	107	74	114	243	187	88	91	77	124	236	60	204	246	180	31	59	151	28	135	50	174	251	46	29	41	170	94	142	11	245	
26	142	215	245	54	131	186	103	31	171	82	242	108	59	164	197	119	125	183	33	49	252	1	207	60	102	251	194	167	172	33	169	
53	77	103	78	212	162	239	240	197	194	250	66	115	225	181	100	120	226	22	234	201	163	44	174	48	172	167	136	119	251	112	168	
255	67	66	68	69	18	110	120	113	140	247	78	72	138	191	245	120	204	166	238	205	183	164	200	22	120	195	143	111	191	122	132	
147	90	78	188	6	146	190	114	157	198	210	231	41	202	183	193	110	225	191	199	236	143	6	238	50	99	234	139	45	181	57	93	
123	81	42	174	63	151	158	104	205	204	222	175	238	216	55	64	254	229	255	231	204	35	92	253	242	117	143	155	95	62	57	87	
57	5	106	225	118	50	107	83	85	192	127	130	27	13	183	96	126	140	23	189	185	176	101	142	242	237	162	132	231	207	112	225	
1	142	75	181	52	170	104	55	124	67	90	213	177	34	144	96	66	46	63	141	189	156	69	79	132	62	186	192	172	128	89	24	
151	12	227	223	150	178	239	81	117	195	223	214	89	230	181	236	127	236	55	157	185	149	45	206	56	46	175	128	167	231	240	244	
122	71	106	172	55	6	95	120	1	140	252	175	107	207	51	80	254	237	149	231	200	179	40	142	243	253	173	155	55	190	118	115	
98	189	102	212	253	29	190	231	137	235	184	155	236	252	22	50	175	247	247	37	240	107	248	239	63	30	207	186	69	126	211	223	
2	221	34	158	223	209	190	230	158	68	88	163	172	254	54	64	235	123	147	193	102	154	58	255	61	54	158	139	21	92	181	222	
2	221	50	159	247	197	188	231	158	11	88	19	172	254	32	64	231	123	179	129	114	152	18	255	45	54	30	203	16	92	165	219	
1	158	59	217	52	172	185	55	252	73	94	80	188	179	180	100	167	59	30	9	179	184	48	215	13	190	50	194	136	0	225	169	
34	239	98	159	223	209	190	238	94	69	88	163	40	236	54	0	219	107	131	199	230	58	110	255	62	22	159	235	85	30	253	206	
151	178	195	147	210	178	168	83	62	227	83	247	205	230	234	205	119	45	183	149	181	212	140	194	156	102	255	198	175	230	171	213	
1	158	59	89	48	172	249	55	252	9	126	84	188	179	32	96	165	58	6	8	179	184	48	95	79	191	50	64	216	128	225	171	
35	239	66	94	117	159	230	236	95	200	124	78	104	200	191	180	216	234	146	110	199	58	94	255	62	28	133	171	95	190	90	140	
26	220	82	223	19	215	94	182	151	68	206	130	42	215	39	228	119	251	191	194	111	153	57	255	179	255	148	19	58	158	44	126	
124	121	123	238	51	211	87	240	33	192	252	42	127	223	33	48	250	249	221	226	73	131	56	174	243	221	5	59	123	179	102	115	
61	93	123	110	86	87	87	240	69	192	252	38	123	221	51	48	126	248	151	234	201	178	56	174	115	205	37	0	111	187	98	243	
146	14	206	189	242	146	190	246	156	134	90	231	173	174	183	192	111	239	183	133	228	216	4	239	44	39	190	129	45	244	57	221	
142	178	214	177	234	169	176	221	190	63	115	255	140	234	234	139	191	31	231	17	22	117	136	208	28	83	127	231	206	78	143	147	
34	239	96	155	215	209	190	239	30	69	88	163	168	236	54	0	219	123	147	213	118	58	110	255	47	22	159	235	85	30	189	222	
74	188	151	220	203	208	180	231	191	23	70	49	172	254	100	207	163	123	235	16	50	73	178	241	187	50	94	75	130	84	173	127	
98	252	228	212	255	93	190	238	153	238	184	175	104	124	23	34	207	247	215	231	224	107	224	239	63	62	143	187	197	124	214	223	
151	132	235	145	214	50	237	87	116	195	87	214	81	238	254	108	127	238	55	189	177	212	37	202	92	47	191	196	173	228	177	244	
33	103	113	65	116	91	239	112	117	232	120	98	80	17	156	180	122	136	18	106	225	178	101	222	36	30	165	128	95	170	82	165	
19	143	71	159	150	178	238	119	180	67	91	214	89	234	180	228	127	167	31	173	181	153	37	207	56	46	174	192	47	230	185	85	
47	116	194	73	117	191	226	90	95	73	121	78	8	200	183	164	120	136	146	29	135	178	84	222	54	28	131	230	223	207	122	148	
8	253	58	118	177	220	119	246	253	77	126	1	190	255	34	48	164	123	221	72	210	169	50	111	227	255	52	11	66	16	239	219	
58	157	50	186	27	209	30	226	151	85	204	163	44	255	35	192	235	251	155	195	78	11	58	255	251	245	142	187	55	6	45	218	
27	111	102	93	177	254	95	242	125	78	126	5	42	236	183	244	246	234	172	14	175	184	39	239	226	127	20	131	106	213	108	93	
166	99	98	28	77	83	182	104	217	204	245	171	72	204	255	21	248	236	131	231	204	243	174	200	50	56	197	171	71	63	126	214	
2	137	18	153	228	137	188	103	173	25	122	18	172	138	20	64	238	43	27	129	82	152	66	245	36	56	154	194	20	8	145	137	
56	197	106	236	212	146	78	119	69	0	254	2	91	105	176	80	120	174	23	234	248	187	37	142	242	237	166	192	119	154	240	136	
38	123	98	158	79	213	190	224	137	196	249	143	40	252	119	3	204	249	147	231	196	163	186	232	51	16	207	171	85	63	118	214	
49	215	113	101	116	15	238	176	101	104	250	231	211	8	156	112	126	140	38	239	205	176	69	79	38	172	33	132	109	170	112	145	
75	189	244	215	190	144	190	191	175	241	30	163	237	255	212	102	167	119	255	157	214	72	174	255	46	94	159	234	7	132	129	93	
255	67	70	68	71	18	238	120	97	168	255	78	72	10	191	245	122	196	182	238	205	179	165	204	54	120	195	134	111	183	106	132	
53	12	235	206	212	162	207	115	85	194	255	66	113	233	181	100	120	230	23	170	185	179	44	238	114	46	163	128	231	235	112	160	
162	237	164	134	237	5	190	231	136	186	184	10	172	174	85	3	237	255	115	131	240	123	202	226	61	24	207	186	4	126	147	137	
18	170	94	177	178	202	49	71	190	61	87	179	141	151	162	64	39	63	175	16	50	217	2	87	220	231	58	199	164	0	165	195	
75	237	120	243	182	152	254	191	235	114	24	131	253	239	214	96	39	251	253	215	198	24	174	247	238	221	175	228	39	150	131	201	
168	178	156	187	239	251	177	207	158	63	117	49	140	247	234	74	243	31	238	48	50	117	234	209	220	209	127	247	144	74	141	195	
242	1	98	232	92	3	202	113	77	0	248	10	11	11	52	80	106	133	95	224	216	171	65	204	178	248	130	216	55	138	114	128	
74	184	150	208	137	221	52	199	191	155	166	24	174	190	102	254	161	115	251	16	22	105	146	241	155	210	86	123	202	84	143	31	
130	249	50	154	203	193	184	239	159	85	64	179	44	222	102	8	237	59	147	209	86	75	26	241	31	16	158	107	17	28	165	222	
58	15	34	190	31	145	158	104	159	4	220	175	108	204	54	196	254	235	143	231	78	3	14	255	178	85	143	187	23	47	61	198	
49	101	193	37	116	15	207	120	108	232	250	206	83	44	156	48	94	204	118	239	201	178	125	12	60	174	39	144	101	170	226	241	
27	189	182	216	177	247	93	39	191	205	190	49	174	254	38	252	197	187	223	16	190	203	97	223	187	223	30	211	146	68	172	127	
122	249	178	184	153	212	16	135	174	81	136	9	174	158	98	114	193	55	249	17	94	75	210	209	251	241	158	123	144	12	190	78	
90	249	2	184	25	205	112	226	175	80	160	9	174	223	66	82	168	177	233	193	78	75	210	253	211	209	139	59	67	4	39	90	
56	159	122	232	245	213	179	119	69	77	254	103	58	189	166	64	220	186	135	80	155	187	96	189	122	245	160	203	95	138	252	219	
124	90	191	228	44	70	87	248	201	254	183	108	90	255	167	123	220	212	253	98	201	231	169	232	209	187	227	148	64	59	118	115	
156	48	188	243	141	124	113	216	247	255	151	51	219	127	75	47	237	212	255	176	187	116	251	128	223	219	247	231	163	109	117	243	
188	128	116	115	36	26	92	57	125	18	183	16	203	75	156	59	155	128	125	42	248	100	107	133	194	251	97	212	119	163	192	1	
157	71	79	167	132	2	110	241	52	226	91	199	81	96	185	97	126	236	21	239	253	144	13	40	240	169	239	132	45	251	240	144	
11	189	105	91	118	153	187	217	94	64	92	230	185	204	214	36	63	107	151	157	135	184	110	255	110	13	175	168	95	142	83	245	
26	180	176	217	181	253	89	143	95	119	4	17	174	191	110	236	151	27	189	16	62	72	115	211	203	223	86	119	146	204	133	127	
53	231	193	165	180	11	207	252	70	224	218	206	215	100	144	164	126	204	94	110	201	178	109	30	188	134	165	180	53	250	16	168	
53	13	107	78	212	162	239	242	196	194	251	66	115	224	181	100	120	226	22	234	233	187	44	46	48	46	167	128	245	251	112	164	
146	158	87	197	118	162	170	119	61	11	90	246	101	35	164	68	119	255	23	169	177	156	5	207	52	38	170	194	45	170	33	61	
42	239	226	222	127	145	254	233	95	128	125	234	104	232	252	228	219	251	147	210	70	50	142	255	62	92	143	171	23	174	126	132	
52	95	63	236	60	79	87	116	205	204	246	229	119	221	163	99	206	244	93	98	233	163	97	172	227	251	101	154	104	187	116	123	
94	237	230	227	150	136	238	183	107	49	122	2	253	40	92	66	107	207	127	211	210	248	141	225	188	237	175	196	165	210	241	8	
6	248	146	155	223	197	186	198	30	17	64	2	172	222	97	8	227	123	147	211	66	92	154	243	45	22	159	107	144	29	165	154	
134	237	150	138	238	33	190	206	142	146	88	2	140	234	97	75	239	123	51	211	82	67	10	242	60	16	207	174	148	123	161	137	
249	83	67	204	69	30	100	120	117	234	247	78	75	131	165	253	120	204	174	234	201	183	245	200	150	250	192	12	43	191	120	53	
185	77	106	76	212	2	207	117	84	192	254	2	115	233	177	97	120	236	22	234	233	179	36	14	114	169	165	128	103	250	240	224	
166	121	178	154	111	193	190	192	158	196	80	171	44	220	103	8	219	123	147	211	66	70	154	251	53	20	159	171	21	63	55	218	
54	141	198	147	196	34	236	231	61	19	122	18	72	42	37	73	107	195	55	144	48	248	9	234	60	46	222	192	165	248	240	136	
186	65	98	236	20	3	78	113	69	32	241	10	11	11	53	80	122	141	95	226	200	167	4	206	178	233	138	184	119	154	114	0	
2	248	146	153	211	193	180	199	30	19	64	18	172	190	104	72	243	91	147	145	50	220	26	243	45	22	30	111	144	81	165	154	
27	237	34	190	23	147	190	233	94	68	220	3	104	218	62	160	251	107	147	199	198	186	62	255	234	95	139	43	23	22	123	206	
210	148	240	216	149	254	80	143	127	107	190	25	238	61	12	124	181	151	253	145	58	237	113	223	191	254	22	87	211	84	197	95	
56	4	98	236	212	51	206	127	85	3	254	18	75	233	181	64	120	168	23	168	184	183	37	142	50	239	130	128	247	250	240	128	
43	15	98	206	117	151	238	120	93	72	124	70	104	232	182	228	120	234	150	239	197	186	44	255	54	60	131	138	95	174	120	141	
18	31	102	95	181	222	222	242	127	76	254	165	42	188	183	116	230	239	191	71	230	185	55	255	55	126	22	131	87	212	126	95	
151	6	235	197	198	50	173	89	124	226	87	214	81	44	191	108	126	140	55	175	177	180	37	202	20	46	234	132	173	224	113	245	
61	5	106	225	246	50	107	87	85	97	126	130	91	45	183	32	126	140	23	188	185	176	37	142	118	237	160	132	231	206	240	225	
208	217	63	252	19	204	53	119	236	192	78	6	180	179	32	115	162	55	57	8	97	185	48	13	243	235	86	2	40	16	165	59	
90	201	42	174	31	145	159	232	143	132	140	139	238	232	114	64	250	227	251	231	76	35	154	253	243	117	143	59	23	62	61	70	
58	87	106	172	119	151	95	120	5	196	252	143	107	237	50	80	254	233	151	231	204	179	60	159	243	253	137	155	119	190	118	82	
38	125	50	158	95	197	190	226	137	196	216	15	44	252	55	0	204	251	147	199	196	43	154	253	53	16	142	171	21	63	55	223	
119	67	98	76	77	18	254	104	209	132	245	142	72	202	183	245	124	236	162	238	204	179	246	204	54	56	193	11	95	191	122	196	
2	157	34	158	223	193	190	230	30	69	88	163	172	254	54	64	255	123	147	193	102	154	26	255	61	54	158	139	21	92	181	222	
2	221	18	159	241	197	190	231	30	27	88	18	172	254	32	64	231	123	179	1	114	152	18	255	45	54	30	202	16	92	161	155	
210	74	78	188	74	128	190	246	152	134	214	231	45	175	179	67	110	225	191	199	228	143	6	239	240	99	250	137	45	181	57	217	
38	105	98	30	79	209	182	96	137	196	241	171	104	236	55	1	218	249	147	227	196	35	238	232	55	48	203	43	85	63	118	214	
34	239	96	155	215	209	190	238	30	69	88	163	168	236	54	0	219	107	131	197	86	186	110	255	46	22	159	235	85	30	157	222	
210	203	110	188	74	192	61	103	164	4	214	163	45	135	162	81	102	179	143	193	96	143	38	237	240	35	254	139	53	20	165	107	
60	125	123	238	83	211	87	224	33	192	236	42	127	223	33	48	254	249	213	226	73	163	56	191	243	205	5	59	123	51	102	242	
57	101	67	45	84	15	238	120	87	160	122	202	91	201	176	180	126	236	22	239	201	178	205	222	52	44	129	40	127	174	122	128	
98	189	180	149	253	13	190	231	136	187	120	26	172	254	84	3	237	111	87	129	240	122	194	239	61	30	223	234	193	108	211	139	
19	31	66	157	246	146	174	246	20	202	90	231	233	234	183	192	127	239	183	205	229	152	5	239	44	47	190	128	45	244	57	221	
90	184	215	156	203	208	180	231	191	151	82	179	44	190	228	198	39	123	235	128	38	219	134	249	30	34	94	139	167	68	173	207	
43	109	103	73	119	27	166	104	95	224	120	230	72	88	180	164	122	104	146	111	197	178	109	222	46	30	135	166	95	46	123	165	
2	185	18	155	229	141	184	199	190	25	88	48	172	222	104	72	199	27	147	17	82	24	18	245	45	16	30	202	144	4	161	155	
19	133	103	141	150	146	239	247	244	65	218	198	89	238	188	228	126	230	62	173	245	153	37	207	56	46	174	192	47	230	177	124	
39	106	226	10	117	149	250	72	95	110	93	207	40	200	191	132	221	169	131	71	198	182	76	251	54	28	137	171	95	63	122	197	
58	143	34	190	27	209	158	224	159	4	220	171	109	206	38	196	254	251	143	195	78	11	10	255	179	85	139	187	55	46	61	86	
43	97	67	77	119	27	166	104	93	104	120	102	200	24	180	164	250	72	146	239	197	178	101	220	38	28	131	130	95	14	123	133	
23	12	235	223	150	178	239	115	116	195	219	210	81	238	180	228	127	238	63	157	185	157	45	206	56	46	175	192	165	226	240	100	
24	221	58	254	91	196	54	242	189	76	236	1	62	255	35	80	166	123	211	66	66	139	58	127	243	237	6	11	114	18	47	219	
130	205	18	155	228	141	188	167	172	25	90	16	172	154	48	64	207	59	51	1	82	152	66	245	36	48	154	194	20	8	129	137	
56	133	106	236	212	147	78	255	85	0	254	2	83	41	184	96	120	238	23	234	248	187	36	191	242	237	166	192	119	154	240	136	
0	182	158	187	238	169	177	223	30	63	83	243	172	159	234	73	247	27	174	17	54	124	43	211	222	211	127	231	148	72	133	203	
23	164	203	145	210	178	40	215	62	195	83	215	93	230	252	232	119	175	55	157	181	213	44	198	190	14	191	196	173	196	169	213	
26	157	114	222	19	213	94	198	191	77	206	6	42	255	39	244	237	251	159	192	239	137	50	255	51	254	148	147	27	92	44	95	
146	182	222	177	226	187	188	215	62	55	118	247	141	174	234	73	55	31	167	149	182	252	14	209	158	208	127	231	188	200	173	157	
19	164	235	209	214	178	239	215	118	195	94	150	89	238	190	100	127	238	55	157	179	156	37	198	124	46	191	196	165	212	177	244	
27	187	34	152	243	221	187	119	63	77	220	175	172	156	182	244	254	187	159	213	151	155	54	245	255	85	62	203	30	14	191	255	
34	141	198	215	212	130	238	231	63	147	122	2	232	106	124	66	123	235	55	145	82	248	75	225	60	62	223	192	133	122	241	136	
186	5	98	232	84	3	202	113	69	32	248	10	11	11	52	81	122	136	31	227	216	179	64	206	178	201	130	144	119	139	114	128	
56	159	122	233	180	223	183	119	5	76	254	231	59	157	166	64	254	59	151	96	223	187	32	189	122	249	162	195	127	142	252	219	
218	237	116	183	190	136	254	181	175	176	154	130	253	111	89	67	39	227	127	227	234	73	143	253	190	217	175	132	39	178	131	8	
2	42	50	185	107	193	184	66	172	5	66	1	172	138	36	80	226	45	107	129	6	153	130	240	149	48	154	11	0	0	37	142	
121	91	126	236	44	79	95	124	141	204	182	173	127	157	163	115	206	245	253	102	201	163	99	172	243	251	100	152	68	187	36	121	
62	4	226	236	212	35	206	127	85	3	250	2	75	233	60	64	121	232	23	160	184	179	4	206	50	239	166	132	247	251	240	128	
252	90	190	244	109	86	217	112	168	254	182	60	94	63	163	123	206	245	255	110	233	231	227	168	211	251	99	148	66	189	103	115	
11	189	105	91	118	153	251	88	94	64	93	230	185	204	150	36	63	43	151	141	151	184	44	255	110	13	171	168	119	142	83	245	
17	95	95	101	178	10	47	53	96	168	122	230	245	35	129	97	54	116	12	106	193	144	101	12	228	170	111	128	44	178	129	57	
222	54	180	243	173	124	80	27	55	251	247	49	206	255	73	111	237	157	253	144	184	116	251	194	219	219	87	231	162	228	100	247	
252	0	116	115	46	10	66	152	113	50	183	26	75	73	93	91	59	196	108	234	248	100	79	160	210	203	225	84	103	187	66	0	
213	77	237	231	134	10	79	188	100	226	150	66	83	1	153	99	50	196	92	239	233	245	45	42	240	139	231	148	45	243	112	104	
10	188	176	249	181	255	88	15	95	119	172	17	142	191	70	124	131	155	189	16	62	88	243	211	139	222	86	119	146	76	133	126	
24	150	94	181	50	138	57	119	62	5	118	247	109	167	170	80	55	63	175	0	34	217	5	87	254	231	58	197	36	128	173	75	
98	148	244	216	221	254	80	143	127	123	182	25	174	62	12	121	193	151	255	17	186	107	113	215	159	126	30	87	210	68	197	31	
39	175	96	27	245	157	246	236	95	233	124	76	104	232	190	180	217	234	146	79	198	186	94	255	46	28	5	107	95	158	218	140	
58	173	114	154	95	209	150	234	223	5	236	131	40	200	54	132	249	123	131	195	78	171	30	255	59	87	159	59	87	14	127	142	
47	173	194	154	223	145	238	232	31	161	104	139	104	224	126	148	121	234	162	222	70	58	142	251	62	28	133	107	87	46	120	132	
53	13	111	78	212	34	207	113	212	192	255	66	115	225	181	97	120	238	22	234	249	179	44	46	120	174	231	0	101	250	240	160	
17	159	75	229	50	14	111	117	36	72	94	230	113	39	176	96	118	238	22	238	209	152	53	47	244	173	166	128	45	162	161	249	
226	180	144	148	253	44	180	175	185	59	186	56	236	56	12	19	205	87	255	33	48	107	193	207	61	62	95	254	192	72	131	11	
204	88	116	252	42	27	124	188	175	178	20	169	255	223	145	27	134	117	255	110	224	69	234	184	198	251	111	184	54	181	3	81	
2	249	146	155	195	197	180	199	158	17	64	18	172	158	104	8	225	91	179	209	82	90	154	243	45	22	30	111	144	88	165	154	
74	180	180	241	233	253	177	7	187	127	28	57	172	191	70	142	133	59	247	17	22	122	242	211	207	215	90	235	210	76	143	255	
2	205	18	152	238	129	190	230	142	0	120	2	172	234	49	64	238	107	19	195	66	8	2	251	52	52	142	136	20	89	33	137	
82	95	34	158	211	246	158	246	189	206	158	39	44	254	39	84	236	243	191	195	228	139	50	238	51	126	143	139	7	117	37	95	
207	180	188	114	41	124	25	11	187	127	181	185	222	94	78	59	135	149	253	54	188	69	251	192	211	91	123	255	192	101	7	115	
162	158	118	94	117	222	254	230	255	78	254	39	40	252	54	112	231	251	191	133	166	175	54	255	63	126	22	131	95	148	119	95	
3	182	229	145	178	42	173	159	62	115	90	247	156	46	222	175	39	79	23	157	183	220	37	226	140	22	254	198	141	196	129	253	
122	141	106	174	31	211	223	232	5	4	204	11	111	236	50	16	248	235	159	231	78	43	24	255	251	245	143	59	119	46	118	70	
185	5	110	225	214	50	107	87	85	97	126	18	91	41	182	96	126	142	23	185	184	184	37	142	114	239	160	196	231	219	240	160	
56	13	107	238	87	215	95	120	5	68	252	131	107	239	50	80	122	251	151	230	72	179	56	191	243	237	129	1	119	190	116	242	
2	93	50	158	125	133	190	230	141	136	88	3	172	254	53	0	206	123	151	199	194	43	2	255	53	28	142	170	20	63	33	155	
2	157	50	159	95	197	190	238	30	71	88	51	172	254	34	64	255	123	147	129	34	154	82	255	45	54	158	171	21	92	181	219	
66	169	118	253	254	128	190	175	175	129	82	130	173	238	52	67	230	255	127	193	242	73	130	253	190	248	143	232	5	132	161	137	
151	6	231	145	150	50	172	83	125	211	83	214	89	238	189	239	119	141	31	189	181	213	37	202	28	42	255	132	173	228	177	213	
74	56	214	156	75	209	176	71	191	149	210	179	44	190	38	198	163	59	235	129	6	203	134	245	30	50	94	139	7	4	173	159	
34	173	32	155	215	209	190	239	30	101	88	163	172	236	118	0	219	123	147	145	118	26	110	247	45	22	159	235	149	92	149	222	
223	30	199	180	18	178	170	80	180	194	211	247	77	238	179	203	103	229	191	191	173	213	4	206	144	98	235	128	173	245	57	85	
61	93	123	110	87	215	87	240	69	192	236	10	123	221	35	48	120	249	23	234	72	179	56	61	243	205	5	9	115	187	98	234	
19	95	99	207	180	150	239	112	76	200	90	70	113	124	181	100	126	110	22	239	193	185	61	239	52	46	175	128	63	250	113	253	
18	142	198	157	114	144	188	246	191	143	82	247	45	174	166	196	103	251	167	133	166	216	6	255	60	38	254	131	39	132	173	221	
146	142	194	157	242	146	174	246	53	143	218	247	41	174	182	68	127	239	167	133	228	218	5	239	60	38	190	128	167	244	185	221	
34	237	34	30	93	197	158	238	139	68	232	11	40	252	55	0	200	251	211	195	70	43	154	253	55	20	138	59	81	31	118	222	
2	249	48	154	203	197	180	239	158	85	72	19	172	222	110	1	253	59	147	209	82	90	26	245	61	16	158	107	17	30	165	219	
166	235	96	154	109	145	190	232	95	12	81	171	104	204	127	0	216	235	131	199	198	50	78	251	54	20	143	171	85	31	126	206	
80	221	59	254	27	196	55	224	188	68	232	1	126	255	35	80	166	251	89	67	66	11	58	127	241	229	6	10	48	18	39	123	
50	207	42	190	27	209	30	224	159	4	220	171	109	206	38	64	254	251	143	195	78	11	10	255	179	213	139	187	53	46	61	86	
43	103	66	77	127	27	174	104	77	96	122	230	72	200	180	164	254	13	146	231	197	178	101	221	54	28	139	131	95	14	121	133	
34	189	148	149	252	173	188	239	154	187	248	26	172	186	80	2	207	107	83	1	114	122	194	239	61	22	222	234	192	72	147	139	
144	150	219	187	182	171	57	223	62	55	90	247	181	162	168	72	247	27	47	16	178	220	5	119	236	166	62	196	188	200	165	153	
19	141	71	141	22	146	174	246	61	65	90	198	125	174	188	228	119	231	31	237	231	153	37	255	188	110	190	192	47	134	177	93	
19	164	235	145	146	162	174	215	62	67	90	214	81	238	184	96	127	175	31	189	183	157	45	95	60	47	191	196	173	192	161	249	
56	133	110	236	212	147	110	255	85	0	254	2	115	41	184	97	120	238	23	234	248	187	37	191	122	239	166	192	119	154	240	136	
2	157	114	222	85	213	94	230	159	77	244	3	40	254	38	244	237	251	191	192	174	139	50	255	59	126	158	139	19	12	108	95	
98	252	246	148	253	143	190	230	155	171	216	27	172	188	52	2	239	247	215	133	162	235	194	239	61	62	158	186	69	92	147	137	
17	132	234	201	212	162	239	255	84	195	222	18	81	233	190	96	121	238	23	189	154	185	37	206	122	47	182	196	165	218	240	232	
60	133	226	237	212	163	238	223	85	131	254	2	83	233	188	64	121	238	23	184	152	187	5	142	122	239	166	192	247	250	240	136	
137	4	235	193	214	50	239	87	116	227	94	214	17	45	158	96	127	78	23	189	177	252	37	202	102	47	182	196	175	248	240	241	
27	173	104	219	118	179	235	217	94	64	93	130	121	205	182	32	127	171	23	141	151	184	44	255	110	13	171	160	119	142	115	245	
2	205	18	158	252	129	190	230	142	0	120	2	172	234	49	64	234	107	19	193	66	10	2	255	52	20	158	168	20	24	33	137	
58	219	122	237	182	214	215	117	133	76	254	167	62	31	166	64	238	179	159	103	221	169	33	253	242	249	170	147	127	158	252	91	
2	221	18	155	228	141	188	167	190	25	88	48	172	154	40	65	199	59	51	1	82	24	2	245	45	16	30	202	20	24	129	137	
26	158	218	189	50	138	62	246	60	7	126	247	109	167	162	80	55	255	175	132	162	157	5	127	246	231	58	129	45	132	169	25	
99	77	34	94	93	149	214	232	199	4	237	11	106	204	55	84	200	224	194	70	206	43	122	253	51	60	128	59	83	63	126	206	
2	189	18	155	237	197	188	231	158	25	88	16	172	222	104	65	231	27	179	17	82	88	26	245	45	16	30	238	144	4	161	155	
43	45	66	74	85	155	234	104	95	32	232	10	72	233	52	148	120	170	146	238	70	187	204	255	54	92	129	43	87	142	122	132	
61	5	106	236	148	2	207	117	80	128	255	2	83	225	176	97	120	238	20	234	248	179	37	14	250	175	167	128	101	250	240	160	
81	91	95	229	34	78	31	53	164	192	198	228	247	55	129	67	38	117	125	110	201	153	49	44	224	161	110	144	44	178	165	121	
42	173	130	26	221	213	146	238	159	29	236	27	40	232	102	132	201	235	130	209	6	107	138	247	59	86	157	123	83	14	254	142	
2	181	180	217	189	253	88	7	223	119	174	25	174	191	70	120	135	155	255	16	50	72	115	215	143	94	20	115	146	76	197	94	
221	88	255	244	42	94	93	16	177	254	134	177	95	23	131	127	166	245	253	238	237	197	179	168	211	251	109	147	38	245	39	115	
252	72	102	103	12	58	78	216	117	178	183	26	91	9	217	91	122	196	108	234	232	119	105	168	210	235	229	20	103	251	96	0	
221	72	252	103	46	10	79	152	96	242	183	10	219	97	219	123	54	196	124	234	233	101	237	40	246	235	101	148	39	243	80	97	
158	52	180	211	173	125	112	27	63	251	191	49	142	191	76	91	165	159	253	16	186	212	251	194	139	222	91	247	130	68	69	83	
252	88	182	244	109	92	49	80	177	250	183	61	223	159	195	123	238	245	255	66	168	103	227	160	215	251	115	155	66	189	39	115	
27	155	34	136	243	213	190	247	175	77	220	167	44	158	182	100	238	187	159	213	214	139	36	253	251	89	170	203	23	140	181	255	
226	164	144	149	253	45	180	239	186	59	248	24	172	184	88	19	205	87	110	49	50	123	194	199	61	22	95	254	192	72	131	137	
74	180	180	249	169	253	177	143	155	31	28	57	174	191	78	14	133	27	247	17	54	106	242	211	207	215	94	251	210	76	143	255	
15	253	237	211	182	179	191	183	126	247	94	246	253	111	146	233	55	123	151	159	243	216	47	253	110	15	255	192	142	213	145	249	
34	205	50	158	125	133	190	230	143	8	88	2	172	254	53	64	204	123	19	193	194	11	2	255	53	60	158	170	21	26	49	137	
56	175	42	174	93	211	87	226	135	12	252	43	107	249	42	16	248	251	135	195	74	171	8	191	251	213	165	251	115	14	126	235	
188	13	102	225	212	50	110	247	85	99	126	18	91	41	180	101	123	206	23	185	184	190	37	174	126	239	164	192	231	220	240	136	
56	13	107	239	86	199	255	112	68	68	254	2	113	253	50	96	120	250	19	234	72	187	60	191	115	239	162	1	119	170	116	242	
2	157	50	159	95	197	190	238	30	75	88	51	172	254	32	64	253	123	179	129	34	154	90	255	61	54	158	235	16	12	165	219	
98	165	148	157	253	173	188	239	186	27	120	26	172	56	16	3	205	27	115	1	50	122	194	215	61	22	222	234	208	72	147	139	
141	141	108	211	214	50	237	183	116	83	94	146	217	45	150	105	127	86	55	190	181	252	45	238	110	107	246	196	167	208	241	249	
34	173	32	155	245	201	190	238	30	69	88	131	172	236	54	0	217	123	147	145	54	186	78	255	45	22	159	107	85	12	213	222	
2	142	194	157	114	146	170	246	63	13	90	231	169	174	182	68	126	107	167	141	166	216	6	255	44	38	190	128	47	132	41	221	
17	141	111	231	150	130	111	255	116	64	222	194	113	39	184	96	126	239	31	239	249	153	45	63	248	239	175	196	37	226	241	120	
75	220	237	87	166	58	173	183	124	115	94	246	249	47	154	107	55	70	61	175	241	216	173	111	102	43	254	132	167	240	241	121	
32	205	123	78	212	207	71	246	196	8	252	0	115	245	48	48	88	234	22	106	74	171	42	63	115	141	36	9	113	250	230	234	
19	157	99	142	84	150	239	246	92	192	90	70	113	232	181	228	126	238	18	239	229	184	53	239	53	46	142	0	45	250	112	252	
34	172	134	157	252	141	188	231	158	139	88	26	172	188	48	0	237	123	115	129	114	250	194	255	61	22	222	234	69	88	179	137	
114	143	42	186	30	193	158	232	158	4	140	139	228	206	55	64	255	251	139	199	78	11	10	255	251	5	143	187	20	14	61	90	
38	245	96	152	223	209	150	238	139	117	184	139	40	236	126	0	217	219	211	243	102	99	254	247	63	22	141	127	85	93	214	214	
11	103	98	12	95	19	190	109	77	64	222	230	72	200	182	164	254	137	218	231	197	179	5	223	54	92	139	139	95	46	121	133	
16	133	234	201	212	162	239	255	84	193	222	2	81	233	188	96	123	238	23	185	154	185	37	174	126	175	167	196	181	202	240	168	
24	85	115	172	27	194	23	104	181	132	232	163	127	247	33	80	114	253	157	226	72	131	24	207	241	228	15	11	51	51	39	114	
34	156	98	222	117	156	188	230	255	79	250	23	172	188	54	96	239	251	247	133	162	171	50	255	63	62	158	138	85	12	245	223	
56	141	110	239	212	147	239	247	84	0	254	2	113	105	176	96	120	234	23	234	234	185	45	255	126	239	167	192	55	138	240	168	
130	217	38	152	255	149	188	247	173	88	208	163	172	158	182	97	238	59	223	197	246	139	38	253	183	88	138	202	22	12	181	223	
130	233	118	157	190	129	188	231	191	17	82	2	173	202	52	65	230	43	63	193	242	201	130	253	188	248	158	200	21	0	161	137	
141	141	236	243	246	50	255	183	116	99	94	146	249	45	150	109	119	222	23	189	243	252	45	238	110	207	182	192	167	213	241	233	
83	141	111	143	22	130	239	246	125	64	218	198	113	102	180	100	118	231	63	239	237	153	45	255	184	46	170	128	61	194	49	124	
40	217	96	90	93	221	213	255	71	93	188	12	170	221	62	164	217	138	146	12	223	42	126	183	107	221	149	127	83	30	220	222	
34	177	48	218	253	149	220	191	31	121	185	57	170	93	92	16	157	155	215	17	218	42	123	247	47	92	157	254	211	14	210	219	
16	158	219	187	182	171	187	223	30	3	82	247	189	175	160	64	119	59	63	149	179	152	1	127	236	134	62	192	188	200	165	153	
34	188	50	218	125	213	152	230	159	93	244	19	40	254	102	116	205	187	191	128	166	15	50	247	59	94	158	251	18	12	236	223	
36	165	144	131	252	41	248	141	27	57	57	24	204	104	92	8	155	139	70	49	18	106	203	215	12	30	31	124	212	74	195	129	
25	159	91	175	178	171	47	191	62	65	90	231	245	103	160	64	55	127	31	172	179	152	5	127	236	167	46	192	60	194	129	57	
66	180	180	219	253	253	144	15	63	121	52	25	142	190	76	120	131	27	255	16	50	72	243	211	15	94	30	255	146	76	197	95	
248	197	110	236	148	18	79	253	100	128	254	2	83	107	184	99	120	230	93	234	248	161	41	46	242	235	231	148	103	186	240	40	
42	185	176	184	249	209	144	199	155	93	188	57	174	156	102	132	201	59	227	17	62	107	234	243	107	87	30	123	210	12	223	223	
42	175	2	26	93	209	146	198	223	12	236	11	40	216	118	132	217	235	194	1	14	43	10	255	59	84	149	59	83	14	126	142	
64	165	148	149	252	41	184	111	58	59	248	24	140	170	88	10	139	15	106	17	50	123	195	215	12	22	95	126	196	72	195	137	
218	218	118	188	47	214	188	244	157	94	182	183	44	159	38	67	238	241	255	231	237	165	50	253	243	243	234	155	31	60	45	95	
210	104	214	149	46	138	108	172	191	178	178	18	238	202	65	91	35	229	125	194	96	197	139	249	144	178	223	144	4	49	33	8	
252	72	228	231	12	42	70	152	113	178	183	10	75	73	89	27	121	196	108	234	168	119	201	170	210	235	229	52	231	251	66	0	
222	54	230	148	171	112	56	3	169	255	151	191	204	110	95	223	167	149	253	149	188	69	175	192	154	115	219	151	134	101	47	87	
222	90	182	244	43	108	48	18	185	218	247	53	142	159	99	111	231	245	253	131	172	101	130	224	215	243	91	139	130	117	37	83	
253	104	252	103	174	58	95	152	115	242	183	10	219	97	219	63	54	244	125	234	233	116	239	170	214	235	229	188	231	243	66	33	
206	54	182	176	235	124	185	3	187	255	151	57	204	254	79	159	167	149	253	145	52	71	170	192	219	211	91	255	134	101	143	87	
34	152	50	216	253	213	184	231	223	89	240	17	172	188	54	112	205	59	179	1	182	43	114	247	63	30	154	235	82	12	245	223	
56	159	18	170	125	131	86	240	135	12	248	111	110	249	32	144	220	251	135	99	78	171	8	191	250	213	37	187	90	14	62	155	
2	157	18	155	223	197	190	238	30	9	88	19	172	254	32	64	221	123	147	129	50	152	90	255	45	54	158	235	16	12	165	155	
29	205	228	247	182	18	254	183	117	83	126	146	121	109	156	105	63	198	53	207	248	248	45	239	110	235	247	192	167	252	240	232	
40	159	122	126	116	195	87	246	132	12	252	32	114	251	160	32	216	122	135	66	74	171	72	63	107	237	164	217	113	138	228	171	
34	189	32	155	221	201	182	238	30	69	72	155	172	236	62	0	217	59	147	17	50	56	90	247	45	22	159	107	213	12	149	218	
3	159	74	157	80	134	238	246	60	65	74	199	177	226	54	64	126	107	19	205	133	152	20	239	36	46	154	128	29	132	57	220	
95	205	228	119	182	26	126	188	49	211	22	130	249	111	159	107	55	119	61	239	224	200	173	233	110	255	253	132	167	247	209	113	
32	223	123	110	252	203	199	246	196	12	124	96	115	241	160	48	216	122	6	106	74	170	106	63	99	141	36	137	81	250	230	171	
33	141	43	222	84	199	239	230	84	73	90	66	176	248	180	96	89	106	18	205	235	186	52	63	45	46	174	0	93	72	240	188	
18	71	42	172	30	131	158	104	134	164	202	135	229	204	51	64	250	109	59	231	76	131	14	159	240	101	139	61	20	62	61	66	
50	253	96	200	223	87	148	239	155	246	152	143	8	188	87	0	205	147	211	177	254	107	122	214	59	22	157	255	213	92	214	222	
90	77	51	174	91	194	31	104	165	132	200	163	124	247	33	212	114	249	155	226	72	131	42	255	241	244	143	27	50	182	39	98	
19	111	106	12	94	147	190	103	77	64	218	230	8	136	182	160	254	169	218	231	196	171	5	222	54	61	139	139	93	46	249	132	
252	205	102	230	20	18	78	253	229	130	246	2	123	107	177	83	120	228	125	234	232	163	41	173	242	235	231	148	103	186	240	8	
89	205	110	239	146	2	111	181	100	96	222	130	123	103	146	97	118	230	125	234	249	153	45	125	240	239	167	128	39	178	225	105	
56	141	110	239	212	147	238	253	84	0	255	2	121	105	176	96	120	234	23	234	248	187	45	191	122	239	167	192	55	138	240	136	
2	172	146	157	252	141	188	231	158	11	88	18	172	186	48	0	205	107	119	129	50	250	194	255	60	54	158	234	213	88	145	137	
56	141	106	235	148	163	238	255	84	129	254	2	123	235	176	64	121	238	31	248	248	185	13	191	250	239	166	196	55	218	240	136	
34	180	180	217	253	253	240	143	159	121	52	57	140	190	76	120	135	27	255	17	50	104	251	211	15	94	30	255	210	76	199	223	
47	165	224	99	252	59	218	152	95	241	61	154	219	109	220	60	159	204	87	63	158	114	239	146	78	221	165	252	247	207	210	213	
2	156	242	220	125	148	184	230	191	73	248	19	172	188	54	96	207	59	183	133	162	171	50	255	39	62	154	138	85	12	241	223	
83	141	111	191	22	130	111	243	116	66	222	194	113	102	180	97	126	231	63	239	249	155	45	127	240	47	170	128	53	226	161	124	
131	216	54	156	111	132	188	230	157	90	210	179	172	222	54	75	238	49	191	195	230	205	2	253	53	58	218	138	21	28	177	219	
15	249	236	95	182	146	255	189	222	209	94	162	249	125	158	101	23	123	183	223	215	216	111	253	110	79	255	192	167	246	209	249	
34	197	80	158	124	129	238	239	31	1	120	2	172	202	60	64	218	139	23	193	66	42	74	255	36	28	158	168	21	26	241	136	
89	157	87	239	178	138	111	180	36	64	94	230	255	119	128	112	54	247	60	238	249	152	45	63	228	239	39	128	62	242	161	121	
52	36	192	227	220	43	202	200	27	177	185	26	75	104	93	26	123	204	87	178	26	114	203	210	30	220	133	116	229	235	210	128	
70	58	182	176	171	108	56	2	187	223	147	181	140	191	71	91	231	127	255	19	178	197	154	194	159	118	91	171	130	101	37	83	
252	104	240	103	110	58	110	152	115	226	183	10	91	105	221	63	62	236	125	234	200	118	237	170	86	235	229	180	231	247	66	0	
194	200	22	157	44	131	188	230	189	18	210	146	172	206	48	73	230	121	63	193	96	221	3	255	164	50	222	128	20	16	33	137	
42	184	176	152	253	221	144	199	155	125	180	57	174	157	70	12	141	27	247	17	54	106	242	247	143	87	28	251	210	12	143	223	
47	181	104	75	252	63	219	217	87	125	189	190	219	124	222	172	95	138	151	63	159	34	109	151	78	93	37	252	215	143	216	245	
42	190	18	26	93	209	146	199	223	13	252	43	42	216	102	148	217	171	194	1	14	43	10	255	59	84	25	59	83	14	126	206	
78	178	176	241	235	125	184	79	187	255	21	57	140	191	78	30	167	31	255	17	22	89	170	210	223	87	95	255	130	68	143	215	
192	108	150	149	104	170	56	2	191	178	146	16	236	226	65	91	167	229	110	130	32	197	131	234	148	50	91	0	132	113	33	9	
47	116	225	131	254	59	203	216	87	241	189	238	89	76	223	172	95	200	23	255	143	118	109	146	30	95	173	252	255	255	90	245	
51	159	83	174	114	139	86	240	143	76	248	237	103	236	162	144	222	235	135	103	207	171	72	191	184	212	45	186	92	142	42	221	
32	159	122	218	116	195	243	240	86	12	124	34	112	221	182	64	88	58	7	72	138	186	40	191	98	15	162	129	85	138	116	235	
2	156	48	155	223	197	184	239	30	9	88	19	172	254	40	64	221	59	179	129	34	154	90	255	45	22	158	235	16	12	165	219	
30	201	228	247	182	18	254	180	119	147	55	130	107	111	157	99	119	231	61	202	232	248	109	237	238	255	239	132	167	191	240	9	
32	159	90	110	114	131	86	244	4	12	120	229	119	235	160	80	222	122	7	98	200	170	72	63	106	229	36	136	125	170	102	155	
34	188	32	152	221	205	176	207	158	125	80	25	172	220	118	0	201	59	243	17	54	122	210	247	29	22	159	111	209	12	151	222	
3	139	10	141	16	134	174	246	172	65	74	199	176	162	48	64	124	107	59	205	195	152	23	125	36	46	170	128	29	2	49	152	
222	216	244	246	62	18	90	184	187	218	183	161	239	127	157	123	151	245	253	239	232	69	175	236	138	251	207	150	166	183	65	85	
188	91	91	238	60	3	87	240	132	136	248	237	119	211	161	16	94	240	68	98	201	163	8	63	224	225	37	152	121	187	98	57	
33	141	43	255	116	194	231	182	84	72	90	98	241	112	176	96	88	106	22	73	225	184	101	63	100	46	174	128	28	74	240	169	
90	205	3	188	27	193	71	239	135	4	200	11	108	247	32	196	120	251	139	193	74	11	26	255	249	116	143	59	50	14	36	106	
34	181	160	216	221	119	148	111	27	251	184	63	40	188	70	32	205	159	247	145	250	107	243	223	63	30	157	255	209	76	214	223	
19	79	10	173	30	147	174	102	68	32	218	131	161	136	54	96	234	237	90	231	204	187	69	188	176	101	139	17	93	62	57	140	
93	77	102	231	38	18	95	56	117	194	214	130	251	111	147	99	118	245	125	238	232	193	173	172	226	235	239	128	39	247	97	105	
59	157	18	94	91	213	22	230	223	0	236	0	44	243	36	244	237	251	146	192	71	11	26	255	59	252	18	43	91	22	107	142	
184	141	110	239	20	147	239	241	84	0	254	2	121	233	176	97	120	230	63	234	248	187	45	191	242	239	167	128	55	186	240	40	
15	249	236	215	190	153	255	188	206	208	94	162	249	237	222	98	6	123	255	223	210	216	239	253	110	95	239	192	55	182	209	249	
70	56	182	144	235	228	184	67	191	223	83	183	140	254	103	74	231	63	255	145	178	197	146	194	157	54	219	139	132	101	37	211	
2	172	148	157	252	137	188	231	30	27	122	18	172	170	16	64	203	43	115	129	50	218	195	247	44	54	158	200	20	72	241	137	
88	141	110	239	148	2	78	253	165	128	254	2	123	107	176	65	122	230	61	234	248	185	13	189	250	235	167	208	39	186	240	8	
34	184	48	216	237	213	176	207	223	93	112	27	172	158	118	96	207	27	151	17	150	106	114	243	15	30	30	251	214	12	197	223	
217	205	126	239	22	18	111	188	101	192	222	130	123	103	144	115	118	228	125	234	233	145	45	237	242	235	231	128	39	178	240	104	
89	157	87	239	50	10	111	180	37	192	94	230	127	103	144	245	118	247	124	238	233	152	45	109	246	235	39	128	46	178	33	121	
63	104	232	67	254	59	235	216	83	226	61	138	91	77	223	62	63	204	87	255	137	118	237	170	94	79	165	180	231	255	82	228	
60	36	224	227	220	43	194	216	83	176	185	10	75	105	93	24	121	204	70	242	154	115	201	226	30	204	133	116	231	251	82	128	
2	178	176	216	235	221	176	207	159	125	52	187	172	158	78	12	143	27	247	17	22	107	242	241	31	82	28	255	210	12	135	223	
252	104	234	103	70	26	111	216	113	162	182	10	91	105	213	58	58	236	117	234	200	247	173	170	118	239	229	176	103	243	82	32	
109	95	102	71	228	26	102	48	97	236	254	236	235	104	151	182	62	228	108	110	205	176	237	44	38	255	101	144	111	254	90	77	
2	176	178	208	251	253	184	79	187	127	21	191	140	190	78	26	167	27	255	145	22	89	178	208	31	18	95	239	134	68	135	215	
66	178	178	144	235	240	184	71	187	255	21	191	140	190	78	10	167	31	255	145	22	89	178	194	31	86	223	239	134	68	175	215	
