香奈儿炫亮魅力唇膏丝绒系列	57 - ROUGE FEU	https://i.chanel.cn/fnbv3/image/full/shades/rouge-allure-velvet--57-rouge-feu-35g.0162570_S.jpg	https://i.chanel.cn/fnbv3/image/full/chanel__com_type1/skus_full/rouge-allure-velvet--57-rouge-feu-35g.3145891625707.jpg
230	252	245	94	219	241	158	239	243	151	253	186	104	254	207	63	95	255	230	130	62	79	238	251	62	62	215	191	247	117	238	199	
39	116	229	69	85	31	235	48	125	96	102	196	209	36	149	165	93	92	82	124	161	244	117	206	37	30	64	64	207	172	82	180	
41	112	147	92	73	221	144	74	206	98	164	8	158	216	100	182	200	48	234	9	71	103	250	17	19	25	21	59	91	108	75	143	
35	32	23	73	105	95	160	72	207	96	240	72	82	156	164	164	204	28	242	8	133	227	243	80	23	24	1	58	81	8	106	165	
26	34	90	64	106	75	48	72	171	32	116	170	12	151	164	148	46	157	199	128	0	243	130	208	86	161	33	171	99	128	47	131	
80	42	123	104	42	208	48	72	228	8	246	160	149	215	160	112	38	189	239	128	0	195	175	66	211	229	43	137	32	128	39	163	
3	50	117	69	98	14	169	16	60	100	118	228	217	7	132	4	54	92	107	140	129	208	37	76	4	42	34	128	111	128	39	241	
250	98	96	56	105	1	73	72	51	12	176	233	11	207	4	148	220	157	237	192	8	67	202	208	146	240	161	187	115	132	38	97	
7	162	85	69	162	90	170	138	127	97	122	192	200	2	148	244	55	29	98	24	145	240	165	216	14	254	7	70	198	131	203	165	
131	141	136	188	169	160	76	39	150	31	200	21	164	179	34	65	201	43	51	140	94	10	66	243	228	48	158	139	24	68	184	218	
3	168	103	87	67	194	233	196	59	113	112	194	89	7	148	180	59	158	18	140	3	250	173	241	5	58	19	192	103	132	102	252	
85	161	12	161	180	27	98	28	111	97	155	205	199	136	26	0	178	5	108	13	159	240	221	145	166	253	3	85	108	142	217	6	
51	53	122	74	91	213	146	109	123	192	237	10	58	220	102	180	187	184	210	160	135	43	190	255	51	29	1	47	83	6	110	190	
72	49	113	64	112	77	17	16	32	108	60	108	31	23	128	52	20	28	68	72	1	32	176	0	195	237	32	184	98	130	6	179	
66	162	42	90	42	208	152	73	174	29	133	177	225	206	230	82	71	243	239	129	6	67	142	113	218	97	187	187	20	132	175	7	
222	190	90	80	227	202	54	224	185	10	182	169	12	215	130	213	39	189	238	34	96	67	136	215	254	241	33	199	34	128	47	3	
33	180	117	81	253	141	97	223	123	60	100	12	50	5	20	21	29	14	66	28	163	122	240	20	111	154	21	96	194	136	86	248	
37	235	80	27	220	221	166	245	198	88	184	74	251	248	215	166	76	234	218	203	207	43	206	249	62	89	7	56	93	191	249	140	
68	6	211	69	210	46	107	59	121	132	111	196	89	39	132	213	119	204	2	44	49	208	189	78	45	174	7	68	227	161	230	240	
89	176	154	178	162	104	81	98	250	67	166	57	95	183	66	112	163	151	252	0	29	73	179	18	211	229	50	19	168	64	47	83	
4	188	155	178	218	201	179	192	234	241	40	40	118	252	106	50	163	123	66	17	6	107	170	115	125	134	21	123	192	10	7	203	
102	62	122	68	114	138	59	82	57	32	116	237	61	215	129	52	54	253	151	194	160	146	144	106	119	188	32	168	111	179	38	179	
93	34	146	100	177	60	68	146	107	187	34	88	207	162	201	250	133	68	108	28	149	192	171	64	138	249	87	76	138	241	235	5	
102	186	149	82	233	92	96	190	235	185	160	120	194	119	204	246	193	214	232	24	11	72	251	241	31	154	213	126	138	192	198	52	
71	50	249	81	248	109	249	27	107	255	61	252	156	190	223	58	151	95	125	29	147	66	254	64	77	28	63	252	196	99	7	241	
34	43	162	158	77	249	182	195	94	71	89	139	168	236	55	8	217	43	131	7	134	58	110	243	22	22	155	171	213	127	95	206	
49	174	63	112	44	157	212	240	239	62	54	24	211	236	28	49	137	50	76	10	236	33	120	21	195	219	97	115	64	40	202	38	
104	162	90	36	113	8	120	17	33	5	116	173	143	3	130	148	134	133	205	4	14	216	129	197	226	245	32	209	106	132	138	19	
112	48	189	68	79	127	144	107	83	191	160	57	2	60	68	59	137	149	225	33	40	111	243	136	91	210	81	63	193	104	70	182	
13	164	17	59	189	189	50	136	223	63	41	24	206	210	104	252	145	11	234	28	54	36	122	247	143	223	17	127	210	79	137	7	
157	74	111	47	14	27	198	184	196	80	146	194	243	72	185	99	120	224	94	239	237	165	109	61	240	171	227	20	125	187	120	0	
149	65	61	107	8	39	153	12	228	16	227	17	211	30	24	41	204	145	120	227	236	167	115	16	225	169	170	28	81	147	165	18	
242	20	189	86	9	118	16	39	225	243	163	24	50	62	4	123	129	183	120	128	61	79	241	8	155	186	80	51	0	64	70	62	
101	177	144	3	188	12	70	136	74	249	137	68	210	114	200	112	209	78	104	92	155	64	219	49	172	188	167	124	152	19	211	0	
252	78	140	181	137	43	84	166	148	182	130	153	199	33	67	11	1	230	232	35	108	109	81	42	224	195	85	17	32	120	28	10	
98	106	175	212	200	72	117	39	170	166	170	137	34	167	69	91	129	230	105	4	104	73	226	40	87	54	220	57	128	112	86	106	
38	37	237	197	252	11	238	248	73	160	184	74	211	105	213	35	250	204	95	235	249	243	205	204	60	24	167	180	77	251	82	160	
92	182	157	229	174	91	87	184	91	174	62	42	199	117	192	38	51	84	236	34	76	113	235	10	251	199	101	183	230	250	7	103	
108	38	152	164	172	44	84	146	186	186	10	73	215	185	81	26	145	230	125	31	12	88	219	2	255	255	101	53	160	120	90	2	
85	169	147	199	146	68	43	128	106	224	139	64	213	242	197	114	54	221	60	252	157	16	189	66	188	172	175	164	136	115	35	52	
134	255	247	85	242	170	191	246	189	170	126	226	124	247	133	36	39	127	127	202	225	217	45	111	111	46	103	130	231	241	167	253	
133	239	247	87	255	191	166	238	255	250	127	112	108	248	157	167	191	110	102	106	245	245	175	255	46	127	119	6	195	117	203	165	
212	239	255	127	154	98	62	254	54	151	235	243	105	239	141	83	55	255	239	226	114	221	175	127	255	231	119	197	165	243	165	227	
184	78	92	126	98	170	87	180	21	6	102	225	115	67	161	81	86	240	4	106	104	180	73	63	246	235	97	17	122	249	68	11	
2	236	2	154	20	163	170	230	22	3	90	2	104	202	48	64	121	106	2	145	98	190	8	255	40	6	159	192	21	11	48	136	
124	253	245	71	238	123	215	184	91	234	63	42	86	125	205	183	179	214	236	98	225	241	233	46	63	239	101	55	103	251	198	103	
166	8	162	158	68	163	170	64	86	194	81	18	96	200	49	72	120	40	19	131	160	182	2	218	0	38	138	136	21	111	48	128	
2	141	106	159	214	131	170	231	22	65	90	147	32	238	52	64	127	43	19	149	242	152	0	255	60	46	158	192	149	72	177	216	
252	253	221	231	190	123	23	172	122	234	63	42	119	117	139	51	51	86	236	99	97	241	169	46	253	231	101	23	230	123	143	43	
236	205	199	94	209	110	111	252	53	194	111	92	83	231	45	213	117	254	34	238	121	210	185	238	63	174	197	4	171	251	228	48	
148	252	191	191	234	233	183	238	222	246	105	58	246	252	107	105	179	123	34	67	118	125	42	63	253	135	127	63	208	121	133	203	
148	252	223	178	250	249	182	239	250	183	56	186	124	254	239	59	171	251	226	19	54	111	170	115	121	135	127	123	209	121	143	207	
167	0	226	212	70	50	232	64	121	211	83	147	8	142	127	105	126	141	51	181	164	246	166	192	22	42	218	140	133	109	121	196	
221	111	202	166	144	6	110	212	113	200	235	71	115	227	115	80	116	237	4	254	236	151	156	106	248	237	167	8	41	243	170	8	
47	115	96	7	84	31	206	184	97	228	255	205	195	76	159	148	92	204	198	239	205	178	253	44	38	77	133	20	111	191	90	212	
0	223	117	95	154	223	103	190	68	54	108	98	114	85	164	117	99	114	10	106	227	184	123	61	103	138	117	16	114	154	196	169	
189	75	71	228	86	2	238	112	20	160	243	198	89	67	177	161	126	228	22	235	233	183	12	238	48	171	175	132	109	171	112	160	
156	255	255	127	178	34	63	252	54	174	207	177	65	103	137	85	119	94	173	234	120	208	41	62	238	231	231	132	162	243	164	241	
109	80	253	103	36	78	111	152	124	238	119	8	211	119	153	122	22	212	124	106	169	244	249	42	199	239	97	148	96	243	70	113	
191	255	229	31	182	63	190	236	86	234	91	230	211	120	159	160	127	127	182	103	253	240	109	62	174	79	239	134	237	255	185	133	
13	180	248	195	228	126	185	154	106	255	31	50	153	191	219	170	127	94	255	152	147	112	251	192	79	13	191	228	134	231	223	243	
192	184	187	178	130	224	49	135	174	23	2	49	188	215	64	75	163	115	121	145	34	77	186	113	217	128	30	75	128	0	167	122	
84	253	249	103	170	123	86	232	127	186	57	40	215	125	201	58	179	87	236	98	100	117	233	58	255	199	101	55	240	251	133	35	
134	32	130	157	68	162	168	64	150	130	83	147	104	206	49	72	120	41	19	151	32	214	2	202	4	38	155	136	149	109	49	144	
157	237	246	55	181	59	230	172	127	226	219	84	223	120	155	161	179	103	252	111	253	244	93	255	174	255	103	213	238	127	201	4	
246	254	215	94	250	241	30	239	187	151	249	248	106	238	237	159	191	251	231	130	58	111	170	243	184	214	85	191	229	241	166	165	
216	245	149	247	191	107	87	191	159	59	139	56	247	113	8	6	3	86	108	34	122	109	89	63	233	231	53	84	162	218	133	43	
201	104	186	241	37	190	120	23	251	255	182	25	159	155	82	186	197	173	253	29	188	252	240	130	207	217	118	65	194	192	207	75	
200	25	190	245	37	156	112	23	237	143	118	24	191	187	3	251	132	55	252	8	140	252	240	136	199	251	112	17	194	136	79	43	
230	239	132	190	248	167	79	254	187	190	249	253	234	231	15	29	221	239	239	230	248	207	203	255	252	182	207	190	203	247	166	208	
32	141	2	158	84	163	170	99	20	129	91	2	96	234	48	64	120	106	19	131	112	186	8	255	32	38	138	8	21	106	176	128	
236	221	21	254	173	108	71	188	19	186	141	24	242	115	9	247	193	214	109	106	122	78	251	63	239	187	229	57	18	251	212	43	
137	182	147	253	48	174	105	51	60	11	122	116	183	179	128	96	150	62	52	8	177	152	193	15	196	175	50	192	8	128	35	169	
71	114	245	116	41	124	89	26	171	255	179	252	207	190	223	62	135	213	125	14	141	71	255	192	147	254	117	190	174	245	71	117	
173	245	103	74	213	143	239	252	228	80	237	198	81	205	61	53	124	218	83	254	243	163	30	125	107	8	133	76	91	155	242	176	
2	204	2	155	20	163	170	198	22	3	90	18	104	202	49	64	121	107	19	129	98	156	8	255	32	38	154	128	20	91	49	136	
31	31	99	212	211	150	255	112	61	204	223	199	73	238	183	228	118	253	191	231	229	145	61	206	127	127	143	128	47	230	45	117	
58	73	114	236	118	130	94	116	45	128	250	2	47	139	49	80	126	189	21	226	200	147	0	204	242	237	162	128	39	178	99	9	
200	20	190	241	161	108	53	23	250	223	34	17	156	187	74	107	165	23	121	16	48	253	179	66	207	187	86	70	138	112	165	83	
58	35	38	173	11	19	57	75	134	180	206	135	137	134	39	204	236	157	239	180	14	219	99	220	158	225	203	215	23	44	36	214	
34	185	226	136	213	209	186	71	11	197	88	135	40	204	118	0	216	59	147	213	150	186	150	245	63	20	142	235	213	14	247	222	
89	93	23	229	48	206	101	55	109	168	106	68	191	51	0	245	38	54	92	40	97	152	49	44	229	232	36	16	42	144	193	57	
153	93	122	229	118	18	255	117	52	72	118	162	121	31	178	96	126	189	151	238	224	152	37	206	118	233	170	128	39	178	229	249	
43	34	70	137	79	27	169	75	12	164	222	135	141	138	82	70	104	140	255	133	4	184	69	192	150	81	154	161	63	12	121	222	
38	140	98	158	84	163	170	98	84	1	89	18	96	232	60	64	120	42	19	129	176	186	4	255	24	46	138	200	21	75	113	128	
134	24	146	157	198	130	184	67	30	3	82	178	172	254	113	72	119	123	179	145	50	220	2	234	12	54	222	130	148	105	33	137	
214	232	214	183	38	2	254	236	175	178	146	130	237	78	93	75	167	197	127	227	98	93	139	225	190	218	223	196	5	177	161	9	
220	24	190	125	41	124	80	18	239	27	183	16	255	191	65	91	167	119	253	8	176	101	179	128	195	251	112	26	194	225	67	35	
41	32	70	141	93	25	232	67	109	97	114	87	141	8	22	166	106	140	206	133	133	188	197	192	20	53	146	33	79	12	123	140	
118	203	74	174	104	133	79	244	132	140	156	199	97	207	59	80	124	241	143	231	202	3	78	253	240	65	175	185	53	191	54	216	
19	77	111	133	22	146	175	118	228	192	94	130	49	174	179	100	126	236	23	237	193	153	36	236	112	45	174	128	37	240	49	236	
25	205	50	118	81	148	118	246	245	8	234	69	104	250	62	208	184	235	2	206	204	185	16	239	51	255	6	0	75	22	235	142	
0	159	43	237	180	194	71	55	68	72	218	100	176	51	176	96	216	42	31	136	217	184	113	31	232	174	182	128	24	10	244	123	
184	73	122	101	118	10	126	112	101	128	118	2	91	11	177	80	126	172	23	234	200	178	0	14	242	237	32	128	103	179	98	137	
2	141	2	159	84	162	170	99	180	130	91	18	104	234	48	64	120	43	19	131	48	154	0	239	40	38	138	136	5	106	48	128	
133	176	159	243	118	143	43	152	62	153	83	242	213	211	232	104	55	25	127	29	179	220	11	86	204	142	59	196	140	129	1	161	
168	191	26	59	242	173	190	247	22	13	124	253	181	227	34	1	191	59	7	125	114	186	8	63	108	133	46	232	89	200	171	155	
38	57	162	216	219	212	186	67	169	204	220	39	40	222	103	0	236	187	147	209	150	139	178	236	59	20	142	235	135	7	183	215	
233	89	85	69	168	30	68	182	225	248	38	76	147	51	129	247	0	100	124	106	233	248	113	12	167	250	100	16	42	176	64	45	
81	223	7	109	176	6	111	183	101	200	218	100	115	51	177	244	116	230	28	236	201	153	1	77	176	188	166	128	43	178	160	61	
134	62	230	208	235	245	184	194	187	127	17	191	12	254	127	43	175	187	247	129	164	87	170	210	23	22	219	175	133	117	39	215	
11	159	18	153	242	185	184	247	63	13	90	229	172	170	166	196	183	59	143	21	182	152	4	255	46	119	62	195	158	196	169	157	
104	83	150	214	184	157	20	53	141	205	183	109	230	241	235	158	148	50	238	16	89	203	75	44	170	214	117	154	138	218	140	27	
252	215	92	99	171	95	85	189	121	63	167	60	222	51	200	223	151	214	236	106	121	97	251	16	255	243	117	119	250	250	140	43	
165	192	75	251	236	3	237	252	22	178	83	82	209	195	249	105	123	204	54	251	225	246	75	80	204	170	255	196	61	185	113	160	
2	91	94	181	34	144	184	82	172	12	82	231	173	142	166	201	38	57	175	197	196	152	4	224	134	97	122	128	44	133	41	221	
193	78	63	117	36	110	105	18	252	222	243	80	247	37	145	123	134	100	108	14	168	229	97	42	197	250	114	16	64	241	69	105	
2	201	6	143	30	131	168	101	142	0	82	2	172	202	48	64	110	41	59	193	66	152	3	253	36	48	138	192	21	10	33	136	
3	157	83	155	211	209	186	231	31	65	88	231	172	174	38	196	110	59	131	213	23	152	22	255	44	4	158	194	191	12	169	157	
154	85	122	239	114	18	127	117	53	66	119	162	121	31	179	97	126	189	151	234	232	148	37	206	114	235	238	128	39	182	228	251	
6	44	146	153	118	162	184	66	62	131	90	146	172	206	49	72	127	59	179	145	34	220	2	226	28	38	158	194	149	65	33	153	
92	88	187	244	66	104	51	210	177	134	110	41	63	183	97	90	38	245	233	66	0	215	176	104	211	167	81	9	160	113	39	107	
103	50	225	96	244	109	235	90	107	233	57	236	158	190	221	60	191	223	117	157	147	114	252	64	157	28	61	174	205	227	71	245	
163	106	114	85	82	150	171	86	57	6	116	194	40	195	165	189	62	251	19	200	162	222	164	239	22	62	18	138	99	144	99	173	
88	178	123	178	242	88	48	25	54	81	226	249	95	31	200	240	55	159	237	145	30	90	133	80	254	225	63	201	164	128	167	19	
6	140	2	158	84	163	170	98	148	1	90	18	96	234	48	64	120	42	19	129	50	186	2	255	40	38	138	200	149	11	48	128	
105	176	119	82	233	141	97	81	171	61	100	28	30	149	132	180	37	30	98	12	146	121	178	81	31	56	17	98	66	132	194	245	
18	50	95	65	98	90	60	88	168	50	114	225	77	167	132	145	166	29	238	162	100	209	137	88	22	227	99	167	97	240	47	135	
19	160	79	75	72	82	168	200	230	81	242	210	81	158	252	164	233	159	122	136	15	243	175	241	31	249	155	199	77	0	235	172	
24	34	127	105	40	130	105	16	38	36	226	229	195	7	128	208	214	181	237	132	136	208	225	16	192	227	171	128	32	130	36	113	
98	178	72	35	48	24	120	16	33	8	245	237	15	3	138	22	22	196	205	140	94	216	209	193	198	241	160	213	46	134	74	147	
33	189	40	40	188	29	198	191	67	109	184	77	147	56	86	0	201	194	94	93	222	42	221	183	248	93	52	124	221	222	218	205	
34	171	160	158	205	241	190	203	158	87	88	139	172	236	119	8	201	123	179	5	6	58	110	241	21	22	218	171	213	77	85	222	
51	64	37	69	29	31	201	32	69	236	178	6	195	40	148	167	204	196	122	237	237	245	117	156	161	218	203	16	73	40	80	116	
125	95	223	238	160	46	87	184	33	142	234	101	83	103	33	90	244	228	44	102	205	146	73	40	242	239	101	0	168	251	96	83	
85	45	139	166	240	70	110	208	96	192	106	68	113	242	209	112	114	238	20	254	141	146	156	42	188	172	175	8	168	243	34	8	
227	252	213	95	253	255	71	175	91	59	108	120	102	115	140	247	147	214	96	42	115	92	251	255	63	190	85	126	146	217	194	45	
220	223	80	174	170	8	23	184	27	166	47	234	111	101	137	210	55	215	236	98	64	49	139	63	252	231	101	63	102	251	141	49	
100	180	243	84	230	75	119	248	115	162	50	42	87	241	192	52	51	252	102	34	32	114	172	10	126	142	101	47	231	232	70	163	
213	165	154	164	246	10	102	143	122	163	10	124	86	240	193	16	179	239	100	21	37	80	136	10	188	132	37	102	172	114	139	3	
21	247	117	67	186	11	174	168	108	178	10	236	215	96	221	35	55	87	72	123	241	240	61	126	172	130	111	116	76	243	3	33	
124	119	245	71	254	90	247	184	107	168	191	106	90	125	205	182	54	212	236	98	192	241	173	40	127	239	101	55	103	251	199	37	
220	16	190	116	41	124	80	18	235	155	183	24	158	191	65	91	165	53	253	24	186	101	179	192	211	251	80	26	194	225	67	3	
2	184	18	154	75	192	184	205	175	21	129	177	172	222	104	90	239	51	235	130	18	11	138	241	153	176	26	107	16	6	167	218	
252	116	173	51	141	125	85	150	226	247	166	29	147	117	75	59	129	198	232	2	108	100	243	34	195	211	84	49	194	121	222	114	
165	196	5	89	236	7	231	232	150	58	176	80	83	81	57	43	89	64	115	238	105	102	75	29	109	138	229	196	89	123	242	160	
156	239	254	255	154	171	191	238	54	182	249	187	255	230	107	9	63	123	238	227	118	247	47	63	232	199	111	45	245	251	167	243	
244	50	157	60	40	76	85	56	130	254	165	45	214	119	75	91	133	212	108	98	105	71	251	8	217	163	101	60	88	112	6	123	
73	128	156	119	137	125	81	187	231	247	167	24	254	51	74	251	129	70	232	24	54	109	251	17	203	219	85	117	194	104	8	110	
94	223	238	103	178	6	111	188	53	174	255	165	193	103	139	84	117	214	237	238	200	208	105	44	238	239	167	132	163	243	164	113	
156	239	253	127	154	34	127	188	54	166	235	213	201	103	9	81	119	223	237	230	248	208	125	127	239	239	231	133	161	243	164	112	
133	239	223	94	234	189	182	239	254	154	255	114	105	248	173	175	191	255	110	194	245	239	175	255	62	255	119	139	193	241	235	141	
134	0	130	158	68	162	168	64	22	130	81	18	64	202	49	72	120	41	51	145	32	182	2	202	16	38	155	136	149	105	48	128	
12	172	156	243	237	253	113	154	223	127	36	28	223	193	107	26	129	10	110	24	54	100	26	51	207	223	85	125	218	217	77	210	
182	237	255	127	202	243	190	238	254	246	248	179	233	238	13	171	127	255	239	195	124	111	239	127	61	231	255	187	229	113	167	246	
197	253	254	55	180	59	118	188	127	226	91	68	207	120	155	224	51	199	238	227	245	240	93	254	174	127	71	7	238	247	137	4	
166	238	204	92	216	161	79	239	187	183	252	157	161	238	70	27	207	255	239	150	122	79	202	115	63	183	223	249	245	241	174	248	
7	223	247	87	210	134	191	246	190	134	126	226	248	231	165	100	39	119	122	202	224	217	47	254	47	46	79	130	71	241	165	173	
104	48	185	116	205	109	144	71	83	187	161	24	154	61	68	138	141	151	225	17	25	122	211	130	221	215	80	123	193	72	134	178	
99	168	222	83	201	156	48	134	235	177	38	24	138	186	68	126	197	118	104	24	23	123	218	240	15	154	85	127	192	224	202	140	
77	34	218	100	184	28	88	19	98	245	38	13	211	163	83	90	129	196	108	28	28	66	183	0	203	237	117	45	160	240	74	72	
55	0	143	93	129	182	160	72	250	192	226	68	82	224	53	254	249	252	232	152	141	227	183	78	3	190	199	0	201	112	106	148	
144	34	62	173	50	75	21	105	118	190	211	163	215	196	160	0	55	25	78	35	104	245	45	28	200	131	101	181	112	168	5	35	
82	34	14	124	8	132	152	75	166	149	192	149	193	206	122	66	204	125	233	129	142	67	138	17	211	161	171	157	0	0	191	82	
213	74	103	172	14	11	96	184	197	82	146	194	115	72	177	103	104	164	110	239	237	37	103	29	212	42	225	20	127	185	120	36	
34	143	8	189	184	192	20	39	158	75	88	113	164	178	162	64	193	42	191	133	118	136	66	247	164	54	190	139	24	68	184	143	
37	67	205	189	100	11	237	184	22	178	82	70	213	67	209	105	122	76	54	234	193	240	79	16	204	138	255	132	28	185	113	160	
221	127	107	98	162	62	127	80	225	238	189	236	91	5	215	191	54	244	212	126	233	229	188	42	114	201	37	188	239	247	74	241	
91	159	132	167	170	50	158	47	140	242	154	231	237	42	150	195	231	231	253	167	253	201	205	238	184	99	239	146	44	102	185	93	
33	33	93	229	252	11	239	121	204	176	248	74	211	41	149	35	106	196	127	107	201	242	201	76	124	24	239	180	77	170	83	168	
49	181	122	74	95	151	146	237	95	33	237	10	120	216	46	48	251	187	210	128	150	35	62	255	115	77	3	47	89	2	239	134	
107	184	176	60	45	157	208	171	203	124	164	13	174	216	94	148	129	3	204	13	198	107	218	177	137	217	81	58	90	12	75	79	
33	32	16	56	13	221	144	72	206	104	176	72	159	216	54	32	200	33	126	1	141	99	222	144	129	216	11	59	89	12	75	132	
50	34	87	65	66	19	184	80	55	36	240	227	9	143	4	144	126	157	195	128	4	211	129	208	22	225	3	131	67	128	47	129	
131	33	119	65	3	86	169	64	60	96	242	194	216	6	148	228	62	149	122	204	129	241	37	192	21	58	11	128	67	132	33	116	
114	98	72	232	104	1	72	72	179	36	176	169	2	207	196	144	222	153	239	194	74	67	202	81	150	144	169	187	117	128	6	225	
65	131	88	5	54	90	250	136	110	97	122	68	215	8	156	224	178	197	126	97	135	176	133	93	164	55	42	69	76	130	9	5	
8	207	42	124	244	148	254	231	245	13	254	5	99	233	62	80	216	234	195	141	126	187	2	47	115	127	150	73	74	212	254	154	
13	52	248	193	245	124	187	218	98	237	31	38	217	183	219	174	63	94	255	152	147	112	249	194	95	205	167	229	143	239	95	241	
43	212	164	223	125	148	220	191	95	89	252	18	232	61	190	100	221	202	55	137	238	106	123	247	111	127	222	218	22	220	208	239	
134	62	242	211	226	225	184	67	190	219	81	183	140	254	127	8	239	59	179	149	178	222	138	210	28	22	219	239	133	69	167	211	
6	193	214	158	222	3	236	237	157	144	217	2	236	234	56	67	122	235	23	161	112	235	10	204	60	50	207	136	149	122	177	136	
237	80	249	103	36	78	107	24	113	238	247	72	215	85	153	122	30	212	124	106	169	244	249	40	199	255	97	148	98	187	70	113	
35	61	50	218	255	180	186	86	139	73	92	35	44	158	247	32	206	59	151	145	150	43	162	239	63	28	158	234	215	70	35	223	
218	188	158	243	139	224	53	135	186	23	38	179	188	190	74	75	167	83	233	145	54	76	139	227	205	243	94	207	160	81	165	91	
210	72	82	172	54	130	94	100	45	0	242	130	47	142	53	80	126	185	159	227	72	151	0	207	178	253	138	136	53	178	33	9	
253	109	66	180	240	134	78	246	113	202	234	69	115	227	51	81	89	238	4	238	253	218	208	46	248	239	167	136	42	245	234	88	
220	255	251	230	210	107	55	252	115	166	63	234	127	247	201	48	55	246	228	98	116	243	173	110	251	135	101	37	227	251	135	43	
134	32	130	153	68	162	168	64	54	130	83	146	72	206	121	72	126	41	51	147	32	214	0	194	0	6	155	128	133	105	49	128	
47	251	97	78	250	147	207	252	83	228	252	239	105	204	223	180	94	248	151	254	223	58	238	255	62	28	37	252	127	191	234	253	
173	239	172	63	156	55	206	254	86	234	217	87	241	232	91	32	221	111	118	239	253	246	255	63	236	207	239	181	253	251	187	128	
216	157	23	237	48	206	85	55	165	73	202	96	191	55	0	115	6	54	125	8	121	137	113	13	225	240	118	16	42	128	165	59	
153	191	30	187	178	143	94	247	53	74	88	69	183	82	34	49	255	107	22	231	255	220	24	63	232	195	47	192	56	208	163	217	
83	141	7	158	149	212	108	103	164	77	202	67	32	254	50	224	232	162	187	129	124	139	50	255	177	38	154	203	17	6	180	78	
151	73	103	229	54	130	238	112	245	192	82	198	121	15	181	225	126	245	23	239	233	181	5	236	48	170	171	128	45	179	112	49	
40	89	125	79	138	91	39	188	196	4	238	166	243	101	165	102	70	118	106	74	65	185	127	61	103	175	101	16	122	251	196	57	
43	216	36	255	61	212	221	190	95	91	212	20	184	253	62	228	205	10	183	141	175	46	115	183	103	127	218	155	22	28	220	255	
216	91	126	254	54	210	119	52	228	140	214	167	239	79	163	195	98	244	173	226	232	189	38	173	242	227	226	129	38	190	124	123	
11	8	12	163	101	185	232	68	172	113	95	135	141	10	22	202	106	41	255	21	150	184	197	197	198	113	154	193	14	15	25	222	
137	18	17	241	50	175	41	24	62	41	83	244	221	23	136	104	55	29	62	56	163	148	73	87	196	175	59	196	156	129	1	177	
204	20	183	189	139	108	53	23	189	211	99	16	220	183	32	223	167	55	249	16	48	205	179	66	193	243	86	2	138	112	165	115	
236	223	208	70	227	89	55	188	59	182	47	172	111	247	203	214	55	214	224	98	80	124	185	51	126	231	85	55	114	251	207	27	
54	203	75	174	40	129	79	244	133	132	152	207	97	199	177	80	124	241	143	238	200	3	108	189	240	197	175	185	53	187	54	104	
132	201	134	159	220	130	172	229	156	146	210	18	232	226	41	75	104	234	42	240	112	207	75	232	188	34	206	8	149	120	177	128	
2	65	18	142	30	129	172	101	140	0	210	2	172	202	48	64	126	169	31	193	66	9	2	221	180	48	138	152	21	26	161	136	
198	232	214	148	106	0	254	238	171	178	146	130	236	206	117	75	167	213	127	195	64	69	139	241	180	154	207	172	5	49	33	137	
133	96	157	249	110	130	169	88	62	184	83	226	213	67	209	106	126	93	127	223	195	212	79	64	204	136	171	132	140	145	33	161	
0	140	11	159	212	163	171	231	22	1	90	82	113	234	48	64	123	43	19	129	50	152	1	127	124	38	190	192	149	8	177	136	
239	221	199	94	249	182	102	174	183	219	238	80	122	246	173	255	217	254	234	206	121	207	251	255	47	254	199	10	218	127	232	180	
1	44	90	87	112	166	171	114	60	130	122	196	49	195	181	17	126	107	19	140	161	156	16	111	36	174	170	128	73	192	99	184	
96	49	248	100	16	76	65	19	96	196	174	13	147	135	66	82	80	196	104	88	8	72	241	0	203	173	5	57	224	160	70	82	
0	34	52	169	58	11	17	120	55	180	227	225	199	67	0	0	31	153	75	160	42	240	79	93	204	130	97	36	112	129	4	32	
1	48	21	45	45	79	144	74	206	224	160	72	214	216	84	38	136	21	106	1	141	97	219	16	145	154	11	58	88	8	9	6	
108	225	232	32	156	205	81	139	35	245	172	141	151	141	90	18	137	132	73	85	30	105	248	17	219	197	5	125	224	136	222	82	
116	172	210	150	214	136	102	193	187	163	99	27	102	227	65	26	51	238	32	30	52	218	154	106	28	134	85	42	160	112	234	138	
5	168	223	87	202	138	180	232	186	178	32	0	116	242	76	178	51	127	98	16	35	209	154	121	13	170	71	38	193	96	67	160	
100	176	86	80	194	137	49	73	171	145	101	42	12	211	108	150	35	254	115	8	18	243	154	65	30	40	1	106	227	128	227	163	
149	111	123	101	244	194	111	112	112	232	122	96	113	82	145	112	114	252	20	250	233	146	172	14	236	169	167	128	32	162	38	161	
19	50	215	37	18	14	46	64	60	166	98	228	205	38	133	152	182	213	108	165	165	208	5	78	132	230	43	128	225	112	35	181	
64	0	76	229	24	6	73	24	55	164	110	133	213	39	0	80	86	245	109	140	8	208	209	12	199	227	235	128	40	162	36	48	
100	167	219	69	210	11	46	184	114	162	98	200	83	97	64	19	55	221	66	34	32	242	141	74	124	134	5	36	229	242	38	160	
104	56	184	241	237	109	144	7	219	59	181	24	158	189	68	186	141	31	241	17	27	106	211	128	95	211	84	123	202	72	142	179	
125	91	223	229	178	14	87	184	33	140	235	101	83	119	35	82	118	228	44	110	201	147	185	8	243	239	37	0	170	251	96	113	
34	185	160	156	221	233	178	206	143	117	88	171	172	188	118	0	201	59	179	65	22	58	210	241	61	20	154	43	213	78	149	222	
12	176	188	241	237	125	113	27	255	255	37	29	158	225	75	26	145	10	110	28	2	100	251	145	207	219	85	125	218	104	79	242	
97	0	223	93	40	90	128	77	254	128	235	0	210	242	164	242	216	108	122	8	13	227	251	91	1	62	195	27	88	122	122	134	
40	169	49	120	221	221	243	198	223	149	104	9	46	201	116	132	169	107	195	81	18	107	186	245	123	93	23	107	83	13	247	234	
70	184	22	154	203	196	184	201	175	21	161	17	236	222	104	90	239	179	251	146	18	75	154	241	153	176	26	107	144	6	167	210	
83	33	34	164	213	142	67	77	119	132	202	15	66	200	50	84	248	237	106	213	140	179	150	202	184	52	1	10	233	142	112	70	
19	54	72	161	32	47	184	72	62	164	66	197	149	3	2	1	126	13	115	36	36	208	213	28	196	131	171	160	12	0	11	146	
99	179	9	163	96	12	106	48	40	232	105	205	212	14	30	16	148	141	87	68	133	144	217	69	164	60	171	224	8	130	67	208	
67	32	7	76	9	210	136	72	228	192	130	64	216	218	148	230	200	245	122	201	141	227	199	192	145	122	139	24	65	4	41	36	
51	34	71	173	16	6	234	75	52	164	226	197	65	6	4	208	252	205	67	164	41	210	81	78	144	238	139	128	9	0	34	180	
244	168	188	16	137	253	20	135	235	183	160	25	14	184	71	27	129	231	232	16	30	111	226	112	219	218	85	127	208	112	199	78	
74	42	6	188	9	196	89	91	167	157	132	129	198	207	114	66	204	189	105	133	10	75	194	209	209	176	139	61	18	132	54	82	
223	55	249	65	163	125	125	89	41	254	55	189	79	76	223	191	39	157	213	62	245	116	189	192	223	217	69	183	111	246	143	117	
35	159	23	188	189	132	20	55	220	73	202	100	164	176	32	224	196	50	10	1	239	139	18	255	161	54	190	138	24	68	176	31	
52	23	21	229	188	47	71	184	68	170	187	108	211	49	137	24	89	212	76	42	41	162	89	30	225	134	229	52	248	251	82	32	
193	66	227	93	100	42	105	18	117	162	114	242	147	0	177	111	106	172	38	12	161	244	231	66	68	42	240	0	125	169	64	160	
165	37	193	127	242	10	71	184	16	162	104	233	115	99	137	81	91	206	0	110	104	214	73	46	108	174	101	52	120	250	66	128	
117	168	56	186	142	193	209	200	198	81	160	11	180	216	114	2	201	227	122	145	30	99	222	49	216	1	143	123	221	8	250	130	
51	64	37	101	44	75	193	32	111	232	178	8	210	56	148	38	200	68	124	111	105	225	101	12	129	186	225	146	76	56	80	101	
35	181	242	202	118	180	186	95	11	73	124	163	44	254	190	32	222	59	151	149	150	58	34	215	46	28	158	234	215	198	227	223	
141	238	190	63	172	187	254	239	254	211	251	145	235	232	94	43	187	111	238	131	254	255	143	123	236	127	87	13	197	245	235	140	
47	118	225	101	118	124	234	90	107	233	121	238	25	159	221	188	63	221	215	157	131	178	252	194	22	124	33	172	239	231	74	245	
237	80	249	101	36	78	107	152	113	232	247	72	211	87	153	58	30	212	124	106	201	244	249	40	199	233	97	148	96	187	70	113	
220	120	182	112	41	108	88	16	171	155	183	24	158	159	69	91	167	181	253	16	138	103	146	192	219	251	80	58	194	33	3	3	
130	193	150	159	252	3	172	237	158	144	81	18	236	234	56	67	122	107	59	225	112	253	75	205	44	50	207	132	21	58	177	136	
134	0	130	153	20	162	168	64	22	131	83	18	72	202	57	72	121	41	19	145	48	212	0	202	0	38	154	192	149	105	48	128	
71	91	165	135	172	22	175	181	234	232	154	198	240	100	213	230	198	101	124	207	197	193	255	224	132	60	207	144	12	246	145	125	
66	104	150	149	110	0	188	236	174	178	146	2	236	138	113	74	103	101	127	195	64	69	131	233	180	50	223	140	4	50	33	9	
6	12	130	155	214	163	170	67	30	131	91	146	108	238	49	72	127	59	19	145	50	152	8	238	12	38	154	192	149	77	49	144	
94	219	108	101	50	26	111	184	37	164	254	229	219	103	141	84	118	212	237	238	201	144	237	76	110	239	167	132	39	178	100	113	
159	92	71	228	38	2	238	112	117	194	211	230	89	255	177	229	126	245	63	239	225	149	13	206	48	234	235	132	47	183	113	49	
204	239	237	127	184	34	79	190	55	182	239	144	241	231	9	85	93	255	111	250	120	222	251	127	255	191	199	196	163	243	164	112	
182	239	173	255	184	107	174	238	54	190	249	243	225	238	217	129	125	255	239	227	120	246	239	63	189	231	239	181	245	115	135	240	
244	253	247	86	210	107	55	239	123	179	111	58	107	241	205	55	63	254	98	234	112	247	142	111	59	174	69	47	227	243	231	164	
184	76	82	228	102	42	126	116	53	130	242	2	75	11	49	89	122	237	23	226	104	183	0	206	178	233	162	128	103	243	98	137	
1	107	85	229	100	11	239	48	76	184	82	64	213	3	208	34	90	108	110	110	193	176	195	0	228	136	111	128	12	186	81	169	
213	253	174	62	221	191	118	254	247	250	251	31	122	232	63	99	249	231	110	231	252	247	159	255	254	62	71	4	201	255	250	70	
195	190	1	147	58	184	170	166	63	123	26	245	172	6	214	199	167	71	253	151	231	76	143	247	156	16	31	254	12	5	11	93	
178	197	66	174	30	129	206	109	141	0	217	2	239	202	56	64	126	169	31	227	106	7	72	223	176	244	138	152	53	26	177	0	
167	237	206	189	248	171	190	230	190	182	108	157	181	226	83	17	203	111	123	78	118	223	218	63	252	167	255	169	140	113	155	218	
18	133	71	158	151	192	110	105	132	1	203	3	96	234	56	228	120	163	27	163	94	139	30	253	177	36	138	73	53	6	180	110	
131	221	70	95	178	134	175	246	60	142	126	198	248	227	181	68	127	127	59	206	224	216	19	111	110	190	239	128	79	240	161	184	
228	223	218	86	211	251	55	254	251	182	47	190	108	243	205	245	55	254	226	98	113	127	190	127	63	46	69	111	235	243	207	189	
6	76	2	154	84	163	170	103	20	1	90	2	96	234	49	64	121	42	19	145	32	190	0	223	40	38	138	192	149	10	48	128	
43	212	116	251	125	221	220	191	95	89	116	18	234	125	158	100	221	26	183	13	254	124	123	151	111	255	242	254	22	156	208	255	
93	93	62	174	34	143	95	188	45	202	206	44	255	114	163	113	246	243	93	239	237	131	61	61	240	239	111	144	56	114	41	27	
188	120	189	251	143	205	177	88	22	147	101	18	151	221	97	75	193	121	51	83	2	116	250	32	197	193	126	104	144	57	5	163	
57	237	66	55	244	134	110	246	113	202	126	68	115	99	147	212	121	238	20	238	237	218	68	47	110	239	165	128	43	245	250	201	
220	137	89	242	135	236	91	166	53	23	103	26	95	55	96	89	227	147	57	218	56	30	89	182	219	239	210	73	178	1	164	42	
111	113	96	74	237	84	223	88	193	200	189	5	26	92	127	191	204	128	149	255	205	35	122	192	83	89	133	30	67	127	122	118	
153	206	66	239	20	147	78	240	84	2	94	198	99	65	179	196	88	232	134	110	233	180	45	191	226	207	160	129	127	191	120	232	
56	167	233	161	252	43	79	159	19	237	248	221	131	41	218	16	89	142	7	61	154	186	101	151	238	221	181	244	245	204	214	232	
124	251	241	70	246	27	183	248	107	168	191	234	91	108	221	166	62	221	228	99	193	179	173	168	58	205	37	182	103	187	207	165	
217	221	115	78	154	29	71	188	70	2	254	230	243	245	165	100	118	246	108	106	201	169	125	59	243	237	36	24	123	251	196	57	
218	218	54	188	47	68	92	181	141	90	214	191	255	63	34	75	231	245	255	227	232	79	67	255	211	243	250	155	54	188	181	91	
94	170	188	183	171	192	191	134	186	23	134	179	236	239	74	74	231	83	173	145	18	72	138	227	205	151	223	207	132	118	165	91	
88	88	187	252	1	196	117	22	177	134	110	9	62	183	97	90	160	247	233	128	64	207	178	105	209	183	92	11	32	112	38	122	
35	148	244	251	253	31	252	191	95	121	117	26	206	121	156	96	221	30	63	25	246	120	107	215	175	254	213	246	214	140	208	143	
45	237	172	191	188	47	238	252	86	250	219	69	243	232	27	33	221	110	126	111	221	240	223	61	237	239	239	52	252	123	216	218	
140	239	247	191	154	235	55	254	55	182	239	250	239	231	41	69	63	255	238	242	120	247	79	255	253	150	69	52	246	251	165	33	
2	4	98	137	84	163	170	71	84	1	88	2	104	232	49	64	120	41	19	177	130	186	0	222	56	36	138	192	149	8	176	136	
241	93	63	220	7	198	21	119	228	200	202	6	48	182	33	99	104	246	56	193	105	139	48	44	241	32	214	2	41	48	112	122	
2	177	176	144	239	229	184	79	138	57	89	43	140	190	76	0	141	27	179	145	146	26	218	209	29	20	159	239	144	78	135	219	
0	34	85	201	74	11	41	8	62	36	226	192	196	3	132	84	94	28	106	136	0	184	69	92	4	2	17	0	80	136	4	160	
17	7	91	229	178	102	111	117	52	202	250	96	85	119	160	113	126	111	20	234	249	144	33	14	224	175	170	128	41	242	163	161	
20	168	94	88	202	128	176	75	170	17	232	2	0	211	68	16	43	189	98	152	18	235	146	64	30	40	3	110	193	0	227	128	
17	32	214	36	74	3	104	72	55	128	226	129	69	227	0	16	58	221	106	132	12	211	151	64	84	162	11	8	97	160	43	128	
96	160	56	184	13	201	144	200	198	48	136	9	183	216	82	66	201	225	106	17	14	99	218	17	217	129	143	61	80	8	30	130	
98	33	77	69	82	10	106	10	63	160	106	193	81	35	0	80	114	220	107	236	0	208	193	76	100	170	193	0	96	160	66	160	
65	66	189	69	44	75	195	32	108	168	146	104	214	56	132	98	146	84	126	107	137	244	197	4	132	62	99	16	68	56	81	33	
113	0	83	77	46	91	128	72	110	33	226	224	210	210	164	112	242	28	106	0	5	163	199	80	16	36	3	27	85	10	105	4	
253	81	255	36	58	14	87	56	161	204	182	36	95	83	131	83	118	228	124	126	233	199	185	12	251	235	101	148	107	179	98	115	
220	119	127	101	50	6	79	52	100	172	190	100	91	19	129	115	54	212	76	234	233	245	49	12	243	233	231	148	42	179	98	49	
0	102	85	101	122	11	174	56	96	162	34	204	209	33	128	19	63	84	98	46	96	244	77	12	108	138	101	16	105	242	67	160	
96	168	190	50	137	201	148	198	202	191	160	25	166	184	102	26	129	119	234	17	30	107	202	112	217	19	95	127	208	88	143	14	
106	168	148	94	201	216	144	135	170	31	160	25	170	250	68	154	129	83	232	0	22	79	194	33	155	243	84	123	192	76	207	14	
34	177	160	138	223	229	184	207	11	105	88	43	172	188	108	0	157	27	151	17	146	58	218	209	61	20	158	239	213	78	151	219	
253	21	149	101	188	47	71	184	96	170	170	76	215	49	129	23	21	212	76	106	57	224	89	14	225	166	101	20	234	251	66	49	
53	6	84	173	210	10	102	123	48	162	106	234	87	99	128	80	115	204	6	42	97	144	69	14	108	166	101	4	109	250	66	161	
44	48	184	113	237	125	113	27	107	255	61	29	158	241	78	30	145	10	239	28	18	96	251	208	207	221	113	126	218	108	199	243	
104	177	152	243	237	253	149	7	75	127	189	24	158	185	74	14	141	31	246	17	18	122	243	128	79	221	20	123	194	72	143	139	
86	169	148	94	11	192	176	129	171	145	160	8	232	242	68	182	129	123	104	208	6	75	202	113	153	146	87	123	192	0	43	142	
105	49	241	76	112	78	67	48	97	232	226	76	83	21	129	116	84	220	116	110	201	178	241	8	197	188	32	16	106	162	66	112	
40	169	51	122	221	221	210	198	223	21	108	9	46	221	116	132	137	58	195	81	66	43	154	247	59	85	20	107	82	12	223	170	
98	233	0	154	77	221	66	200	131	4	233	9	162	205	60	144	200	232	203	69	78	43	218	177	19	117	1	59	82	14	94	74	
17	32	12	165	18	11	104	75	54	160	66	211	151	3	16	72	114	13	91	45	57	216	69	28	196	170	187	0	44	128	17	128	
17	34	15	173	16	7	104	91	52	160	98	196	211	34	16	80	252	141	54	173	13	216	65	28	149	174	186	0	105	0	50	136	
81	32	23	76	10	11	176	75	239	160	226	42	214	152	68	36	162	29	106	1	5	121	135	80	148	18	27	58	65	8	3	14	
248	233	24	250	25	213	82	136	131	49	164	8	175	215	72	176	200	147	249	208	10	11	218	49	155	213	133	127	50	2	10	42	
112	185	105	96	84	77	65	19	34	228	172	9	19	21	80	48	24	156	81	88	75	58	240	4	203	141	5	124	97	136	86	122	
167	114	235	69	102	30	238	88	121	234	117	254	89	205	223	184	126	204	23	238	197	182	172	66	86	45	225	172	109	179	122	213	
93	89	62	238	170	70	95	184	228	200	158	40	255	123	171	113	118	245	125	235	237	131	61	60	242	239	111	157	60	243	41	91	
153	174	206	181	182	139	124	115	62	226	90	227	189	251	179	64	51	111	63	45	101	216	4	79	236	239	111	133	172	228	59	201	
166	180	116	241	244	175	252	187	95	59	59	58	206	185	92	96	191	159	127	17	178	124	75	215	175	222	85	246	214	140	209	135	
218	88	182	252	111	76	124	150	191	90	214	191	236	255	39	91	231	245	255	131	200	71	131	227	215	251	254	155	22	252	181	91	
198	52	237	64	234	125	253	89	43	254	177	185	88	60	223	59	183	149	127	55	229	117	173	192	95	88	125	183	229	244	7	247	
216	217	27	240	179	204	53	167	168	89	38	16	190	151	96	114	163	51	217	80	83	13	178	97	249	241	30	67	0	16	135	59	
40	167	233	97	244	203	73	23	23	237	124	185	147	45	208	16	89	142	7	28	154	184	69	22	110	223	181	245	231	202	214	240	
43	205	237	205	116	18	207	183	84	230	222	198	241	45	151	101	94	204	23	239	233	188	101	174	102	111	238	128	63	252	208	248	
83	141	161	134	165	28	206	165	105	232	154	206	251	228	212	230	214	103	124	239	221	24	253	226	176	124	143	154	14	126	145	125	
102	168	231	95	120	2	107	184	55	180	230	128	97	231	205	117	95	252	107	168	88	210	235	125	31	254	199	132	231	160	102	176	
43	212	116	251	253	189	252	191	95	123	93	58	142	253	254	100	207	27	255	29	246	56	123	215	175	255	151	254	150	204	208	223	
6	174	197	221	219	143	111	251	183	182	230	218	232	231	1	213	125	254	235	142	120	218	91	127	191	150	69	20	178	248	132	188	
125	147	99	76	82	23	75	56	37	164	254	236	91	71	157	244	126	156	254	236	201	146	229	14	122	237	161	132	111	162	98	48	
117	188	223	95	218	218	182	232	254	178	226	114	118	248	173	243	243	255	110	34	117	227	239	127	60	46	71	31	249	120	235	7	
9	207	198	95	180	150	239	247	124	138	126	102	248	227	181	196	125	110	38	140	243	152	39	111	46	174	182	128	111	208	233	185	
70	184	18	154	203	197	176	201	175	29	177	57	236	222	104	90	237	179	255	144	18	67	154	241	153	208	139	255	144	4	167	211	
46	149	37	89	185	237	209	159	31	93	124	29	218	125	14	84	221	154	255	28	155	56	123	151	207	255	21	118	218	76	214	242	
66	192	150	143	108	0	172	237	142	146	218	2	236	202	105	66	122	109	59	194	64	87	203	225	180	54	223	136	4	58	177	136	
236	120	182	112	109	28	89	16	235	155	181	24	142	155	69	63	134	181	255	90	138	103	242	192	211	249	112	186	194	161	66	35	
21	174	190	63	189	159	238	232	254	186	242	1	231	232	57	171	249	111	110	15	252	249	155	125	173	255	95	0	192	114	233	134	
89	221	115	78	178	154	71	190	117	74	254	238	251	245	165	116	118	254	12	234	233	184	253	63	242	239	36	152	127	251	192	61	
97	75	81	229	124	9	239	48	196	160	242	66	183	1	208	226	122	236	94	110	73	178	197	12	228	169	163	160	108	186	81	168	
57	223	67	63	214	150	103	246	113	202	126	102	115	115	163	244	127	238	22	206	237	154	101	47	62	239	180	128	43	247	250	205	
1	225	9	161	112	15	111	29	40	200	106	76	213	22	24	48	148	13	93	109	193	144	241	13	229	172	42	132	8	18	131	240	
190	133	64	174	20	3	78	249	21	2	241	2	75	74	56	65	122	201	23	227	120	135	72	191	178	233	139	156	53	171	240	0	
60	255	222	87	147	103	167	238	114	190	253	26	123	224	205	177	63	255	228	242	121	242	187	47	185	239	101	45	233	115	239	160	
3	165	240	203	246	177	186	79	95	65	93	131	172	206	188	32	255	27	19	157	150	56	108	215	46	28	154	232	215	206	241	221	
125	235	242	70	118	27	255	248	99	228	254	170	107	233	223	180	62	253	230	234	205	179	173	238	122	237	5	45	103	191	110	164	
22	222	10	186	29	165	18	216	150	73	201	87	96	250	42	192	217	43	155	145	190	7	26	247	185	54	155	207	152	31	188	147	
6	13	130	155	214	162	170	67	30	131	91	146	108	238	48	64	127	43	19	145	50	152	8	254	44	38	158	192	149	74	177	128	
94	170	161	186	123	192	27	200	187	157	29	163	236	199	74	20	183	251	237	144	2	74	138	241	217	212	155	239	50	6	39	123	
222	144	30	186	41	188	48	216	191	29	167	21	206	222	106	219	165	17	253	83	22	5	154	241	211	241	90	79	154	5	47	19	
134	193	22	159	236	3	172	237	140	48	211	2	204	202	56	67	122	69	127	227	80	247	75	213	60	50	207	196	21	42	177	128	
29	93	127	231	34	30	111	176	36	138	158	100	223	55	137	115	54	212	93	234	233	145	57	44	243	235	231	128	42	243	38	57	
253	80	127	230	42	78	95	48	161	238	183	36	91	23	131	123	102	245	125	234	233	197	249	44	243	235	225	144	43	179	98	113	
16	32	150	21	11	139	160	72	190	176	226	11	66	224	100	130	185	109	106	0	4	241	139	16	153	162	75	51	65	40	43	134	
221	103	85	69	32	30	78	184	97	170	190	108	211	83	145	247	22	228	124	110	233	128	201	12	162	249	101	148	106	179	74	33	
109	85	149	101	169	111	71	188	33	234	42	76	214	53	9	255	16	212	108	106	121	240	249	8	173	250	69	20	202	251	66	48	
100	33	185	98	216	108	67	136	98	53	45	8	214	245	73	26	145	222	96	90	26	114	251	32	205	141	5	125	192	123	70	98	
34	179	184	18	233	253	181	199	218	95	49	189	174	252	78	26	143	59	195	17	150	106	242	97	79	17	84	123	192	76	199	223	
45	49	185	227	253	125	241	27	91	253	61	28	158	189	78	42	155	30	198	24	19	120	251	210	207	221	53	126	218	74	199	243	
33	14	209	101	18	10	106	55	52	163	106	212	243	35	128	80	118	46	34	44	49	184	69	14	12	174	48	0	105	168	64	168	
109	181	185	83	253	253	241	155	91	125	61	56	158	249	78	48	157	27	87	17	147	122	250	179	79	221	53	127	202	75	214	227	
234	233	56	88	217	221	17	231	219	53	164	24	42	159	70	52	201	186	195	80	90	42	242	183	127	221	20	123	82	8	198	238	
240	45	71	69	24	10	106	10	62	160	234	192	81	35	0	80	112	204	106	236	40	216	193	76	36	170	131	0	65	160	98	128	
80	32	18	44	75	137	160	75	238	176	224	8	134	216	96	18	160	173	106	1	6	107	134	81	145	0	1	63	80	8	35	138	
103	146	252	24	235	124	16	139	171	119	44	189	142	54	206	63	135	87	233	20	183	72	247	209	14	115	81	255	154	197	143	87	
16	169	22	89	10	131	160	71	246	17	226	2	128	130	4	0	104	173	106	136	0	251	195	80	28	34	19	64	97	0	227	128	
25	31	199	95	182	150	238	55	117	202	254	230	249	115	183	228	126	102	54	206	237	184	37	239	46	239	166	128	111	246	104	221	
2	132	34	137	212	163	170	99	84	1	91	2	8	170	56	64	121	11	19	177	146	186	1	223	44	36	154	192	149	10	177	128	
205	255	191	95	251	247	183	254	118	254	252	188	120	254	135	165	191	127	230	226	247	122	191	127	127	239	111	175	219	117	175	255	
38	181	240	194	244	181	186	75	11	233	121	43	140	252	92	32	159	27	151	17	146	58	232	211	30	28	155	238	213	206	211	215	
41	181	249	105	189	125	113	27	31	125	61	28	159	125	92	56	157	26	127	28	147	120	123	147	207	221	53	246	210	200	214	243	
86	170	225	178	123	240	59	200	155	181	157	171	44	199	77	132	247	249	181	147	10	86	170	243	159	212	143	239	38	7	38	243	
76	19	149	101	36	46	167	48	108	168	122	100	215	33	129	98	22	84	110	106	129	176	193	8	196	174	99	0	200	251	65	33	
50	97	6	200	9	129	72	72	167	160	168	8	0	195	100	150	232	160	106	200	72	3	130	80	145	160	131	59	17	2	38	164	
0	14	209	71	52	170	162	55	124	33	123	244	241	35	128	64	86	46	44	8	177	184	69	15	164	174	50	0	108	128	65	41	
32	32	6	137	72	3	104	75	166	160	224	193	128	131	48	84	72	140	106	140	8	203	195	80	20	48	147	24	80	128	98	136	
184	228	24	104	89	197	81	234	83	52	164	8	51	19	74	49	217	152	64	40	106	46	112	23	251	201	1	125	112	0	70	138	
16	32	20	173	12	11	64	9	86	160	195	3	199	136	16	64	216	12	106	1	12	240	79	18	132	166	3	17	52	8	16	2	
28	245	180	239	203	101	55	254	0	178	188	42	255	119	72	7	47	215	209	226	120	107	218	162	253	193	71	44	227	122	167	171	
83	141	161	198	180	92	207	167	77	224	218	74	251	124	212	228	82	230	124	111	217	56	245	170	185	124	143	24	76	126	209	108	
2	178	18	152	201	197	152	79	175	29	144	53	140	222	104	90	237	49	255	144	18	75	146	209	153	144	155	255	144	4	167	211	
8	174	198	149	118	235	107	118	191	238	94	247	109	227	178	212	51	238	191	12	32	220	5	255	254	39	55	129	174	228	60	201	
28	178	214	101	23	91	67	56	119	164	255	174	219	104	139	164	58	253	236	224	73	240	125	12	250	231	101	21	231	34	46	34	
6	141	130	155	148	163	174	71	22	131	91	146	104	238	48	64	127	43	19	145	50	152	8	255	44	38	158	192	149	78	177	128	
138	48	177	179	227	109	185	15	58	247	17	217	188	31	92	26	167	31	211	149	178	92	147	194	77	87	94	164	197	68	135	251	
253	81	127	236	58	78	95	56	241	204	182	40	127	119	163	115	118	245	125	234	233	199	237	12	243	235	103	144	54	179	38	115	
121	176	190	189	95	75	177	235	254	244	242	39	246	248	27	195	123	108	106	33	165	251	223	29	220	39	103	31	237	44	123	195	
52	190	222	223	219	83	183	232	126	254	230	166	104	226	175	255	127	255	234	160	101	211	255	253	60	166	71	39	153	98	45	245	
156	121	208	251	131	141	87	220	23	162	167	34	46	211	105	92	119	218	204	90	106	229	91	178	251	220	5	55	186	251	132	43	
190	13	68	168	196	3	78	248	21	2	240	2	75	107	49	81	123	233	23	226	120	182	72	190	178	203	227	196	55	171	112	128	
63	255	99	78	91	147	75	248	115	72	253	238	105	195	191	244	94	248	134	234	207	50	236	255	62	92	161	232	127	166	106	180	
220	222	152	186	146	232	71	174	186	30	160	29	222	227	105	89	113	219	141	242	106	71	154	127	249	167	127	125	144	113	167	35	
57	159	115	79	246	154	111	255	117	74	126	230	123	116	183	244	118	254	150	236	237	186	45	191	190	239	164	128	63	254	226	253	
6	181	116	241	252	175	252	251	127	59	59	58	206	185	124	40	191	159	127	17	178	124	75	215	190	222	87	230	214	200	209	133	
134	219	152	186	184	133	28	221	158	29	80	117	172	211	235	72	213	59	151	208	82	79	10	241	168	22	191	239	152	92	169	155	
45	33	65	161	240	15	74	208	49	168	120	76	83	3	145	148	88	204	22	252	25	146	193	14	124	204	161	224	107	131	82	160	
17	141	15	237	180	134	79	55	36	8	218	66	243	35	176	96	90	166	28	168	121	152	65	31	228	173	162	192	60	138	224	40	
66	92	182	188	105	44	124	150	187	91	218	59	236	191	97	90	231	255	191	129	224	87	194	227	151	246	218	138	150	244	37	91	
9	159	211	223	54	178	238	54	60	202	126	230	249	243	182	228	118	110	54	142	241	152	37	255	110	255	190	128	63	197	233	137	
29	163	158	189	31	75	224	232	126	252	242	7	238	248	27	193	251	109	110	101	141	241	219	29	156	231	111	7	233	42	105	67	
178	100	254	244	234	3	93	111	147	182	68	187	103	191	99	27	135	255	117	1	104	223	195	154	243	211	93	179	36	248	148	203	
195	180	213	193	226	42	168	159	59	243	18	246	221	54	220	175	39	85	125	189	181	84	165	192	28	26	127	230	173	228	131	181	
222	22	206	168	26	50	24	89	23	183	211	247	77	238	170	219	119	149	175	181	188	215	13	214	154	103	235	199	191	231	173	21	
88	4	210	225	214	42	106	23	53	35	254	18	11	43	16	88	123	143	21	152	56	154	1	198	182	253	182	196	167	192	224	8	
163	190	152	174	108	45	152	250	142	191	25	253	172	172	234	2	143	91	215	53	182	110	202	211	12	20	127	254	156	76	27	155	
28	229	148	207	159	117	86	254	83	190	188	26	111	115	200	183	63	222	204	106	120	123	170	163	187	223	69	127	242	250	174	175	
234	252	90	240	75	241	58	202	19	178	4	186	45	159	101	56	251	219	147	146	111	95	138	243	95	199	159	239	55	17	46	154	
39	36	224	195	246	185	250	218	91	225	125	139	8	204	221	56	191	155	23	157	150	50	236	210	14	28	157	238	247	207	83	213	
138	180	161	241	195	109	185	95	59	123	29	153	156	191	88	143	167	27	243	149	147	88	147	193	93	89	91	230	207	68	135	243	
87	52	237	64	203	124	125	15	171	255	167	157	72	62	79	58	167	151	253	148	182	69	189	66	95	62	85	247	195	244	135	87	
221	81	127	230	42	78	95	176	161	222	182	168	91	119	139	123	102	213	125	234	233	199	241	232	243	235	231	144	35	177	102	115	
66	178	18	152	235	197	184	79	175	29	145	53	140	150	96	90	231	27	255	144	18	75	194	209	157	48	154	255	144	4	167	219	
37	241	128	67	213	31	198	152	66	232	41	76	146	24	221	180	220	76	80	126	207	50	249	8	47	157	5	60	201	187	90	148	
40	228	56	104	93	201	81	234	2	21	164	8	50	209	72	17	153	152	193	32	74	38	202	21	75	193	17	125	80	8	86	170	
1	74	80	113	22	138	96	22	116	33	66	192	179	0	144	104	114	44	42	24	10	188	197	37	132	166	50	64	104	137	65	40	
45	181	57	227	253	125	241	153	75	125	61	60	158	93	94	40	159	26	86	57	147	114	249	149	79	221	53	126	206	10	215	243	
220	80	127	101	42	94	95	184	161	222	182	100	123	119	129	123	38	213	125	234	233	197	185	200	243	235	229	144	42	179	102	113	
25	23	85	101	50	30	110	56	100	136	126	228	223	115	128	244	54	100	92	110	201	144	1	14	164	239	35	128	42	242	11	33	
33	0	70	13	72	139	96	79	38	33	98	0	128	131	0	88	72	12	106	12	0	216	67	20	4	162	208	0	0	128	80	168	
50	104	0	29	73	129	160	74	166	16	224	65	160	194	4	82	200	108	106	128	14	67	219	49	20	32	155	59	81	16	34	142	
33	10	192	53	48	142	106	54	116	33	103	80	243	35	144	80	120	174	40	140	57	156	69	47	164	174	176	64	232	128	64	168	
106	232	16	58	25	145	18	192	143	136	161	9	174	210	101	148	200	185	202	66	78	7	202	191	177	212	9	59	18	7	46	14	
45	52	249	99	252	127	243	24	123	253	61	28	159	61	220	42	155	94	87	60	147	112	248	192	79	221	37	116	206	203	199	243	
42	185	177	59	235	237	181	143	90	85	120	189	172	252	78	24	143	91	227	21	146	106	250	243	77	84	30	111	210	76	135	219	
109	52	249	97	244	126	243	152	123	255	61	60	223	253	221	58	151	221	116	26	131	118	248	66	79	221	37	246	207	243	71	243	
73	38	4	37	40	10	108	48	36	162	226	64	209	35	128	215	0	100	104	174	65	208	193	12	164	175	227	0	10	162	75	160	
77	17	149	101	176	14	102	48	45	168	110	68	223	51	129	246	20	124	108	110	17	176	209	8	165	252	33	0	74	163	9	33	
100	96	121	68	108	9	232	80	233	184	176	72	18	139	213	59	202	229	110	106	193	103	194	64	20	152	96	56	69	187	66	161	
131	133	109	65	182	58	237	183	124	99	94	214	145	44	158	100	55	142	54	29	183	184	101	199	108	46	178	196	239	204	209	253	
220	46	145	188	187	99	31	250	147	230	140	189	141	163	67	223	227	103	204	162	44	79	201	190	248	215	223	61	178	245	45	75	
208	89	63	252	4	198	77	52	160	138	194	0	247	23	33	115	224	244	125	106	105	205	177	45	225	235	230	16	32	176	33	42	
19	184	250	26	215	177	178	199	127	71	108	47	44	248	102	8	183	171	146	149	150	62	158	115	26	79	19	107	253	70	171	207	
252	82	255	254	42	78	93	120	225	254	182	124	95	95	137	123	102	245	125	234	233	199	235	232	211	235	231	144	38	177	38	115	
62	12	86	255	198	43	74	240	29	162	250	2	79	107	49	73	123	237	23	227	56	247	9	190	146	251	195	132	183	251	112	128	
57	159	119	223	54	182	111	254	119	73	126	230	123	103	182	244	127	238	158	238	253	152	117	255	174	255	182	128	63	221	240	253	
63	127	106	78	124	215	206	121	85	108	253	238	105	204	191	176	92	234	150	238	207	178	108	191	54	77	161	169	95	183	106	245	
45	181	253	227	252	127	113	25	127	249	61	24	223	29	90	56	157	26	95	60	179	120	121	150	207	221	53	244	210	202	220	243	
63	255	111	110	55	215	158	248	198	204	253	231	123	204	191	36	254	249	215	231	239	163	60	191	122	77	175	249	111	191	123	221	
195	14	247	214	108	32	175	55	201	186	55	246	252	51	181	111	39	119	126	174	225	71	175	234	52	62	255	138	142	240	161	45	
27	94	230	157	114	250	111	118	61	206	86	247	105	231	182	244	55	238	183	198	180	216	165	255	126	111	247	129	39	245	253	221	
153	255	190	189	223	255	181	255	246	252	222	63	254	253	146	228	127	254	238	65	173	255	255	255	255	99	119	191	127	125	191	251	
194	124	182	253	109	172	188	198	187	27	90	178	172	254	101	90	231	127	255	129	162	223	130	227	151	126	222	138	132	116	33	155	
134	173	118	241	236	171	252	227	127	59	123	26	142	168	116	8	175	159	127	17	178	124	11	215	158	222	95	230	196	200	193	129	
82	4	66	161	148	34	108	87	53	3	219	18	15	11	48	72	122	133	31	145	24	183	1	194	146	237	154	132	167	216	240	0	
1	132	33	157	84	227	161	111	94	5	88	82	176	248	180	96	217	26	18	41	179	186	103	159	13	14	187	76	20	8	117	236	
6	141	2	154	148	163	174	231	22	1	74	2	104	234	48	64	121	42	19	177	50	152	24	255	41	38	142	64	148	74	177	136	
6	204	134	147	148	162	172	199	62	19	83	18	232	42	56	73	105	75	59	145	50	252	9	247	12	6	222	196	133	89	177	136	
42	252	88	240	67	225	63	199	19	162	92	171	45	159	97	56	235	187	147	128	6	30	192	251	95	199	159	175	53	80	38	154	
88	6	134	37	19	90	99	56	54	228	206	134	195	32	2	212	48	204	234	172	44	208	125	14	236	231	65	1	99	172	44	68	
6	132	34	139	84	163	170	202	22	1	91	2	72	234	56	64	121	11	19	177	146	184	8	223	8	6	154	196	149	11	48	128	
38	36	226	195	212	51	234	200	95	163	121	2	8	200	253	40	121	137	19	145	130	182	45	210	30	12	159	228	213	95	112	132	
78	190	180	86	171	220	28	174	187	255	12	185	236	254	223	175	135	119	253	23	182	73	174	241	43	122	95	191	134	116	143	95	
39	96	226	67	70	49	234	216	91	227	117	26	72	200	221	44	127	201	23	155	134	118	236	194	30	12	151	172	231	255	114	132	
47	177	241	65	253	127	241	25	75	249	61	60	222	29	222	172	159	26	87	61	147	112	121	212	79	92	37	246	206	206	215	247	
45	52	241	193	245	127	243	216	107	249	189	124	223	125	221	62	63	220	87	56	147	112	249	194	223	221	37	246	239	239	71	241	
162	255	152	190	252	173	158	255	158	63	17	255	236	237	202	10	143	123	223	5	178	78	202	183	60	22	63	254	156	95	155	145	
242	149	228	5	19	82	70	184	115	230	206	143	67	124	22	215	57	196	232	226	236	242	253	30	187	102	197	23	99	246	92	86	
237	112	145	69	96	30	231	144	123	234	55	108	218	24	197	190	151	76	116	126	133	244	249	2	6	223	101	182	202	243	74	181	
45	52	249	65	225	127	115	152	107	235	61	108	222	55	207	190	151	92	212	58	129	244	249	2	79	221	33	182	202	243	71	245	
92	118	251	101	96	110	123	88	123	239	191	44	223	255	203	58	191	221	127	58	137	242	249	194	215	221	99	164	239	243	71	243	
252	82	255	228	110	70	95	56	57	206	246	238	95	63	129	123	118	213	125	234	233	199	235	202	243	235	231	148	39	243	102	115	
48	42	14	29	9	203	161	74	54	164	194	68	224	130	2	208	104	110	234	0	9	217	223	48	148	34	187	17	25	0	62	136	
217	83	95	69	34	30	111	48	105	232	118	228	95	55	133	247	54	212	124	106	225	144	181	76	182	233	101	128	42	178	74	49	
221	80	255	101	98	78	127	56	113	238	246	236	91	55	197	123	54	213	125	234	201	86	177	202	215	251	229	128	39	243	102	115	
73	3	16	37	48	26	110	48	101	8	126	100	199	35	128	244	18	68	108	110	65	144	193	76	164	252	34	128	10	162	75	1	
56	5	98	229	212	19	206	127	85	162	254	10	83	41	188	0	120	140	23	168	248	179	101	142	114	207	165	148	119	250	240	128	
11	188	242	58	211	161	147	207	87	71	120	167	40	216	118	4	123	171	147	145	150	190	158	247	124	68	31	235	255	70	175	207	
6	188	246	241	253	189	188	247	255	123	180	58	140	255	244	8	175	59	255	17	178	127	34	247	159	94	95	238	214	204	129	211	
222	38	158	182	139	98	56	3	185	183	135	179	77	255	75	91	163	245	237	179	56	197	139	194	219	227	223	71	164	97	173	2	
70	172	246	209	252	169	252	231	255	59	122	26	140	168	116	72	175	187	127	145	178	124	75	247	158	30	95	238	196	200	161	129	
101	96	95	228	108	13	232	80	232	184	49	76	147	139	213	59	206	233	70	107	193	102	194	64	84	152	98	40	77	187	67	161	
1	134	49	171	20	163	161	123	86	37	89	114	245	16	176	96	89	62	18	25	179	188	109	159	141	38	186	64	148	10	53	168	
66	184	18	154	235	165	184	207	175	25	209	177	140	150	96	90	199	27	255	144	18	75	202	241	157	48	26	255	144	4	165	155	
194	60	150	157	252	172	184	198	191	155	90	176	172	254	101	74	231	127	63	145	50	220	130	227	28	62	94	138	132	80	163	137	
252	71	115	78	253	26	79	248	233	134	189	136	75	109	189	182	122	208	204	106	232	35	40	238	179	221	37	60	119	255	230	36	
188	252	252	95	63	123	82	254	91	191	188	58	74	122	206	183	251	220	228	32	46	111	251	239	187	223	85	127	251	254	110	143	
62	65	246	230	230	35	108	92	5	128	243	2	111	105	57	75	126	229	55	227	136	243	9	204	146	235	239	128	167	251	96	137	
130	60	182	253	255	164	184	199	187	219	88	51	172	254	101	74	231	123	255	149	178	79	130	227	31	126	222	170	132	68	167	219	
86	12	194	227	148	34	106	87	61	1	251	18	15	42	36	88	123	143	31	144	58	154	1	194	186	204	158	196	165	202	240	8	
222	63	149	149	171	113	95	247	181	238	142	181	238	231	195	223	231	231	237	134	61	95	233	238	186	214	215	187	162	245	134	95	
103	52	191	242	237	116	249	83	171	255	23	92	220	255	89	47	173	31	119	153	177	119	186	192	95	218	219	238	143	97	187	179	
95	48	174	180	163	112	93	27	163	255	151	185	206	183	202	62	39	199	253	156	29	65	163	192	218	243	253	247	174	228	174	87	
42	186	50	58	125	213	147	232	219	236	252	45	170	252	102	4	217	123	130	0	142	43	250	187	107	84	5	59	83	46	78	215	
6	4	2	138	20	163	170	192	22	1	91	2	64	202	57	64	121	40	19	177	18	180	8	255	40	4	139	192	149	11	48	128	
24	141	120	67	246	186	255	183	117	99	127	18	121	41	156	96	63	142	55	152	186	188	45	247	110	239	54	196	231	194	224	169	
246	254	252	87	59	251	82	246	219	255	244	63	74	254	198	190	239	253	230	0	175	247	248	255	31	222	85	55	235	252	78	159	
246	252	245	84	251	219	86	231	187	239	186	253	10	254	198	247	231	253	239	130	245	223	250	238	59	30	85	243	139	116	198	87	
47	52	241	65	245	127	251	88	107	233	63	110	219	61	221	188	191	221	214	126	145	240	253	202	15	221	37	230	239	239	71	245	
247	207	115	78	221	59	198	248	233	130	185	202	107	109	189	182	123	210	70	106	236	35	108	238	59	222	133	30	119	251	214	4	
126	114	241	101	96	126	127	16	105	238	254	236	91	63	197	126	126	221	245	234	137	214	241	202	215	255	227	160	231	247	102	241	
89	6	102	69	52	26	102	48	125	238	126	228	203	32	150	213	50	68	108	46	172	240	101	14	166	255	97	128	102	166	88	69	
77	116	241	69	98	126	243	144	107	234	62	108	222	28	215	190	183	92	212	126	133	244	253	72	70	221	101	166	207	247	75	245	
122	20	228	5	23	90	71	40	97	238	238	175	75	44	150	215	89	196	236	166	140	242	237	12	62	39	229	149	103	102	94	86	
134	239	144	155	252	169	190	223	158	191	89	255	236	226	234	10	159	123	79	31	242	86	202	247	172	22	63	252	156	223	129	217	
195	174	132	147	170	168	172	135	191	51	2	245	172	42	192	207	167	71	121	149	54	76	143	227	140	22	222	230	140	84	137	29	
133	48	155	241	32	111	33	80	54	139	115	80	151	147	73	40	181	25	22	24	3	180	17	2	197	142	50	100	200	1	3	177	
2	184	22	155	234	161	184	67	174	57	210	49	172	150	104	74	199	27	255	144	18	75	131	209	140	48	26	250	144	4	161	155	
38	96	226	139	84	163	170	200	86	163	113	2	64	200	125	8	121	104	19	179	130	182	8	250	24	12	143	164	213	123	112	128	
214	126	247	150	179	217	127	183	189	206	214	191	44	230	231	86	167	231	255	134	252	205	174	238	186	54	223	211	134	244	134	127	
153	133	110	67	212	58	239	191	117	99	126	18	89	41	156	100	123	142	55	137	176	188	37	239	126	111	182	196	231	204	240	232	
18	47	74	169	182	163	63	199	142	173	88	167	45	174	35	0	238	235	135	213	22	153	0	252	252	69	174	163	180	92	157	203	
118	13	194	162	212	34	106	67	57	3	251	18	11	42	36	80	123	143	6	176	58	154	1	230	184	236	158	196	165	75	240	0	
149	2	1	187	22	163	35	88	86	33	83	114	213	192	184	232	89	40	2	155	51	180	109	55	132	166	186	64	180	139	49	160	
104	58	26	24	105	221	16	74	155	12	228	45	46	193	102	148	221	186	194	0	14	35	202	51	18	85	1	59	90	12	78	151	
2	184	246	249	252	141	184	99	255	59	112	50	172	190	116	64	239	59	255	17	178	127	2	213	158	94	91	234	148	12	33	155	
74	186	172	18	235	216	88	151	171	125	22	189	172	190	198	190	167	215	253	148	150	73	175	241	222	83	124	251	134	212	143	95	
130	188	182	157	247	164	184	71	191	27	88	51	172	190	100	72	231	59	183	145	178	220	146	195	13	54	222	202	148	76	161	155	
139	142	202	153	245	189	184	151	31	75	86	215	168	234	183	204	93	42	179	157	182	220	70	243	78	31	158	195	158	204	217	142	
79	176	243	209	237	124	185	87	187	255	53	60	156	191	222	190	175	31	247	145	147	122	186	192	95	88	255	238	199	68	167	247	
42	175	234	233	243	235	191	231	28	133	124	163	45	175	54	0	238	59	147	145	18	152	32	238	111	69	190	193	181	220	215	218	
252	82	254	236	104	14	127	56	57	238	246	170	95	63	131	123	118	213	125	238	233	215	233	202	247	251	235	152	39	179	102	113	
2	140	130	154	149	231	162	199	22	1	72	18	160	250	48	64	217	42	19	145	50	186	26	255	41	54	158	75	144	72	180	138	
124	65	214	230	94	2	110	93	165	128	243	2	75	203	57	66	126	229	127	242	72	179	139	136	250	233	167	132	103	187	240	128	
47	53	113	193	245	127	250	216	127	249	191	110	90	125	221	188	63	156	214	62	155	114	125	214	30	93	5	246	239	239	82	245	
