香奈儿可可小姐唇露	119 - 布尔乔亚	https://i.chanel.cn/fnbv3/image/full/shades/rouge-coco-gloss--119--55g.0156718_S.jpg	https://i.chanel.cn/fnbv3/image/full/chanel__com_type1/skus_full/rouge-coco-gloss--119--55g.3145891567182.jpg
50	115	97	109	16	221	131	88	37	76	225	232	163	70	141	52	44	144	196	98	139	0	101	61	177	192	0	130	99	7	102	117	
2	133	98	201	212	163	170	103	92	1	90	2	40	42	52	96	123	11	19	145	146	184	5	223	60	12	154	192	149	12	241	204	
60	120	190	253	41	247	89	90	151	170	118	48	127	223	97	122	151	125	245	18	136	215	179	176	195	255	113	171	210	249	36	187	
233	108	50	16	101	175	64	230	121	74	224	28	14	152	87	29	137	110	64	13	228	254	208	118	20	30	80	42	74	85	74	143	
109	49	249	97	244	76	123	25	99	173	125	72	21	183	193	48	22	158	22	88	147	186	240	64	111	173	37	236	224	131	198	177	
34	185	50	200	245	197	186	239	79	73	120	43	44	156	118	0	220	59	151	145	150	58	18	245	63	28	158	235	213	14	183	219	
66	187	90	88	122	153	26	102	171	4	124	168	174	222	166	208	166	57	206	64	66	41	130	125	178	213	2	123	80	128	15	31	
27	159	67	143	86	146	175	118	53	192	90	231	121	110	182	228	126	239	23	239	197	153	45	255	52	46	170	128	63	230	177	253	
2	187	98	155	246	179	190	231	31	69	90	183	44	238	182	64	255	187	147	149	182	154	46	255	62	30	158	203	21	76	181	221	
147	16	142	185	21	54	168	10	28	115	66	215	149	10	54	201	245	13	187	149	183	220	85	134	141	239	154	68	156	8	57	144	
50	97	70	141	76	11	232	105	143	160	242	2	10	138	52	66	120	172	127	225	72	251	195	221	148	168	139	156	53	40	112	128	
210	120	159	180	11	192	53	198	184	150	130	43	172	151	99	75	162	117	235	65	96	79	178	234	209	51	94	59	0	52	39	107	
61	93	99	207	84	31	238	248	117	232	126	70	91	121	189	244	120	204	22	238	201	178	125	238	54	108	167	128	127	191	112	164	
3	128	193	185	116	154	232	23	126	73	82	215	189	8	144	232	106	44	54	157	167	188	69	215	132	62	186	192	156	140	89	157	
106	35	224	28	201	184	189	71	251	119	96	153	8	172	22	158	161	47	227	133	150	122	166	209	86	120	216	41	215	68	215	222	
77	82	209	197	98	10	111	16	121	226	118	228	221	19	193	254	54	220	52	238	193	148	229	192	70	252	99	132	46	243	67	161	
131	152	19	185	116	180	184	19	190	89	82	85	188	154	182	232	199	43	23	29	183	156	18	215	4	62	186	194	156	4	41	221	
179	134	206	173	20	2	104	127	52	195	210	215	49	35	146	64	125	172	63	173	189	218	197	207	220	46	250	128	173	164	120	216	
78	219	46	190	175	149	191	236	143	158	150	167	236	232	51	67	238	99	251	199	196	109	11	253	254	115	207	155	22	63	61	207	
2	221	50	158	223	213	190	230	159	70	88	135	44	254	38	64	239	123	147	195	102	139	50	255	61	54	158	171	21	92	189	223	
127	83	46	172	47	23	222	104	205	204	222	175	238	200	55	66	254	229	255	231	204	35	143	220	242	115	203	155	31	63	57	87	
130	221	182	153	245	172	188	167	190	27	90	49	172	190	32	64	231	59	187	5	242	216	2	247	45	54	158	194	16	92	161	219	
122	1	98	232	126	19	248	113	101	64	255	139	11	143	180	100	110	133	95	237	216	171	101	196	210	249	170	220	39	142	112	65	
95	219	46	190	47	149	190	232	207	220	214	167	236	200	63	67	254	225	255	231	196	35	143	253	242	115	207	155	95	63	57	87	
203	189	244	215	174	148	185	191	175	221	22	181	236	255	222	239	167	115	253	157	183	88	175	241	110	123	255	234	134	164	141	125	
187	17	106	224	118	18	91	113	101	64	255	167	27	15	182	112	126	157	151	238	201	179	37	204	242	233	162	196	103	142	112	113	
120	204	130	188	197	200	70	231	59	14	248	15	46	226	103	212	249	239	166	131	76	63	152	251	177	231	159	59	115	126	238	26	
122	65	98	232	110	19	216	113	37	96	244	138	11	15	180	116	110	149	223	236	200	163	101	204	242	249	170	152	55	142	114	208	
130	159	54	156	249	196	188	231	191	95	88	55	172	190	38	64	231	123	187	193	242	137	18	255	45	54	158	139	144	92	165	219	
47	111	66	78	85	151	238	248	87	200	248	206	104	200	191	164	124	232	134	238	205	178	12	255	54	92	133	142	127	191	122	132	
183	98	226	4	79	27	246	72	91	230	245	175	72	200	255	174	120	204	130	231	204	247	172	202	22	24	197	47	103	191	126	196	
238	102	164	16	205	57	188	142	171	255	148	189	136	168	223	159	13	199	231	181	246	103	207	210	126	82	93	255	207	85	222	215	
71	54	198	147	226	178	184	83	188	215	83	247	204	238	230	207	119	61	255	183	181	213	142	192	28	34	239	194	140	230	171	213	
118	180	242	240	231	249	240	67	235	191	189	59	14	253	76	26	171	149	239	18	28	115	136	208	155	220	69	255	211	110	199	7	
242	255	100	198	255	87	222	254	1	238	188	175	106	60	151	55	221	215	223	231	236	107	249	174	59	94	205	191	103	254	214	95	
29	189	146	251	177	246	127	211	119	206	94	52	191	243	163	236	119	106	140	154	191	216	59	231	234	255	39	64	170	229	169	117	
1	128	245	81	116	155	233	23	126	97	114	80	187	8	148	236	107	46	6	24	177	188	101	223	12	190	114	64	212	136	81	173	
181	73	107	206	84	2	111	112	65	128	255	66	83	193	177	117	120	236	23	234	201	179	44	44	112	168	161	128	101	187	112	160	
140	181	237	179	253	249	169	89	190	119	69	146	221	231	90	171	35	27	219	24	51	84	126	210	205	195	122	109	150	200	133	240	
26	157	58	184	211	225	185	103	159	69	72	179	44	191	34	64	235	187	147	145	22	155	2	215	219	87	154	203	183	4	165	218	
60	113	123	100	119	91	87	216	97	224	255	42	91	223	73	48	122	252	213	242	73	179	184	140	243	205	37	165	111	187	102	243	
244	80	175	214	13	76	229	204	248	222	182	31	114	223	63	91	104	228	111	227	104	103	186	234	209	35	254	25	33	57	119	122	
60	127	154	170	221	255	214	214	1	205	252	45	38	253	35	144	221	250	134	50	14	179	56	174	251	213	36	59	203	91	126	219	
56	65	98	236	20	2	78	125	101	32	254	2	91	9	48	80	120	140	23	234	200	179	1	140	242	233	162	148	39	170	112	0	
162	33	114	133	108	43	248	67	77	33	250	26	174	8	20	0	238	157	127	1	144	191	65	202	148	56	154	178	69	72	17	137	
159	10	198	149	226	178	170	82	188	198	83	247	73	234	183	205	102	109	183	151	165	213	4	234	20	98	235	130	175	229	41	149	
57	253	121	96	244	207	95	242	64	172	124	10	19	23	177	48	28	152	23	106	203	186	120	62	127	205	37	36	113	139	70	187	
61	117	99	76	84	15	71	248	71	224	253	78	115	241	181	180	88	236	22	110	201	178	253	31	54	44	37	60	127	187	114	164	
39	239	98	26	119	145	142	236	95	68	124	239	104	232	191	132	94	235	147	231	198	58	78	255	62	28	143	171	95	159	122	205	
104	60	123	117	52	238	121	23	121	204	126	44	183	55	145	56	4	62	85	8	161	184	241	46	199	255	48	128	72	192	70	121	
94	113	187	226	59	211	19	200	171	232	189	40	78	223	107	48	190	253	223	242	9	3	168	200	251	213	7	255	227	51	39	115	
44	177	248	97	244	207	115	93	99	173	125	8	23	21	202	48	28	158	4	120	218	186	240	12	239	205	37	100	224	130	198	163	
37	177	97	65	244	223	239	121	69	225	121	70	83	24	156	164	122	138	22	252	211	184	125	220	44	28	165	196	111	138	208	164	
2	249	50	154	203	212	188	199	143	93	92	19	44	222	110	79	231	59	179	145	214	75	178	241	31	16	94	235	18	84	165	223	
162	21	114	193	229	188	248	7	237	91	123	51	140	30	20	106	238	147	215	1	144	184	96	194	7	120	26	194	197	76	227	223	
124	249	120	104	117	205	83	216	65	44	188	9	31	159	104	16	156	152	149	122	74	35	88	29	243	205	33	125	114	155	198	35	
9	199	146	253	176	157	111	191	94	59	94	84	253	227	170	228	55	74	54	108	243	152	43	183	236	223	55	196	186	216	137	169	
23	14	103	135	214	178	234	113	117	194	91	198	89	232	181	228	126	236	22	175	181	147	44	206	52	46	171	128	175	231	112	245	
185	69	106	229	86	18	111	121	101	192	255	2	81	11	187	112	126	140	23	238	201	179	37	142	114	233	160	132	103	186	240	224	
102	172	178	240	237	237	210	67	155	191	185	57	142	253	100	26	137	185	239	19	26	111	202	208	155	214	81	127	208	105	198	131	
242	247	100	198	255	87	222	255	137	238	189	175	74	60	158	54	159	215	221	231	252	107	237	206	59	94	141	191	103	254	214	95	
72	188	183	241	169	236	116	151	187	219	166	17	158	191	64	219	165	119	253	16	50	109	146	224	207	251	86	67	194	68	167	91	
8	152	186	250	224	228	61	151	188	95	118	20	188	191	34	120	228	59	31	8	19	8	50	225	195	251	122	138	16	64	165	251	
60	113	123	226	55	95	83	216	101	224	189	42	91	221	107	48	250	221	215	114	73	179	56	156	251	221	1	127	111	187	102	115	
127	93	99	204	83	86	47	248	21	200	92	230	72	247	183	228	126	253	151	238	193	147	52	206	54	60	143	138	63	183	35	245	
39	209	229	65	245	23	236	221	95	232	112	198	72	8	181	164	126	8	18	253	199	240	125	220	44	30	135	198	223	174	121	157	
157	12	235	222	86	34	239	242	84	194	222	194	113	109	179	100	127	238	23	239	169	181	44	238	114	46	239	128	167	251	112	248	
246	120	159	240	9	239	81	194	171	250	160	24	158	151	97	59	161	245	237	80	41	79	178	96	217	211	67	63	192	113	7	50	
32	141	2	154	148	163	166	231	22	1	88	2	96	232	48	64	89	106	2	81	18	186	8	255	40	4	135	96	149	74	176	136	
187	81	106	236	54	18	95	113	69	96	247	174	27	13	182	112	126	157	151	239	201	179	37	206	242	233	162	132	103	174	114	241	
118	89	107	236	94	66	95	248	5	164	220	163	89	127	181	96	126	221	55	239	200	147	61	206	115	239	175	132	53	187	116	115	
50	239	97	68	254	11	198	236	91	236	248	239	98	104	213	16	190	239	70	103	233	123	205	126	60	28	37	190	77	250	82	221	
244	56	189	240	173	109	81	202	171	251	177	24	158	61	65	59	201	213	237	50	57	103	251	208	219	211	65	127	192	105	70	34	
37	255	65	132	252	75	167	252	14	232	152	239	87	196	245	0	63	73	70	127	193	115	77	62	188	0	45	188	85	123	87	249	
120	125	58	230	19	204	83	86	33	229	172	9	63	191	66	16	190	251	149	240	10	11	144	162	251	197	36	59	163	18	14	91	
2	140	2	156	20	162	42	99	52	3	91	18	104	226	32	64	120	42	34	128	48	152	0	223	32	38	138	128	20	74	176	136	
59	1	114	225	116	153	248	80	109	65	254	138	143	13	180	100	238	153	95	217	142	187	101	192	214	249	170	210	103	142	113	197	
3	168	164	217	173	181	184	7	206	17	18	18	188	156	116	110	203	59	59	25	151	104	119	241	13	26	223	106	157	12	209	166	
90	1	142	156	137	116	116	7	165	195	206	19	104	182	34	222	224	231	234	145	29	203	179	192	147	103	222	75	130	100	188	94	
93	66	209	229	34	10	111	16	121	162	114	192	223	3	193	254	54	221	60	206	193	148	165	194	196	237	99	132	46	243	3	33	
11	188	191	248	111	229	185	87	139	91	84	63	188	191	96	43	239	51	247	129	131	95	178	241	223	251	218	234	156	72	163	251	
131	148	181	185	53	189	184	2	63	83	2	85	172	30	118	237	199	11	155	149	183	220	83	215	140	247	218	66	158	4	9	212	
130	48	146	144	197	173	176	67	190	27	113	16	140	154	96	11	225	27	179	17	50	125	146	195	21	18	90	106	128	72	131	131	
53	0	107	67	84	35	235	88	84	224	119	66	81	1	189	36	120	140	22	234	137	182	45	14	20	12	160	132	101	171	112	224	
44	60	171	243	71	124	179	82	248	223	95	18	157	247	67	42	105	252	219	155	17	116	250	162	87	197	235	41	163	107	55	242	
34	185	160	152	223	193	178	199	10	69	72	139	172	204	118	0	201	59	147	209	22	58	210	241	61	20	158	107	213	14	151	222	
194	92	22	216	73	236	144	66	169	26	176	24	174	158	37	27	236	177	223	19	98	103	146	226	147	248	90	27	80	73	35	11	
104	8	166	94	189	214	217	6	232	141	190	9	104	40	151	187	200	102	253	29	152	235	97	232	67	127	244	145	195	86	118	111	
230	117	228	196	238	21	158	237	137	250	153	171	12	190	87	35	206	245	255	231	192	99	238	200	59	24	207	190	69	254	147	213	
203	147	109	68	106	28	189	190	40	116	60	253	156	47	150	179	38	85	245	110	213	88	167	100	102	43	109	172	78	245	135	241	
67	128	226	37	5	28	181	169	235	118	7	137	203	188	86	38	35	68	121	5	212	124	191	129	135	122	81	54	71	174	83	238	
156	187	243	67	51	91	146	0	122	237	55	42	74	60	199	164	62	223	196	80	169	242	237	72	46	205	37	167	231	34	15	47	
11	234	162	51	117	157	178	196	127	69	252	133	170	72	94	132	223	107	130	85	134	190	76	227	76	94	22	67	199	7	235	207	
253	122	169	61	25	60	67	154	18	216	160	88	182	100	73	59	216	202	124	92	175	70	251	59	137	225	37	56	240	113	82	100	
217	55	160	62	61	188	194	80	121	79	245	61	174	232	155	156	152	110	204	79	190	230	232	163	130	241	10	27	74	135	127	95	
34	184	238	89	102	251	177	199	95	93	118	179	40	156	182	40	235	59	183	145	150	248	39	245	78	11	242	195	247	12	213	255	
184	8	188	184	13	253	144	206	206	26	160	11	162	184	119	139	201	51	235	1	14	111	82	177	145	83	219	59	209	124	93	142	
230	200	4	19	205	156	224	166	58	50	34	93	128	8	84	219	129	68	97	87	118	124	219	117	13	122	85	70	73	5	218	14	
120	18	192	36	83	114	83	82	33	231	239	189	72	55	67	222	108	244	241	2	9	147	241	10	82	229	129	147	171	245	110	83	
246	226	233	76	0	91	71	232	115	30	181	44	66	100	156	180	57	204	205	107	234	39	239	91	147	111	97	191	119	243	118	101	
214	58	246	20	242	250	183	66	184	142	114	189	44	166	135	27	38	117	196	210	52	213	164	106	20	38	54	131	229	117	39	199	
67	244	147	48	155	44	181	207	186	115	162	157	150	188	74	42	167	87	72	53	39	103	154	83	185	22	31	62	200	80	163	95	
125	139	181	97	168	91	68	59	98	190	106	104	27	48	192	248	1	12	100	154	217	122	97	16	79	235	117	77	242	224	198	32	
114	239	128	4	205	90	70	238	105	186	168	24	2	56	84	190	137	198	204	99	92	111	200	32	155	84	84	63	65	119	222	14	
205	201	230	18	17	222	97	1	238	209	167	16	248	214	118	247	32	162	250	220	167	201	63	108	91	25	7	65	194	5	224	102	
22	171	147	65	178	202	54	197	191	41	83	240	4	172	192	72	179	127	109	83	83	153	136	98	168	52	63	199	164	83	183	179	
237	121	17	40	113	71	74	220	50	96	96	76	29	151	1	176	148	77	81	237	131	19	144	95	113	237	1	60	89	17	3	152	
207	188	246	117	177	254	253	183	125	95	126	53	255	62	146	253	167	127	255	5	183	252	241	239	238	255	118	195	206	196	175	127	
99	218	133	26	104	189	166	148	190	93	176	253	224	230	134	152	141	227	238	199	135	70	122	115	4	18	251	186	88	21	139	85	
212	99	200	39	26	11	79	13	42	164	11	141	231	199	75	18	54	110	73	222	72	192	205	106	252	4	37	48	36	246	131	80	
58	1	114	224	54	57	250	82	109	0	255	2	15	11	180	96	110	137	31	249	138	179	101	196	210	221	170	208	103	142	113	1	
130	157	150	156	245	196	188	230	190	11	90	49	172	190	32	64	231	123	191	129	114	219	18	255	45	54	158	138	144	84	165	155	
75	249	244	223	174	148	188	191	175	219	30	183	236	254	214	110	167	119	255	149	215	76	170	243	46	127	223	238	6	148	129	125	
3	148	19	185	83	244	184	83	188	73	74	84	188	158	32	232	231	59	19	145	183	156	50	215	13	54	26	194	152	4	161	223	
27	83	46	142	47	151	158	104	205	204	222	175	236	216	55	192	254	229	255	231	196	35	30	253	242	113	143	155	95	62	57	87	
251	65	83	197	99	26	110	112	121	162	118	198	89	35	149	244	118	236	54	238	193	150	165	202	22	250	194	128	47	183	106	173	
35	2	76	189	20	130	104	51	52	99	82	215	177	34	146	64	124	172	63	141	173	156	69	207	204	46	186	192	173	140	120	152	
2	157	50	158	223	213	190	231	158	78	88	163	172	254	38	64	239	123	147	193	102	139	58	255	61	54	158	171	21	92	181	223	
130	221	22	159	245	165	188	231	190	27	88	49	172	190	32	64	231	59	179	129	114	152	18	247	45	54	30	202	16	92	161	155	
250	1	98	232	92	3	202	81	101	0	255	10	11	11	52	80	106	133	95	249	216	171	69	204	146	249	130	216	39	142	112	128	
47	79	98	206	117	151	238	248	85	72	124	198	104	232	181	228	120	236	150	238	205	178	60	238	54	124	135	138	127	190	120	132	
2	148	59	217	87	228	177	87	254	73	78	18	188	190	36	100	231	59	19	16	179	152	50	215	77	190	26	74	152	0	165	255	
1	8	179	185	116	186	232	19	124	73	82	84	189	8	176	232	195	47	54	29	183	188	101	215	132	62	186	192	140	136	89	237	
126	67	106	172	63	2	95	120	169	140	220	175	79	207	51	80	254	253	221	231	204	131	168	136	243	245	143	187	39	63	54	115	
54	121	226	156	79	209	182	224	201	196	220	143	72	236	119	7	248	233	147	231	204	99	190	200	51	16	205	187	71	63	126	214	
2	221	50	155	245	197	188	231	158	27	88	17	172	190	32	64	231	59	179	17	114	152	18	247	45	54	30	203	144	92	165	219	
250	65	98	232	14	19	202	113	5	0	244	138	11	15	180	112	126	133	95	234	200	167	101	204	178	249	170	152	55	142	114	140	
129	138	115	89	116	173	233	51	124	9	118	80	189	3	148	108	195	42	38	28	179	188	97	87	12	190	50	64	192	136	65	169	
58	218	146	190	241	212	150	247	19	79	252	47	42	246	102	212	253	251	134	0	95	59	184	187	179	247	183	187	219	62	238	223	
121	72	210	69	71	26	110	112	113	130	118	66	75	131	149	244	122	236	182	238	201	182	133	202	22	236	192	0	47	183	106	164	
41	253	67	78	85	159	70	252	87	232	120	78	122	208	181	180	88	236	22	110	201	178	252	255	54	60	5	44	127	191	122	164	
89	72	87	229	4	10	111	48	117	130	226	64	251	3	129	252	114	228	46	234	73	148	117	206	196	254	242	0	42	178	96	40	
185	69	106	228	118	18	79	113	85	64	247	130	91	13	179	113	126	156	21	238	233	183	37	142	242	233	160	132	103	186	112	241	
147	203	74	188	62	145	188	103	140	68	216	231	44	138	178	192	110	43	159	197	198	137	6	253	176	97	186	139	61	156	185	221	
126	121	123	234	59	211	91	200	173	232	189	168	127	223	107	48	254	253	221	242	73	3	168	232	251	213	15	59	99	51	39	115	
60	117	123	100	118	87	87	112	65	224	253	46	91	95	185	48	126	252	151	234	201	179	56	140	243	205	37	1	111	187	102	243	
166	249	162	154	207	213	190	200	159	198	80	175	44	220	103	8	205	123	147	211	66	71	58	243	61	20	159	171	21	63	55	222	
94	233	228	243	182	168	186	135	43	177	26	131	237	110	92	66	231	95	127	149	146	248	207	225	174	255	191	196	165	86	145	73	
34	239	96	154	215	209	190	238	31	5	88	163	40	236	54	0	223	107	131	215	230	58	78	255	62	20	159	235	85	30	191	206	
74	188	151	178	137	252	52	199	191	219	34	16	172	191	96	223	161	119	251	16	51	201	178	225	143	242	94	75	130	84	175	63	
3	159	106	173	118	166	190	119	28	68	122	231	117	44	182	0	126	43	7	165	245	184	20	79	100	38	42	192	125	138	177	217	
130	29	50	217	229	172	184	7	173	27	123	48	140	190	20	72	175	59	215	17	146	184	66	195	5	60	26	194	196	76	227	155	
33	125	123	97	244	207	103	244	80	172	124	8	19	21	177	48	94	152	6	122	193	186	112	30	111	141	33	100	117	154	70	169	
2	249	50	154	203	213	188	231	143	93	88	19	44	254	102	67	237	59	179	145	86	75	178	241	59	16	222	235	17	84	165	223	
39	102	226	138	85	183	234	216	95	237	89	199	8	200	191	132	92	232	147	253	134	178	76	218	62	28	143	174	223	255	120	196	
24	153	186	250	155	196	21	214	191	93	68	19	60	255	34	88	229	123	155	144	18	11	50	243	211	247	26	75	146	80	173	123	
214	56	159	240	203	235	49	66	190	182	130	57	140	183	97	91	163	117	235	18	48	93	162	112	221	131	91	119	128	97	7	99	
151	30	195	149	146	178	170	115	60	195	91	247	77	234	183	236	119	173	55	189	181	149	13	206	28	46	175	192	175	228	185	213	
23	5	103	197	214	50	239	119	116	192	95	198	81	100	188	100	126	172	23	173	177	179	37	206	124	46	174	196	175	226	240	244	
37	49	241	69	244	111	227	88	99	225	125	72	19	53	221	52	90	222	6	120	147	178	244	72	109	156	33	36	231	235	70	164	
72	61	58	118	176	236	121	54	249	77	126	16	190	183	34	120	132	59	93	24	144	185	178	110	231	255	50	64	194	128	207	123	
43	143	226	141	125	147	186	106	207	192	216	199	168	136	246	132	236	105	155	149	132	235	71	220	30	92	143	155	95	46	121	220	
161	61	243	69	116	207	239	119	93	232	116	66	16	17	180	164	126	40	18	188	225	184	116	206	44	30	53	128	79	136	210	173	
130	37	82	133	236	43	248	71	45	35	250	26	140	10	16	0	238	143	95	1	16	191	65	194	148	20	154	160	68	72	129	137	
184	65	98	236	212	2	78	125	69	32	254	2	91	9	176	80	120	172	23	234	216	179	0	140	242	233	162	132	119	186	240	128	
52	31	62	170	188	255	211	244	141	204	252	45	118	252	167	17	220	250	134	114	188	171	56	172	251	209	37	147	216	123	108	91	
196	176	191	240	235	233	177	67	175	55	181	59	142	191	96	27	163	21	239	16	18	101	170	208	221	211	91	127	208	73	135	227	
90	169	90	144	83	217	56	103	175	5	172	137	173	206	70	80	34	187	219	128	70	11	150	253	255	197	26	107	35	4	47	74	
109	116	241	71	116	126	234	24	107	233	121	74	89	176	221	244	122	204	22	58	129	178	252	194	36	60	35	164	207	255	82	165	
11	184	191	248	239	229	185	87	143	91	92	18	188	191	96	106	239	59	51	145	19	95	178	241	223	219	218	106	152	72	161	251	
18	159	87	205	118	131	183	119	28	128	90	226	117	55	160	68	127	119	23	161	240	184	5	255	44	38	174	130	53	234	165	185	
179	246	72	7	66	15	187	116	57	238	59	239	77	110	206	17	55	69	199	102	228	212	13	110	118	14	45	160	109	247	67	209	
47	222	88	33	114	62	58	190	57	74	122	229	77	3	131	213	55	197	213	246	229	148	69	79	38	231	45	196	47	245	10	145	
10	138	182	153	141	251	177	71	206	63	230	17	142	168	102	206	201	50	234	17	22	233	98	208	141	86	82	83	210	76	157	206	
111	184	108	120	105	245	89	184	171	255	181	61	24	223	222	187	135	81	245	215	139	71	250	240	218	219	105	255	14	133	106	83	
118	24	188	188	137	244	16	11	143	81	140	29	166	254	34	90	193	51	249	17	30	11	210	145	211	247	90	91	152	76	172	86	
130	176	146	153	199	237	180	199	190	19	64	18	140	190	104	72	161	27	147	17	50	124	18	211	13	22	94	107	144	80	165	130	
124	88	171	214	77	124	181	220	176	222	181	63	122	255	235	123	249	212	255	226	169	103	186	226	215	39	254	153	193	121	119	251	
130	48	146	152	195	225	180	71	190	19	65	18	140	158	104	73	227	59	179	145	50	87	146	210	21	22	90	107	144	68	165	146	
138	149	62	220	203	213	180	103	156	19	68	19	60	191	38	75	225	51	187	129	114	205	18	213	115	51	94	75	18	68	173	186	
53	64	107	67	84	34	235	88	84	224	247	66	83	65	189	96	120	204	22	234	137	183	45	14	116	141	161	132	101	187	112	224	
140	180	252	241	173	121	125	255	127	119	69	144	221	247	90	175	51	26	183	56	115	92	63	211	207	211	95	101	182	204	141	246	
198	178	252	177	235	105	177	79	191	63	53	187	140	191	206	11	167	23	239	17	18	85	138	209	94	83	127	247	148	76	143	195	
98	164	180	196	125	46	222	111	217	170	184	24	238	120	28	19	219	199	127	33	224	111	137	207	59	190	87	190	64	104	211	139	
122	16	184	122	107	61	153	89	155	127	181	185	46	253	110	156	159	155	213	17	154	39	170	211	83	95	120	187	211	76	10	113	
61	127	5	173	60	75	143	248	4	232	216	238	247	101	241	160	126	236	94	111	201	179	109	60	188	132	47	180	117	187	17	249	
53	77	99	206	212	34	239	240	197	130	255	66	115	225	181	117	120	224	22	234	201	179	44	236	112	172	167	128	119	251	112	160	
49	239	107	5	124	15	175	253	122	236	248	206	115	36	208	50	62	238	86	111	225	251	253	126	124	12	45	188	69	250	199	249	
108	124	188	79	56	250	19	18	202	238	61	40	151	20	195	50	193	116	76	26	10	68	234	44	239	143	53	249	208	123	94	99	
42	205	99	222	127	208	238	236	215	136	124	34	104	251	181	228	122	250	183	202	66	58	174	255	62	60	135	175	23	190	124	173	
105	248	140	59	205	172	228	134	186	54	40	29	230	200	82	26	129	110	97	7	70	124	154	51	69	39	95	33	72	81	91	138	
29	157	178	219	177	244	95	151	127	206	238	52	175	247	167	252	215	107	156	156	191	200	51	255	234	255	22	67	154	244	172	127	
49	255	115	101	118	15	207	124	121	232	250	239	115	40	148	16	190	239	70	101	205	186	101	127	52	46	32	16	109	170	98	221	
230	45	228	132	236	7	222	239	137	250	152	11	140	174	85	3	239	247	95	231	240	107	202	234	61	24	207	188	5	126	147	217	
35	205	106	222	95	149	190	229	223	64	76	134	104	206	182	244	254	235	147	197	199	11	62	255	54	125	143	171	31	150	107	220	
49	223	115	77	116	159	250	118	125	72	250	102	107	9	148	112	126	174	6	236	206	186	101	253	54	252	32	64	111	138	98	141	
53	13	234	238	212	34	239	115	85	194	255	130	115	237	181	96	122	238	23	171	185	179	44	238	114	175	163	128	229	251	112	160	
36	165	152	184	253	233	144	75	159	61	185	56	134	248	104	16	217	27	206	16	26	43	74	151	157	148	31	127	208	74	199	131	
154	148	116	123	135	255	117	31	119	123	103	16	219	95	30	125	53	154	189	144	250	220	123	151	207	255	212	199	178	196	196	127	
212	243	12	65	176	143	69	53	46	181	39	28	150	3	2	81	128	36	108	120	120	88	81	20	232	130	5	117	200	16	203	2	
226	253	100	198	255	63	222	247	137	234	191	191	74	60	22	50	143	247	223	167	252	107	236	239	63	126	141	182	71	254	214	223	
38	179	210	144	254	233	176	67	191	189	57	59	142	250	236	8	175	63	199	17	18	123	136	210	28	20	47	239	208	74	135	131	
242	255	96	198	255	87	222	253	25	238	188	191	104	60	158	50	223	247	223	231	252	111	233	239	59	126	205	179	103	254	214	95	
70	179	242	240	247	235	176	195	187	61	185	59	14	248	108	8	187	31	199	17	18	115	136	211	30	20	63	255	213	78	199	131	
7	179	195	145	226	162	173	85	62	227	91	247	221	238	254	236	119	13	55	157	149	208	165	192	28	38	191	196	173	198	177	213	
173	125	108	58	252	252	84	212	249	87	101	29	239	109	27	27	139	74	196	31	166	114	248	40	246	243	65	43	230	215	94	212	
251	120	250	84	59	54	28	86	185	238	246	253	24	183	167	127	70	124	245	76	165	215	176	10	115	249	48	147	203	245	174	115	
126	62	228	60	171	113	88	74	163	254	188	191	42	255	199	159	47	247	253	145	158	79	230	224	154	83	85	187	239	229	46	95	
80	191	18	34	178	232	39	178	172	77	62	224	223	118	136	48	39	211	236	64	146	73	171	101	184	196	47	202	192	67	167	113	
236	88	186	254	104	93	31	252	157	26	245	185	223	223	233	127	199	125	255	98	224	71	234	179	247	251	119	188	22	189	135	243	
147	90	78	188	6	146	158	118	157	198	210	231	41	202	183	193	110	225	183	199	236	143	6	238	50	99	234	139	45	181	57	93	
123	81	42	174	63	151	158	104	205	204	222	175	238	216	55	64	254	229	255	231	204	35	28	253	242	117	143	155	95	62	57	87	
130	249	144	155	205	197	190	198	158	25	64	2	172	158	97	8	237	123	179	209	66	88	26	243	45	20	158	107	144	24	161	139	
1	142	75	181	52	170	104	55	124	67	90	213	177	34	144	96	66	46	63	141	189	156	69	79	132	62	186	192	172	128	89	24	
242	1	98	232	92	3	202	113	77	0	248	10	11	11	52	80	106	133	95	224	216	171	65	204	178	248	130	216	119	138	114	128	
251	75	66	76	69	18	110	112	113	136	246	102	104	130	183	244	120	236	166	238	205	182	228	204	54	120	194	130	111	182	122	141	
122	71	106	172	55	6	95	120	1	140	252	175	107	207	51	80	254	237	149	231	200	179	40	142	243	253	175	155	55	190	118	115	
43	207	98	206	117	151	238	248	93	72	124	70	104	232	182	228	120	232	150	239	197	186	44	255	54	60	135	138	95	174	120	141	
2	221	50	159	247	197	188	231	158	11	88	19	172	254	32	64	231	123	179	129	114	152	18	255	45	54	30	203	16	92	165	219	
1	156	59	217	52	172	185	55	252	73	94	80	188	178	180	100	167	59	30	9	179	184	48	215	13	190	50	66	136	0	225	169	
124	219	62	244	44	199	83	244	205	220	182	47	126	127	167	83	236	241	239	98	236	235	59	237	251	155	103	211	81	187	116	123	
34	239	98	159	223	209	190	239	94	69	88	163	40	236	54	0	219	107	131	199	198	58	110	255	62	20	159	235	85	94	253	206	
1	158	59	89	48	172	249	55	252	9	126	80	188	179	32	96	165	58	6	8	179	184	48	95	79	191	50	64	216	128	225	171	
126	121	123	238	59	209	95	232	173	196	188	168	111	223	35	112	254	249	205	226	75	3	232	236	243	213	143	187	35	51	39	115	
17	159	91	205	118	2	175	55	20	128	94	230	245	39	160	64	118	118	23	236	241	152	21	79	100	38	170	128	45	234	177	185	
122	185	58	168	25	197	81	103	165	69	172	9	62	159	98	16	232	155	217	129	74	11	146	117	251	245	154	123	9	4	166	90	
218	212	244	121	149	254	84	159	127	123	190	24	74	125	28	120	245	159	253	17	190	252	121	215	191	255	212	215	243	84	196	95	
61	93	123	110	86	87	87	240	69	192	252	38	123	221	51	48	126	248	23	234	201	178	56	174	115	205	37	0	111	187	98	243	
18	14	206	189	242	146	190	246	150	134	90	231	173	174	183	192	111	239	183	133	228	216	5	239	44	39	190	129	45	244	57	221	
120	185	184	184	153	196	16	7	139	85	140	9	190	150	98	88	192	59	249	17	30	11	210	145	219	245	26	123	144	4	134	74	
34	239	96	155	215	209	190	239	30	69	88	163	168	236	54	0	219	123	147	213	118	58	110	255	47	22	159	235	85	30	189	222	
74	184	151	220	203	208	180	231	191	23	70	49	172	254	100	207	163	123	235	16	50	73	178	241	187	114	94	75	130	84	173	127	
130	249	146	153	195	229	180	199	158	19	64	18	140	190	104	72	227	27	147	145	50	124	18	243	45	22	30	111	144	80	165	154	
130	157	18	155	228	172	188	7	172	27	91	48	140	190	60	72	239	59	151	17	18	152	66	227	13	60	26	194	212	72	129	139	
2	253	50	154	203	197	188	239	159	93	88	19	44	254	110	1	237	27	147	145	86	75	154	241	61	16	222	235	16	92	165	223	
161	39	113	65	244	203	231	119	117	232	116	98	48	17	148	52	122	56	6	56	241	186	100	94	108	30	36	128	103	138	210	169	
23	135	103	133	150	178	174	119	124	195	91	214	89	110	188	228	127	167	62	173	181	145	37	206	60	46	175	196	175	230	177	213	
45	117	227	77	85	63	226	88	67	224	121	78	90	248	157	164	120	204	18	110	133	178	253	202	54	60	1	38	207	255	122	164	
72	125	58	118	113	220	115	118	169	77	126	1	190	255	34	80	164	115	221	80	82	169	178	101	227	253	52	75	194	1	239	91	
26	216	50	186	27	208	26	198	135	85	140	163	44	223	34	208	235	187	155	145	14	11	58	253	251	245	158	251	183	6	45	90	
58	7	34	190	95	145	154	72	143	133	157	175	44	204	118	196	254	169	143	149	142	11	14	221	154	84	139	187	23	14	61	78	
146	178	222	177	162	235	49	71	190	63	87	177	205	247	234	89	39	31	239	16	50	220	137	83	222	227	127	199	164	192	141	195	
184	69	98	236	212	18	78	125	69	0	254	2	91	41	184	80	120	204	23	234	248	187	37	142	242	237	166	132	119	186	240	136	
130	141	82	145	228	169	188	103	44	19	122	18	140	42	16	66	239	11	95	145	114	184	65	195	36	52	154	192	132	72	161	137	
38	249	98	158	79	209	158	230	155	84	216	171	40	236	55	1	202	251	179	195	70	75	254	249	55	16	206	171	21	63	62	222	
136	178	188	249	234	233	49	207	190	63	119	177	140	183	234	75	163	27	239	16	50	92	138	209	204	211	122	231	180	72	133	203	
124	90	190	254	109	68	247	248	168	254	181	47	126	255	235	123	236	245	255	227	201	103	186	224	211	163	231	191	3	59	118	115	
157	71	79	167	132	2	238	253	52	226	219	199	81	96	185	97	126	204	21	239	253	144	13	8	240	233	239	132	45	251	248	144	
26	180	240	249	173	121	121	159	95	119	76	16	175	191	106	236	179	27	191	24	50	88	115	211	207	223	83	103	182	204	133	255	
57	107	1	229	124	15	79	124	68	224	218	202	243	36	145	164	126	236	94	110	201	178	109	62	188	204	173	180	109	186	16	184	
53	13	111	78	212	34	239	113	196	130	251	66	115	225	181	101	120	234	22	234	217	179	44	110	48	172	231	128	117	251	112	160	
27	189	176	221	185	245	93	63	95	79	254	48	174	255	166	116	199	59	157	16	191	200	115	223	235	255	22	75	146	196	172	127	
42	239	98	222	127	209	254	239	223	0	124	162	104	232	180	228	251	122	146	192	70	58	14	255	62	125	135	43	23	142	124	140	
49	239	97	5	116	142	235	116	96	232	250	206	243	36	144	48	60	238	86	237	201	186	117	63	116	174	34	144	69	138	66	248	
52	13	235	206	212	34	239	115	85	192	255	2	113	233	177	96	120	230	23	171	184	179	45	206	122	174	167	128	229	235	240	160	
49	219	99	109	116	143	234	116	109	72	122	103	115	9	148	80	126	172	6	237	205	186	85	125	38	236	32	128	109	138	112	153	
12	183	26	185	252	203	177	239	158	61	125	57	142	223	170	64	195	27	206	16	50	59	72	215	252	213	47	255	208	10	141	131	
10	179	82	176	242	139	176	215	190	61	121	255	12	207	234	128	175	27	199	17	22	57	8	215	60	21	63	231	223	14	141	147	
226	253	228	214	254	31	158	230	27	235	184	191	108	125	158	35	223	247	223	231	248	235	237	239	62	62	221	178	71	252	214	223	
3	161	235	129	214	178	175	223	126	225	94	214	157	174	250	100	127	207	23	157	151	216	165	194	124	15	191	196	173	196	185	253	
123	67	66	68	71	18	238	112	105	136	118	70	104	42	183	245	122	164	182	238	205	179	37	204	54	120	194	130	111	166	120	140	
186	65	98	236	4	3	206	113	5	32	241	10	11	11	52	80	122	141	95	226	200	163	4	206	178	233	138	188	119	138	114	136	
185	69	106	108	212	18	239	117	84	194	246	2	83	73	185	97	120	236	22	234	232	179	37	14	114	233	165	128	103	186	240	160	
162	107	98	28	109	208	182	96	217	204	244	171	104	236	183	53	248	232	227	231	196	179	166	232	54	56	193	171	71	62	126	222	
35	239	66	78	117	159	230	236	95	200	124	78	104	200	190	180	216	234	146	110	199	58	94	255	62	28	133	171	95	190	218	140	
130	249	178	158	79	193	190	228	158	192	80	171	172	220	119	0	207	123	147	195	66	90	154	249	53	16	159	43	21	29	55	218	
121	91	67	205	69	30	102	112	101	74	242	70	106	131	165	244	120	172	46	234	201	150	245	207	150	254	194	0	43	182	112	44	
82	233	244	183	182	160	254	135	239	177	90	2	237	106	92	66	103	231	127	209	210	120	143	225	172	253	143	192	165	82	241	137	
31	183	210	179	242	187	184	215	62	241	91	247	205	230	226	196	55	63	151	149	151	216	12	210	188	69	47	230	174	198	171	149	
74	184	150	208	137	221	52	199	191	155	166	24	174	190	102	254	161	115	251	16	23	105	146	241	155	210	86	123	202	84	139	31	
230	237	224	132	236	37	190	231	139	170	152	26	172	174	84	19	239	231	95	163	240	75	202	234	60	28	207	184	133	122	179	137	
23	13	227	207	150	178	239	115	117	193	219	198	89	229	180	228	127	238	55	189	185	153	45	206	56	46	175	192	167	230	240	100	
67	252	240	223	238	176	190	191	175	219	28	163	172	254	212	98	167	127	255	157	214	72	174	243	46	126	159	238	150	214	129	221	
38	95	34	222	95	213	158	96	137	204	216	175	40	252	55	2	236	249	147	195	196	43	178	236	51	52	143	187	85	63	54	223	
57	5	106	225	118	50	107	83	85	192	126	130	27	13	183	96	126	140	23	189	185	176	37	142	242	237	162	132	231	207	112	225	
156	52	190	243	205	124	113	216	247	223	215	51	219	255	75	47	237	248	255	144	187	116	251	130	223	219	247	239	227	109	117	243	
59	219	186	174	241	213	23	245	27	77	252	237	46	222	166	144	254	251	135	68	223	171	32	255	250	245	38	187	91	158	174	223	
59	237	98	190	93	213	191	227	222	68	76	3	41	202	54	64	233	171	147	199	230	26	62	255	123	95	158	43	23	6	123	206	
134	173	134	133	236	41	172	207	142	186	24	2	168	234	97	3	201	75	106	210	82	107	202	240	60	16	207	172	148	120	177	136	
27	223	118	93	181	223	95	246	127	78	126	37	43	174	182	244	247	110	172	76	239	188	53	255	235	255	20	135	58	212	236	95	
25	73	107	173	6	70	175	117	4	64	222	135	255	28	50	33	126	105	29	239	201	152	53	45	225	233	174	128	101	186	161	249	
98	164	148	132	252	47	254	111	139	171	184	24	238	56	92	2	203	71	110	33	112	111	201	207	61	62	95	190	64	122	211	139	
228	36	212	254	56	171	90	138	187	171	177	24	238	234	13	25	151	231	108	48	50	101	203	255	138	254	81	60	208	225	67	1	
241	223	233	103	244	43	111	191	116	226	250	254	243	97	153	112	127	206	118	172	249	188	253	47	236	174	165	196	237	250	210	184	
151	6	235	197	198	50	173	89	124	226	87	214	81	44	191	108	126	140	55	175	177	180	37	202	20	46	234	132	173	224	113	245	
146	247	90	179	242	155	188	245	62	53	118	247	173	206	234	69	55	59	135	181	246	189	12	215	190	212	63	231	60	136	173	159	
61	5	106	225	246	50	107	87	85	97	126	130	91	45	179	32	126	140	23	188	185	176	37	142	118	237	160	132	231	206	240	225	
208	217	63	252	19	204	53	119	236	192	78	6	180	179	32	115	162	55	57	8	97	185	48	13	243	235	86	2	40	16	165	43	
90	201	42	174	31	145	159	232	143	132	140	139	238	232	115	64	250	227	251	231	76	35	154	253	243	117	143	59	23	62	61	198	
58	87	106	172	119	151	95	120	5	196	252	143	107	237	51	80	254	233	151	231	204	179	60	159	243	253	137	155	119	190	118	82	
147	165	75	147	146	146	42	247	62	193	91	215	93	198	252	224	127	175	23	157	247	152	44	94	190	14	191	196	173	134	169	213	
34	221	54	158	219	213	150	230	139	84	216	11	44	254	39	2	237	251	147	193	102	11	50	255	51	52	158	171	21	93	183	223	
2	157	34	158	223	193	190	231	30	69	88	163	172	254	54	64	255	123	147	193	102	154	26	255	61	54	158	139	21	92	181	222	
2	221	18	159	241	197	190	231	30	27	88	18	172	254	32	64	231	123	179	1	114	152	18	255	45	54	30	202	16	92	161	155	
210	90	78	188	74	128	190	246	156	134	214	231	45	175	179	67	110	225	191	199	228	143	6	237	240	99	250	137	45	181	57	219	
80	185	58	118	97	204	113	242	169	92	102	1	62	223	34	17	164	59	119	66	2	233	50	101	211	249	80	11	64	2	39	219	
34	239	96	155	215	209	190	239	30	69	88	163	168	236	54	0	219	107	131	197	86	186	110	255	46	22	159	235	85	30	157	222	
210	203	78	188	74	192	61	103	164	4	210	163	45	135	162	81	102	179	143	193	96	143	34	237	240	35	250	139	53	20	165	107	
60	125	123	238	83	195	87	224	33	192	236	42	127	223	33	48	254	249	213	226	73	179	56	191	243	205	5	59	123	51	102	242	
58	3	34	152	63	145	154	72	143	141	149	175	236	204	62	196	252	161	175	149	158	3	14	221	146	80	139	187	23	15	61	198	
122	153	118	186	27	209	26	96	135	84	133	163	45	223	34	196	235	179	159	209	14	11	42	253	155	209	139	187	55	6	44	94	
19	31	66	157	246	146	174	246	20	202	90	231	233	234	183	192	127	239	183	205	229	152	5	239	44	47	190	128	45	244	57	221	
90	184	215	156	203	208	180	103	191	151	82	179	44	190	228	206	39	123	235	144	38	219	134	249	30	34	94	139	167	68	173	207	
34	239	32	155	215	209	190	239	30	101	88	163	172	236	118	0	219	123	147	209	118	154	110	255	45	22	159	239	149	94	181	222	
171	39	103	73	119	219	162	105	95	233	113	246	104	24	156	164	122	10	146	60	181	250	101	222	46	30	129	130	95	140	242	165	
39	122	98	14	101	159	230	232	91	202	120	207	104	200	191	164	216	232	130	111	196	182	220	251	54	28	133	170	95	191	122	132	
134	237	144	142	254	33	190	238	142	178	184	18	236	234	113	66	111	203	91	227	96	75	138	251	60	20	207	172	149	122	161	137	
19	133	103	133	150	50	239	247	116	66	218	198	81	46	188	229	126	198	62	173	241	153	37	206	60	46	174	196	45	246	241	124	
2	253	50	218	255	197	188	239	142	89	88	23	172	254	110	1	231	27	147	145	210	11	154	245	61	16	30	235	144	84	165	219	
184	69	106	108	212	2	79	245	85	130	254	2	83	105	176	113	120	236	23	234	232	179	36	142	114	235	164	128	103	186	240	168	
99	83	98	78	109	18	254	96	113	4	245	142	104	234	190	245	124	172	162	238	204	179	54	205	54	56	194	11	95	174	122	132	
39	175	96	27	245	157	246	238	95	233	124	76	104	232	190	180	217	234	146	79	214	186	94	255	46	28	5	107	95	158	218	140	
34	105	98	30	79	209	182	96	153	196	249	171	104	236	55	1	218	249	147	67	68	171	238	237	55	48	138	171	85	62	118	222	
154	150	222	181	178	170	56	191	63	39	90	247	109	47	170	216	55	31	175	181	182	221	5	223	254	231	62	197	172	196	169	25	
34	125	34	222	95	197	190	102	141	200	216	15	44	252	55	0	204	123	147	195	196	43	146	253	55	20	138	170	21	62	55	223	
130	141	18	147	244	168	188	39	172	27	122	16	172	170	16	64	239	43	19	145	114	152	66	227	44	52	30	194	132	72	161	137	
26	158	220	185	178	169	56	223	62	55	86	247	173	167	162	72	183	27	175	16	182	220	7	247	222	231	62	195	188	196	141	155	
184	197	98	236	212	18	78	247	85	0	254	2	91	41	184	65	120	206	23	234	248	187	37	174	250	237	166	196	119	218	240	136	
2	157	18	155	229	172	184	7	174	27	89	48	172	190	104	72	199	59	147	17	18	24	2	243	13	20	30	202	144	72	129	139	
226	221	246	212	246	167	190	230	155	235	154	187	104	124	20	0	255	247	247	229	232	235	192	255	191	62	223	178	69	252	146	217	
186	5	98	232	84	3	202	113	69	32	248	10	11	11	52	81	122	136	31	226	216	179	64	206	178	201	130	144	119	139	114	128	
2	249	50	158	79	193	190	230	158	192	64	139	172	220	103	0	234	123	147	195	66	90	154	249	53	16	159	43	21	28	23	218	
66	41	18	184	89	193	56	103	173	4	64	1	172	142	34	80	224	43	203	129	6	9	130	245	149	48	154	75	16	4	39	142	
128	211	30	185	254	201	181	255	158	61	118	115	204	215	170	65	247	27	142	32	102	189	40	215	254	211	126	231	52	8	133	203	
23	133	227	211	150	146	239	247	116	193	219	210	81	238	180	228	127	238	31	189	177	153	37	206	56	46	175	192	165	162	240	116	
43	173	66	158	95	145	234	239	31	4	104	139	104	224	118	132	121	234	130	204	86	58	14	255	62	28	133	107	83	14	248	140	
242	149	244	121	149	254	80	159	127	123	190	25	14	191	92	120	245	159	255	17	186	248	243	211	159	254	84	215	211	76	196	95	
26	180	244	209	165	253	88	159	95	127	62	16	142	191	70	124	163	155	189	16	62	88	115	211	203	223	211	103	178	76	133	127	
213	77	237	231	22	10	79	156	100	242	150	66	83	1	153	99	114	196	92	239	233	229	45	40	240	139	231	148	37	243	80	104	
158	54	182	243	173	124	112	91	55	219	247	49	222	255	73	111	253	157	253	144	186	116	251	194	203	219	87	199	162	228	100	215	
221	114	223	244	43	126	89	16	185	254	151	189	95	23	131	159	38	229	253	110	169	197	185	136	211	211	105	151	170	245	15	115	
239	176	252	81	41	124	57	11	187	127	181	185	158	158	78	59	135	149	253	51	182	69	235	192	87	91	123	255	194	101	79	115	
66	189	246	254	254	129	190	175	143	225	26	163	173	254	116	98	167	127	255	133	210	73	142	253	46	124	143	234	149	214	129	93	
194	233	116	183	190	136	254	188	191	144	82	146	237	206	85	67	166	127	125	211	226	88	138	253	172	249	207	172	36	144	131	137	
252	26	190	244	109	94	177	88	187	254	183	63	222	255	227	91	236	245	255	66	168	103	250	160	215	251	107	191	66	61	39	243	
206	88	182	252	41	29	60	216	191	250	245	57	223	255	225	95	199	125	255	70	224	71	234	162	211	251	115	190	18	253	39	211	
53	77	107	78	148	2	239	113	212	192	255	66	83	225	181	97	120	238	6	234	249	187	44	14	112	169	231	128	101	250	240	160	
10	180	180	240	233	253	185	23	191	127	60	57	172	191	66	142	143	27	247	17	178	120	242	211	207	215	90	235	210	76	143	251	
2	249	146	154	207	197	180	199	158	25	72	18	172	254	104	8	233	91	179	145	82	88	154	241	45	20	94	111	144	88	165	155	
226	180	144	212	253	46	252	239	59	43	187	56	206	120	28	19	159	199	127	33	48	107	201	223	61	62	95	254	192	72	227	131	
153	89	107	165	2	86	79	53	36	200	86	134	127	23	179	97	118	252	29	238	233	145	53	40	243	233	164	128	46	186	32	121	
248	90	62	252	109	84	17	240	141	220	182	47	126	223	163	83	238	245	255	103	200	99	98	237	211	251	99	155	82	191	37	123	
104	161	184	241	153	109	81	15	34	241	173	24	151	183	74	26	129	158	121	24	26	74	219	17	207	223	85	125	192	64	198	98	
196	44	212	158	188	43	218	138	187	179	179	24	238	106	13	27	147	231	108	50	48	101	203	254	140	190	91	126	208	97	67	1	
25	217	107	173	22	86	79	117	68	76	222	2	127	55	178	96	126	253	29	239	201	152	37	173	243	233	170	129	55	186	181	123	
214	233	196	183	132	136	108	164	63	178	146	18	239	98	72	91	115	239	108	210	106	220	203	231	188	242	223	192	36	49	161	8	
118	233	27	254	89	205	87	224	171	164	169	9	110	223	103	16	200	241	217	66	74	35	218	189	243	216	1	59	80	43	70	66	
3	182	229	145	178	42	173	159	62	115	90	247	156	46	222	175	39	79	23	157	183	220	37	226	140	22	254	198	141	196	129	253	
38	75	98	14	95	210	250	96	205	68	253	131	104	204	55	68	248	232	131	231	204	163	46	237	51	60	130	11	119	47	124	214	
122	141	106	174	31	211	223	232	5	4	204	11	111	236	50	16	248	235	159	231	78	43	24	255	251	245	143	59	119	46	118	70	
185	5	110	225	214	50	107	87	85	97	126	18	91	41	182	96	126	142	23	184	184	184	37	142	114	239	160	196	231	219	240	160	
56	13	107	238	87	215	95	120	5	68	252	131	107	239	50	80	122	251	151	230	72	179	56	191	243	237	129	1	119	190	116	242	
17	197	111	221	148	130	239	247	116	193	218	194	81	236	188	96	126	238	23	249	249	185	37	14	56	174	175	196	165	162	240	232	
2	157	50	159	95	197	190	238	30	69	88	51	172	254	34	64	255	123	147	193	98	154	82	255	45	54	158	235	21	12	181	219	
144	222	91	189	34	139	61	254	62	39	82	247	245	166	168	65	119	127	47	0	226	156	5	127	228	166	122	132	60	152	37	217	
74	56	214	156	75	209	176	71	191	149	210	179	44	190	38	198	163	59	235	129	6	203	134	245	30	50	94	139	7	4	173	159	
34	173	32	155	215	209	190	239	30	101	88	163	172	236	118	0	219	123	147	145	118	26	110	247	45	22	159	235	149	92	149	222	
223	30	199	180	18	178	170	80	180	194	211	247	77	238	179	203	103	229	191	191	173	213	4	206	146	99	235	128	173	245	57	85	
61	93	123	110	87	215	87	240	69	192	236	10	123	221	33	48	120	249	23	234	72	179	56	61	243	205	5	9	115	187	98	234	
2	142	198	157	114	144	188	246	191	143	82	247	45	174	166	196	103	251	167	133	166	216	6	239	60	38	254	131	39	132	173	221	
146	142	194	157	242	146	174	246	53	143	222	247	41	174	182	68	127	239	167	133	228	218	5	239	60	38	190	128	167	244	185	221	
147	196	111	145	146	130	174	247	62	65	218	214	81	206	184	96	119	175	31	173	247	157	37	127	60	47	191	196	45	130	177	249	
39	231	96	30	125	153	254	237	91	28	125	143	104	232	191	133	217	234	131	103	198	35	110	253	54	24	141	171	87	191	222	207	
80	184	59	254	75	196	51	224	184	68	225	1	62	223	34	80	166	187	91	67	66	75	186	111	209	165	2	10	16	3	39	123	
114	10	42	186	27	209	154	72	159	20	149	171	45	206	38	65	234	185	143	195	14	3	42	253	147	81	139	187	53	13	60	86	
43	34	103	73	119	187	168	67	95	105	114	246	200	136	180	172	126	8	146	189	151	188	101	215	6	30	138	194	79	12	121	165	
147	222	90	153	114	131	188	254	62	99	82	247	189	142	170	1	63	75	23	197	231	157	12	255	180	6	190	196	61	144	169	221	
2	221	50	158	219	197	158	231	159	93	216	3	44	254	38	0	237	123	147	193	102	11	26	255	63	22	158	171	17	94	165	223	
83	159	71	175	146	50	46	255	61	97	90	231	253	46	144	228	55	199	63	141	183	153	5	255	188	110	190	192	47	198	169	93	
188	197	110	236	148	2	239	253	80	128	254	2	83	225	184	97	120	228	4	234	248	179	36	14	250	175	167	128	101	250	240	168	
137	4	235	193	214	50	239	87	116	227	94	214	17	45	158	96	127	78	23	189	177	252	37	202	102	47	182	196	175	248	240	241	
27	158	208	187	178	187	58	191	63	67	90	247	173	111	162	192	55	187	191	149	183	156	13	255	190	231	62	194	190	196	169	25	
184	205	102	238	212	18	78	247	85	0	254	2	123	41	176	65	120	206	23	234	248	187	37	175	250	239	166	196	119	218	240	136	
90	158	90	191	178	170	62	255	63	71	90	247	237	35	162	208	55	239	173	132	182	152	5	127	254	231	62	192	175	196	137	25	
34	93	50	222	95	133	190	102	143	72	88	11	44	254	53	0	236	123	147	195	194	43	18	255	53	60	154	170	21	30	49	219	
39	205	34	90	93	149	210	232	199	4	237	11	42	204	55	84	216	170	194	70	206	43	126	253	51	28	128	123	83	15	126	206	
34	253	34	30	93	193	146	238	139	68	232	11	40	252	54	0	200	251	147	195	70	43	154	253	55	20	154	59	81	14	119	222	
2	253	50	158	95	197	182	238	142	89	88	11	172	254	100	0	204	123	147	193	66	43	154	245	61	20	158	43	17	14	167	218	
42	172	2	26	221	241	146	231	159	29	252	11	40	204	102	132	201	43	130	145	62	107	74	247	59	87	159	123	211	12	254	206	
83	141	103	199	150	34	239	247	124	96	94	198	113	38	180	101	119	199	63	239	241	153	45	239	60	46	238	192	45	210	177	124	
43	165	66	73	213	187	234	111	95	1	248	10	104	233	60	148	120	170	146	188	22	187	68	223	54	92	129	107	87	142	250	140	
98	173	144	149	252	41	252	239	27	171	248	26	172	42	28	2	219	199	95	1	114	111	193	255	60	30	222	248	132	72	211	137	
2	189	18	155	253	141	188	231	190	25	88	16	172	254	104	64	199	27	147	17	82	24	10	247	45	20	30	238	144	68	161	155	
194	233	118	189	190	129	188	239	191	144	82	130	173	238	116	67	230	127	127	193	242	73	138	253	172	248	207	234	20	20	161	137	
196	232	150	151	36	138	108	174	191	178	146	18	238	194	65	91	51	229	110	194	98	205	203	255	188	178	223	20	4	49	1	8	
222	54	166	144	171	112	56	3	185	255	151	191	204	46	223	143	167	151	253	149	180	69	167	192	154	83	95	143	134	100	175	87	
218	88	246	252	42	13	88	208	191	186	244	185	239	255	97	91	134	117	255	70	224	71	130	224	210	251	123	186	22	189	35	219	
98	237	246	213	252	167	254	231	155	171	250	138	172	172	20	0	239	247	127	129	224	235	192	255	60	62	223	178	133	124	211	137	
133	132	223	247	212	14	107	189	124	163	115	80	215	113	152	121	51	206	54	60	177	252	93	15	237	174	55	68	232	160	193	160	
222	54	254	148	171	116	56	18	169	254	151	189	76	62	79	191	167	245	253	151	164	71	187	192	211	115	91	159	166	117	15	87	
2	165	144	154	252	45	176	143	138	25	57	24	140	250	72	10	143	11	70	17	18	106	202	227	13	20	30	238	208	72	131	131	
226	165	144	156	252	47	252	239	27	59	248	24	236	104	28	3	219	199	110	33	50	107	193	223	60	62	95	254	196	72	195	137	
222	24	182	245	45	126	112	80	187	250	183	55	223	223	99	111	239	245	255	18	172	103	178	130	215	251	123	191	226	45	39	211	
130	181	244	217	189	253	88	31	95	123	62	17	174	191	78	124	135	155	191	16	182	88	115	215	143	222	210	115	146	76	197	95	
74	180	176	249	249	253	185	15	187	95	53	57	140	191	74	14	135	27	247	17	54	108	226	211	207	215	94	239	210	76	143	255	
252	72	100	103	12	42	70	152	101	178	183	10	91	73	221	91	122	196	108	234	232	119	201	168	210	235	229	20	103	251	96	0	
221	76	252	103	46	26	79	152	96	242	183	10	219	97	219	123	54	196	124	234	233	101	237	40	246	235	101	148	39	243	80	97	
196	36	150	158	248	171	216	11	187	171	187	24	206	234	9	89	151	231	110	48	48	103	203	222	156	54	91	126	192	97	3	1	
78	176	188	243	235	125	185	11	187	127	53	57	140	191	78	158	167	23	255	17	150	69	170	208	95	223	91	255	194	69	143	215	
15	253	237	211	182	179	191	183	126	119	94	246	253	111	146	233	55	123	183	159	243	216	47	253	110	15	255	192	142	213	145	249	
25	205	111	239	18	2	111	184	116	96	218	194	119	103	177	96	54	231	61	239	233	153	45	47	240	239	171	128	45	243	33	121	
56	175	42	174	93	195	87	234	135	12	252	43	107	249	42	16	248	251	135	195	74	171	8	191	251	213	165	251	115	14	126	235	
188	5	102	225	212	50	110	247	85	99	126	18	91	41	180	101	123	206	23	185	184	188	37	174	126	239	164	192	231	220	240	136	
56	13	107	239	86	199	255	112	68	68	254	2	113	253	54	96	120	250	19	238	72	187	60	191	115	175	162	1	119	170	116	242	
2	157	50	159	95	197	190	238	30	75	88	51	172	254	32	64	253	123	147	129	34	154	90	255	53	54	158	235	16	12	165	219	
24	205	106	201	84	130	235	254	84	65	222	2	113	201	180	96	123	238	23	251	234	187	45	191	122	175	167	192	53	155	240	168	
54	220	98	24	95	81	158	234	159	69	252	139	42	236	54	0	217	217	147	229	110	35	126	223	51	54	137	127	119	61	116	214	
137	141	108	211	214	50	237	183	116	83	94	146	217	45	150	105	127	70	55	190	181	252	45	238	110	107	246	196	167	212	241	249	
34	173	32	155	245	217	190	238	30	69	88	163	172	236	54	0	217	123	147	209	118	186	110	255	45	22	159	107	85	12	213	222	
2	142	194	157	114	146	170	246	63	13	90	231	169	174	182	68	126	107	167	141	166	216	6	255	44	38	190	128	47	132	41	221	
75	220	237	87	166	58	173	183	124	115	94	246	249	47	154	107	55	86	61	175	241	216	173	111	102	43	254	132	167	240	241	121	
40	205	123	78	212	207	71	246	196	8	252	0	115	245	48	48	88	234	22	106	74	171	42	63	115	141	36	9	115	250	230	234	
19	157	99	142	84	150	239	246	92	192	90	70	113	232	181	228	126	238	18	239	229	184	53	239	53	46	142	0	45	250	112	252	
11	42	70	25	127	147	184	106	95	224	88	230	104	200	182	164	255	41	178	149	151	248	15	223	30	30	155	195	95	13	121	133	
2	181	48	154	219	197	190	237	158	89	89	19	236	254	104	0	253	123	147	147	82	75	26	247	61	20	158	235	144	78	165	219	
38	245	96	152	223	209	150	234	155	117	136	187	72	252	126	0	217	219	211	241	118	99	126	247	59	22	141	127	213	93	214	214	
11	58	71	25	103	187	168	67	95	104	82	230	136	136	182	172	254	41	178	149	151	186	71	212	22	28	154	195	95	12	121	149	
24	52	51	172	83	194	19	73	180	4	233	163	93	215	32	80	122	185	147	160	10	131	130	223	241	228	10	11	49	2	39	242	
147	158	83	191	178	187	58	183	63	65	90	247	237	110	162	193	119	171	159	149	183	156	13	255	190	231	62	192	189	132	169	89	
2	205	18	158	124	133	190	230	142	8	88	2	172	206	52	64	206	123	23	193	66	11	2	255	53	60	154	170	20	26	49	137	
184	205	102	238	212	18	110	245	85	0	254	2	123	41	176	65	120	198	23	234	248	187	45	175	122	239	166	192	119	250	240	136	
39	177	48	91	253	149	216	157	79	121	189	57	138	93	94	48	157	155	215	21	222	42	123	245	47	92	21	254	211	14	210	223	
252	205	110	238	28	18	78	252	228	128	254	2	123	107	185	99	120	228	93	234	232	163	41	174	242	235	231	148	103	187	112	8	
141	141	236	243	246	50	255	183	116	227	94	146	249	45	150	109	119	222	23	189	243	252	45	239	110	207	182	192	167	213	241	233	
21	30	95	175	178	42	47	186	60	66	90	231	253	103	161	64	119	127	63	239	161	152	13	127	244	167	42	128	188	243	33	57	
34	173	150	149	252	143	188	231	31	139	250	26	172	46	20	0	239	235	119	129	114	251	195	255	60	62	158	184	133	88	243	137	
130	232	22	157	46	131	252	230	191	146	210	18	172	202	52	73	231	109	127	195	98	205	131	253	172	186	223	130	20	16	33	137	
43	245	96	90	221	221	214	255	71	93	188	15	171	220	126	36	217	154	214	64	223	42	126	181	43	93	149	127	91	142	220	254	
194	104	150	157	46	138	248	142	191	178	178	16	236	234	1	91	163	101	127	2	96	197	139	251	132	50	95	148	4	49	33	9	
202	50	228	144	235	112	188	15	187	255	18	191	140	174	222	143	167	23	255	149	182	92	167	194	30	86	222	239	135	100	191	87	
42	175	2	26	221	241	146	199	223	13	252	11	42	200	38	132	217	171	130	17	30	43	10	255	59	94	153	123	211	14	254	142	
224	165	148	157	252	43	172	111	58	59	249	24	204	234	88	8	219	7	110	49	50	127	193	215	60	22	87	126	196	72	195	129	
42	184	48	184	249	253	144	199	159	93	180	57	174	156	102	140	201	59	131	17	30	111	242	247	75	87	28	123	210	12	143	223	
2	180	244	241	253	253	120	31	63	121	55	29	140	191	78	121	167	155	255	17	178	92	115	215	143	222	214	247	210	76	197	87	
252	72	228	230	12	42	70	216	113	178	179	10	75	73	89	27	121	196	108	226	168	119	201	170	146	235	197	52	231	251	66	0	
253	96	252	101	174	58	79	152	113	226	183	10	91	105	219	63	54	244	125	234	232	116	237	138	214	235	101	188	231	243	66	33	
206	178	180	241	235	125	184	79	187	127	53	57	140	191	78	30	167	27	247	17	22	94	170	208	223	211	95	255	194	68	143	215	
45	165	177	67	221	61	193	153	67	57	173	88	210	121	92	180	153	10	66	56	155	50	249	23	15	156	5	124	218	10	210	164	
78	50	246	208	235	116	184	3	187	255	151	191	12	190	79	159	167	151	255	145	148	71	170	192	95	83	223	239	134	100	175	87	
222	120	182	245	43	108	56	82	187	218	214	55	142	159	103	75	239	253	255	131	172	247	146	224	151	243	91	139	130	125	37	211	
36	165	208	131	252	41	248	137	27	49	57	24	206	104	88	8	155	11	95	49	18	106	203	215	140	20	31	124	212	10	211	129	
141	14	83	119	180	170	102	178	116	139	115	112	215	115	128	240	115	108	44	42	57	188	73	46	236	239	37	196	232	227	226	33	
196	36	150	150	248	171	248	11	191	163	187	24	204	234	65	91	151	167	110	16	48	103	203	222	156	54	91	92	192	97	3	1	
34	165	148	157	252	137	252	111	31	27	248	26	172	42	20	0	235	171	119	129	114	250	195	255	60	62	158	202	148	72	243	137	
56	159	18	170	125	131	86	240	135	12	248	111	110	249	32	144	220	251	135	99	78	171	8	191	250	213	45	187	90	14	62	155	
34	197	96	250	252	129	238	237	95	1	121	2	233	202	60	64	222	139	23	129	210	42	74	247	38	124	154	232	21	138	241	136	
2	157	18	155	223	197	190	238	30	9	88	19	172	254	32	64	221	123	179	129	50	152	90	255	45	54	158	235	16	12	165	155	
31	205	228	247	182	18	254	183	117	83	126	146	121	109	156	105	63	198	53	207	248	248	45	239	110	235	247	192	167	252	240	248	
40	159	122	126	116	195	87	246	132	12	252	32	114	251	160	32	216	122	135	66	74	171	72	63	107	237	164	217	113	138	228	171	
34	189	32	155	221	201	182	238	30	69	88	155	172	236	62	0	217	59	147	17	50	58	90	247	45	22	159	107	85	12	149	218	
3	159	74	157	80	134	238	246	60	65	74	199	177	226	54	64	126	107	19	205	133	152	20	239	36	46	154	128	29	132	57	220	
95	205	228	119	182	26	254	188	123	211	22	130	249	111	159	107	55	119	189	239	244	200	175	233	110	255	253	128	167	247	209	113	
32	223	123	110	252	203	215	246	196	12	252	96	114	241	164	48	88	122	6	106	74	170	106	63	99	141	36	137	81	250	230	171	
34	245	224	200	223	85	148	239	27	252	176	139	10	156	119	32	221	153	243	177	254	107	250	215	59	22	157	255	215	12	214	223	
82	15	42	168	62	163	186	75	14	5	218	167	133	136	50	64	250	45	187	149	156	139	133	158	240	37	170	217	180	14	185	66	
3	42	71	73	86	155	170	71	79	97	90	230	168	136	180	164	110	43	178	157	151	184	5	254	38	28	154	194	207	142	121	141	
81	141	111	191	178	130	47	183	60	66	86	198	245	102	146	113	119	231	61	239	225	221	45	111	244	171	238	128	37	240	161	121	
30	61	83	218	91	212	18	66	191	0	236	2	44	215	33	180	126	185	146	128	3	163	50	255	179	244	2	10	115	39	47	182	
19	156	79	191	178	162	47	183	60	66	90	231	245	102	176	97	119	239	31	173	181	216	45	125	188	42	250	192	61	192	161	125	
184	141	102	239	212	146	238	245	85	0	254	2	121	105	176	65	120	230	55	234	248	187	45	191	122	239	167	128	119	190	240	136	
47	181	232	75	252	63	219	152	87	125	189	190	219	108	222	172	95	138	151	63	159	34	109	151	78	93	37	252	215	207	216	245	
47	165	224	99	252	59	218	152	91	241	61	154	219	109	220	60	31	204	87	63	158	114	237	210	78	221	165	252	247	207	210	213	
56	205	106	235	20	163	239	246	84	0	222	2	113	233	177	96	121	234	23	235	232	185	45	191	122	239	167	128	55	218	112	136	
15	249	236	91	182	146	255	189	222	209	94	162	249	125	158	103	7	123	183	223	215	216	111	253	110	95	255	192	167	246	209	249	
93	29	87	173	178	42	111	181	36	192	94	230	255	119	129	112	118	247	60	238	209	144	37	78	252	239	47	128	46	243	161	113	
252	77	102	230	12	2	78	248	229	130	247	2	123	107	177	83	120	228	125	234	232	227	9	173	242	235	231	144	103	179	112	8	
221	77	110	239	130	26	111	57	101	192	223	130	123	103	145	115	118	228	125	234	233	145	45	109	242	235	231	128	39	243	224	96	
54	36	192	225	220	43	202	200	11	177	185	26	75	104	93	26	123	204	87	178	26	114	201	210	158	220	133	244	229	235	210	128	
42	186	178	154	253	249	144	199	159	93	252	59	42	220	102	132	201	59	131	17	30	43	106	243	27	85	24	123	211	12	254	223	
42	184	176	216	239	253	144	207	159	125	52	57	172	157	102	140	143	27	215	17	22	106	242	241	15	85	28	251	210	12	143	223	
2	176	244	209	253	253	248	159	31	121	53	57	140	158	108	120	167	155	255	17	146	120	115	213	15	94	30	247	210	76	197	215	
70	58	182	177	227	236	184	66	191	219	211	183	140	191	103	90	231	127	255	145	146	213	146	192	159	118	219	235	134	101	37	83	
252	96	224	101	198	58	110	152	113	226	183	10	91	105	221	63	62	236	125	234	232	247	173	138	86	235	229	180	231	247	66	0	
10	178	176	241	235	253	184	79	187	255	21	57	140	191	78	14	167	27	255	145	22	93	162	208	159	83	95	239	134	68	143	215	
194	178	226	145	235	112	184	71	59	255	20	191	140	174	222	142	167	31	247	149	182	92	166	194	30	86	222	239	143	68	191	223	
244	104	194	230	76	42	70	200	49	178	179	10	75	200	89	26	121	196	108	226	8	247	201	234	146	238	197	52	229	251	98	0	
78	178	178	176	235	116	184	67	187	255	21	191	140	190	78	14	167	31	247	149	150	95	130	192	159	86	223	239	134	68	175	215	
29	150	87	101	180	170	110	183	125	170	126	96	223	115	136	244	55	126	12	40	185	152	9	15	172	239	39	196	234	242	225	33	
192	44	150	157	104	170	40	130	190	147	210	16	236	226	65	91	167	101	110	128	32	197	131	235	148	54	91	8	132	113	33	8	
32	159	122	218	116	195	243	240	86	12	124	98	112	221	182	64	88	58	7	72	138	186	40	191	98	15	162	129	85	138	116	235	
50	252	96	221	95	221	144	103	31	109	216	159	40	156	86	32	205	187	211	129	206	58	115	255	63	22	152	187	87	28	212	222	
2	156	16	155	223	197	184	239	30	73	88	19	172	254	40	64	221	59	179	129	34	154	90	255	45	22	158	235	17	12	181	219	
94	201	228	247	182	18	254	180	119	145	54	130	105	111	157	99	119	231	61	203	248	248	111	237	238	255	239	192	167	191	240	9	
32	159	90	110	114	131	87	244	4	12	120	229	119	235	160	80	222	122	7	98	200	170	72	63	106	229	36	136	125	170	102	155	
34	188	32	153	221	205	176	239	158	125	120	27	172	220	118	0	201	27	147	17	54	122	210	247	45	22	159	111	209	12	151	222	
3	139	2	141	16	134	174	246	172	65	74	199	177	226	52	64	124	107	59	205	195	152	23	125	36	46	138	128	29	2	49	152	
222	216	244	247	46	18	94	184	187	208	183	163	239	127	157	123	55	245	253	239	232	65	175	236	234	251	237	146	167	183	65	89	
188	219	91	110	50	139	87	240	132	136	248	228	119	241	161	16	94	240	6	98	201	163	72	63	224	229	37	152	121	186	102	185	
33	141	35	223	116	195	231	182	84	73	90	98	177	120	176	224	88	106	22	77	203	184	101	63	44	46	190	192	28	74	240	169	
6	181	148	152	252	133	184	207	159	153	56	56	236	254	125	8	159	27	95	17	50	67	138	215	44	30	31	254	148	104	161	131	
34	177	160	192	255	215	144	79	27	249	176	63	40	156	70	32	141	159	247	145	218	107	243	210	27	30	29	255	209	12	150	223	
26	13	35	168	91	193	75	71	151	4	200	139	44	199	33	196	120	187	139	129	10	11	146	255	241	116	139	123	51	12	52	234	
3	11	71	129	20	159	170	103	76	1	218	198	233	136	180	228	252	47	58	221	151	184	69	253	36	46	170	192	93	14	249	140	
27	184	18	90	91	245	16	215	223	25	236	0	44	210	101	244	233	187	146	128	7	11	18	255	19	221	18	43	91	4	107	143	
63	100	232	67	246	59	235	216	83	226	61	138	91	109	223	62	63	204	87	255	137	118	237	234	94	79	165	180	231	255	82	228	
184	205	102	239	148	2	78	253	85	130	254	2	107	105	56	65	120	230	61	235	232	191	9	191	242	235	199	128	119	186	240	8	
222	76	246	247	46	50	94	60	181	242	150	147	239	111	145	111	166	245	125	238	232	197	173	236	226	251	239	144	38	245	97	89	
25	153	111	175	178	146	191	189	44	64	94	230	253	102	178	97	118	247	63	239	209	152	45	125	244	235	234	192	52	162	177	121	
252	77	70	230	12	2	78	248	177	130	246	10	107	107	57	83	120	228	108	234	104	231	137	172	242	235	229	144	103	187	112	0	
24	77	102	239	148	2	78	253	117	128	254	2	123	107	177	65	122	230	61	234	232	177	73	189	242	235	167	144	55	186	112	8	
15	249	236	215	190	153	255	188	206	208	94	162	249	237	222	98	6	123	255	223	210	216	239	253	110	95	239	192	55	182	209	249	
221	77	110	239	150	18	111	188	101	192	222	130	123	103	177	115	118	244	125	234	233	145	45	236	242	235	231	128	39	242	240	96	
47	116	225	195	254	59	203	216	87	243	29	238	89	76	223	172	95	204	23	255	143	114	109	242	30	95	173	244	255	255	88	245	
89	149	95	237	178	2	111	181	37	192	94	230	221	103	176	101	118	247	61	238	249	152	37	206	252	239	175	128	46	242	161	121	
2	176	178	208	251	253	184	79	187	253	21	191	140	158	78	8	167	27	255	145	22	93	178	208	31	20	31	239	134	68	135	215	
252	96	226	102	70	26	111	216	113	162	247	10	91	105	221	59	58	236	117	234	232	247	173	170	118	239	229	164	103	243	98	32	
2	176	52	217	253	253	184	207	159	121	56	59	140	158	108	120	175	27	255	17	146	120	50	213	15	28	30	239	212	12	133	223	
52	36	224	226	220	43	194	216	83	178	185	10	75	232	93	24	121	204	70	243	154	115	201	226	26	204	133	116	229	251	82	128	
105	223	87	69	226	26	102	189	105	232	126	236	251	48	148	247	54	198	108	110	197	184	237	108	38	251	101	132	110	242	202	29	
2	176	176	208	251	253	184	207	159	125	52	59	172	158	102	12	175	27	215	17	22	106	242	209	31	84	30	255	150	12	135	223	
