香奈儿可可小姐唇露	752 - 酸橙色	https://i.chanel.cn/fnbv3/image/full/shades/rouge-coco-gloss--752--55g.0156752_S.jpg	https://i.chanel.cn/fnbv3/image/full/chanel__com_type1/skus_full/rouge-coco-gloss--752--55g.3145891567526.jpg
105	55	166	51	177	255	83	19	119	237	255	109	234	190	202	180	220	174	238	20	159	248	121	234	206	223	181	131	202	198	206	95	
2	133	98	201	214	163	170	103	92	65	90	2	40	42	52	96	123	11	19	145	146	184	5	223	60	12	154	192	149	12	241	204	
2	140	2	156	20	162	42	99	52	1	91	18	104	226	32	64	120	43	2	128	48	152	0	223	32	38	138	128	20	74	176	136	
26	222	90	237	54	98	235	190	61	79	254	118	223	47	182	64	255	199	159	162	201	188	125	239	184	191	42	196	125	10	229	121	
32	141	2	154	148	163	166	231	22	1	120	2	96	232	48	64	89	106	2	81	18	186	8	255	40	4	135	96	149	74	176	136	
2	221	50	158	223	213	190	230	159	70	88	131	44	254	38	64	239	123	147	195	102	139	50	255	63	54	158	171	21	92	189	223	
34	185	50	200	245	197	186	231	15	73	120	43	44	156	118	0	220	59	151	145	150	58	18	245	63	28	158	235	213	14	183	219	
34	185	160	154	223	193	178	199	10	69	72	139	172	140	118	0	201	59	147	209	22	58	210	241	61	20	158	107	213	14	151	222	
27	159	67	143	86	178	239	118	53	192	90	231	121	110	182	228	126	239	23	239	197	153	45	255	52	46	170	128	63	230	177	253	
2	187	98	155	246	179	190	231	31	69	90	183	44	238	182	64	255	187	147	149	182	154	46	255	62	30	158	235	21	76	181	221	
53	73	67	78	84	18	206	112	197	192	249	198	81	200	181	229	120	236	22	239	205	179	44	236	50	40	163	128	127	191	120	148	
59	1	114	225	116	153	248	80	109	65	254	138	143	13	180	100	238	153	95	217	142	187	101	192	214	249	170	210	103	142	113	197	
13	47	144	239	248	43	170	154	86	162	88	80	221	99	137	160	27	78	34	110	51	208	201	63	172	175	43	100	154	235	11	160	
130	223	182	156	249	196	188	231	191	95	88	55	172	190	38	64	231	123	187	193	242	137	18	255	45	54	158	139	148	92	165	219	
181	0	107	67	84	3	235	88	84	96	119	66	81	0	189	36	120	140	22	238	137	182	45	14	20	12	160	132	101	171	112	228	
131	152	19	185	116	180	184	19	190	89	82	85	188	154	182	232	231	43	55	157	183	156	18	215	4	62	186	194	156	4	41	221	
51	134	206	173	20	2	104	127	52	195	210	215	49	35	146	64	125	172	63	173	173	218	213	207	220	46	250	128	173	164	120	216	
95	219	46	190	47	157	190	232	207	220	214	167	236	200	63	67	254	225	255	231	196	35	159	253	242	115	207	155	95	63	57	87	
131	48	236	177	68	181	184	2	30	113	66	215	157	10	118	233	231	13	179	149	151	220	87	192	143	203	218	64	140	12	57	212	
130	221	178	153	245	172	188	167	190	91	90	49	172	190	32	64	231	59	179	1	242	216	18	247	45	54	158	194	20	92	165	219	
122	1	98	232	126	19	248	113	101	64	255	139	15	143	180	100	110	133	95	237	216	171	37	196	210	249	170	220	39	142	112	65	
206	219	46	190	175	149	191	236	143	158	150	167	236	232	51	67	238	99	251	199	196	109	11	253	254	115	207	155	22	63	61	207	
102	176	182	224	237	111	240	73	171	63	177	57	206	253	76	27	185	149	239	49	18	103	218	208	159	210	69	127	192	106	214	3	
61	93	99	207	86	31	238	248	117	232	126	70	123	121	189	244	120	204	22	238	201	178	125	238	54	108	163	128	127	191	112	164	
118	176	244	224	239	123	244	73	235	191	183	59	78	189	78	27	187	149	239	48	28	103	137	208	159	218	69	119	195	110	199	7	
3	136	197	185	116	154	232	23	126	65	82	215	189	8	144	232	106	44	54	157	167	188	69	215	132	62	186	192	156	140	89	156	
126	67	170	172	47	6	95	232	169	140	222	175	78	207	51	66	254	237	255	231	204	3	138	200	243	117	207	159	23	63	54	67	
21	81	19	174	142	2	14	248	4	136	218	230	85	99	169	192	122	221	62	235	73	131	27	120	176	164	175	140	61	115	161	144	
187	17	106	224	54	18	91	113	101	64	255	166	27	15	182	112	126	157	151	238	201	179	37	204	242	233	162	196	103	142	112	113	
215	62	198	149	226	50	184	81	169	198	83	247	76	238	231	207	231	245	255	183	180	213	140	202	28	50	239	130	173	231	41	213	
122	65	98	232	110	19	216	113	37	64	244	138	9	15	180	116	110	149	223	236	200	163	101	204	242	249	170	152	55	142	114	208	
47	111	66	78	85	151	238	248	87	192	248	206	104	200	191	164	124	232	134	238	205	178	12	255	54	92	133	142	127	191	122	132	
187	81	106	236	54	18	95	113	69	96	247	174	27	13	182	112	126	157	151	239	201	179	37	206	242	233	162	132	103	174	114	241	
1	128	241	89	116	155	233	23	126	97	114	80	187	8	148	236	107	46	38	24	179	188	101	223	12	190	50	64	212	136	81	173	
118	125	228	198	207	121	222	250	137	238	188	175	106	124	87	7	204	247	215	227	204	99	254	234	55	88	205	187	103	127	94	223	
26	157	58	184	211	225	185	103	159	69	72	179	44	191	34	64	235	187	147	145	22	155	2	215	219	87	154	203	183	4	165	218	
126	113	187	226	59	83	27	200	171	236	189	169	79	223	105	50	254	253	255	242	8	131	170	232	251	213	15	191	163	51	39	115	
60	113	123	100	119	91	87	216	97	224	255	42	91	223	73	48	58	252	213	242	73	179	184	140	243	205	37	165	111	187	102	243	
217	30	178	87	49	150	107	51	117	141	238	84	123	115	162	244	117	236	172	12	189	152	37	175	234	255	33	192	170	166	232	37	
130	180	146	153	199	237	176	71	62	19	64	18	140	190	96	73	161	27	147	17	50	92	146	211	5	22	90	107	144	72	165	146	
134	208	178	155	229	165	184	204	158	25	81	51	204	222	104	72	247	25	179	211	146	148	10	241	5	54	154	206	144	31	161	211	
3	168	164	221	109	157	185	134	206	240	82	2	188	156	116	102	203	123	59	157	135	120	246	241	13	26	159	106	21	44	81	174	
61	101	99	78	84	15	71	248	71	224	253	78	115	241	181	180	120	236	22	110	201	178	253	63	54	44	37	60	127	187	114	164	
39	239	98	26	119	145	142	236	95	68	124	239	104	232	191	132	94	235	147	231	198	58	78	255	62	28	143	171	95	159	122	205	
53	73	107	206	84	2	79	240	65	192	247	74	83	193	185	117	120	236	22	234	201	179	44	44	112	168	161	128	101	187	112	160	
72	188	183	241	169	236	116	151	187	219	166	17	158	191	64	219	165	119	253	16	51	109	146	224	207	251	86	67	194	68	167	91	
36	183	65	132	252	107	167	248	30	234	152	239	87	228	249	0	31	75	70	119	225	115	76	30	188	4	45	188	93	122	83	241	
122	127	228	198	239	93	222	254	137	238	188	175	106	60	87	23	205	247	223	227	204	107	250	234	119	88	205	187	111	127	214	223	
66	56	158	180	107	232	49	194	190	182	70	179	172	191	99	74	163	127	235	209	2	221	130	240	213	51	26	139	132	69	37	203	
74	17	135	158	141	244	20	15	135	83	206	19	236	254	42	238	201	118	234	129	29	75	243	193	147	119	222	27	146	108	188	86	
57	5	107	108	214	2	239	113	84	192	255	130	83	237	184	96	126	236	22	238	217	179	36	14	114	237	165	128	103	186	240	240	
130	249	50	154	203	213	188	231	159	85	64	51	44	222	102	9	239	59	147	209	70	75	178	241	31	16	222	107	19	20	175	223	
43	39	66	137	212	183	234	82	71	105	90	198	1	136	183	164	124	170	18	253	151	186	85	222	62	12	170	224	255	143	120	148	
72	152	190	246	241	236	121	23	185	93	126	20	188	151	34	120	164	59	55	24	178	152	178	227	199	255	58	194	128	192	167	251	
56	117	120	96	112	205	87	80	97	172	124	8	31	151	67	16	158	152	85	122	202	50	240	10	243	205	37	57	96	154	78	51	
40	177	122	104	244	207	119	117	97	13	125	8	23	17	0	48	60	186	5	88	154	186	112	13	255	237	36	96	226	130	198	163	
32	60	251	117	180	206	121	55	121	205	126	60	183	55	144	48	132	62	85	24	177	248	241	110	239	191	52	192	200	128	198	249	
86	56	155	248	9	237	51	66	191	183	160	25	142	151	97	120	233	49	235	16	18	79	178	240	217	209	27	127	144	105	7	34	
23	30	198	145	178	178	170	83	188	195	83	247	73	234	183	204	119	47	183	149	181	153	4	206	28	46	187	194	175	229	41	149	
34	177	118	193	236	141	188	103	77	41	250	58	172	30	84	2	238	187	87	17	208	186	193	192	22	24	154	226	5	136	209	137	
56	1	98	236	148	18	78	125	101	128	254	2	91	137	176	112	122	172	23	232	216	179	36	140	242	237	162	132	119	170	240	0	
25	150	23	117	49	158	107	16	117	73	118	100	223	19	130	244	54	108	44	44	171	144	37	15	238	239	34	192	42	132	41	37	
220	73	37	182	9	77	69	184	165	182	135	25	223	87	9	95	0	196	125	106	104	71	123	52	209	162	97	28	34	161	4	98	
50	191	130	168	151	233	2	71	63	13	232	15	38	162	102	148	249	171	198	145	30	187	208	179	184	148	18	123	217	76	238	206	
56	126	154	238	117	199	87	94	145	142	252	45	98	253	39	20	216	248	134	98	76	163	32	174	243	247	37	155	91	122	126	219	
119	190	241	68	252	43	199	250	123	238	248	239	82	104	212	16	191	205	70	39	233	123	237	94	60	30	37	62	77	250	66	213	
126	116	240	239	21	127	218	216	41	236	255	11	75	127	31	188	254	221	221	243	140	48	249	202	243	253	143	183	231	255	94	87	
114	21	235	236	86	66	91	120	7	164	218	163	89	255	48	96	126	253	55	225	136	147	61	206	123	239	175	132	37	170	52	114	
184	4	98	236	84	163	74	120	85	2	253	2	75	201	181	68	122	168	23	170	232	183	4	158	242	237	162	136	119	171	112	128	
25	156	20	249	51	191	57	190	23	11	94	114	191	119	160	228	119	90	183	24	35	152	51	191	235	239	54	128	58	192	169	187	
29	249	247	115	163	91	127	156	127	202	118	164	255	252	219	60	55	219	244	115	207	244	127	179	238	223	37	134	238	247	141	125	
126	77	102	6	91	82	254	96	233	196	175	171	72	172	183	247	106	229	233	231	12	131	164	236	50	121	192	139	231	183	110	86	
25	2	18	113	49	159	106	16	118	73	118	68	223	3	130	252	54	12	36	44	163	176	37	31	230	239	32	192	42	132	9	133	
3	186	224	27	226	153	186	150	26	125	80	253	172	204	214	140	167	107	151	21	135	88	238	243	12	20	63	234	221	132	139	221	
205	228	154	50	161	252	86	252	187	206	253	28	255	214	74	176	145	79	204	14	111	103	186	35	235	253	37	105	74	247	171	211	
59	55	99	200	83	243	59	90	23	96	92	231	24	215	182	244	126	189	151	172	129	146	188	222	119	60	139	170	63	198	38	245	
244	80	111	198	77	68	69	236	121	222	183	30	82	94	47	123	248	213	111	227	105	103	251	202	241	35	226	29	33	59	118	123	
157	76	231	222	86	162	239	242	84	194	94	198	113	237	179	100	127	238	23	239	233	151	44	239	112	46	239	128	47	255	112	248	
50	191	19	184	153	235	18	79	151	109	184	109	38	148	38	145	216	187	204	17	63	43	80	189	185	212	1	123	216	76	174	95	
120	153	106	108	197	86	118	117	85	12	246	2	107	185	52	84	120	190	183	202	88	187	17	189	115	239	208	9	115	42	252	138	
214	87	108	79	178	26	246	184	61	140	255	231	201	104	159	84	54	68	206	230	244	176	13	254	38	126	39	135	111	247	238	85	
205	64	209	229	96	10	109	48	113	162	119	192	223	3	209	255	114	204	60	238	201	212	229	192	196	250	227	164	46	177	67	160	
172	60	171	243	71	124	179	82	242	223	95	18	153	247	67	43	105	252	219	154	49	118	250	162	95	193	235	41	163	105	55	242	
197	224	158	147	228	3	236	173	126	178	163	90	213	195	217	27	187	229	106	251	96	247	203	78	188	2	111	84	4	50	163	0	
197	41	214	150	204	2	174	233	120	162	195	10	229	227	209	75	90	228	106	122	113	231	207	106	188	162	79	0	204	57	171	0	
79	191	245	211	186	180	191	183	175	253	30	246	253	126	222	230	39	87	255	157	147	72	175	225	110	95	255	230	142	214	133	117	
55	98	226	0	79	27	238	200	91	230	245	175	72	200	255	174	122	200	194	255	206	118	236	194	22	28	133	47	231	191	122	196	
210	92	54	248	45	172	144	82	137	26	176	25	46	159	37	27	132	49	223	3	226	39	18	227	147	248	82	26	82	13	99	27	
51	48	174	129	76	20	232	88	201	240	134	71	1	136	118	171	236	133	251	181	133	243	215	192	23	41	202	44	13	40	121	212	
205	64	209	197	98	8	109	56	121	178	119	236	221	3	209	255	54	204	118	238	193	84	229	192	86	248	103	164	46	179	67	161	
133	76	85	159	206	171	175	174	94	178	0	154	245	99	25	137	19	99	106	42	33	244	79	127	172	6	95	48	220	113	131	128	
188	56	182	253	41	119	89	90	23	170	127	48	127	223	97	120	149	125	181	18	136	214	251	176	195	255	113	187	210	237	36	187	
29	158	147	251	177	246	90	183	127	207	95	52	239	243	226	244	247	43	140	152	191	221	57	255	235	255	55	194	170	196	173	53	
78	169	222	23	27	216	58	128	171	180	167	137	237	194	79	214	39	103	235	208	70	73	159	113	30	209	15	99	10	6	11	142	
6	188	178	155	215	229	178	198	158	93	89	51	172	254	110	8	253	123	147	145	18	26	26	247	13	22	159	235	149	79	181	210	
40	9	165	184	141	249	132	75	206	23	168	27	130	184	116	138	201	50	234	17	30	107	82	144	137	87	223	63	209	108	221	134	
252	161	35	226	141	213	71	236	227	61	173	24	114	243	122	50	217	210	124	219	90	71	170	51	219	221	245	255	2	3	246	106	
111	124	234	246	229	88	253	215	251	198	54	13	188	255	87	250	203	107	255	13	229	65	250	232	126	125	223	171	142	244	90	219	
235	189	38	90	237	245	213	231	203	95	180	25	42	252	118	191	201	162	255	145	255	107	250	241	27	91	212	251	211	92	254	127	
15	254	60	218	187	181	191	254	191	202	188	101	252	254	239	160	151	115	255	211	134	77	75	255	47	31	63	250	154	87	41	155	
140	183	146	250	177	252	122	222	171	27	124	80	156	243	41	184	249	75	215	24	19	17	186	227	187	253	170	239	138	87	235	131	
183	229	249	207	190	44	206	206	123	26	248	120	86	248	221	19	191	223	117	35	234	98	203	99	184	60	45	190	205	242	162	161	
2	73	18	154	116	136	186	66	141	1	113	2	172	138	52	72	238	43	23	67	2	152	2	245	4	56	154	202	20	9	161	137	
196	173	223	151	214	2	239	166	122	179	194	146	213	227	80	66	123	238	42	222	114	252	207	98	188	166	223	68	133	121	241	8	
147	45	97	105	186	175	122	79	127	171	251	115	146	62	148	113	239	191	95	180	186	27	73	223	191	220	135	246	245	192	162	135	
127	19	228	94	169	56	148	3	203	245	189	173	10	172	86	190	143	179	233	17	150	107	230	192	26	127	84	187	215	110	222	87	
48	213	120	234	100	69	95	253	9	76	253	171	127	95	30	48	222	153	21	231	204	50	120	213	243	205	174	189	117	146	238	91	
122	159	105	72	253	219	214	255	19	108	252	175	74	173	150	212	253	142	247	44	221	187	233	159	123	125	37	247	119	142	222	255	
45	125	109	229	52	86	79	184	100	236	255	0	211	125	155	96	92	196	31	238	201	176	121	140	231	255	167	132	38	251	116	113	
58	1	114	224	54	57	250	82	109	0	255	2	15	11	180	96	110	137	31	249	138	179	101	196	242	221	170	212	103	142	113	1	
49	54	247	103	116	15	202	124	125	232	250	239	115	40	148	16	254	239	102	37	141	250	77	126	60	46	53	144	109	170	98	157	
166	120	226	154	79	209	182	200	159	198	209	175	104	220	127	8	220	249	147	215	70	119	190	242	23	20	143	191	85	63	119	214	
3	148	19	185	83	244	184	83	188	73	74	84	188	158	32	232	231	59	19	145	183	156	50	215	13	54	26	194	152	4	161	223	
27	83	46	142	47	151	158	104	205	204	222	175	236	216	55	192	254	229	255	231	196	35	30	253	242	113	143	155	95	62	57	87	
207	189	240	211	190	152	254	183	251	241	28	181	237	254	222	102	167	123	253	223	215	76	175	243	238	95	63	238	6	134	131	125	
35	2	204	189	20	130	104	51	52	99	82	215	177	34	146	64	124	172	63	141	173	156	69	207	204	46	250	192	173	140	120	152	
2	221	50	158	223	213	190	231	158	78	88	131	172	254	38	64	239	123	147	193	102	139	58	255	61	54	158	171	21	92	181	223	
250	1	98	232	92	3	202	81	101	0	255	10	11	11	52	80	106	133	95	249	216	171	69	204	146	249	130	220	39	142	112	128	
126	83	106	172	63	6	95	104	137	140	222	175	79	239	51	80	254	229	223	231	204	131	168	204	242	245	139	159	55	63	62	71	
43	79	98	206	117	151	238	248	85	72	124	198	104	232	181	228	120	236	150	238	205	178	60	238	54	124	135	138	127	190	120	132	
2	221	50	159	255	197	188	231	158	91	88	19	172	254	36	64	231	123	179	129	114	152	18	247	45	54	30	203	16	92	165	219	
2	148	59	217	87	228	177	87	254	73	78	18	188	190	36	100	231	59	19	17	179	152	50	215	77	190	26	74	144	0	165	191	
1	8	183	185	116	186	232	19	124	73	82	84	189	8	176	232	195	47	54	29	183	188	101	215	132	62	186	192	140	136	89	237	
227	255	228	198	237	29	222	247	137	238	188	175	106	124	95	51	143	247	215	231	236	107	248	239	63	92	205	187	71	126	214	223	
250	65	98	232	14	19	202	113	5	0	244	138	11	15	180	112	126	133	95	234	200	167	101	204	178	249	170	152	55	142	114	140	
129	138	115	89	116	173	233	51	124	9	118	80	189	3	148	108	195	42	38	24	179	188	97	215	12	190	50	64	192	136	193	169	
156	61	190	243	205	125	113	210	247	255	87	18	153	247	75	47	105	154	255	154	179	244	187	160	223	203	243	229	163	109	101	243	
41	253	67	78	85	159	70	252	87	232	248	78	122	208	180	180	88	232	22	110	201	178	252	255	54	60	5	44	127	191	122	164	
59	5	106	225	54	50	75	82	117	224	255	134	27	13	183	116	126	140	23	189	169	178	101	142	242	205	162	132	231	142	112	241	
252	82	191	198	76	70	215	220	48	222	181	62	82	87	175	123	253	212	255	227	233	103	251	194	209	35	255	156	65	123	118	243	
159	156	55	248	177	246	95	183	127	207	190	52	110	246	166	244	245	179	156	156	191	205	49	255	235	255	23	211	146	196	173	127	
147	203	74	188	62	145	188	103	140	68	218	231	44	138	178	192	110	43	159	197	198	137	6	253	176	97	186	139	61	156	185	221	
126	121	123	234	59	211	91	200	173	232	189	168	127	223	107	48	254	253	221	242	73	3	168	232	251	213	15	59	99	51	39	115	
60	117	123	100	118	87	87	112	65	224	253	46	91	95	185	48	126	252	151	234	201	179	56	140	243	205	37	1	111	187	102	243	
253	65	194	69	71	26	110	112	113	162	118	74	75	3	221	254	122	204	166	238	201	246	229	200	22	251	195	4	111	183	106	164	
34	239	96	154	215	209	190	238	31	5	88	163	40	236	54	0	255	107	131	215	198	58	78	255	62	20	159	235	85	30	191	206	
74	188	151	178	137	252	52	199	191	219	34	16	172	191	96	223	161	119	251	16	51	201	146	225	143	242	94	75	130	68	175	63	
49	54	119	71	100	31	250	18	101	106	250	102	107	73	156	112	126	142	102	140	142	178	101	233	6	254	49	128	111	138	66	141	
130	249	50	154	203	213	180	239	159	85	64	51	44	222	102	9	239	59	147	209	86	79	58	241	31	16	222	107	17	20	165	223	
25	10	86	81	49	190	107	80	119	77	118	36	207	195	162	252	54	44	172	12	175	144	37	143	194	255	32	130	42	196	104	101	
2	189	50	219	229	140	184	39	173	25	120	49	172	158	116	0	239	59	151	17	210	56	194	245	15	56	26	202	212	12	129	155	
34	110	226	158	119	145	186	74	31	15	93	231	40	204	183	132	221	169	147	133	198	54	78	255	54	20	155	171	23	159	60	205	
26	157	186	250	219	196	17	247	191	93	204	19	60	223	34	80	229	123	155	144	22	11	50	247	251	245	30	75	146	16	173	251	
33	117	123	97	116	79	111	112	112	172	124	40	19	87	144	48	62	184	6	106	233	178	100	14	103	141	37	160	97	170	70	161	
23	30	194	155	146	178	170	115	60	195	91	247	73	234	182	228	119	175	55	189	181	153	5	206	60	46	171	192	175	230	185	213	
33	49	123	73	244	207	227	81	99	13	125	64	19	21	156	52	90	154	6	120	147	184	116	76	111	156	32	64	231	139	70	225	
8	61	58	119	244	204	125	55	252	205	126	20	183	181	2	48	132	122	87	24	176	184	240	46	231	255	52	192	192	128	199	251	
43	47	98	140	93	147	186	108	95	196	220	199	72	200	182	196	254	233	155	229	196	171	14	254	54	84	139	187	95	14	121	206	
70	184	190	241	235	233	49	67	190	61	87	51	140	151	96	88	163	63	239	16	18	217	162	208	221	193	59	231	128	65	167	227	
34	161	118	137	236	137	184	103	77	49	250	18	172	138	84	64	238	43	95	1	208	184	65	192	20	24	154	226	20	8	129	137	
56	5	98	236	212	18	78	125	69	0	254	2	91	41	188	80	120	172	23	232	216	187	36	142	242	237	162	132	119	186	240	128	
166	115	226	140	79	83	182	200	217	228	245	143	72	204	127	15	248	233	195	231	204	115	190	200	51	16	207	47	87	127	126	214	
159	12	231	159	150	178	235	83	116	194	95	214	121	230	183	108	127	236	55	175	177	213	45	234	80	46	235	128	175	231	49	244	
255	65	83	197	71	26	110	112	105	162	119	206	89	3	157	255	126	196	182	238	201	246	165	200	22	248	195	132	111	183	106	36	
26	152	84	255	19	219	90	150	23	1	70	162	175	183	32	228	119	58	189	144	43	156	49	191	227	247	154	131	190	140	44	59	
198	178	150	144	239	105	176	73	175	191	177	123	204	250	204	11	175	29	239	49	18	119	138	208	28	16	127	239	192	104	143	131	
25	156	114	93	51	150	82	190	119	13	246	36	107	51	167	244	247	254	188	8	191	156	49	191	235	255	16	147	186	132	104	15	
207	189	244	211	190	144	187	191	187	241	30	182	253	255	222	230	167	115	255	221	247	72	175	247	110	95	239	238	166	196	129	125	
198	182	246	226	239	105	176	205	171	191	49	59	78	188	108	27	175	151	239	49	18	119	138	208	31	16	127	247	197	78	135	131	
226	63	228	198	255	125	158	247	137	238	188	175	104	124	87	50	207	247	247	227	236	107	232	238	63	94	205	187	199	127	214	223	
199	54	195	145	226	34	173	81	60	227	83	247	205	230	254	205	119	45	63	189	181	212	133	194	28	34	255	196	173	228	161	213	
204	41	142	151	205	90	229	41	122	166	103	14	197	227	67	203	121	228	106	122	113	247	255	106	252	163	103	1	104	58	43	128	
90	169	90	152	27	209	58	192	171	212	164	137	173	206	71	82	34	161	235	196	6	65	158	253	223	209	11	57	2	4	47	198	
90	97	90	232	42	153	24	72	169	4	164	169	142	206	39	16	182	57	202	96	4	35	130	220	210	209	11	59	80	130	15	2	
131	186	97	27	242	153	187	214	30	101	88	255	189	204	214	164	55	107	23	213	135	24	238	243	44	28	62	234	93	132	131	221	
38	248	162	154	95	213	186	200	158	199	81	171	44	220	119	8	221	121	147	211	6	118	58	243	29	20	143	171	213	31	55	214	
127	93	102	28	211	214	150	99	169	204	174	135	104	252	39	244	236	245	221	199	236	139	52	238	51	127	142	155	107	119	126	95	
48	95	59	236	60	207	87	124	141	204	252	45	231	253	163	4	222	120	132	102	136	163	96	174	226	213	37	155	220	250	100	255	
26	14	215	245	54	131	186	99	29	171	82	242	108	191	164	196	126	125	183	33	33	252	1	206	60	102	59	194	39	172	33	169	
89	14	242	93	53	158	91	50	119	205	246	20	107	233	182	244	118	238	172	12	172	184	37	175	226	255	16	195	226	164	108	109	
122	249	142	152	157	212	16	143	167	85	134	17	172	190	102	194	193	215	233	145	95	75	243	225	187	113	222	91	130	12	188	94	
52	117	248	231	116	95	90	216	97	236	255	10	91	93	155	48	254	221	21	235	140	178	125	136	247	205	165	133	229	251	94	83	
2	252	146	153	215	237	176	199	30	19	64	18	140	190	104	72	163	27	147	17	50	92	18	243	45	22	30	107	144	89	165	154	
134	249	146	155	236	165	190	200	142	24	89	34	140	218	105	73	255	91	51	211	82	80	10	241	4	16	79	206	148	91	161	131	
25	19	102	17	165	219	113	16	119	100	118	164	235	4	150	252	114	174	172	28	143	176	117	156	134	251	0	1	110	140	92	212	
181	12	235	222	84	162	239	114	85	194	223	2	113	233	181	96	123	238	23	175	169	183	44	175	114	46	227	128	55	251	112	224	
184	4	98	236	84	35	78	123	85	2	253	18	75	201	181	80	120	168	23	170	168	183	4	158	178	239	162	128	119	251	112	128	
154	149	62	220	203	213	180	103	156	19	68	19	44	191	38	75	225	51	187	129	114	205	18	213	115	51	94	11	18	68	173	186	
181	64	107	71	84	2	239	88	84	192	247	66	83	65	189	40	120	204	22	234	137	182	45	14	116	12	161	132	117	187	112	224	
35	168	106	218	83	149	186	200	31	64	116	158	40	222	246	180	255	171	147	141	167	30	190	251	30	93	155	171	159	132	107	244	
24	191	10	152	211	249	177	71	254	77	252	47	174	166	34	212	232	170	206	145	63	171	116	253	188	5	58	123	219	76	175	223	
138	196	176	249	165	121	125	159	95	119	68	144	175	247	234	237	147	27	191	24	50	220	123	211	207	223	86	71	150	220	133	254	
53	191	5	165	188	75	143	248	6	226	152	238	215	101	209	160	127	204	94	111	217	179	109	28	188	134	175	180	117	250	17	241	
53	77	99	78	212	162	239	240	197	194	251	66	115	225	181	100	120	226	22	234	201	163	44	174	48	172	167	136	119	251	112	160	
185	69	106	228	102	18	79	113	85	64	247	130	91	13	178	113	126	156	21	238	233	179	37	142	242	233	160	132	103	186	112	241	
46	175	243	206	255	145	106	202	87	136	124	226	104	251	252	228	123	250	183	152	130	50	142	255	62	60	135	235	23	174	116	165	
19	159	106	173	86	174	186	119	60	68	122	199	117	46	182	64	62	175	23	165	245	185	20	79	124	46	42	192	109	194	163	217	
125	151	210	174	254	5	78	248	6	136	248	230	117	227	169	208	94	202	6	238	73	19	88	127	252	164	167	172	189	250	40	145	
45	93	105	239	52	78	79	184	68	236	126	0	211	125	147	112	92	228	31	238	201	176	125	44	103	189	165	128	68	251	84	113	
8	139	150	153	141	219	181	199	206	61	102	17	174	168	102	206	201	38	170	17	22	249	3	240	13	114	94	67	210	92	253	206	
130	157	182	156	245	196	188	230	190	11	90	49	172	190	32	64	231	123	191	129	242	218	18	255	45	54	158	138	144	84	165	219	
13	76	192	191	221	123	103	175	118	167	78	148	237	98	139	204	51	110	234	44	48	248	127	63	108	167	87	69	182	241	137	136	
54	68	102	251	196	35	238	215	125	19	250	18	11	43	53	89	123	139	23	163	184	187	1	238	182	234	222	128	183	217	240	136	
58	191	19	184	249	255	17	119	31	109	252	237	46	182	162	149	220	187	207	33	127	171	114	189	185	215	49	251	90	12	174	95	
116	17	232	100	66	108	91	26	99	109	223	175	83	189	91	112	54	223	53	9	136	50	191	0	211	45	33	189	229	243	84	115	
176	81	120	238	52	79	223	248	16	60	181	59	215	31	27	17	222	157	85	99	232	163	120	29	243	233	170	181	117	186	71	211	
73	159	226	25	209	248	97	151	247	69	78	149	169	166	246	244	97	46	170	156	151	152	247	243	14	117	150	67	251	196	252	220	
223	254	187	58	185	252	87	222	251	222	244	125	206	254	203	185	181	79	220	50	231	69	250	235	251	255	37	191	202	117	143	87	
106	183	244	73	239	121	144	207	75	63	60	187	14	61	206	63	135	147	255	17	182	105	235	209	95	88	84	255	247	204	207	95	
147	90	78	188	6	146	190	114	157	198	210	231	41	138	183	193	110	225	183	199	236	143	6	238	50	99	234	139	45	181	57	93	
159	178	214	179	226	187	184	87	62	243	83	247	205	230	234	204	55	29	183	149	151	212	140	194	156	67	127	230	174	196	171	149	
146	14	206	189	242	146	190	246	156	134	90	231	173	174	183	192	111	239	183	133	228	216	4	239	44	39	190	129	45	244	57	221	
166	61	244	198	254	5	158	239	137	234	184	171	108	126	85	2	239	247	215	225	240	107	200	238	60	30	207	186	197	126	147	219	
1	142	75	181	52	170	104	55	124	67	90	213	177	34	144	96	66	46	63	141	189	156	69	79	132	62	186	192	172	128	89	88	
23	132	235	145	214	50	237	87	116	195	87	214	81	238	190	108	127	238	55	189	177	212	37	194	124	47	190	196	173	244	177	245	
122	71	106	172	55	6	95	120	1	140	252	175	107	207	51	80	254	237	149	231	200	179	40	142	243	253	175	155	55	190	118	115	
8	189	58	118	176	220	119	182	252	77	126	0	190	255	34	48	164	123	221	72	210	185	50	111	231	255	54	65	64	128	239	251	
2	221	34	158	223	209	190	231	158	68	88	163	172	254	54	64	235	123	147	193	102	186	58	255	53	54	158	139	21	92	181	222	
47	124	194	9	117	191	226	90	95	73	121	78	8	200	183	164	120	168	146	13	135	178	84	255	54	28	130	162	223	223	122	148	
1	158	59	217	52	172	185	55	252	73	94	80	188	178	180	100	167	59	30	13	179	184	48	215	13	190	50	66	136	64	225	169	
34	239	98	158	223	209	190	239	94	69	88	163	40	236	54	0	219	107	131	199	198	58	110	255	62	20	159	235	85	30	253	206	
19	135	71	135	150	178	174	119	180	67	91	214	89	234	188	228	127	167	31	173	245	153	37	206	60	46	175	192	175	230	185	85	
1	158	59	89	48	172	249	55	252	9	126	84	188	179	32	96	165	58	6	8	179	184	48	95	79	191	50	64	216	128	225	171	
74	188	151	220	203	208	180	231	191	23	102	49	172	254	100	207	163	123	235	16	50	73	178	241	187	50	94	75	130	84	173	127	
34	239	96	155	215	209	190	239	30	69	88	163	168	236	54	0	219	123	147	213	118	58	110	255	47	22	159	235	85	94	189	222	
61	93	123	110	86	87	87	240	69	192	252	38	123	221	51	48	126	248	151	234	201	178	56	174	115	205	37	0	111	187	98	243	
124	121	123	238	51	211	87	240	33	192	252	42	127	223	33	48	250	249	221	226	73	131	56	174	243	221	5	59	123	179	102	115	
52	17	56	227	20	79	91	120	32	172	189	9	215	95	11	16	88	220	85	250	72	178	89	12	249	205	163	52	96	171	86	114	
52	95	63	236	60	79	87	116	197	204	246	229	247	221	163	99	222	244	221	98	233	163	98	172	243	251	101	154	72	187	116	123	
18	159	83	197	118	162	171	119	60	137	90	230	117	35	164	68	126	247	23	169	177	153	5	207	52	38	170	194	45	170	33	61	
255	67	66	68	69	18	110	120	113	140	247	110	72	234	183	245	120	204	166	238	205	179	164	204	50	120	195	143	111	191	122	133	
40	159	122	236	244	150	243	119	68	76	254	102	58	189	166	64	220	62	135	96	219	187	96	157	122	253	34	203	95	138	252	251	
90	249	34	184	25	205	18	194	171	80	160	9	174	223	67	82	232	177	233	193	78	75	146	253	219	209	139	59	2	5	39	90	
2	185	18	155	229	172	184	7	175	25	120	48	172	158	108	64	231	59	151	17	18	56	130	245	13	24	26	202	208	8	129	155	
130	249	50	154	203	197	188	239	159	85	64	51	44	222	102	1	239	59	147	193	86	75	154	241	31	16	222	107	17	28	165	222	
33	109	113	71	116	91	231	112	117	232	120	98	112	17	148	180	122	200	18	106	225	186	109	255	44	30	165	128	95	170	82	165	
38	121	34	158	79	213	190	96	137	196	249	143	104	252	119	3	204	249	147	231	196	227	186	232	51	16	207	171	85	127	118	214	
2	221	50	159	247	197	188	231	158	11	88	19	172	254	32	64	231	123	179	129	114	152	18	255	45	54	30	203	16	92	165	219	
75	189	244	215	190	144	190	191	175	241	30	163	237	255	214	102	167	119	255	157	150	72	174	255	46	126	159	234	6	132	129	93	
58	143	34	186	95	145	154	108	159	4	221	175	108	204	54	196	254	235	143	197	78	11	78	255	186	85	143	187	23	14	60	198	
18	162	94	177	178	203	49	71	190	61	87	177	141	183	162	64	39	31	175	16	50	217	9	87	220	231	63	199	164	0	165	195	
2	141	18	153	228	137	188	103	172	25	122	18	172	138	20	64	239	43	19	129	82	152	66	199	36	24	154	194	4	8	161	137	
56	197	98	236	212	18	78	119	69	0	254	2	91	41	176	80	120	142	23	234	248	187	37	142	250	237	166	196	119	154	240	128	
122	249	186	184	153	212	16	135	174	81	136	9	174	158	98	114	193	55	249	17	94	75	210	209	251	241	158	123	144	12	188	94	
2	248	146	153	211	193	180	199	30	19	64	18	172	190	105	72	243	91	147	17	50	220	26	243	45	22	30	111	144	80	165	154	
124	90	191	228	44	70	215	248	136	254	183	108	90	191	167	123	220	212	253	98	201	231	185	232	209	187	227	148	65	59	118	115	
157	71	79	167	132	2	238	245	52	226	91	199	81	96	185	97	126	204	21	239	253	144	13	8	240	169	239	132	45	251	240	144	
26	180	176	249	181	249	88	159	95	119	68	17	174	191	110	236	151	27	189	16	62	92	123	211	203	223	86	119	150	204	133	127	
53	167	193	165	180	11	207	248	70	224	218	206	215	100	144	164	126	196	94	110	201	186	125	30	188	134	165	180	53	250	16	184	
53	13	99	78	212	162	239	242	196	194	255	66	115	224	181	100	120	226	22	234	233	179	44	46	48	46	167	128	117	251	112	164	
27	188	182	216	177	246	89	39	191	207	182	49	174	254	38	124	215	187	159	16	190	201	115	223	171	223	30	211	146	68	172	127	
49	23	113	97	116	47	234	26	101	104	250	231	211	8	156	112	126	140	38	141	143	178	69	75	38	236	33	128	109	202	114	145	
138	178	146	177	234	169	176	221	190	63	113	255	140	234	234	137	191	31	231	17	22	116	138	209	28	17	127	231	206	76	143	147	
155	156	114	95	19	214	90	214	127	77	230	22	42	159	166	244	247	251	188	128	175	153	49	255	243	255	16	211	59	132	108	95	
156	48	188	243	205	124	113	216	247	255	151	51	219	127	75	47	237	212	255	176	187	116	251	128	223	219	247	231	163	109	117	243	
242	1	98	232	92	3	202	113	77	0	248	10	11	11	52	80	106	133	95	224	216	171	65	204	178	248	130	216	55	138	114	128	
26	187	34	152	211	221	179	119	61	77	220	175	174	148	162	212	252	171	207	85	159	155	54	253	255	87	58	219	90	12	175	223	
134	237	22	138	236	33	190	206	142	18	88	2	140	234	113	67	239	91	51	83	82	3	10	242	60	16	207	174	148	123	161	137	
27	42	118	89	49	254	91	82	125	76	118	37	42	204	182	252	246	174	172	12	143	184	39	239	195	127	16	131	226	196	108	93	
56	4	98	236	212	51	206	127	85	3	254	18	75	233	181	72	121	168	23	168	184	183	37	142	50	239	130	128	247	250	240	128	
185	69	106	108	212	18	239	117	84	192	254	2	115	225	176	97	120	236	22	234	233	179	36	14	114	233	165	128	103	186	240	160	
130	179	208	177	238	41	188	207	187	63	112	255	140	170	236	139	183	27	231	17	150	120	138	209	28	18	127	231	213	76	143	155	
45	117	233	231	116	70	111	184	100	236	255	0	211	93	153	48	92	220	23	234	200	178	125	14	103	173	165	132	101	251	118	243	
74	184	150	208	137	221	52	199	191	155	166	24	174	190	102	254	161	115	251	16	22	105	146	241	155	210	86	123	202	84	143	31	
186	65	98	236	20	3	78	113	69	0	241	10	11	11	53	80	122	141	95	227	200	167	4	206	178	233	138	184	119	154	114	0	
57	5	106	225	118	50	107	83	85	192	127	130	27	13	183	96	126	140	23	189	189	176	37	142	242	237	162	132	231	207	112	225	
43	143	98	206	117	151	238	248	93	72	124	70	104	232	182	228	120	234	150	239	205	186	44	255	54	60	135	138	95	190	120	141	
123	81	42	174	63	151	158	104	205	204	222	175	238	216	55	64	254	229	255	231	204	35	28	253	242	117	143	155	95	62	57	87	
127	67	70	68	71	18	110	112	97	168	255	78	72	10	191	245	122	196	182	238	205	179	165	204	54	120	195	135	111	183	106	4	
35	239	66	94	117	159	230	236	95	200	124	78	104	232	190	180	216	234	146	110	199	58	94	255	62	28	133	171	95	190	218	140	
25	27	102	17	37	219	121	18	117	108	118	165	203	204	182	253	114	172	174	12	141	184	53	192	134	249	64	131	110	140	92	213	
54	141	198	211	212	34	236	231	61	19	250	18	104	42	61	73	107	203	23	145	56	250	9	234	60	174	222	128	181	120	241	136	
249	83	67	204	69	30	102	112	101	232	247	70	75	3	177	247	120	196	174	234	201	183	245	204	54	251	194	134	43	190	120	36	
23	12	227	223	150	178	239	83	117	195	223	214	89	230	181	100	127	236	55	157	185	149	45	206	56	46	175	128	167	230	240	116	
94	237	230	243	150	136	238	183	107	49	58	2	239	40	92	66	111	207	127	211	210	248	207	225	188	237	191	196	165	210	241	8	
166	121	178	154	111	193	190	192	158	198	80	171	44	220	103	8	202	123	147	211	66	70	154	251	53	20	159	171	21	63	55	218	
2	249	176	155	223	197	190	198	158	25	64	2	172	222	97	8	229	123	147	211	66	94	26	243	45	22	159	106	144	29	33	218	
230	237	164	134	237	5	190	231	136	186	184	26	172	174	84	3	237	255	115	131	240	75	202	226	61	24	207	186	4	126	147	137	
17	141	43	173	214	6	239	119	36	72	90	199	117	47	176	96	126	175	23	237	217	153	21	79	244	173	170	128	45	162	161	249	
53	12	235	206	212	162	207	115	85	194	255	66	113	233	181	100	120	230	23	170	185	179	44	206	114	46	163	128	231	235	112	160	
27	172	162	186	23	147	186	202	94	69	220	3	40	218	118	160	251	43	147	133	134	186	62	255	106	95	155	171	23	14	123	206	
49	39	193	37	116	15	235	122	108	233	250	206	211	36	156	48	62	204	118	173	137	178	125	12	60	174	39	144	101	170	98	241	
42	174	226	218	119	145	250	200	95	131	124	234	104	200	244	228	219	251	147	144	6	58	142	255	62	92	143	171	23	142	122	140	
207	81	68	86	111	22	108	60	125	216	87	254	88	114	159	253	54	196	182	238	229	80	63	204	54	122	197	142	47	181	120	21	
27	187	34	152	243	221	179	119	63	77	220	175	172	156	166	244	254	187	159	213	215	155	54	253	255	85	58	203	30	14	175	255	
151	6	235	197	198	50	173	89	124	226	87	214	81	44	191	108	126	140	55	175	177	180	37	202	20	46	234	132	173	224	113	245	
61	5	106	225	246	50	107	87	85	97	126	130	91	45	179	32	126	140	23	188	185	176	37	142	118	237	160	132	231	206	240	225	
208	89	63	252	19	204	53	119	236	192	78	6	180	179	32	115	162	55	57	8	97	185	48	13	243	235	86	2	40	16	165	43	
90	201	42	174	31	145	159	232	143	132	140	139	238	232	114	64	250	227	251	231	76	35	154	253	243	117	143	59	23	62	61	70	
58	87	106	172	119	151	95	120	5	196	252	143	107	237	50	80	254	237	151	231	204	179	60	159	243	253	137	155	119	190	118	82	
186	5	98	232	84	3	202	113	69	32	248	10	11	11	52	81	122	136	31	227	216	179	64	206	178	201	130	144	119	139	114	128	
66	173	240	245	254	128	254	167	175	129	26	130	237	238	84	98	231	111	63	145	210	72	143	255	46	126	143	204	5	166	241	141	
2	157	34	158	223	193	190	230	30	69	88	163	172	254	54	64	255	123	147	193	102	154	26	255	61	54	158	139	21	92	181	222	
2	221	18	159	241	197	190	231	30	27	88	18	172	254	32	64	231	123	179	1	114	152	18	255	45	54	30	202	16	92	161	155	
210	74	78	188	74	128	190	246	152	134	214	231	45	175	179	67	110	225	191	199	228	143	6	239	240	99	250	137	45	181	57	217	
34	125	50	158	95	197	190	98	137	196	216	15	44	252	55	0	204	251	147	199	196	43	154	237	53	16	142	187	21	63	55	223	
34	239	96	155	215	209	190	238	30	69	88	163	168	236	54	0	219	107	131	197	86	186	110	255	46	22	159	235	85	30	157	222	
210	203	110	188	74	192	61	103	164	4	214	163	45	135	162	81	102	179	143	193	96	143	38	237	240	35	254	139	53	20	165	107	
60	125	123	238	83	211	87	224	33	192	236	42	127	223	33	48	254	249	213	226	73	179	56	191	243	205	5	59	123	51	102	242	
39	175	96	27	245	157	246	238	95	233	124	76	104	232	190	180	217	234	146	79	198	186	94	255	46	28	5	107	95	158	218	140	
56	155	122	237	180	214	151	117	69	76	254	231	59	157	166	64	254	58	159	98	221	187	32	189	242	249	162	131	127	138	244	219	
27	31	66	157	246	146	174	246	20	202	90	231	233	234	183	192	127	239	183	205	229	152	5	239	44	47	190	128	45	244	57	221	
90	184	215	156	203	208	180	231	191	151	82	179	44	190	228	198	39	123	235	128	38	219	166	249	30	34	94	139	167	68	173	207	
34	239	32	155	215	209	190	239	30	101	88	163	172	236	118	0	219	123	147	209	86	154	110	255	45	22	159	239	149	94	181	222	
43	237	103	73	119	27	166	236	95	232	120	102	72	88	180	164	122	72	146	111	197	186	109	223	46	30	135	166	95	46	123	173	
2	189	18	155	229	173	184	231	174	25	88	16	172	222	104	65	199	59	147	17	18	24	2	245	13	16	30	202	144	4	161	155	
2	249	50	154	203	197	180	239	158	93	88	19	172	222	110	65	237	27	147	145	82	75	26	245	61	16	222	239	16	4	165	219	
19	133	103	133	150	146	239	247	244	67	218	198	89	238	188	228	126	230	62	173	245	153	37	207	56	46	174	196	47	198	177	124	
39	106	226	30	117	149	254	72	95	14	93	207	40	200	191	132	221	169	147	71	198	182	78	251	54	28	137	171	95	63	122	205	
16	157	58	254	155	196	55	246	189	77	108	1	62	255	34	80	167	123	217	64	70	11	58	127	243	255	22	75	16	18	175	219	
58	143	34	186	27	209	158	224	159	4	220	171	109	207	38	196	254	251	143	195	78	11	10	255	187	85	143	187	55	14	61	222	
43	37	67	79	119	27	166	108	93	224	120	102	72	152	180	164	250	72	146	239	197	186	109	254	54	28	131	130	95	14	123	141	
24	151	94	191	178	138	57	247	62	53	118	247	109	167	170	80	55	31	175	0	50	217	1	87	254	231	58	197	36	128	141	75	
130	141	18	155	228	137	188	39	172	25	90	18	172	138	56	65	239	59	19	1	82	152	66	245	36	48	154	194	20	8	129	137	
56	133	106	232	212	19	78	255	85	0	254	2	91	41	176	97	120	206	23	234	248	187	36	174	250	239	166	196	119	154	240	136	
47	80	83	79	101	29	238	120	89	202	117	78	72	216	253	244	122	204	182	234	197	182	253	194	22	126	129	14	95	191	122	148	
103	67	98	76	77	18	254	120	209	132	253	142	72	202	183	245	124	236	162	238	204	179	246	204	54	56	192	11	95	191	122	196	
255	81	86	204	77	22	102	120	101	192	231	78	74	195	167	245	124	164	170	238	205	179	118	204	50	120	192	14	127	174	120	20	
26	155	90	185	50	147	56	222	63	53	82	247	45	142	170	192	55	27	191	133	166	153	7	247	190	231	190	231	61	132	169	153	
166	107	98	30	79	145	182	104	217	196	225	143	104	236	55	16	220	233	163	103	196	179	238	249	55	56	193	43	87	191	118	198	
102	7	102	14	253	146	254	224	201	196	223	167	72	236	191	215	122	229	167	231	204	35	46	236	50	56	203	143	39	191	124	196	
114	93	38	158	91	244	190	230	137	206	221	39	104	252	38	66	236	243	219	195	236	139	58	239	51	62	142	139	23	119	54	95	
3	173	105	155	118	155	171	243	94	97	93	198	185	204	214	36	63	43	23	141	135	152	45	255	108	15	175	224	61	134	17	253	
218	237	116	183	190	136	254	189	191	176	146	130	253	239	89	67	39	227	125	227	234	73	143	253	174	217	175	164	39	176	147	8	
34	249	178	158	79	193	190	196	158	196	64	171	44	220	103	0	234	123	147	195	66	90	154	251	53	20	143	43	21	63	23	218	
2	42	54	185	107	193	56	66	172	4	66	1	172	138	36	64	226	45	107	129	4	153	130	240	149	48	154	3	0	0	37	142	
17	95	93	101	50	10	47	53	96	168	122	230	245	35	129	97	54	116	12	106	193	144	101	12	228	170	111	128	44	178	129	57	
222	50	180	243	173	124	112	27	55	251	247	51	222	255	73	111	237	157	253	144	184	116	251	192	203	219	215	231	162	228	100	211	
252	0	116	115	174	10	74	152	113	50	183	26	75	73	93	95	59	196	108	234	248	100	79	160	210	219	225	84	103	171	66	0	
213	77	237	231	150	10	79	156	100	226	150	66	83	1	153	99	54	196	92	239	233	245	45	42	240	139	231	148	45	243	112	104	
10	188	180	249	181	255	88	15	95	119	164	17	142	191	70	124	131	155	189	16	62	216	243	211	139	223	94	119	146	76	133	94	
98	148	244	216	213	254	80	143	127	123	182	25	174	62	12	121	193	151	255	17	186	105	115	215	159	126	30	87	210	68	197	31	
47	172	194	154	223	145	234	202	31	161	104	139	104	224	126	148	121	234	162	158	6	58	142	251	62	28	133	107	215	14	120	140	
130	188	180	216	189	255	88	15	31	93	164	17	174	190	6	124	199	179	255	17	62	201	115	215	139	94	22	83	146	76	133	127	
41	44	195	104	85	143	234	88	119	64	122	206	91	201	180	148	127	172	22	141	137	178	197	222	54	124	129	40	127	174	122	148	
226	189	180	149	253	45	190	231	136	187	120	26	172	126	84	3	237	103	87	129	240	122	194	239	61	30	223	234	192	104	211	139	
23	140	227	223	150	178	239	119	116	195	219	214	81	230	180	228	127	238	63	157	185	145	45	206	56	46	175	192	165	226	240	100	
0	182	158	185	238	169	180	223	30	63	88	243	172	151	234	72	247	27	175	16	22	124	43	209	222	209	62	231	148	72	133	203	
19	164	203	145	146	178	40	215	62	227	91	215	93	230	252	224	119	175	55	157	181	220	44	198	190	14	191	196	173	196	169	213	
154	156	114	218	19	213	90	198	159	77	206	23	42	223	38	244	237	187	191	144	47	141	50	255	51	254	144	147	27	140	44	95	
18	182	222	177	226	187	188	223	62	55	118	247	141	174	234	72	55	27	167	21	150	252	14	211	158	210	63	231	188	200	173	157	
19	164	235	209	214	50	239	215	118	227	94	150	89	175	254	100	127	206	55	157	179	156	165	198	124	46	191	196	167	212	177	252	
98	189	244	148	254	135	190	230	155	170	152	171	236	124	85	2	239	247	215	165	224	111	192	239	61	30	223	186	69	124	51	153	
134	173	148	143	238	33	190	239	142	178	88	2	172	234	113	67	239	123	19	243	112	91	10	250	60	22	207	174	149	120	161	137	
18	30	102	95	53	222	218	82	127	77	246	37	42	156	182	116	230	171	191	5	174	185	55	255	51	126	18	131	87	132	126	95	
252	90	190	228	109	86	219	112	136	254	182	60	94	63	163	123	206	245	255	110	233	231	225	168	211	251	99	148	66	189	102	115	
204	120	116	252	104	27	126	184	175	178	20	169	255	223	177	27	134	117	255	110	224	69	234	184	198	251	111	184	54	181	3	209	
59	155	34	136	243	213	190	119	175	77	220	167	44	158	182	116	238	187	159	213	214	139	36	253	251	89	170	203	23	140	181	255	
3	182	229	145	178	42	173	159	62	115	90	247	156	46	222	175	39	79	23	157	183	220	37	226	140	22	254	198	141	196	129	253	
122	141	106	174	31	211	223	232	5	4	204	11	111	236	50	16	248	235	159	231	78	43	24	255	251	245	143	59	119	46	118	70	
185	5	110	225	214	50	107	87	85	97	126	18	91	41	182	96	126	142	23	184	184	184	37	142	114	239	160	196	231	219	240	224	
56	13	107	238	87	215	95	120	5	68	252	131	107	239	50	80	122	251	151	230	72	179	56	191	243	237	129	1	119	190	116	226	
137	4	235	193	214	50	239	87	116	227	94	214	17	45	158	96	127	78	23	189	177	252	37	202	102	47	182	196	175	248	240	241	
2	157	50	159	95	197	190	238	30	71	88	51	172	254	34	64	255	123	147	129	34	154	82	255	45	54	158	171	21	92	181	219	
2	205	18	159	252	129	190	230	142	0	120	2	172	234	49	64	234	107	19	193	66	10	2	255	44	20	158	168	20	24	33	137	
151	22	231	145	150	50	172	83	125	211	83	246	89	238	189	239	119	141	31	189	181	213	37	202	28	42	255	132	173	228	177	245	
74	56	214	156	75	209	176	71	191	149	210	179	44	190	38	198	163	59	235	129	6	203	134	245	30	50	94	139	7	4	173	159	
35	175	96	27	245	153	190	238	94	109	120	175	168	232	118	0	217	107	131	87	214	58	110	255	46	30	159	235	85	78	223	206	
34	173	32	155	215	209	190	239	30	101	88	163	172	236	118	0	219	123	147	145	118	26	110	247	45	22	159	235	149	92	149	222	
223	30	199	182	18	178	170	80	180	194	211	247	77	234	179	203	103	229	191	191	173	213	4	206	144	98	235	128	173	245	57	85	
61	93	123	110	87	215	87	240	69	192	236	10	123	221	35	48	120	249	23	234	72	179	56	61	243	205	5	9	115	187	98	234	
19	95	99	207	180	150	239	112	76	200	90	70	113	124	181	100	126	110	22	239	193	185	45	239	52	46	175	128	63	250	113	253	
2	142	230	157	114	144	188	246	191	143	82	247	45	174	166	196	103	251	167	133	162	216	6	239	60	38	254	131	39	132	173	221	
146	142	194	157	242	130	174	246	53	143	218	247	41	174	182	68	127	239	167	133	228	218	5	239	60	38	190	128	167	244	185	221	
2	189	18	155	237	141	188	231	158	25	88	16	172	222	104	65	231	27	179	17	82	88	26	245	45	16	30	238	144	4	161	155	
2	253	48	154	203	197	180	239	158	93	72	19	172	222	110	1	237	59	147	193	82	90	26	245	61	16	222	107	17	14	165	219	
166	235	98	158	109	145	190	232	95	12	81	171	104	204	127	1	216	235	131	199	230	50	110	255	54	20	207	171	85	63	94	206	
80	221	59	254	27	196	55	240	188	68	232	1	126	255	34	80	166	251	89	66	98	11	58	127	241	229	6	10	48	18	39	123	
50	143	42	190	27	209	30	224	159	4	220	171	109	207	38	64	254	251	143	195	78	11	10	255	187	213	143	187	53	14	61	222	
43	103	66	77	119	27	174	104	77	96	122	230	72	136	180	164	254	77	146	231	197	178	101	220	54	28	139	131	95	14	121	133	
66	173	118	253	190	128	190	39	175	129	90	130	173	238	52	64	166	255	127	193	210	73	130	253	190	252	143	202	5	132	161	137	
26	158	94	189	50	138	58	254	62	5	126	247	109	163	162	80	55	223	175	132	166	153	5	127	246	231	58	193	61	132	169	89	
19	141	71	141	150	146	174	254	61	65	90	198	125	174	180	228	119	199	31	237	167	153	45	255	188	110	174	192	63	134	177	125	
2	157	22	155	228	141	188	167	174	25	88	48	172	186	40	65	199	59	51	1	82	24	2	245	44	16	158	202	20	8	129	137	
56	141	110	238	212	147	110	255	85	0	254	2	83	41	184	97	120	238	23	234	248	187	37	191	122	239	166	196	119	154	240	136	
27	158	66	187	50	147	58	255	63	65	90	231	45	142	162	192	119	171	159	133	167	152	5	255	188	103	186	128	60	132	41	221	
19	173	105	203	86	147	235	243	94	97	93	198	121	77	182	36	127	171	23	141	147	184	45	255	124	15	175	128	53	142	113	249	
118	93	34	158	219	244	158	230	153	206	216	39	104	254	39	96	236	243	211	195	228	11	58	239	51	54	142	139	23	119	183	223	
2	93	50	158	125	133	190	230	140	136	88	3	172	254	53	0	206	123	151	199	192	43	2	255	53	28	158	170	20	63	33	219	
119	77	98	94	93	157	210	104	207	4	237	15	106	200	55	244	216	160	194	110	78	43	122	253	51	124	129	59	83	63	120	70	
34	237	34	30	93	197	190	236	139	68	232	11	40	252	55	0	200	251	211	195	70	43	218	253	55	52	138	59	81	31	118	222	
34	253	50	158	95	197	182	238	154	80	72	11	44	254	101	0	200	123	147	195	66	43	154	253	53	16	142	43	17	31	55	218	
81	91	95	229	34	14	63	53	164	192	214	228	247	39	129	67	38	117	125	110	201	153	53	45	224	161	110	128	44	178	161	121	
221	88	191	244	42	94	93	16	161	254	134	177	95	23	131	127	166	245	253	238	237	197	179	168	211	251	109	147	38	245	39	115	
252	88	182	244	109	92	49	80	161	250	183	61	223	159	195	123	238	117	255	66	168	103	227	160	215	251	115	155	66	189	39	243	
30	48	180	243	165	125	112	27	63	251	183	49	142	191	76	91	165	159	253	16	186	212	251	192	139	218	91	215	130	76	69	83	
221	72	252	103	46	26	79	152	96	242	183	10	219	97	219	123	54	196	124	234	233	101	237	40	246	235	101	148	39	243	80	97	
252	72	100	103	12	58	78	216	101	178	183	26	91	9	217	91	106	196	108	234	232	119	105	168	210	235	229	20	103	251	96	0	
35	26	118	94	117	220	250	70	255	76	246	39	40	220	54	112	230	187	191	21	166	171	50	255	23	126	18	131	95	132	103	95	
17	132	234	201	212	162	239	255	84	193	222	2	81	233	188	96	121	238	23	189	186	185	36	238	122	47	182	196	165	218	240	232	
19	164	235	145	146	162	174	247	62	67	90	214	81	238	184	96	127	175	31	157	183	153	45	95	60	47	191	196	173	208	177	249	
16	150	91	187	182	171	57	223	62	53	90	247	181	162	168	72	247	27	47	16	178	184	5	119	204	166	62	196	188	216	133	217	
21	133	111	192	148	162	239	247	116	193	218	194	81	236	188	96	127	238	23	189	185	187	37	14	56	175	175	196	165	226	240	224	
34	188	148	149	252	173	188	239	154	187	248	26	172	186	80	2	205	107	83	1	114	122	194	239	61	22	222	234	192	72	147	139	
2	180	180	217	189	253	88	7	95	117	166	25	174	190	70	120	135	155	255	16	50	72	115	215	143	94	30	115	146	76	197	94	
43	44	194	74	85	159	234	72	95	0	236	10	40	201	52	148	121	170	146	140	6	187	204	251	54	92	129	43	87	142	122	132	
61	13	106	236	148	2	207	117	80	128	255	2	83	225	184	97	120	238	20	234	248	187	37	14	250	175	167	128	101	250	240	160	
42	168	130	26	221	213	146	206	159	29	228	27	40	200	102	148	201	235	130	145	6	107	138	243	59	86	159	123	83	14	254	206	
206	88	246	253	42	11	92	208	189	250	182	185	255	191	33	91	134	117	255	102	224	199	195	168	194	251	123	154	6	189	3	211	
130	217	38	152	255	149	188	119	173	88	210	163	172	158	182	97	238	59	223	197	246	139	38	253	183	88	138	202	22	12	181	223	
15	253	237	211	182	179	191	183	126	247	94	246	253	111	146	233	55	123	151	159	243	216	47	253	110	15	255	192	142	213	145	249	
56	175	42	174	93	211	87	226	135	12	252	43	107	249	42	16	248	251	135	195	74	171	8	191	251	213	165	251	115	14	126	235	
188	13	102	225	212	50	110	247	85	99	126	18	91	41	180	101	123	206	23	185	184	188	37	174	126	239	164	192	231	220	240	136	
56	13	107	239	86	199	255	112	68	68	254	2	113	253	50	96	120	250	19	238	72	187	60	191	115	239	162	1	119	170	116	242	
2	157	50	159	95	197	190	238	30	75	88	51	172	254	32	64	253	123	179	129	34	154	90	255	61	54	158	235	16	12	165	219	
141	141	236	243	246	50	255	183	116	99	94	146	249	45	150	109	119	222	23	189	243	252	45	239	110	207	182	192	167	213	241	233	
130	233	118	157	190	129	188	103	175	17	82	2	172	202	52	65	230	43	127	193	242	201	130	253	188	184	158	200	21	0	161	137	
141	141	108	211	214	50	237	183	116	83	94	146	217	45	150	105	127	86	55	190	181	252	45	238	110	107	246	196	167	212	241	249	
34	173	32	155	245	201	190	238	30	69	88	131	172	236	54	0	217	123	147	145	54	186	78	255	45	22	159	107	85	12	213	222	
2	142	194	157	114	146	170	246	63	13	90	231	169	174	182	68	126	107	167	141	166	216	6	255	44	38	190	128	47	132	41	221	
34	221	50	158	125	133	190	230	143	8	88	34	172	254	53	0	206	123	19	193	194	43	2	255	53	60	142	170	21	26	49	137	
75	220	237	87	166	58	173	183	124	115	94	246	249	47	154	107	55	86	61	175	245	216	173	111	102	43	254	132	167	240	241	121	
32	205	123	78	212	207	71	246	196	8	252	0	115	245	48	48	88	234	22	106	74	171	42	63	115	141	36	9	113	250	230	234	
19	157	99	142	84	150	239	246	92	192	90	70	113	232	181	228	126	238	18	239	229	184	53	239	53	46	142	0	45	250	112	252	
218	218	118	188	47	214	253	244	141	94	182	183	44	159	38	67	238	241	223	231	237	173	50	253	243	241	234	147	63	60	37	95	
114	143	42	186	30	193	158	232	158	4	140	139	228	238	54	64	255	251	139	199	78	11	10	255	251	5	143	187	20	14	61	90	
38	245	100	152	223	209	150	234	139	117	184	139	104	236	126	0	217	219	211	243	102	99	126	247	63	22	141	127	213	93	214	214	
88	93	51	174	27	192	23	232	181	132	232	161	127	247	33	80	114	249	221	227	72	131	26	255	241	228	15	11	50	51	39	114	
43	103	98	12	127	19	190	104	77	72	216	231	72	200	182	164	254	233	218	231	197	179	5	223	54	92	139	139	95	46	121	149	
42	217	96	90	93	221	215	255	71	85	172	13	170	220	62	164	201	154	146	76	223	42	126	181	107	221	149	127	83	158	252	222	
83	141	111	143	22	130	239	247	125	64	218	198	113	102	180	100	118	231	63	239	237	153	45	255	188	46	170	128	61	130	177	124	
35	177	48	90	253	221	220	191	95	121	189	57	170	93	94	48	221	155	215	17	222	42	123	245	43	92	21	255	211	14	210	223	
38	213	102	152	223	209	158	238	143	86	216	139	104	252	63	0	217	211	147	227	110	35	126	255	51	54	141	59	85	125	244	222	
19	158	67	191	18	147	58	115	63	64	91	231	125	238	178	192	119	171	31	133	183	153	13	255	180	102	170	128	63	134	169	93	
36	165	144	131	252	41	184	141	27	57	57	24	204	106	92	24	155	11	70	49	18	106	203	215	12	30	30	124	212	74	195	129	
222	90	182	245	43	108	48	82	185	218	246	55	142	159	99	107	239	245	253	3	172	117	131	224	215	243	91	139	130	125	37	83	
66	176	180	219	237	253	144	15	63	121	52	25	142	190	76	120	131	27	255	16	18	72	243	209	15	26	30	255	146	76	197	95	
42	184	176	184	233	209	144	199	155	93	180	57	174	156	102	132	201	59	227	17	30	107	234	243	75	85	30	123	210	12	223	223	
2	152	50	218	117	213	184	198	255	77	242	7	44	220	54	112	239	187	151	133	134	171	50	255	19	62	154	139	87	4	117	223	
16	141	234	201	148	162	239	255	84	193	222	2	81	233	188	96	123	238	23	185	154	185	37	191	126	175	183	196	165	202	240	168	
34	172	134	157	124	141	188	231	158	139	80	26	172	184	16	0	237	123	115	129	50	250	194	255	61	22	222	234	69	72	147	137	
42	168	2	26	93	209	146	198	223	13	236	11	40	216	118	132	217	235	194	1	14	43	10	255	59	84	149	59	83	14	126	142	
34	184	50	218	125	213	144	198	159	93	244	19	40	222	102	116	205	187	191	128	134	11	50	243	27	94	158	251	18	12	228	223	
17	141	111	231	150	130	111	254	116	96	94	194	113	39	176	96	127	239	31	237	249	153	45	63	248	239	175	196	37	226	241	120	
25	159	91	175	178	171	47	191	62	65	90	231	245	103	160	64	55	127	63	172	177	152	13	127	236	167	46	192	60	130	33	57	
248	205	110	228	148	18	79	253	100	128	254	2	83	107	184	99	120	228	93	234	248	163	41	46	242	235	231	148	103	186	240	40	
253	104	252	103	174	58	95	152	115	242	183	10	219	97	219	63	54	244	125	106	233	100	239	170	214	235	229	188	231	243	66	33	
222	54	230	148	171	112	24	3	169	255	151	191	204	126	95	223	167	149	253	181	188	69	175	192	155	115	219	159	134	101	47	87	
64	164	148	149	252	41	184	111	58	59	240	24	140	170	88	10	139	15	106	17	50	123	195	215	12	22	95	126	196	72	195	137	
102	221	54	158	223	228	190	228	155	74	217	3	108	254	45	64	237	115	147	195	226	11	154	255	57	54	142	139	145	87	165	219	
252	72	228	247	12	42	70	152	115	178	183	10	75	73	89	27	121	196	108	234	168	119	201	170	210	235	229	52	231	251	66	0	
210	104	214	149	46	138	108	172	191	178	178	18	238	202	65	91	35	229	125	194	96	197	139	249	144	178	223	144	4	49	1	8	
27	141	106	203	86	147	235	249	86	64	93	130	121	109	182	32	126	170	23	237	147	184	45	255	110	15	175	192	55	143	241	224	
56	159	18	170	125	131	86	240	135	12	248	111	110	249	32	144	220	251	135	99	78	171	8	191	250	213	37	187	90	14	62	155	
89	205	110	239	2	10	111	189	101	224	222	130	123	103	145	115	54	228	125	234	233	145	45	109	242	235	231	128	39	178	224	105	
2	157	18	155	223	197	190	238	30	9	88	19	172	254	32	64	221	123	147	129	50	152	90	255	45	54	158	235	16	12	165	155	
29	205	228	247	182	18	254	183	117	83	126	146	121	109	156	105	63	198	53	239	248	248	45	239	110	235	247	192	167	252	240	120	
40	159	122	126	116	195	87	246	132	12	252	32	114	251	160	32	216	122	135	66	74	171	72	63	107	237	164	217	113	138	228	171	
34	189	32	155	221	201	182	238	30	69	72	155	172	236	62	0	217	59	147	17	50	56	90	247	45	22	159	107	213	12	149	218	
3	159	74	159	80	134	238	246	60	65	74	199	177	234	54	64	126	107	19	205	133	152	20	239	36	46	154	128	29	132	57	220	
95	205	228	119	182	26	126	188	49	211	22	130	249	111	159	107	55	119	189	239	240	200	173	233	110	255	253	132	167	247	209	113	
32	223	123	110	252	203	199	246	196	12	252	96	115	241	160	48	88	122	6	106	74	170	106	63	99	141	36	137	81	250	230	171	
33	141	43	222	84	199	239	230	84	73	90	66	176	248	180	96	89	106	18	205	239	186	52	63	45	46	190	0	93	88	240	188	
82	71	42	172	30	131	158	104	134	164	202	135	229	204	51	64	250	105	59	231	76	3	14	159	240	101	139	57	20	62	61	66	
34	253	96	200	223	87	148	239	155	254	152	143	10	188	119	0	205	147	211	177	254	107	122	214	59	22	157	255	213	92	214	222	
90	93	51	174	27	194	31	104	165	4	200	162	124	247	33	212	114	249	139	226	72	131	58	255	241	244	143	11	50	54	39	114	
19	111	106	12	94	147	190	98	77	64	218	230	8	136	182	160	254	169	218	231	196	171	5	222	54	61	139	139	93	46	121	132	
248	205	102	230	20	18	78	253	229	128	182	2	123	107	177	83	120	228	125	234	232	163	41	173	242	235	231	148	103	186	240	8	
81	141	111	191	18	130	111	244	60	194	219	198	117	102	176	113	118	231	63	239	237	153	45	111	244	170	234	128	45	242	33	121	
19	159	79	191	50	130	106	240	61	64	90	231	117	110	176	97	118	171	31	237	133	152	45	253	180	46	170	128	61	130	161	213	
56	141	110	239	212	147	238	253	84	0	255	2	121	105	176	96	120	234	23	234	232	187	45	191	122	239	167	192	119	138	240	136	
2	172	146	157	252	141	188	231	158	11	80	18	172	186	48	0	205	107	127	129	50	250	194	255	44	54	158	234	85	8	145	137	
56	141	106	239	148	163	238	255	84	129	254	2	123	107	176	64	121	238	31	248	248	185	13	191	250	239	167	192	55	202	240	136	
78	178	176	241	235	125	184	79	187	255	21	57	140	191	78	30	167	31	255	17	22	89	170	208	223	81	95	255	130	68	143	215	
2	152	114	216	125	212	184	198	255	73	240	19	172	220	54	96	239	59	183	133	162	171	50	255	7	62	154	138	85	12	245	223	
131	216	54	156	111	132	188	230	157	90	210	179	172	222	54	75	238	57	191	195	228	205	2	255	55	58	218	138	21	28	177	219	
2	205	80	158	124	129	238	239	31	1	88	2	172	202	56	64	218	171	23	193	66	42	74	255	164	20	158	168	21	26	241	136	
34	184	48	216	237	213	152	199	223	93	244	17	172	158	102	112	205	59	179	17	150	107	114	243	15	94	30	123	18	12	229	223	
89	157	87	239	178	10	111	53	36	64	94	230	255	119	160	112	118	247	60	238	249	152	45	47	224	239	39	128	62	226	161	121	
47	181	104	75	252	63	219	217	87	125	189	190	219	92	222	164	95	138	150	63	159	50	109	151	78	93	37	252	215	207	220	245	
15	249	236	127	182	146	255	189	222	209	94	162	249	125	158	101	23	123	183	223	215	216	111	253	110	95	255	192	167	246	209	249	
46	165	224	99	252	59	218	152	95	241	61	154	219	109	220	60	159	204	87	62	154	114	239	146	78	221	165	252	247	207	210	213	
42	184	176	184	237	221	144	199	155	125	180	57	174	157	70	12	141	27	215	17	22	106	242	241	143	81	28	251	210	12	143	223	
2	176	180	217	237	253	240	143	159	121	52	57	140	158	76	120	135	27	255	17	18	104	243	209	15	90	30	255	146	76	135	223	
52	36	192	227	220	43	202	200	27	177	185	26	75	104	93	26	123	205	119	178	26	114	203	210	30	220	133	116	229	235	210	128	
70	58	182	177	171	108	56	66	187	223	147	181	140	191	71	91	231	127	255	19	146	197	154	192	159	114	91	171	130	101	37	83	
252	104	240	103	110	58	110	152	115	226	183	10	91	105	221	63	62	236	125	234	200	119	237	170	86	235	229	180	231	247	66	0	
42	186	50	26	93	209	146	195	223	12	252	43	42	216	102	148	217	171	194	1	14	43	10	251	59	84	25	59	83	14	126	206	
194	200	22	157	44	131	188	230	189	18	210	18	172	202	48	73	230	121	63	193	96	221	3	255	148	50	218	128	20	16	161	137	
51	159	83	174	114	139	86	240	143	76	248	237	103	236	162	144	222	235	135	103	207	171	72	191	184	212	45	186	92	142	42	221	
252	201	70	230	12	2	78	252	177	130	246	2	107	107	57	83	120	228	108	234	104	247	137	172	242	235	229	144	103	178	112	8	
32	159	122	218	116	195	243	240	86	12	124	98	112	221	182	64	88	58	7	72	138	186	40	191	98	15	162	129	85	138	116	235	
2	156	48	155	223	197	184	239	30	9	88	19	172	254	40	64	221	59	179	129	34	154	90	255	45	22	158	235	16	12	165	219	
94	201	228	247	182	18	254	180	119	147	55	130	107	111	157	99	119	231	61	203	232	248	109	237	238	255	239	132	167	191	240	9	
32	159	90	110	114	131	86	244	4	12	120	229	119	235	160	80	222	122	7	98	200	170	72	63	98	229	36	136	125	170	102	155	
34	188	32	153	221	205	176	207	158	125	80	25	172	220	118	0	201	59	243	17	54	122	210	247	13	22	159	111	209	12	151	222	
3	139	10	141	16	134	174	246	172	65	74	199	176	162	48	64	124	107	59	205	195	152	23	125	36	46	170	128	29	2	49	152	
222	216	244	246	60	18	90	184	187	218	183	161	239	127	157	123	151	245	253	239	232	69	175	236	138	251	239	150	166	183	65	85	
188	91	91	110	54	11	87	240	132	136	248	237	119	211	169	16	94	240	68	98	201	163	72	63	224	225	37	152	121	187	102	187	
33	141	43	255	116	194	231	182	84	72	90	98	241	112	176	96	88	106	22	73	225	184	101	63	100	46	174	128	28	74	240	169	
90	205	3	254	153	193	23	230	151	4	200	11	44	247	32	196	105	251	139	193	74	11	26	255	185	244	143	59	50	30	36	42	
162	181	160	216	221	247	148	111	27	251	184	63	40	188	70	32	205	159	247	17	250	107	243	223	63	30	157	255	209	76	150	223	
19	79	10	173	30	147	174	102	68	160	218	131	161	136	54	96	250	237	90	231	204	187	69	188	176	101	139	17	93	62	57	140	
93	69	102	229	38	18	95	56	117	194	214	130	251	111	147	99	118	245	125	238	232	193	173	140	226	235	239	144	39	247	97	97	
59	157	18	94	91	213	22	230	255	8	236	0	44	242	36	244	237	251	146	192	71	11	26	255	59	255	22	43	91	20	235	142	
19	69	111	173	50	130	175	112	44	64	94	198	213	102	178	96	118	229	63	239	193	144	45	93	244	175	234	128	61	162	33	113	
184	141	110	239	20	147	239	240	84	0	254	2	121	233	176	97	120	230	63	234	232	187	45	191	242	239	167	128	55	186	112	40	
217	205	110	239	22	18	111	180	101	192	222	130	123	103	144	115	118	228	125	234	233	145	45	237	242	235	231	128	39	178	240	104	
24	141	110	239	148	130	238	253	100	0	222	2	123	107	176	64	122	230	31	235	248	185	13	189	250	239	167	192	55	154	240	8	
252	104	234	103	70	26	111	216	113	162	182	10	91	105	213	58	58	236	117	234	200	247	173	170	118	239	229	176	103	243	82	32	
2	172	148	157	252	137	184	231	30	25	242	18	172	170	16	64	203	43	115	129	50	250	195	247	44	54	158	200	20	8	241	137	
25	157	95	239	50	130	111	180	37	64	222	230	253	103	176	100	118	247	61	238	233	152	37	127	244	239	170	128	62	162	33	121	
34	176	48	217	237	221	184	207	223	89	112	25	172	158	124	96	207	27	183	17	146	106	114	241	15	26	30	235	208	12	197	223	
63	108	232	67	254	59	203	216	83	226	61	138	91	77	223	62	63	204	87	254	137	118	237	170	94	77	165	180	231	255	82	228	
15	249	236	215	190	145	255	188	206	208	94	162	249	237	222	98	6	123	255	223	210	216	239	253	110	95	239	192	55	182	209	249	
60	36	224	227	220	43	194	216	83	176	185	10	75	105	93	26	121	204	70	242	154	115	201	226	30	204	133	116	231	251	82	128	
2	176	178	208	235	253	184	79	187	127	21	191	140	190	78	26	167	27	255	145	22	89	178	208	31	16	95	239	134	68	135	215	
109	127	228	69	228	26	230	184	97	234	254	236	67	104	151	183	30	228	100	111	205	242	237	40	54	123	101	148	111	255	90	221	
47	116	225	67	254	59	203	216	83	242	61	238	91	76	223	172	31	204	87	255	141	118	237	186	30	95	165	244	255	255	90	245	
2	176	176	217	235	221	176	207	159	125	52	187	172	158	78	12	143	27	215	17	22	107	242	241	31	80	28	255	210	12	135	223	
