香奈儿可可小姐唇露	778 - 鱼子酱色	https://i.chanel.cn/fnbv3/image/full/shades/rouge-coco-gloss--778--55g.0156778_S.jpg	https://i.chanel.cn/fnbv3/image/full/chanel__com_type1/skus_full/rouge-coco-gloss--778--55g.3145891567786.jpg
178	30	106	85	118	250	178	115	117	109	118	243	65	45	182	64	126	191	135	161	180	188	37	207	118	111	178	195	229	132	126	223	
2	140	2	156	20	162	42	99	52	1	91	18	104	226	32	64	120	43	51	128	48	152	0	223	32	38	138	128	20	74	176	136	
3	132	98	137	214	179	168	71	30	65	90	147	168	174	54	96	127	11	19	149	150	184	37	215	12	44	154	192	149	76	177	205	
34	189	50	202	245	197	186	231	79	73	88	43	44	156	118	0	220	59	151	145	150	58	16	245	63	28	158	235	213	14	183	219	
34	185	160	138	223	193	178	207	11	69	72	139	172	140	102	0	201	59	147	209	86	58	210	241	61	20	158	107	213	14	151	222	
79	191	236	247	254	180	255	191	191	223	30	167	253	255	222	230	167	119	253	157	183	72	175	243	111	95	255	198	166	246	149	125	
19	31	99	143	214	146	239	244	117	192	90	230	121	110	183	228	126	239	23	239	229	153	45	255	52	46	174	128	47	230	49	253	
2	187	98	155	246	147	190	231	31	69	90	183	44	238	182	64	127	251	147	133	182	154	46	255	62	30	158	227	21	12	181	221	
118	221	242	214	255	215	158	242	153	238	188	175	108	252	247	34	239	243	215	227	228	107	58	254	59	94	143	187	23	127	119	223	
166	121	162	158	207	213	182	196	155	222	209	143	40	220	119	10	236	251	179	195	198	103	186	249	51	16	207	171	85	63	119	222	
48	33	70	141	92	11	224	104	175	160	242	10	74	136	52	64	120	172	110	225	8	251	195	221	156	168	131	60	117	40	112	128	
59	1	114	224	54	25	248	80	109	64	255	138	31	13	182	100	110	153	95	249	142	179	37	196	210	249	170	208	119	142	113	65	
6	191	130	155	243	177	186	200	30	13	89	231	236	238	127	128	223	107	147	215	150	18	14	247	12	20	143	235	157	95	57	215	
130	205	150	157	242	169	188	39	62	19	90	16	172	162	0	65	231	59	59	128	114	220	195	247	44	54	94	194	132	80	129	137	
59	21	107	225	54	50	91	80	101	68	255	167	27	13	179	116	126	140	23	253	137	178	37	142	242	205	160	128	103	143	120	241	
51	134	206	173	20	2	104	127	52	195	210	215	49	35	146	80	125	172	63	173	169	220	197	207	220	46	186	128	173	164	120	216	
95	219	46	190	47	149	190	232	207	220	150	167	236	200	63	67	254	225	255	231	196	35	222	253	242	115	207	155	95	63	57	87	
127	83	46	172	47	23	222	104	205	204	222	175	206	200	55	66	254	229	255	231	204	35	143	220	242	115	207	159	31	62	57	87	
130	221	182	153	253	164	188	231	190	91	88	49	172	190	32	65	199	59	187	5	242	216	2	247	45	54	94	202	144	84	165	219	
130	177	146	144	199	237	176	67	191	19	65	18	140	158	104	11	163	59	179	17	50	125	146	193	29	16	90	107	128	64	165	146	
63	213	99	205	85	23	238	248	85	200	126	70	121	201	180	228	120	236	22	238	201	178	53	222	54	108	167	128	127	190	112	164	
34	207	98	158	223	209	190	231	159	68	92	163	40	236	55	196	234	107	147	199	102	187	46	255	54	54	142	139	23	94	125	222	
3	136	195	185	116	154	232	23	126	73	82	214	189	8	144	232	226	44	54	29	183	188	69	213	132	62	186	192	156	140	89	157	
130	157	54	155	245	229	188	231	158	91	88	49	172	190	36	64	231	59	179	17	242	216	18	247	45	22	30	203	144	84	165	219	
130	133	150	157	244	171	188	39	62	19	90	16	172	170	16	73	231	47	59	145	50	216	67	215	44	54	222	192	132	64	161	137	
187	17	106	236	118	18	91	113	101	64	255	167	27	15	182	112	126	157	151	238	201	179	37	206	242	233	162	196	103	142	112	113	
47	111	66	78	117	147	206	252	87	200	124	198	104	232	183	164	92	232	134	238	207	178	76	255	50	92	133	170	127	191	122	132	
122	65	98	236	46	19	250	121	37	96	244	139	27	143	180	112	126	149	95	238	200	163	100	204	242	249	170	184	119	142	114	217	
187	81	106	236	38	18	95	113	69	96	247	174	27	13	182	112	126	157	151	239	201	179	37	142	242	233	162	128	103	174	96	113	
129	130	117	89	116	191	233	23	124	105	114	112	191	0	148	236	103	46	6	24	177	188	101	215	12	190	50	64	212	136	65	173	
118	125	102	214	207	213	158	224	137	206	157	175	104	252	119	3	236	243	215	227	196	107	186	234	51	24	207	187	71	127	118	223	
2	189	50	154	211	213	180	231	31	69	72	51	172	254	38	0	239	59	147	145	118	152	50	247	47	22	158	235	149	92	181	223	
18	141	42	184	211	225	153	103	159	5	72	179	44	174	34	64	235	187	147	129	94	139	2	215	251	117	154	203	53	4	165	222	
60	113	123	100	119	91	87	216	97	224	254	42	91	95	105	48	122	253	213	242	73	179	184	140	243	205	37	165	111	187	102	243	
184	157	86	236	149	199	70	101	85	12	242	3	98	59	36	209	248	178	143	224	120	187	17	189	187	226	128	83	123	10	252	10	
95	71	103	197	22	18	111	56	101	224	223	198	89	35	185	245	118	132	31	238	233	145	37	204	182	232	162	132	47	167	112	32	
236	112	186	255	105	253	177	80	164	206	215	63	120	221	107	107	252	124	255	66	8	247	242	162	87	225	114	171	66	59	54	251	
244	84	235	150	79	108	227	200	248	222	180	26	124	223	123	123	121	209	239	227	40	103	186	226	213	35	250	9	161	123	119	250	
61	125	99	78	84	15	71	248	69	232	253	78	115	209	181	180	88	236	22	110	201	178	125	61	54	44	37	52	127	187	114	164	
39	239	98	26	215	145	158	236	95	68	124	167	104	232	191	132	94	235	147	199	198	186	78	255	62	28	143	171	87	159	250	204	
134	48	150	152	203	228	176	66	190	19	97	19	140	158	96	75	235	59	163	145	50	71	146	192	21	16	90	107	144	64	37	146	
94	113	187	226	59	211	19	200	171	232	189	40	94	223	107	48	186	253	255	242	9	3	170	232	251	213	7	255	227	51	39	115	
72	188	151	241	169	236	117	151	187	219	166	17	190	191	66	90	165	119	249	16	51	201	146	226	207	255	86	67	194	68	165	91	
127	71	70	68	87	18	110	112	97	160	255	206	75	106	191	247	122	196	254	238	237	179	165	204	50	104	193	132	111	183	122	4	
39	68	97	75	116	23	234	120	85	96	121	198	80	72	188	164	120	136	18	238	161	178	125	222	36	30	161	196	95	143	80	180	
218	221	58	190	11	212	52	230	189	95	76	17	172	223	34	209	229	123	185	65	102	11	178	231	243	241	26	75	18	20	175	91	
6	42	158	177	179	235	48	66	190	157	86	179	140	190	99	72	167	127	239	145	54	217	130	224	204	83	127	195	132	69	45	199	
189	69	106	236	212	18	239	117	69	192	255	2	83	233	187	96	122	236	23	238	217	179	37	142	114	233	165	128	119	186	240	224	
130	20	114	237	228	44	248	103	109	75	250	59	142	60	20	106	239	147	223	1	176	190	65	194	150	124	26	130	197	204	131	223	
2	253	54	158	203	212	188	231	139	93	28	11	44	254	102	7	237	123	179	193	86	75	178	241	59	16	222	235	19	92	173	223	
47	102	226	15	85	55	234	88	67	232	121	199	72	232	255	164	124	236	22	255	141	178	204	202	54	28	139	164	239	255	122	132	
94	157	50	190	11	208	158	226	159	86	205	163	44	254	35	197	234	251	155	195	110	11	58	255	179	243	218	187	55	87	45	94	
47	67	70	139	101	23	174	232	93	224	89	199	72	8	191	164	124	76	178	239	197	178	95	220	38	28	139	134	95	191	120	148	
37	116	121	99	116	79	107	248	113	172	125	72	19	87	153	48	94	152	6	122	169	182	120	14	103	141	33	100	96	187	70	161	
23	31	195	151	214	178	170	115	52	195	91	247	89	238	180	228	127	239	23	189	181	153	45	206	60	46	175	192	175	230	185	213	
109	17	249	69	116	110	99	24	97	172	127	72	83	53	153	116	90	220	38	106	137	178	245	8	71	172	32	4	227	251	70	224	
72	125	58	118	97	221	119	23	185	206	126	9	190	191	3	144	132	123	221	74	68	249	176	42	231	255	48	1	66	209	79	251	
166	127	50	222	239	213	190	228	139	220	152	175	44	222	103	35	238	123	151	195	198	75	170	240	63	24	207	171	21	127	167	223	
6	184	31	241	235	233	49	195	174	53	7	57	140	151	96	88	227	63	235	16	18	89	186	213	221	209	27	119	144	8	133	227	
31	190	194	145	178	178	184	83	62	197	83	247	205	234	246	204	119	47	167	149	182	216	5	198	12	70	191	194	173	228	169	149	
60	65	98	236	148	2	78	125	69	128	253	10	91	233	189	80	120	172	23	234	216	163	4	140	242	233	161	152	119	186	242	0	
56	56	190	255	41	247	81	88	151	170	119	48	127	223	97	106	151	125	253	18	138	215	187	178	195	255	113	170	210	171	36	251	
127	98	226	14	101	22	238	120	113	202	247	207	73	200	191	244	124	236	166	239	204	182	204	202	54	62	197	140	111	191	122	132	
101	80	209	69	100	110	111	24	97	234	127	64	83	53	157	116	126	220	54	234	193	176	253	72	38	188	33	4	103	243	96	165	
38	176	26	241	237	233	177	227	143	61	53	59	140	159	106	8	235	27	203	17	18	121	42	213	221	209	31	127	144	8	135	227	
61	5	107	237	214	50	239	119	84	192	254	130	89	111	186	96	126	238	23	252	153	187	37	206	122	237	166	196	183	250	240	224	
60	65	98	236	148	3	78	125	69	0	252	10	91	233	56	80	120	172	23	234	216	179	0	156	242	237	163	144	119	250	240	128	
114	221	54	158	91	212	150	230	137	78	156	43	44	254	38	38	173	243	211	193	230	11	178	255	59	118	142	187	83	84	175	223	
3	182	195	145	246	178	168	215	62	225	91	247	93	238	252	228	119	15	23	189	183	152	37	198	44	14	191	196	173	196	177	213	
194	189	240	246	245	220	252	183	249	107	60	191	172	63	22	35	175	51	159	133	244	104	48	231	47	94	222	235	134	204	215	223	
255	67	98	14	109	18	238	104	241	140	247	239	72	232	191	213	122	236	167	239	236	243	172	204	50	122	199	141	103	183	122	196	
116	74	104	238	12	3	207	248	1	196	181	175	115	77	187	0	94	224	21	238	200	35	108	189	242	233	161	185	117	187	116	81	
120	201	106	108	69	86	118	117	117	14	246	2	99	57	52	80	120	236	55	234	72	187	17	173	115	239	224	1	115	186	254	138	
91	137	107	205	198	86	111	117	101	64	102	130	121	39	182	100	118	236	50	238	209	152	53	237	119	105	202	0	55	162	225	236	
140	60	171	243	71	124	163	82	190	223	93	18	157	247	83	43	105	216	219	154	49	244	186	224	87	193	235	109	163	105	55	242	
254	253	224	230	223	119	222	251	131	238	156	175	104	125	87	39	253	247	221	231	236	99	248	238	59	94	205	191	231	127	118	87	
246	127	228	70	223	87	222	255	129	238	188	175	106	124	215	55	141	247	221	231	236	107	233	174	59	94	197	191	103	126	86	223	
31	4	234	197	246	50	239	95	116	195	94	214	89	47	190	236	127	206	55	189	177	184	37	194	126	111	190	196	167	244	248	240	
131	182	235	145	242	50	173	223	62	243	82	247	157	174	222	232	55	79	55	157	183	220	165	194	44	14	191	196	173	212	161	221	
9	154	18	249	48	141	33	214	22	11	86	112	189	211	160	236	71	58	54	8	163	156	67	191	230	239	50	128	26	136	169	169	
63	5	226	237	212	50	238	91	85	194	255	146	89	109	191	100	127	174	23	173	188	178	37	206	114	239	166	128	231	254	240	224	
130	182	144	145	226	169	188	207	62	63	16	255	140	174	206	141	183	27	231	17	182	92	138	211	12	18	127	239	156	68	143	159	
162	182	180	155	239	233	176	207	159	63	48	59	172	188	78	11	203	27	247	17	54	111	202	241	29	18	94	255	212	76	143	143	
135	182	195	145	242	170	168	215	62	247	83	247	205	174	206	76	55	15	55	149	183	220	141	194	12	6	63	198	140	196	161	213	
162	176	148	155	237	233	176	207	158	63	48	59	172	190	108	11	201	27	239	17	54	110	202	209	157	18	94	255	208	76	133	139	
178	207	98	156	94	145	142	230	149	4	216	239	33	140	183	4	76	235	135	197	238	47	6	191	50	4	174	153	53	156	188	205	
130	168	148	152	237	237	176	207	158	31	240	25	172	250	108	75	201	27	235	17	50	79	210	241	29	18	222	123	144	72	133	139	
253	69	71	229	20	10	111	112	101	128	243	66	91	3	185	229	122	196	62	238	233	177	117	204	244	235	226	132	47	170	112	32	
136	184	19	249	147	143	185	223	30	57	84	114	189	151	96	168	183	27	179	145	51	220	18	183	237	199	62	230	186	12	161	187	
31	22	227	147	242	34	175	83	60	227	95	246	89	102	182	108	119	175	55	189	177	212	45	206	108	46	191	196	173	230	177	245	
130	182	148	155	235	233	176	207	190	63	17	57	140	242	72	137	131	27	239	17	50	92	203	211	12	18	127	239	144	72	143	131	
153	182	22	243	177	159	123	183	127	105	94	84	255	243	170	228	183	46	140	28	191	216	57	183	234	255	55	196	170	132	169	13	
29	13	234	231	214	50	239	115	84	194	95	146	81	109	179	96	127	238	23	191	185	144	45	206	126	111	175	128	167	234	240	240	
125	122	84	67	83	159	98	144	117	40	246	108	75	19	132	245	126	252	230	202	141	242	125	172	134	251	1	130	107	151	104	165	
43	48	227	200	83	215	187	88	55	192	92	230	8	215	228	228	127	249	179	141	131	146	190	211	63	28	139	170	63	134	39	245	
184	1	112	107	52	155	104	49	101	0	119	16	155	11	152	49	58	136	4	40	248	184	97	157	230	249	32	64	119	138	194	137	
120	94	26	172	109	71	86	125	145	206	248	109	98	248	39	144	216	236	196	98	76	167	144	175	179	247	37	27	88	62	254	219	
131	148	181	145	181	245	184	3	159	83	2	22	140	190	52	236	197	27	187	149	183	156	115	215	141	94	154	66	154	76	145	214	
189	52	182	113	53	247	81	91	87	233	247	48	91	157	132	125	213	156	181	24	186	246	121	158	219	255	33	198	242	133	96	51	
157	52	62	115	145	255	113	81	119	123	119	18	91	151	74	109	125	158	158	152	187	212	121	151	207	203	241	197	163	204	228	243	
130	88	191	156	233	212	189	39	188	95	70	16	188	190	38	111	165	115	251	129	97	205	50	237	5	50	222	3	16	84	165	255	
53	73	67	78	84	146	206	112	197	192	249	70	81	200	181	164	120	236	22	239	205	179	44	236	48	40	163	128	125	187	120	132	
171	182	189	187	236	237	189	255	154	95	16	63	188	253	216	11	143	19	247	21	243	110	106	209	77	19	126	238	212	72	135	251	
159	13	227	71	150	50	238	242	117	194	91	214	121	104	181	228	127	238	22	174	189	149	45	238	50	110	171	128	175	247	120	180	
53	247	1	138	254	75	143	232	142	250	152	238	244	228	249	32	95	91	30	119	195	35	78	62	188	4	175	188	93	123	145	177	
159	14	226	148	20	178	238	246	117	194	222	215	105	232	183	237	127	239	22	175	172	255	4	238	50	111	255	128	175	245	120	204	
52	65	107	206	212	2	111	113	65	128	247	66	83	65	185	117	120	236	6	234	201	179	44	12	114	168	165	128	101	187	114	160	
3	184	191	221	109	199	184	162	222	208	82	2	188	188	52	38	207	123	51	25	131	248	19	253	13	26	223	2	28	40	81	174	
247	182	243	68	254	15	198	232	123	238	177	255	66	104	148	20	191	204	100	39	237	119	205	94	58	62	69	190	205	250	98	213	
194	253	178	254	253	213	188	167	155	75	24	61	172	190	54	3	135	115	215	5	242	75	50	255	47	94	222	171	22	84	167	223	
3	2	74	177	112	170	232	19	60	1	82	245	189	3	146	72	102	43	55	156	178	156	69	199	196	190	186	192	140	128	33	153	
66	41	90	56	11	217	184	72	174	212	167	137	237	206	66	18	38	97	235	196	6	65	158	93	222	49	11	57	0	38	15	198	
188	52	182	115	177	255	112	82	119	251	247	48	91	223	109	125	253	255	189	18	186	244	123	162	219	251	113	195	226	205	100	115	
3	148	51	153	147	244	185	119	188	73	74	86	188	190	32	224	231	59	19	145	183	152	50	215	141	54	26	194	152	4	165	255	
91	83	46	172	47	151	158	105	205	204	223	175	238	216	55	192	254	229	255	231	204	35	30	221	242	117	143	155	95	62	57	87	
61	68	107	229	118	50	235	80	85	192	127	198	91	13	183	32	126	140	23	172	137	176	37	142	118	237	162	132	103	239	112	241	
35	140	206	189	20	130	104	51	52	99	82	215	177	34	146	64	106	174	63	141	189	156	69	15	204	46	186	192	45	132	120	152	
58	1	98	232	118	19	202	112	69	32	255	138	11	15	180	112	122	140	31	235	200	179	101	204	210	233	170	208	119	142	114	132	
78	219	174	190	175	157	191	236	143	30	222	167	236	237	115	66	238	99	251	199	198	97	219	253	254	115	207	187	22	63	61	91	
122	87	106	172	55	22	95	124	1	140	222	175	79	239	51	80	254	229	159	231	204	131	160	140	242	245	143	155	55	190	62	83	
43	31	99	206	117	151	238	120	85	200	126	70	104	232	180	228	120	236	150	238	197	178	60	255	54	124	135	128	127	174	120	164	
34	141	34	158	223	209	190	230	158	68	88	163	172	236	55	64	251	123	147	195	102	186	46	255	63	54	158	171	21	92	61	222	
2	156	59	216	23	228	177	119	252	73	78	18	188	191	36	100	231	59	19	144	51	153	50	215	79	190	26	66	152	0	165	251	
1	142	39	217	52	188	233	55	124	73	82	84	181	40	176	232	227	42	54	29	183	188	101	215	140	62	58	192	156	136	81	173	
2	221	54	155	245	197	188	231	158	91	88	17	172	190	32	64	231	59	179	129	242	152	18	247	45	54	30	203	144	84	165	219	
140	52	174	243	197	125	113	218	246	255	87	18	157	247	75	111	105	218	187	154	51	244	187	226	207	211	251	109	162	101	37	242	
186	65	98	236	86	19	206	113	101	0	255	138	11	15	180	112	126	140	95	234	200	163	37	204	242	233	162	152	119	174	114	0	
35	239	98	30	117	147	238	236	95	76	124	239	104	232	183	164	93	234	130	239	198	186	78	255	62	30	133	171	95	190	122	141	
1	142	123	81	52	173	233	55	124	11	126	80	183	33	148	100	135	42	6	12	179	188	97	95	77	190	50	192	216	136	65	169	
154	220	150	252	75	240	148	231	157	19	64	51	44	191	36	203	227	59	179	129	102	207	18	255	83	98	222	11	51	84	173	138	
156	148	52	115	131	255	112	27	119	123	119	18	219	95	14	125	245	158	191	152	186	244	123	150	207	251	241	199	227	196	196	247	
45	253	67	78	117	159	198	248	87	232	248	78	106	216	189	180	88	232	150	110	207	178	124	255	54	28	133	42	95	190	122	172	
2	157	54	155	243	197	188	231	30	89	88	23	172	190	46	64	231	59	147	145	114	152	18	247	45	22	30	195	144	68	165	219	
140	180	244	241	133	253	125	223	127	119	71	16	221	247	122	239	35	26	183	152	119	212	63	211	207	219	215	69	182	204	133	246	
18	207	106	188	27	144	188	103	140	5	218	167	44	142	178	65	110	171	143	133	214	139	6	255	240	37	186	139	53	4	189	79	
94	121	59	226	59	209	27	200	171	204	189	169	79	223	107	114	254	245	255	242	75	3	170	232	251	213	15	187	34	51	39	115	
61	125	123	100	86	87	87	240	65	224	254	46	91	221	177	48	126	252	23	234	201	178	56	142	115	205	37	4	111	187	102	243	
34	239	96	154	215	145	190	238	95	5	92	167	40	236	182	132	223	235	131	215	230	58	78	255	62	20	159	235	87	30	254	206	
74	188	151	178	139	252	52	231	191	23	34	17	172	254	96	223	165	115	251	17	50	201	146	227	187	242	94	75	130	68	167	95	
56	123	218	236	52	87	87	125	145	204	252	45	99	253	163	20	220	252	132	98	204	163	96	175	242	255	37	155	75	190	254	219	
2	189	50	154	203	213	188	231	139	93	88	19	44	254	110	3	237	91	147	129	86	75	186	241	63	16	222	239	16	92	165	223	
39	110	226	158	109	145	238	200	91	206	89	207	104	200	255	132	92	232	147	239	196	182	206	251	54	28	141	175	95	191	122	196	
61	69	106	108	212	2	207	117	84	192	254	2	83	233	187	97	122	236	23	238	249	179	36	142	114	233	165	128	119	186	240	224	
189	5	71	237	20	10	110	120	101	168	255	66	91	1	185	229	120	132	30	234	233	177	69	204	176	233	162	132	63	171	120	32	
37	80	225	79	68	126	231	88	65	224	121	74	83	48	157	180	120	204	22	110	201	178	253	136	54	44	33	36	111	251	82	164	
56	219	122	108	197	86	246	117	117	12	254	38	99	249	54	208	248	236	167	226	216	187	1	173	115	237	160	131	123	186	254	155	
155	188	146	249	177	247	88	183	127	77	126	52	142	242	162	244	247	59	156	152	191	221	49	215	235	223	23	199	186	132	173	95	
37	101	97	67	116	79	239	248	117	232	121	66	80	81	157	180	122	200	22	106	225	178	109	206	36	30	165	4	111	187	82	165	
23	158	66	147	146	178	170	119	60	193	91	247	73	234	182	196	119	175	191	157	181	157	13	206	60	46	191	192	175	198	169	21	
28	125	58	254	211	252	118	114	185	78	111	1	62	255	35	208	160	123	217	66	70	139	58	235	243	245	4	11	66	119	175	219	
74	168	30	185	235	201	49	199	190	61	87	177	140	151	98	72	163	59	239	16	18	89	10	211	221	215	63	231	144	0	133	227	
56	155	19	172	213	199	86	117	85	76	250	111	106	57	38	208	248	186	166	96	93	187	81	189	187	247	160	195	123	14	252	27	
53	58	119	83	70	159	112	80	117	184	242	102	75	8	149	253	124	236	238	206	140	242	109	236	22	235	97	2	111	187	98	133	
253	81	66	79	101	30	238	120	113	234	243	70	75	232	189	244	122	204	54	238	205	182	189	206	54	126	193	132	111	191	122	148	
2	178	30	177	226	137	184	199	158	61	87	179	140	207	234	64	167	59	175	17	22	89	10	211	222	85	63	231	148	12	173	139	
17	133	107	201	214	162	239	247	84	193	94	198	81	109	190	96	127	238	23	253	153	184	37	238	122	47	167	196	173	218	240	248	
98	221	54	222	91	212	190	230	139	79	220	43	44	254	38	2	237	115	211	193	230	11	178	255	59	54	158	171	19	84	167	223	
253	71	70	204	85	18	110	120	101	128	255	70	75	99	189	245	120	228	190	238	233	179	5	204	50	232	226	132	47	175	120	36	
127	77	102	78	95	210	238	96	225	196	255	135	106	232	183	245	120	228	230	230	236	179	44	236	50	126	129	3	103	191	126	68	
26	156	18	249	147	215	56	214	55	43	84	50	189	151	32	228	247	59	151	128	59	156	49	255	171	215	30	195	186	132	169	187	
123	219	26	188	249	223	23	125	153	76	252	109	110	252	166	212	222	253	230	102	221	43	242	191	178	247	33	187	90	62	175	223	
31	172	234	211	246	50	239	191	119	227	94	146	25	47	222	228	127	206	183	157	151	184	173	227	110	111	190	196	167	223	241	253	
230	253	244	198	239	53	158	238	139	234	152	171	108	124	117	35	207	243	223	231	224	107	234	234	59	94	207	190	215	127	55	223	
131	182	235	145	242	171	169	223	62	115	90	247	189	174	222	36	55	79	55	157	183	220	173	247	44	6	191	228	173	196	163	253	
131	182	209	145	242	169	184	223	62	119	80	247	172	174	204	141	183	27	135	149	183	92	143	243	12	22	126	230	156	196	139	221	
25	158	150	217	51	159	121	222	87	15	86	52	175	147	162	228	119	58	190	12	175	156	51	191	226	255	50	130	186	140	168	45	
130	176	148	187	237	233	176	207	158	31	112	51	172	250	104	203	201	27	239	17	50	78	194	241	29	146	254	251	144	72	141	139	
153	158	118	93	49	191	91	191	127	77	238	21	111	107	190	244	183	174	172	12	191	156	53	255	234	255	16	211	58	132	204	95	
130	182	148	155	239	233	176	207	158	63	80	123	172	186	104	201	239	27	231	17	50	124	202	243	12	18	126	239	148	76	141	139	
134	253	214	138	238	33	190	204	142	144	24	34	140	202	121	11	239	91	59	211	66	67	138	240	60	16	207	174	148	123	161	137	
19	182	235	145	150	162	175	223	62	103	94	246	221	166	218	100	119	79	23	189	183	156	37	198	108	14	191	196	175	196	177	253	
10	186	35	187	87	201	187	198	30	71	80	179	173	207	48	128	239	59	147	133	34	188	54	255	237	215	158	163	119	12	5	250	
118	93	102	14	95	214	222	96	201	196	253	143	104	236	55	23	232	229	211	231	204	171	190	239	51	62	207	155	103	63	126	214	
58	5	98	225	116	59	250	82	77	96	254	130	27	15	181	116	126	137	23	249	136	179	101	204	242	221	162	144	119	142	112	197	
252	82	63	204	108	70	151	249	144	222	245	62	82	87	171	123	252	212	239	227	233	103	250	74	241	163	231	158	81	59	246	243	
130	177	146	152	203	224	180	71	190	23	65	19	140	190	104	9	233	27	163	145	50	94	146	210	29	18	94	111	144	68	165	146	
143	182	214	147	178	187	56	247	62	115	83	247	205	230	234	204	55	31	183	149	183	220	13	215	44	87	63	230	174	196	137	149	
188	0	116	123	36	26	72	57	125	18	183	24	203	75	156	29	26	128	68	42	248	244	105	159	198	251	112	84	119	130	194	1	
130	157	150	157	241	172	188	167	190	27	90	48	172	182	32	64	167	123	187	128	114	216	130	255	45	54	94	138	16	80	161	155	
14	141	228	247	246	176	254	183	191	243	94	131	233	111	220	103	247	255	183	157	178	216	175	225	110	223	223	198	167	246	209	93	
185	5	107	108	86	18	79	120	85	64	255	130	91	13	186	97	126	140	23	238	233	178	37	142	114	233	160	132	103	170	112	241	
94	79	34	190	139	209	158	232	159	6	221	163	108	238	47	196	250	251	159	195	78	3	42	255	179	117	143	187	55	127	189	86	
53	77	99	78	196	50	238	113	196	192	251	70	113	200	181	225	120	238	22	238	205	179	44	44	48	40	167	0	109	251	240	164	
42	170	227	206	127	145	234	216	23	136	92	98	104	223	252	228	95	250	183	138	130	18	238	243	63	28	143	170	55	175	116	165	
19	141	107	205	212	214	239	119	100	72	254	2	113	190	182	96	120	174	22	237	209	187	37	237	127	45	162	192	37	162	244	236	
139	182	181	185	239	125	185	223	158	127	84	50	156	191	202	175	135	27	183	1	179	92	235	209	79	211	127	239	150	76	141	251	
6	253	50	222	239	133	190	230	141	218	24	171	172	254	117	3	207	123	151	199	192	75	138	249	60	24	207	170	20	127	39	219	
66	34	26	136	42	153	184	72	174	4	181	169	140	206	162	80	182	181	206	96	4	35	130	208	210	177	11	63	80	130	43	17	
52	5	106	239	212	34	239	115	85	192	223	130	81	109	184	96	127	238	23	189	184	179	37	206	122	175	167	192	165	234	240	224	
236	118	58	238	104	85	151	248	148	90	245	60	223	213	171	123	223	92	255	106	224	71	170	131	115	251	103	188	82	191	167	243	
23	133	227	199	150	162	239	119	117	227	95	210	89	103	188	100	119	238	23	189	177	153	45	206	124	46	175	196	167	230	177	245	
167	168	106	154	91	149	186	194	219	66	124	158	40	202	118	180	255	107	147	141	135	94	190	243	30	29	155	171	31	14	43	220	
151	141	227	215	146	178	238	115	119	195	91	214	89	110	180	228	119	239	55	189	181	157	45	206	62	110	175	196	175	230	177	117	
53	77	99	78	196	2	239	113	192	128	251	66	83	225	181	101	120	228	22	234	217	179	44	108	48	168	167	0	101	251	240	160	
53	166	129	164	254	107	143	250	14	226	153	238	215	100	217	160	63	204	94	47	201	35	109	31	184	134	175	188	85	250	19	241	
130	133	150	157	180	170	188	39	62	19	90	16	172	34	0	65	231	47	51	16	50	216	65	215	44	54	222	194	148	64	161	137	
247	75	98	30	109	17	214	104	209	142	245	175	106	232	183	150	88	236	230	103	204	183	174	235	50	56	197	187	119	191	126	197	
47	71	98	142	223	145	190	232	159	132	221	231	72	232	191	196	254	233	187	231	196	35	14	222	54	116	143	191	31	127	57	198	
60	1	98	236	220	3	78	125	197	0	252	10	91	201	189	80	120	232	23	234	216	163	4	156	242	233	164	152	119	186	242	128	
52	133	106	236	212	162	239	127	68	129	255	2	81	233	184	64	120	230	23	184	184	187	36	14	122	175	167	192	229	250	240	32	
215	94	70	158	70	146	190	112	157	194	210	231	105	234	183	197	110	229	191	231	237	135	4	238	50	106	234	138	45	183	57	93	
1	142	11	189	52	174	104	55	124	73	90	116	181	38	144	96	198	46	62	13	181	152	101	79	132	62	186	192	12	128	209	105	
75	219	42	174	47	157	191	233	207	68	159	175	236	200	62	66	254	229	251	231	196	35	158	253	242	117	143	187	31	62	57	87	
184	5	98	232	22	51	202	120	69	0	253	10	27	9	180	112	122	140	23	233	136	179	36	142	242	237	160	148	119	143	112	128	
34	253	114	220	127	133	190	230	137	202	88	171	172	254	53	2	206	123	151	199	224	11	130	239	60	30	143	170	20	125	35	219	
122	71	106	172	55	22	95	124	1	204	221	175	111	239	50	80	254	237	149	231	200	131	40	143	243	245	143	155	55	190	118	115	
43	15	98	222	117	151	234	120	93	72	125	198	104	232	182	228	120	234	146	239	133	178	108	255	54	60	131	139	95	142	120	133	
2	157	34	158	95	209	190	230	158	69	88	163	172	254	38	64	249	123	179	193	102	154	58	255	61	54	158	139	21	76	181	222	
16	157	59	220	19	228	177	119	236	65	78	18	188	183	32	96	230	59	27	0	147	185	50	95	107	175	18	66	24	0	165	59	
130	157	22	155	176	172	188	167	62	27	90	48	172	178	32	64	231	59	59	1	114	216	3	247	44	54	222	194	144	64	161	137	
184	5	98	236	20	19	78	121	69	64	255	10	27	9	188	113	126	140	23	235	216	179	37	142	242	233	160	132	119	174	114	128	
155	90	70	158	6	146	174	242	156	66	210	231	41	138	183	197	110	233	191	199	197	157	6	237	48	104	234	136	61	189	57	157	
1	159	63	125	48	172	249	55	252	9	126	84	188	51	32	112	166	58	6	12	179	184	48	95	79	191	50	64	72	192	193	171	
126	121	123	238	59	211	95	232	161	196	252	170	127	223	35	48	254	249	221	226	73	3	40	172	243	213	135	187	115	179	38	115	
56	155	91	168	245	223	118	117	21	76	254	103	42	157	166	212	252	186	134	96	221	187	32	189	186	245	160	195	123	142	236	219	
35	175	64	78	245	159	230	232	95	200	124	206	104	232	190	180	217	234	146	78	199	186	124	255	62	28	5	171	95	158	90	140	
61	5	111	77	86	50	239	112	84	192	127	198	81	109	189	97	126	172	23	238	233	178	37	142	114	171	226	128	127	235	112	240	
60	125	123	110	119	87	87	240	65	192	252	46	123	223	35	48	126	248	151	234	201	179	56	172	115	205	37	0	111	187	102	243	
19	142	206	189	118	146	190	246	150	142	90	231	173	170	182	192	111	239	183	133	228	220	6	239	44	39	190	129	45	228	57	221	
74	184	150	208	137	221	52	231	175	153	46	8	174	190	102	214	161	115	251	16	6	105	146	241	155	214	94	123	202	84	143	15	
34	239	96	155	215	209	190	239	30	69	88	163	44	236	54	0	251	123	147	209	118	186	110	255	47	22	159	235	21	94	189	222	
74	188	150	148	203	208	180	231	191	21	202	51	172	254	100	215	163	115	235	17	82	73	146	241	155	50	94	75	130	84	165	159	
127	71	102	206	85	146	106	112	229	204	255	130	73	202	191	244	120	228	158	238	205	163	45	206	50	127	131	135	55	191	120	68	
2	189	50	154	203	197	188	239	143	95	88	19	172	254	110	3	237	59	147	129	86	75	154	245	61	16	94	235	16	84	165	223	
162	203	96	158	111	145	190	236	155	4	84	171	104	236	247	132	218	235	163	199	198	58	206	255	54	20	207	171	87	127	126	206	
118	93	102	14	95	214	214	96	233	196	255	167	104	252	55	84	248	229	211	231	236	171	62	239	51	62	138	11	71	63	126	214	
47	97	67	79	245	27	230	248	93	232	121	102	72	88	157	164	122	76	18	238	197	178	109	206	38	30	133	134	79	191	114	165	
19	143	103	134	150	146	174	247	125	195	218	214	89	238	180	228	127	231	62	173	245	153	45	206	56	46	175	192	47	230	177	213	
98	95	38	222	125	213	158	230	137	204	216	175	104	252	55	2	204	243	211	199	228	43	178	239	51	62	143	155	85	63	54	223	
111	81	67	78	101	31	230	248	81	234	113	78	74	216	189	244	120	236	54	110	205	182	188	223	54	60	1	46	95	191	122	132	
94	253	50	254	155	244	22	224	189	68	237	1	46	255	35	208	162	251	217	66	70	11	186	239	243	245	6	11	18	119	175	83	
18	138	94	185	178	139	57	199	62	61	86	179	205	135	162	80	55	63	175	16	50	216	139	215	252	231	62	199	180	132	173	75	
26	146	94	185	178	139	184	215	158	61	84	247	173	143	234	64	231	59	167	1	22	153	10	243	254	199	62	231	52	12	141	203	
25	133	111	205	214	130	239	247	84	193	94	194	81	109	188	96	127	238	23	252	249	186	37	239	122	47	166	196	37	218	240	248	
60	197	98	236	212	146	78	245	69	0	254	2	91	233	176	80	120	238	23	234	248	187	36	174	250	237	164	200	119	250	240	128	
127	71	102	78	93	146	110	112	197	140	255	230	74	232	191	245	120	228	166	238	204	179	44	204	50	120	129	131	119	191	120	69	
98	221	38	158	91	208	150	230	139	71	220	171	44	254	39	0	237	123	243	193	102	11	186	255	51	54	142	171	23	93	55	222	
239	71	98	14	117	23	238	248	85	200	255	198	72	232	191	245	120	236	182	238	236	179	12	204	54	122	199	142	127	191	120	133	
25	159	107	205	212	214	239	117	100	76	254	98	57	59	178	97	120	174	23	235	216	187	36	205	115	169	162	192	37	138	244	235	
125	71	70	204	125	18	74	120	69	136	255	102	75	65	189	229	120	164	142	234	233	163	5	204	50	249	131	132	127	175	120	5	
114	189	240	214	254	7	158	238	155	234	184	171	108	126	85	2	255	247	223	163	224	111	200	238	58	30	207	186	149	124	87	219	
6	237	22	138	238	33	190	206	142	146	56	2	172	234	121	67	239	75	59	243	114	7	138	242	60	16	207	174	148	123	161	137	
27	172	234	227	214	178	239	255	119	225	94	130	25	47	190	96	127	206	23	157	155	184	45	239	126	239	182	196	167	222	240	236	
19	172	235	131	214	179	171	255	126	103	94	135	57	174	254	96	55	79	23	157	183	156	45	247	110	15	191	196	173	196	177	253	
131	190	225	155	242	169	171	223	62	103	84	247	189	174	214	4	63	75	23	157	183	156	45	247	44	6	190	228	189	196	161	253	
27	156	118	219	51	215	90	214	127	77	246	54	46	151	166	244	231	187	190	24	175	156	51	255	227	255	18	131	186	132	44	95	
138	190	144	153	238	185	176	223	30	127	80	247	172	174	234	205	247	27	167	17	54	124	3	243	140	83	126	227	158	76	137	159	
51	91	126	172	56	207	95	125	141	204	252	173	127	253	167	16	222	241	221	102	237	163	96	45	242	253	37	154	92	186	230	123	
230	235	98	30	111	209	158	232	219	68	241	171	104	236	55	17	222	251	163	199	196	107	238	253	54	48	205	59	85	191	118	206	
52	95	127	228	60	71	87	124	133	204	246	237	115	93	167	83	222	244	205	98	233	163	33	172	242	251	229	146	76	187	116	123	
147	182	218	147	178	187	56	255	63	99	86	247	205	238	174	100	55	15	191	149	183	220	13	215	174	70	63	198	188	196	169	221	
17	159	75	197	82	14	47	119	52	232	94	230	113	39	176	64	126	246	23	238	241	152	21	79	116	38	174	128	45	234	161	185	
49	122	99	101	68	15	238	82	103	104	250	71	115	8	149	112	252	204	102	135	141	176	117	58	22	238	37	0	109	186	66	148	
43	232	226	187	95	149	190	206	94	71	116	3	168	202	119	160	249	107	147	197	134	62	62	251	111	95	159	43	87	30	59	206	
66	41	10	184	9	192	48	66	170	84	128	1	172	222	67	82	224	225	235	193	6	75	194	125	221	17	139	59	16	4	39	74	
27	188	178	217	177	247	88	183	127	77	246	52	172	254	166	244	213	59	159	144	191	205	51	215	235	223	22	211	146	4	173	127	
53	47	193	39	116	79	203	120	118	224	250	206	83	108	149	176	252	205	118	111	137	178	253	60	184	174	37	16	101	187	114	248	
42	238	210	218	119	209	186	206	95	1	124	170	104	200	253	164	251	123	146	144	6	58	142	251	62	92	135	107	23	158	126	140	
156	48	188	243	205	126	241	216	247	255	181	50	221	127	75	175	109	212	255	176	177	116	251	128	223	195	247	231	163	237	119	243	
252	128	116	251	44	8	92	57	249	50	53	16	207	75	24	95	159	129	100	42	248	100	75	209	194	251	97	212	118	163	194	1	
157	67	75	165	134	2	110	188	116	226	90	199	83	67	153	65	118	204	29	239	233	212	13	42	224	233	239	132	45	243	184	24	
14	148	244	241	133	123	121	159	127	119	102	16	143	191	110	109	179	27	191	16	51	220	115	211	207	223	215	103	182	204	197	246	
26	148	244	89	149	254	112	159	127	91	246	16	234	126	28	124	241	159	253	17	186	252	121	215	143	254	214	215	242	68	196	95	
62	71	34	158	223	145	158	232	159	156	157	167	236	236	63	196	222	235	191	231	206	3	78	255	178	84	143	187	23	127	189	199	
66	189	244	247	254	144	254	191	155	241	30	163	237	239	212	98	175	247	183	221	178	88	175	255	46	126	207	194	167	228	209	221	
17	141	75	173	86	14	239	119	36	72	90	199	117	47	176	96	62	231	23	239	209	152	53	79	244	175	170	128	45	226	161	248	
23	133	99	193	150	162	239	247	117	193	95	210	81	111	188	100	127	238	23	188	177	185	37	206	60	46	167	196	167	226	240	240	
61	175	129	175	220	39	206	248	6	224	216	206	119	100	144	160	30	204	86	239	137	179	125	60	184	134	173	188	173	235	19	176	
66	138	174	157	77	216	176	166	238	149	66	1	160	174	103	194	193	111	171	81	6	88	226	249	13	50	223	75	16	44	117	238	
124	90	191	236	108	70	215	248	128	254	181	172	94	247	171	123	222	212	255	106	201	103	169	136	211	187	231	180	83	251	102	115	
113	158	73	229	214	10	79	191	116	226	250	222	115	97	144	112	127	238	116	172	185	250	125	47	252	174	165	192	109	234	210	56	
98	164	148	198	252	47	254	111	137	171	184	24	238	56	28	2	203	71	127	33	48	111	201	207	61	62	95	190	192	120	211	139	
162	249	176	158	207	197	190	230	154	80	72	11	172	254	100	1	234	123	179	195	66	75	154	249	61	16	222	43	21	93	183	218	
236	80	126	252	104	31	31	248	158	250	181	168	223	215	169	123	223	117	255	110	224	71	234	152	242	251	111	188	86	191	35	243	
26	172	162	187	157	213	159	198	159	71	76	19	172	223	114	132	249	43	147	133	102	171	58	255	171	87	158	107	87	92	189	206	
208	89	127	252	3	208	53	103	172	66	70	34	61	159	33	115	162	115	189	192	96	141	50	109	243	227	126	131	37	16	165	123	
123	205	42	172	63	147	222	104	205	196	221	143	238	200	54	64	254	233	223	231	204	35	28	253	242	117	143	59	87	62	57	70	
2	157	150	159	241	140	60	167	190	11	90	48	172	246	32	64	231	123	179	129	114	216	2	255	45	54	30	138	16	80	161	139	
58	87	106	172	119	150	95	121	5	68	252	175	75	237	50	80	254	237	151	231	204	179	44	191	243	237	137	139	55	190	118	83	
56	5	98	236	84	35	202	121	69	0	252	10	11	9	180	81	120	140	23	235	184	179	5	142	242	237	160	148	119	138	114	128	
39	15	98	154	125	151	186	104	95	76	124	71	104	232	182	228	217	42	130	143	166	186	110	255	54	62	131	171	95	142	120	197	
2	157	50	159	95	197	190	230	158	71	72	35	172	254	34	64	237	123	147	129	102	26	26	255	45	54	158	235	21	76	181	223	
151	0	227	143	6	50	171	80	84	194	83	214	81	204	181	236	126	236	22	239	165	149	37	202	16	46	171	128	45	255	49	244	
55	79	98	78	117	210	218	96	197	196	255	167	104	200	183	244	120	224	151	230	204	163	44	238	50	126	131	139	119	191	124	70	
57	155	122	173	180	215	215	117	5	76	254	231	59	157	162	80	252	187	135	98	221	187	48	189	242	249	162	195	123	142	236	219	
35	175	96	27	117	157	254	238	95	77	124	143	104	232	182	132	217	106	130	71	230	186	78	255	46	30	5	235	95	142	90	205	
34	173	32	155	215	209	190	238	30	69	88	163	168	236	54	0	219	123	147	209	118	154	110	255	47	22	158	235	21	78	181	222	
60	125	123	238	115	211	87	248	33	192	236	42	127	223	35	48	254	249	149	226	73	179	56	188	243	205	5	27	123	179	102	242	
189	5	111	76	86	18	239	113	84	192	255	194	81	109	191	97	126	164	22	238	249	179	37	142	118	171	226	128	119	171	112	240	
61	93	123	110	86	79	119	240	68	192	126	70	115	93	177	48	126	248	22	110	201	178	56	44	115	237	37	0	127	187	112	243	
11	95	67	157	180	146	238	115	92	202	90	231	249	232	183	228	126	239	55	239	229	152	5	239	44	126	174	128	47	254	57	221	
56	159	122	237	180	214	247	117	101	76	254	102	59	29	178	69	124	190	159	234	216	187	33	253	242	233	170	129	63	138	252	251	
119	79	102	78	95	146	218	96	205	196	237	143	104	204	183	84	122	224	130	231	204	163	46	253	50	60	131	11	119	191	124	196	
57	89	126	236	56	15	95	124	141	204	244	173	127	223	163	115	206	245	223	102	200	167	96	172	243	251	101	152	70	190	38	123	
94	207	34	158	191	145	158	232	159	156	157	171	236	238	127	196	222	235	175	199	78	3	74	255	178	84	143	187	23	127	61	199	
19	141	103	206	150	146	239	247	244	192	218	198	113	236	180	101	127	230	62	239	249	187	37	239	56	46	175	192	45	246	240	252	
167	203	98	30	125	157	238	232	95	204	125	207	104	232	191	132	220	234	178	111	196	178	78	255	54	62	133	171	95	191	122	197	
86	125	58	190	155	208	22	232	191	68	237	35	110	255	35	80	226	251	217	194	94	3	154	255	243	245	15	11	48	115	175	86	
47	101	67	77	119	27	166	232	93	224	123	230	72	248	189	164	122	76	146	239	197	178	109	204	54	28	135	134	95	63	123	133	
102	205	98	30	95	149	158	232	223	4	233	143	104	236	55	17	216	235	227	199	70	43	254	253	55	56	201	59	83	63	118	206	
26	158	94	189	50	138	58	247	63	5	94	247	109	231	162	80	119	63	175	132	166	153	5	255	254	231	58	193	60	132	173	89	
17	31	75	229	214	14	111	53	52	200	94	198	117	39	144	97	54	230	20	238	225	152	53	15	244	169	166	128	45	178	161	249	
27	158	82	185	50	147	58	246	63	97	90	247	45	206	162	192	119	187	159	133	167	152	5	255	190	103	58	194	61	132	169	157	
57	141	110	238	212	146	239	247	84	64	254	2	113	105	186	96	122	238	23	238	249	187	45	191	122	239	166	196	55	138	240	232	
60	205	106	238	212	146	78	245	85	128	254	2	91	233	176	81	120	238	23	234	248	187	44	191	250	237	164	192	119	187	240	136	
34	221	54	158	219	212	182	230	155	76	216	35	44	254	39	64	237	251	179	193	102	11	58	255	51	54	158	139	21	93	55	223	
66	42	39	189	9	203	40	66	174	160	66	1	132	130	32	82	160	45	107	129	2	217	130	80	197	48	155	1	0	0	39	170	
226	188	242	212	254	167	190	230	155	234	216	187	108	124	20	2	255	247	255	133	240	107	192	255	190	62	223	186	197	252	147	219	
221	80	252	102	174	58	95	184	192	242	183	56	219	109	219	123	23	212	125	110	233	101	239	128	210	235	97	188	166	243	64	97	
19	172	235	155	214	179	175	223	62	99	94	214	189	166	178	36	63	75	23	157	183	156	45	255	108	14	191	228	191	212	177	253	
27	156	178	219	179	245	122	214	127	77	246	23	44	254	38	116	231	251	191	144	175	153	50	255	187	255	22	131	154	84	172	95	
131	190	218	153	242	187	184	223	30	115	82	247	173	174	162	72	119	27	135	149	183	156	7	247	142	6	62	226	189	200	137	157	
130	158	156	185	230	169	56	223	30	31	80	247	164	170	162	73	231	59	47	17	182	220	67	247	206	178	126	195	156	72	165	223	
42	168	178	154	223	209	182	207	95	23	108	27	40	232	118	132	249	123	163	145	70	126	190	247	63	85	159	107	211	92	255	206	
151	6	231	150	70	50	174	80	252	194	211	215	73	238	189	239	126	237	55	175	165	215	164	202	20	42	235	132	47	231	49	213	
66	148	180	217	177	255	88	15	127	85	230	17	172	190	6	120	215	59	191	17	182	204	115	223	175	126	22	83	146	196	165	95	
147	150	78	145	146	171	186	247	62	99	90	247	117	170	190	64	55	15	63	133	183	156	13	95	60	38	191	196	189	192	161	153	
41	173	195	44	117	143	238	222	119	160	122	74	123	232	48	180	121	238	50	13	201	178	205	191	60	60	133	36	127	190	114	168	
66	173	118	221	254	130	254	191	143	161	90	131	236	239	116	64	183	127	255	213	210	248	139	255	46	62	143	202	7	134	209	217	
130	157	146	159	177	172	188	167	62	11	90	48	172	182	32	64	231	59	51	1	114	152	3	247	45	54	30	194	144	64	161	139	
145	159	107	237	180	70	111	117	100	72	94	102	113	55	178	96	124	166	23	239	249	152	37	111	244	237	170	128	37	162	245	121	
53	133	107	206	212	2	239	245	208	128	254	2	83	227	176	97	120	238	6	234	249	187	44	46	122	173	167	128	117	250	240	160	
60	133	110	236	212	130	239	247	84	129	254	2	81	233	184	64	120	238	23	248	248	187	37	46	122	175	167	192	229	250	240	160	
49	159	73	103	212	15	111	191	116	162	250	206	243	97	144	112	127	238	86	174	233	184	93	47	236	174	165	128	109	250	210	168	
194	148	244	89	213	254	240	159	127	123	178	57	238	60	12	120	245	151	255	17	178	252	113	215	159	126	86	215	211	68	197	95	
226	148	148	149	252	46	184	111	187	171	251	56	204	120	28	10	159	87	127	33	48	111	201	223	61	62	95	254	192	104	195	139	
10	176	244	209	165	253	120	155	127	119	102	17	142	191	70	124	211	159	191	16	182	92	243	211	207	223	211	103	146	76	197	95	
202	176	180	242	233	253	177	23	187	95	84	29	172	189	70	143	133	27	243	17	150	126	242	209	79	83	94	235	210	76	143	255	
252	0	196	115	44	10	74	152	49	50	179	26	75	75	93	27	123	196	108	98	120	116	75	128	150	219	65	84	231	171	66	0	
57	173	234	227	148	178	238	255	119	97	126	2	57	169	180	96	123	206	23	153	154	184	45	255	126	239	183	196	167	218	240	200	
2	189	50	154	219	197	180	239	158	95	88	19	172	254	110	1	237	27	147	145	114	75	26	247	61	20	94	235	16	84	165	219	
234	52	188	90	233	125	145	15	187	127	165	61	140	190	78	187	129	19	251	17	54	79	251	211	79	83	82	63	210	68	143	87	
207	176	188	82	41	108	89	8	187	126	183	57	222	30	94	59	135	21	253	55	188	69	251	192	211	123	89	255	198	229	7	119	
122	233	58	186	25	205	83	230	171	21	168	9	174	223	98	16	129	251	233	81	78	75	186	181	187	213	29	123	18	4	135	74	
21	95	95	101	34	10	47	53	32	226	114	230	247	39	129	99	54	116	28	110	225	208	117	12	228	171	103	128	44	179	65	57	
236	91	190	228	108	22	155	120	136	254	183	188	95	55	227	251	206	244	255	110	233	231	233	168	211	249	99	148	66	189	102	243	
238	120	246	252	104	31	94	248	141	186	181	184	223	255	225	127	198	117	255	106	224	71	234	168	214	251	103	188	22	253	3	241	
122	205	42	174	31	215	223	232	5	4	236	11	111	236	50	16	248	235	159	231	78	43	56	255	243	245	143	59	119	46	126	70	
63	73	98	222	93	151	222	224	215	4	237	6	106	200	55	228	88	232	130	238	206	171	126	255	51	92	128	27	115	63	124	230	
50	77	98	94	93	213	222	232	207	68	236	11	106	204	55	116	216	234	131	199	206	43	126	255	51	60	130	27	83	31	124	222	
56	13	107	238	87	215	95	104	5	68	236	131	107	239	50	80	122	249	151	230	72	179	56	191	243	237	129	1	119	174	116	226	
11	156	178	218	85	213	56	199	159	77	246	51	44	222	38	100	237	187	191	144	175	139	50	247	47	94	158	235	146	76	172	223	
2	157	50	155	223	229	190	239	30	79	72	51	172	254	34	64	255	123	147	129	114	26	90	255	45	54	158	235	21	76	181	219	
151	4	231	133	150	50	233	81	116	194	211	214	81	236	189	109	127	172	30	191	177	213	37	202	16	46	171	132	173	229	49	116	
147	158	203	187	178	171	186	223	30	67	90	247	181	174	162	96	119	59	31	149	183	156	15	127	236	39	62	192	188	200	169	217	
74	124	86	156	91	209	176	103	191	133	218	163	44	158	102	198	163	59	235	145	70	203	134	245	62	50	30	139	7	4	173	159	
38	207	98	158	125	209	254	232	223	68	217	163	104	236	191	64	250	235	131	231	198	171	110	255	54	54	143	139	85	63	124	222	
215	14	199	190	18	178	42	80	180	194	211	215	109	234	179	203	103	229	191	143	173	213	6	238	146	98	234	128	173	245	57	85	
61	93	123	110	87	215	87	240	69	192	236	10	123	221	35	48	120	249	151	234	72	179	56	189	243	205	5	9	115	187	98	234	
18	206	198	157	114	144	188	246	191	141	82	231	45	174	166	196	102	251	167	133	166	218	6	239	60	38	254	131	39	132	45	221	
2	221	50	158	219	197	190	230	158	77	216	3	44	254	38	64	237	123	147	193	98	11	26	255	53	54	158	171	21	94	165	219	
57	141	110	207	212	146	239	246	84	64	222	2	113	105	182	96	122	230	23	238	233	187	45	191	122	175	167	192	55	138	240	232	
34	239	96	30	125	217	190	236	95	77	121	171	104	236	191	0	217	235	131	103	198	58	110	255	62	30	141	235	85	31	94	206	
86	253	58	190	155	192	23	224	190	132	237	35	124	254	43	80	250	251	219	195	78	3	58	127	243	229	15	59	48	115	167	82	
118	71	42	190	191	209	158	232	159	140	221	171	108	238	63	192	254	249	175	231	76	3	10	254	179	117	143	191	21	63	61	199	
47	119	66	13	255	27	174	232	77	232	251	230	200	168	183	164	254	77	210	231	197	179	77	204	54	60	143	135	95	63	121	149	
27	159	67	191	50	147	58	246	63	65	90	231	125	238	178	192	119	239	159	197	167	153	13	255	182	103	186	128	63	135	41	93	
26	159	94	191	50	138	58	246	61	5	94	231	109	227	162	80	119	255	175	196	166	153	5	255	246	231	58	129	61	132	41	89	
74	180	180	248	233	253	177	15	187	95	21	57	172	191	78	143	133	27	255	17	54	106	242	209	207	211	94	239	146	76	143	255	
2	253	48	154	219	197	188	239	158	89	72	19	172	254	104	0	237	27	147	145	114	90	26	247	61	22	159	111	144	78	165	219	
146	143	194	157	242	130	174	246	53	142	218	231	41	174	182	68	127	239	183	133	228	218	5	239	56	38	190	128	47	244	185	221	
35	175	96	27	253	157	182	238	95	109	124	15	168	232	54	132	217	107	131	85	182	58	110	255	46	30	21	235	87	14	219	207	
59	219	126	237	54	214	223	117	141	76	246	167	62	158	166	112	238	179	159	231	205	171	33	253	243	249	170	147	87	158	164	123	
3	182	197	145	226	50	172	159	63	243	90	247	141	46	222	175	39	79	55	157	183	220	165	194	140	22	254	198	173	196	129	253	
130	157	22	159	177	172	60	167	190	11	90	48	172	246	32	64	231	123	51	0	114	216	2	255	45	54	30	194	16	80	161	139	
81	91	95	229	34	14	63	53	164	200	214	228	247	55	129	67	38	117	125	110	193	152	53	45	224	163	110	128	44	178	161	121	
56	141	106	236	148	130	239	255	84	128	254	2	83	225	184	97	120	238	21	234	248	187	45	47	250	175	167	196	101	250	240	168	
252	88	254	245	45	94	184	208	169	250	182	63	223	159	163	123	238	245	255	102	168	231	163	168	211	251	107	147	70	189	39	243	
43	172	66	90	93	149	234	239	95	33	108	10	40	232	118	148	217	234	146	140	6	59	158	255	63	92	133	107	87	14	250	134	
221	88	255	244	42	126	93	144	185	254	150	181	223	31	131	123	166	245	253	110	237	197	179	168	211	251	111	147	38	245	7	115	
41	142	65	101	244	14	111	183	116	162	122	68	243	97	144	240	91	238	118	44	249	184	85	47	236	174	37	0	109	250	210	168	
42	168	160	26	221	213	178	239	219	29	228	25	40	236	102	148	201	123	163	145	54	107	234	243	31	85	159	107	211	12	255	206	
130	180	180	217	181	253	120	15	127	127	116	17	174	190	70	125	195	27	191	16	54	92	243	211	143	94	30	115	146	68	133	95	
221	72	252	102	46	26	79	152	240	242	183	10	219	97	219	123	54	244	124	234	233	101	239	40	210	235	101	188	103	243	64	33	
252	72	228	119	12	58	70	152	241	178	183	26	75	73	221	91	123	196	108	234	232	101	235	168	210	235	229	20	103	251	98	0	
2	253	18	154	253	133	188	231	158	25	88	16	172	250	104	0	205	59	19	1	82	56	154	247	45	20	30	234	16	24	161	139	
194	148	180	249	245	238	240	15	127	123	178	57	172	63	4	89	213	159	255	17	178	252	83	215	15	62	94	214	210	76	197	27	
56	5	98	236	84	35	74	121	85	0	255	2	75	41	49	81	120	140	23	233	184	179	0	142	242	237	160	144	119	171	112	128	
222	120	246	245	40	31	120	88	189	186	247	185	207	255	229	91	198	117	255	102	168	215	235	168	210	251	115	190	6	189	35	211	
66	169	118	221	254	131	190	175	191	129	90	130	236	238	52	64	230	127	127	193	210	249	131	253	46	60	143	202	21	132	241	137	
226	164	150	149	252	44	188	239	58	171	88	26	236	58	88	3	223	71	127	49	48	122	195	239	60	54	223	234	192	72	147	137	
214	104	212	189	46	139	124	136	191	178	178	26	239	234	69	91	163	229	125	226	104	196	203	248	148	250	207	180	36	49	1	1	
125	111	196	103	178	26	78	184	96	168	190	238	211	99	145	182	22	196	76	238	201	208	205	44	174	239	165	148	111	243	74	33	
130	141	22	155	176	140	60	167	62	11	90	16	172	242	40	64	247	59	51	0	114	152	11	247	45	54	30	194	144	80	161	9	
56	233	57	126	93	205	87	230	135	4	172	8	58	223	37	48	200	250	83	74	74	43	122	61	115	221	0	59	115	27	70	170	
210	233	84	183	44	137	110	172	191	178	210	2	239	202	85	67	102	237	125	227	106	84	203	253	182	250	207	172	37	176	3	8	
24	173	234	227	212	179	239	247	87	97	94	2	57	169	180	96	123	202	23	153	154	184	45	255	126	207	183	192	165	218	240	200	
129	140	91	253	244	174	107	183	124	11	122	80	247	113	144	112	115	174	22	56	177	188	21	127	237	174	54	64	232	128	193	168	
2	93	50	158	124	133	190	230	157	8	88	35	172	254	53	0	206	123	151	197	194	139	2	255	53	62	158	138	20	29	33	137	
58	175	42	174	93	195	86	231	151	12	252	43	111	249	34	16	216	251	135	195	74	43	10	191	251	213	165	251	115	14	126	203	
35	184	50	218	253	213	184	199	159	93	244	17	172	222	102	96	205	59	191	145	182	107	50	247	47	94	158	235	18	12	165	223	
153	133	110	241	214	50	239	247	85	227	126	18	89	41	182	97	127	206	23	184	184	252	37	174	110	239	182	196	231	216	240	232	
56	77	107	238	87	199	255	113	84	76	252	3	113	253	50	96	120	250	147	234	72	187	56	191	115	239	160	1	115	170	116	250	
25	159	111	175	178	162	47	183	60	65	90	231	245	103	176	96	119	123	31	173	177	152	45	63	236	167	175	192	188	194	161	249	
2	157	50	155	223	229	190	238	30	75	88	51	172	254	32	64	221	123	147	129	34	154	90	255	45	54	158	235	21	92	165	219	
157	132	110	209	214	50	237	183	116	115	94	146	89	45	150	105	119	198	55	188	177	252	37	238	110	43	246	196	167	220	240	232	
34	237	32	155	253	233	178	238	30	69	88	147	172	236	54	0	217	123	147	149	38	186	94	255	45	22	159	107	213	92	213	222	
42	217	96	218	93	213	214	255	199	93	252	15	170	220	62	100	221	154	151	197	206	43	122	255	35	92	148	187	83	30	244	222	
75	204	237	87	166	50	237	191	116	115	94	210	249	39	146	107	39	70	61	143	241	220	165	237	102	43	254	196	167	240	241	121	
32	205	123	110	244	207	87	246	196	12	252	0	51	245	49	48	88	234	6	106	74	171	40	63	115	141	36	9	113	218	230	234	
19	221	99	207	84	150	239	242	76	192	90	70	113	124	181	100	124	238	18	239	193	185	61	239	49	46	143	0	61	250	113	252	
2	143	194	157	114	130	174	246	55	141	90	231	41	170	182	68	126	239	39	205	228	152	6	255	44	38	190	128	45	132	57	221	
2	221	178	158	219	197	190	230	158	11	88	7	108	254	36	64	253	123	179	195	226	11	26	255	61	54	158	139	16	93	165	219	
38	237	96	24	223	217	150	238	31	117	168	187	40	236	126	0	217	219	243	209	118	107	127	247	63	22	157	127	213	92	222	222	
94	125	51	190	219	195	31	232	182	132	233	163	125	247	41	80	250	251	155	227	74	3	138	255	241	228	143	43	48	51	39	242	
118	71	42	188	158	129	158	232	158	132	220	171	229	238	63	64	254	233	175	231	76	3	10	223	243	69	175	191	20	63	61	194	
47	103	98	140	127	19	190	104	205	192	218	231	72	232	183	132	254	205	250	231	197	179	15	222	54	124	143	143	95	63	121	151	
19	157	67	175	54	147	234	246	55	64	218	231	125	238	176	228	126	171	31	239	231	153	45	255	180	110	170	128	61	135	49	125	
83	159	78	190	50	130	126	246	60	64	218	231	125	231	178	80	118	239	63	238	237	153	5	127	242	239	170	128	45	162	41	25	
83	141	111	174	22	146	110	246	244	64	218	198	113	238	176	224	118	231	63	239	237	153	45	255	176	46	174	128	45	226	177	125	
34	221	98	156	223	209	158	238	159	69	216	171	40	236	55	64	217	219	147	195	102	43	126	255	51	54	143	59	85	93	244	222	
2	245	48	155	219	197	182	239	158	91	89	19	236	254	104	0	253	91	147	145	114	90	26	247	45	22	31	239	144	70	165	219	
47	181	176	99	253	125	208	153	79	121	189	57	202	125	222	60	157	155	215	49	158	106	235	151	79	221	53	254	211	206	214	215	
219	219	118	188	47	214	252	117	173	92	182	183	61	159	166	99	238	241	223	231	236	175	34	237	243	249	234	147	55	188	165	91	
11	189	237	211	182	186	175	183	126	243	94	182	253	47	158	169	39	123	55	157	179	216	109	253	110	15	255	192	174	212	145	249	
2	176	180	219	253	253	120	15	63	123	53	25	140	190	78	56	135	27	255	17	54	88	243	211	15	222	30	255	146	76	133	223	
217	205	111	239	146	10	79	189	101	224	222	194	115	103	144	99	54	246	125	238	233	129	45	47	240	235	231	144	39	242	161	105	
45	165	161	67	221	61	193	25	67	121	189	88	210	24	220	180	153	10	86	56	155	122	249	19	15	221	21	124	218	10	210	164	
194	164	148	149	252	175	184	111	58	59	90	24	236	42	88	2	223	15	127	17	50	122	195	215	44	54	94	238	132	72	211	137	
184	205	78	239	148	2	78	253	165	128	254	2	115	107	176	81	120	230	93	234	104	171	9	175	250	235	231	144	103	186	240	8	
222	22	174	148	43	114	24	2	169	222	151	189	204	110	71	223	167	245	253	135	172	197	187	192	211	115	219	151	166	101	47	87	
42	168	34	26	221	213	178	199	223	13	252	9	40	216	102	148	217	235	194	17	22	107	138	243	59	85	157	123	211	12	254	206	
42	184	176	184	237	253	145	207	155	93	52	57	172	188	70	140	201	27	227	17	22	106	242	243	207	85	30	123	210	76	143	223	
188	5	98	224	212	34	78	119	85	2	254	18	91	41	52	97	120	142	23	168	184	190	5	142	242	239	160	196	231	248	240	128	
244	72	228	247	12	42	70	216	115	178	179	26	75	105	77	27	123	196	108	242	168	119	203	162	146	235	197	60	231	251	66	0	
253	104	252	102	110	58	95	152	241	178	183	26	91	233	217	63	55	228	125	106	232	103	239	170	214	235	229	188	231	243	66	33	
214	56	182	245	45	44	120	18	191	250	247	49	206	159	69	107	231	245	255	18	168	116	203	224	151	250	91	142	130	229	37	87	
206	52	182	244	235	124	185	2	171	255	151	57	204	255	79	159	167	213	253	17	180	71	170	192	223	83	95	191	130	101	15	83	
78	176	180	241	235	125	185	139	187	127	21	57	140	191	78	14	167	23	255	17	22	86	186	208	207	211	95	255	130	68	143	215	
2	205	18	158	124	133	190	230	159	8	88	2	172	206	52	64	206	107	23	193	66	11	2	255	36	62	158	136	20	26	177	137	
125	111	192	5	210	18	78	252	97	164	238	174	67	97	147	148	122	206	36	238	76	178	237	46	190	237	165	21	103	246	218	76	
109	79	68	71	36	30	78	188	97	162	191	76	211	96	149	183	88	228	108	110	237	240	253	44	166	251	229	20	111	251	90	12	
196	36	148	149	232	43	168	11	190	179	179	24	206	234	73	27	51	231	110	176	48	101	203	218	156	54	87	124	192	97	3	0	
2	164	148	153	252	169	184	111	62	59	242	24	236	42	88	8	219	15	123	17	50	250	195	215	44	54	94	230	148	72	211	137	
56	191	58	174	117	147	86	247	135	12	249	109	110	249	162	16	220	251	135	67	218	171	8	191	250	213	37	251	81	14	254	155	
28	205	100	243	246	58	238	183	117	147	126	18	123	41	156	105	127	206	23	187	248	248	45	238	110	239	246	196	231	221	240	136	
34	141	43	222	116	199	227	246	86	73	252	34	48	253	180	100	89	186	23	138	218	186	42	255	115	62	162	136	85	10	244	234	
194	90	54	188	111	212	188	246	189	94	210	183	172	222	39	107	231	113	255	195	228	69	178	233	151	114	218	139	22	125	37	223	
2	156	50	155	223	197	186	239	30	73	88	19	172	254	32	64	221	123	179	129	50	154	90	255	45	22	158	235	148	76	165	219	
31	205	236	247	182	18	255	183	119	115	94	146	121	45	158	105	119	87	55	207	240	248	45	237	110	239	254	192	167	245	240	105	
34	172	32	155	221	205	182	239	30	87	72	155	172	236	126	0	217	59	147	17	54	58	90	247	45	22	159	107	213	92	151	222	
3	159	74	157	80	134	174	247	60	65	74	199	177	234	182	64	118	107	51	205	199	152	20	111	36	46	158	128	13	130	49	156	
79	221	244	119	166	26	127	188	243	211	22	163	253	127	159	107	55	119	253	239	244	216	175	233	238	255	255	128	167	247	209	121	
32	223	123	110	244	203	199	246	196	12	252	96	115	241	161	32	88	122	6	106	72	170	104	63	99	173	36	136	81	250	244	171	
33	141	43	222	84	198	239	231	84	72	90	66	241	248	180	96	88	234	18	205	233	186	52	63	33	46	174	128	29	106	240	252	
6	181	146	154	253	165	190	239	158	27	89	16	236	254	104	8	151	91	179	17	50	74	10	247	45	22	31	238	144	76	161	147	
34	253	96	152	223	251	148	239	31	245	136	155	40	188	86	0	201	155	211	145	126	107	123	215	63	22	157	127	213	92	214	222	
23	79	106	140	126	19	190	104	92	192	218	167	72	232	183	192	254	237	250	231	196	187	7	222	54	37	143	139	93	63	121	134	
47	149	96	203	252	17	218	253	95	121	189	191	219	109	222	36	223	154	151	61	158	34	111	151	110	93	165	252	215	142	208	245	
81	205	111	174	22	130	111	242	116	66	218	198	113	230	176	113	126	239	62	239	237	153	45	111	240	46	234	128	45	162	49	120	
23	77	79	191	18	130	110	112	52	64	219	199	117	238	176	96	118	239	31	239	237	153	45	255	176	46	170	128	61	162	33	93	
185	141	110	206	20	146	239	244	212	64	254	2	113	233	180	96	120	230	63	234	232	187	45	191	122	175	167	192	55	171	112	40	
162	221	96	220	223	211	150	239	31	69	216	139	40	188	55	64	233	251	147	193	110	43	119	255	59	22	159	123	85	92	244	222	
2	221	50	156	255	229	190	238	158	27	216	19	108	254	44	64	255	123	179	193	226	11	26	255	61	54	158	202	16	92	165	219	
45	100	240	67	236	59	218	216	123	242	189	136	219	237	221	62	31	220	85	126	156	118	237	162	94	221	37	180	231	255	82	241	
24	141	110	239	148	163	238	247	84	128	254	2	123	105	48	64	120	234	31	235	250	187	13	191	250	239	167	192	55	218	240	136	
89	141	111	239	178	130	111	181	36	64	222	198	255	103	178	96	118	247	61	238	249	153	45	191	232	239	175	192	52	178	161	121	
34	184	48	216	253	213	184	199	223	93	112	21	172	158	118	96	207	27	183	17	150	106	114	247	15	30	30	251	146	12	229	223	
15	249	236	211	182	147	191	189	206	81	94	166	253	111	218	98	39	123	183	223	215	216	111	253	110	79	255	192	167	215	145	249	
253	107	229	71	236	27	70	184	97	234	55	108	83	104	151	191	24	228	100	110	237	246	237	40	54	120	101	180	111	255	90	5	
2	176	180	209	253	253	184	143	63	123	49	57	140	190	76	56	135	27	255	17	146	120	251	211	15	30	31	255	208	76	133	223	
42	184	176	216	237	253	144	207	159	125	52	57	172	159	70	14	143	27	247	17	22	106	242	241	143	80	30	251	210	76	143	255	
221	77	254	102	42	26	79	188	225	194	246	138	123	103	147	115	54	244	125	234	233	193	173	44	242	235	101	144	39	243	226	105	
78	176	180	241	235	125	184	75	187	255	53	61	140	191	78	30	167	31	255	17	22	95	186	208	159	82	95	255	130	68	135	215	
78	50	182	176	235	116	184	67	187	255	151	187	140	255	78	30	167	23	255	145	148	71	170	192	223	83	223	239	134	100	175	215	
125	79	84	71	180	30	102	180	97	232	126	108	115	96	149	247	50	230	108	110	205	176	237	44	166	239	101	144	111	250	218	13	
252	205	70	238	140	2	78	253	165	162	182	2	123	107	33	83	120	228	108	234	104	227	9	173	242	235	231	16	103	187	240	8	
42	170	50	26	253	241	144	199	223	29	244	57	168	220	102	148	201	59	195	17	22	107	234	243	27	85	29	123	211	12	223	207	
252	104	240	102	110	58	79	152	113	226	183	10	91	233	213	58	63	236	125	234	232	119	239	170	214	235	229	188	231	247	66	161	
50	159	91	170	242	139	22	252	143	72	248	237	103	237	162	16	222	251	135	103	223	186	72	63	184	213	45	250	92	138	138	219	
253	73	254	102	42	26	127	188	113	194	246	138	123	103	147	119	118	244	125	238	233	215	173	232	242	235	101	128	39	179	226	105	
32	159	122	218	244	195	243	246	86	12	124	34	176	221	182	96	88	58	7	74	138	186	104	63	106	15	162	201	85	138	116	235	
62	205	228	247	150	2	238	181	117	19	246	2	107	105	28	73	123	198	53	235	248	248	77	237	174	223	214	192	231	251	240	8	
34	188	34	152	93	197	176	207	30	85	80	19	172	220	118	0	217	59	179	145	38	122	82	247	29	22	158	107	145	12	181	218	
2	156	144	155	223	197	184	239	30	25	88	19	172	254	40	64	221	59	179	129	50	26	90	247	45	22	158	235	144	12	165	219	
32	223	90	238	112	131	87	244	4	12	124	229	119	251	160	80	222	123	7	98	200	170	72	63	96	229	36	136	120	186	228	155	
34	184	160	152	221	205	176	207	159	125	208	29	172	252	126	8	201	27	179	17	54	107	210	215	13	22	159	127	209	12	215	222	
3	201	15	141	16	134	174	246	44	72	74	199	241	226	48	64	124	107	27	205	193	152	21	109	36	44	174	128	28	146	49	152	
206	216	244	246	44	18	90	184	187	218	151	161	237	127	157	123	151	117	253	239	224	69	175	236	138	251	207	150	134	183	65	85	
188	91	31	238	56	66	87	248	164	140	240	237	119	83	161	17	92	244	76	98	73	163	8	44	240	225	37	144	104	187	38	51	
17	205	43	239	180	194	199	180	84	200	90	98	243	112	177	96	88	110	20	107	233	184	44	45	225	175	166	128	52	186	112	169	
34	189	164	209	221	245	148	103	31	255	184	27	40	188	70	0	205	187	243	145	122	122	243	215	63	22	157	251	209	76	214	223	
19	77	42	172	94	147	190	102	84	128	202	131	161	168	55	64	250	239	43	197	76	187	69	254	240	37	142	9	93	62	57	142	
93	69	110	229	34	18	111	56	100	194	223	130	219	103	155	99	118	244	125	239	201	209	165	12	242	235	239	128	39	243	33	113	
42	253	18	94	219	213	150	230	159	0	236	2	44	247	37	180	232	251	146	192	71	11	26	255	59	222	7	43	91	21	43	174	
17	77	111	175	54	2	111	48	44	64	222	198	117	102	179	96	118	229	63	239	201	145	37	45	244	175	235	128	61	179	33	113	
34	253	32	217	221	213	148	231	31	127	216	155	40	188	118	32	205	187	179	129	254	59	114	255	63	22	158	251	21	92	244	223	
56	205	110	239	20	147	239	248	84	0	255	2	113	233	176	97	120	234	31	234	232	187	45	191	122	239	167	128	55	187	112	168	
2	176	176	209	253	253	184	207	31	121	112	57	140	158	108	8	167	27	247	17	146	120	115	211	15	30	30	239	208	12	133	219	
47	108	232	67	254	59	203	216	95	224	189	206	91	76	223	44	63	204	87	255	157	118	237	186	94	93	165	244	247	255	82	245	
217	205	126	239	182	18	79	188	37	64	222	130	127	103	178	97	118	246	61	238	249	137	45	173	242	235	231	144	54	178	176	121	
2	184	48	217	237	253	184	207	159	93	112	61	172	158	102	104	207	27	183	17	150	106	114	243	15	30	30	235	146	12	133	223	
252	104	226	102	78	26	110	220	113	162	182	10	91	233	213	62	58	236	117	234	200	247	172	234	118	239	229	188	231	243	98	32	
56	205	70	239	148	131	78	253	133	128	250	2	107	105	56	65	120	230	31	226	120	169	9	189	250	239	167	208	55	186	240	8	
61	104	234	71	110	59	235	216	115	226	181	138	91	205	223	190	63	220	85	254	141	246	237	170	94	205	37	180	231	255	82	229	
2	176	176	209	235	253	176	207	159	125	52	57	172	158	70	12	143	27	243	17	22	122	242	209	31	80	30	255	146	76	135	223	
109	123	231	71	228	26	230	188	105	234	118	236	123	104	151	183	62	228	116	110	205	242	237	40	54	120	101	176	111	255	90	253	
15	249	236	215	190	145	255	189	206	81	94	162	249	239	218	98	38	123	255	223	214	216	239	253	110	77	175	224	55	183	209	249	
2	164	148	155	252	169	184	111	62	59	115	24	204	42	88	72	155	15	106	17	50	120	203	215	44	22	94	228	148	72	131	137	
70	176	182	177	235	244	184	67	187	255	21	183	140	190	78	10	167	31	255	145	22	95	178	194	159	86	223	239	134	68	167	215	
