香奈儿可可小姐唇露	768 - 颓靡	https://i.chanel.cn/fnbv3/image/full/shades/rouge-coco-gloss--768--55g.0156768_S.jpg	https://i.chanel.cn/fnbv3/image/full/chanel__com_type1/skus_full/rouge-coco-gloss--768--55g.3145891567687.jpg
131	182	195	145	242	171	188	223	62	243	83	247	204	174	206	76	55	15	183	149	183	220	141	194	12	22	63	230	140	196	161	213	
2	156	242	217	230	131	188	199	159	83	90	179	172	254	116	64	239	59	183	129	130	153	2	243	60	62	158	235	149	76	165	219	
32	141	2	138	148	163	166	239	22	1	88	2	96	232	48	64	89	106	2	49	50	186	8	191	40	4	135	64	149	74	176	136	
2	132	98	137	86	162	168	103	60	65	90	147	172	174	52	96	127	11	19	149	146	152	5	223	28	46	154	192	149	12	177	220	
3	181	98	203	246	177	186	103	31	73	92	163	172	254	180	36	223	59	147	149	150	184	36	223	46	28	154	234	151	142	241	221	
34	189	50	200	245	149	186	231	15	73	88	35	44	156	118	32	222	59	151	145	146	58	34	247	47	28	154	234	215	14	177	223	
34	185	160	154	223	193	178	199	10	69	72	139	172	140	118	0	200	59	147	209	22	58	210	241	61	20	158	107	213	14	151	222	
19	159	99	143	86	178	239	246	117	192	90	230	121	110	180	228	126	239	23	239	229	153	45	255	52	46	170	128	63	230	49	253	
3	191	226	155	214	147	190	198	31	69	90	183	44	238	182	64	127	123	147	149	166	154	46	255	62	14	158	194	21	92	181	221	
79	157	244	247	246	48	255	183	63	219	94	183	253	127	222	102	39	87	183	157	178	216	47	227	110	223	255	198	167	246	241	253	
59	1	114	224	54	51	250	80	109	65	255	138	31	13	182	96	110	157	159	253	142	179	37	204	210	253	170	208	103	142	112	81	
118	125	102	198	223	213	158	240	137	206	188	175	104	252	55	3	236	241	215	227	204	43	186	238	59	88	205	187	71	127	126	215	
131	146	26	185	116	172	184	19	190	89	82	85	188	142	182	72	230	43	55	157	183	156	2	215	68	62	186	194	156	132	41	157	
179	134	206	173	22	2	104	127	52	194	210	215	49	35	146	80	125	172	63	173	189	222	213	206	220	46	250	128	173	164	120	216	
79	219	46	190	175	157	190	232	207	92	149	167	236	200	55	67	254	99	251	231	196	99	94	253	250	115	207	155	95	62	57	215	
130	157	182	157	253	172	188	231	190	91	90	49	172	190	32	64	199	59	187	129	242	220	2	247	45	54	94	202	148	84	165	219	
122	1	98	232	124	19	218	81	109	64	255	138	11	15	180	116	110	149	95	253	216	171	101	204	210	249	170	220	39	142	112	81	
63	93	99	207	85	23	238	248	85	200	126	70	89	233	180	228	126	236	22	238	201	178	61	254	54	108	167	128	127	191	112	164	
34	143	98	158	223	209	190	230	159	68	92	163	40	236	55	196	250	107	147	199	118	171	46	255	63	54	158	171	23	94	61	222	
56	159	22	236	157	199	86	127	85	12	250	35	98	249	36	209	248	186	142	96	124	187	81	189	187	231	160	83	123	10	252	11	
3	136	193	185	116	154	232	23	124	97	82	215	183	8	144	232	106	44	54	157	167	188	69	207	132	62	186	192	156	140	89	156	
126	67	170	172	47	6	95	104	169	140	222	175	111	207	55	82	254	237	253	231	204	131	138	200	243	117	207	159	23	63	54	83	
93	71	71	196	22	18	110	120	101	160	255	198	91	99	189	245	122	196	60	238	233	177	45	204	178	232	163	132	47	183	120	36	
130	157	54	155	249	245	188	231	158	95	88	53	172	190	38	64	231	59	179	129	242	24	50	247	45	22	30	203	144	84	165	223	
187	17	106	232	54	18	203	112	101	96	255	166	27	13	182	244	126	157	151	238	201	179	37	206	242	237	162	196	119	142	112	241	
122	65	98	232	110	19	218	121	45	96	244	138	27	143	180	116	126	149	95	238	200	163	36	204	242	249	170	184	119	142	114	217	
1	130	117	81	116	187	225	23	126	97	114	80	187	8	148	236	107	46	6	24	177	188	101	223	12	190	50	64	212	136	81	173	
120	137	106	108	197	86	86	117	117	12	254	2	115	249	180	113	120	254	55	234	88	187	48	173	115	235	224	129	115	170	252	139	
61	125	83	78	84	15	103	120	101	232	255	78	115	209	177	244	120	236	6	106	201	179	125	63	50	236	37	12	127	187	114	160	
2	189	50	155	243	229	188	231	30	93	88	19	172	190	38	64	229	59	147	145	118	152	18	247	47	22	30	227	144	76	165	223	
59	81	122	236	38	19	223	121	101	96	245	170	27	15	183	48	126	157	151	239	200	179	36	204	242	233	162	144	103	158	114	113	
60	117	123	100	119	91	87	88	97	224	255	42	91	223	33	48	58	252	149	226	73	178	184	140	243	205	37	37	111	187	102	243	
83	141	107	205	214	214	239	119	101	64	126	198	121	38	182	228	118	167	50	236	209	152	53	237	55	44	162	192	45	162	225	252	
253	69	71	237	20	2	111	120	101	160	255	66	91	99	185	245	122	196	62	238	233	177	13	140	240	235	227	132	47	179	112	32	
120	223	26	190	109	199	86	125	145	142	248	109	102	249	34	144	220	236	228	98	109	163	202	191	178	247	101	155	90	62	254	219	
61	69	71	237	20	2	107	120	100	128	251	66	83	35	185	97	120	196	30	238	105	179	5	140	240	233	163	20	55	187	112	32	
35	239	98	30	215	145	158	236	95	4	124	175	104	232	182	132	95	235	131	199	198	58	78	255	62	28	143	171	87	159	250	206	
244	84	111	198	77	68	197	236	249	94	183	30	82	222	47	123	248	208	111	227	105	103	186	202	241	35	231	29	33	59	118	115	
18	207	106	188	63	145	188	103	140	5	218	167	44	138	182	192	238	43	155	133	198	137	6	255	48	37	154	139	53	12	185	207	
126	113	123	226	59	83	19	200	171	232	191	40	79	223	107	48	186	253	223	242	9	35	168	200	251	213	7	255	227	51	39	115	
60	113	123	224	55	95	83	216	101	224	189	42	91	221	107	48	250	220	151	114	73	179	56	156	251	205	33	127	127	187	102	115	
72	188	183	241	169	236	117	151	187	219	166	17	158	191	64	91	165	119	253	16	51	109	146	224	207	251	86	67	194	68	167	91	
130	160	146	152	195	225	184	71	190	23	64	179	140	142	104	72	235	27	163	145	50	94	130	211	29	22	218	111	144	68	165	194	
116	74	104	238	6	67	95	248	1	68	245	171	115	77	187	0	94	224	21	239	200	35	108	189	242	201	161	184	117	187	116	121	
140	60	171	243	71	124	179	82	182	223	87	18	157	247	83	43	105	216	219	146	33	244	186	160	87	193	227	109	163	105	55	242	
37	33	241	65	244	111	227	89	65	224	125	74	83	21	221	52	88	220	22	122	153	178	117	12	111	140	33	36	231	171	82	160	
6	47	158	177	179	251	56	67	190	189	86	179	140	174	99	72	167	63	175	145	54	216	135	230	206	119	127	195	132	69	173	135	
189	65	106	236	212	18	79	117	69	192	255	2	83	201	179	112	122	236	23	234	217	179	36	142	114	233	165	128	103	186	240	224	
184	1	112	107	36	155	120	49	117	0	119	16	219	11	152	81	58	136	4	42	248	184	105	157	230	249	32	64	119	138	194	9	
47	118	226	15	117	55	234	88	67	232	249	207	73	232	191	164	124	204	22	239	141	178	221	138	54	28	129	164	239	255	122	148	
37	117	121	103	116	79	111	184	113	168	127	104	83	21	153	48	126	220	6	106	233	178	125	14	103	173	33	68	101	187	70	225	
8	189	58	118	113	221	119	243	189	204	110	9	190	255	35	144	164	123	221	66	70	169	50	191	251	253	20	11	66	83	79	91	
6	168	62	241	235	233	49	99	190	61	5	49	140	151	98	88	163	59	235	16	18	89	10	213	207	209	31	231	144	12	133	195	
151	190	194	147	178	178	170	115	62	193	91	247	205	234	246	204	119	47	183	157	183	216	13	206	44	46	191	194	175	196	169	149	
130	149	63	156	223	213	189	103	158	95	68	19	172	190	38	111	229	27	187	129	114	201	50	213	107	50	218	75	18	76	181	255	
157	52	62	115	149	255	113	81	119	123	119	50	91	151	202	253	125	158	190	152	187	212	121	150	223	203	241	197	163	204	228	243	
109	80	241	71	100	78	111	24	97	234	127	66	91	117	157	244	118	220	54	106	193	180	253	202	55	172	33	4	111	251	64	49	
2	176	26	185	239	201	181	231	142	61	21	59	140	159	106	74	163	27	235	17	82	121	10	209	221	81	31	255	148	12	133	195	
3	182	195	145	246	178	170	247	62	193	91	247	89	238	188	228	119	47	23	189	183	152	45	198	44	14	191	196	173	196	177	245	
29	133	107	205	214	50	239	119	84	193	222	198	81	109	190	96	126	206	23	252	185	186	37	206	122	173	166	196	167	234	240	240	
194	159	240	214	245	220	252	183	249	75	62	183	172	63	22	38	175	51	151	5	246	104	176	231	47	94	222	195	134	196	215	223	
106	221	54	222	91	212	150	230	137	79	156	47	44	254	38	38	173	115	211	193	230	11	178	255	59	126	158	187	83	84	175	223	
255	71	98	14	109	18	238	224	241	140	255	175	73	232	191	215	122	236	166	231	236	243	172	204	50	120	199	141	103	183	126	196	
140	180	173	243	237	249	237	89	62	119	69	146	221	119	90	171	35	27	147	24	51	84	126	214	205	195	122	101	150	200	133	240	
181	65	99	78	68	2	239	120	68	192	243	66	83	192	189	37	120	236	22	234	201	183	44	12	48	168	163	4	101	187	114	164	
254	253	224	198	255	119	158	255	147	238	156	175	104	125	215	39	255	247	223	231	252	99	248	238	59	94	205	191	231	255	246	223	
25	158	18	253	177	191	94	191	127	111	110	84	239	99	170	244	183	47	172	12	191	152	57	191	234	255	53	70	186	132	137	77	
11	188	233	211	246	50	255	183	122	115	94	246	185	47	214	236	119	95	183	157	179	220	173	227	110	111	254	196	175	212	241	253	
31	4	234	197	246	50	239	95	116	195	94	214	89	47	190	236	127	206	55	189	177	188	165	194	126	111	190	196	167	244	249	241	
131	182	203	145	242	50	173	223	62	115	82	247	157	174	222	172	55	79	55	157	183	220	165	195	12	6	191	228	173	212	171	221	
9	158	22	255	49	157	107	214	23	9	86	116	191	211	160	228	87	58	190	8	163	156	115	191	239	255	50	192	58	136	41	169	
242	255	228	70	255	119	222	255	137	238	188	175	106	60	215	55	143	247	213	227	236	107	232	238	59	94	205	191	103	126	214	223	
130	182	144	145	235	169	176	207	62	63	80	255	172	174	206	137	167	27	231	17	54	124	138	243	12	18	126	239	148	76	143	159	
162	182	156	155	237	233	176	207	159	63	48	59	172	188	110	9	203	27	227	17	54	126	194	243	13	18	94	251	212	76	143	143	
24	188	147	185	19	207	57	222	54	41	84	114	189	151	32	164	247	59	151	145	35	220	19	183	237	215	62	226	186	4	173	187	
2	141	2	156	20	162	42	99	20	1	91	18	104	226	32	64	120	42	2	128	48	152	0	223	32	38	154	192	20	74	176	136	
162	164	148	155	237	233	176	207	158	63	112	59	172	190	104	9	203	27	227	17	54	126	195	243	13	18	94	239	208	72	133	139	
130	172	148	153	237	229	176	207	158	31	80	19	172	190	96	73	201	59	171	17	50	110	82	241	13	18	222	107	144	72	165	138	
170	170	169	187	111	201	185	198	158	85	112	191	172	140	102	8	239	123	131	213	6	122	46	243	93	21	26	171	85	13	135	219	
236	112	62	254	105	93	177	92	164	78	215	61	124	221	107	75	220	124	255	98	32	247	251	162	87	225	112	187	82	63	36	251	
166	125	244	198	239	21	158	204	139	250	184	171	12	254	125	43	239	219	215	227	192	67	234	224	59	24	207	191	21	127	167	223	
79	189	244	215	190	180	191	191	171	221	30	165	253	255	222	103	39	119	253	223	247	88	175	229	110	95	255	198	134	246	133	125	
38	127	50	158	239	213	158	224	139	222	152	175	44	222	103	35	238	123	215	195	196	107	170	248	59	24	207	187	21	127	55	223	
47	71	70	79	117	23	174	120	95	232	89	198	72	104	188	164	124	72	146	239	229	178	93	222	46	30	143	166	95	191	248	148	
61	13	106	238	214	34	239	115	85	194	223	130	83	109	177	96	127	238	23	175	184	179	44	142	114	239	163	128	165	235	112	224	
43	52	227	200	83	247	171	90	31	193	92	238	108	247	244	228	127	185	147	156	131	146	190	219	54	28	139	170	191	198	39	245	
126	221	242	214	255	215	158	242	153	238	188	175	108	253	183	38	255	243	215	227	236	107	58	254	123	95	143	187	23	127	118	247	
130	141	150	157	240	169	60	39	190	19	90	16	172	162	0	65	231	59	123	128	114	220	195	247	44	54	94	194	132	80	129	137	
130	133	150	157	180	170	188	39	62	51	90	16	172	42	16	65	231	15	59	129	114	220	67	215	44	54	222	192	132	64	161	137	
127	71	70	70	87	18	110	120	225	128	255	198	75	98	191	245	122	228	236	238	237	179	45	204	50	107	129	132	111	183	122	4	
58	181	235	236	30	99	91	250	23	165	222	131	121	255	48	96	127	253	55	161	136	147	173	159	251	239	175	148	55	234	52	115	
31	4	235	199	214	34	239	83	116	195	95	214	89	110	187	100	119	238	23	189	177	144	45	206	124	46	175	196	167	230	177	241	
166	121	226	158	207	213	182	192	155	222	208	143	40	220	119	10	236	251	179	199	198	103	186	249	51	16	207	171	87	63	119	222	
53	73	107	206	212	2	79	113	65	128	255	74	83	193	189	116	120	236	22	234	201	179	44	12	112	168	161	0	101	251	112	160	
159	14	226	148	148	178	238	242	117	198	222	215	105	234	183	205	127	231	23	175	172	223	4	238	50	110	255	128	175	245	120	204	
2	26	106	93	118	210	177	67	127	109	118	179	104	156	182	104	122	60	183	145	164	252	37	205	86	46	242	195	103	140	117	255	
3	184	180	221	45	133	184	162	222	209	82	2	188	252	52	230	207	123	59	153	131	248	83	253	13	58	223	74	28	44	89	174	
130	177	146	144	197	237	176	71	190	19	65	18	140	154	104	73	161	27	179	17	50	124	146	209	13	18	90	107	144	72	161	131	
222	197	101	238	143	86	78	249	117	254	183	2	75	127	60	115	120	196	93	234	236	231	61	141	243	235	229	149	55	183	244	66	
188	56	182	255	41	247	49	88	23	234	118	48	95	223	97	108	212	124	253	18	136	215	243	162	211	253	49	171	130	237	36	243	
134	248	178	154	237	133	190	198	158	91	80	19	172	222	101	8	207	123	179	211	130	94	154	243	45	26	158	170	148	29	161	219	
170	180	189	187	239	229	181	255	154	95	84	63	188	125	78	139	141	19	179	17	243	126	122	243	77	19	126	238	216	92	151	251	
130	189	150	157	250	169	188	167	190	27	90	48	172	182	0	65	167	123	123	0	114	220	195	255	44	54	94	130	128	80	129	137	
2	149	178	153	241	173	184	7	62	27	90	49	172	190	100	72	199	59	179	17	178	216	2	215	13	22	30	194	144	76	161	155	
60	65	98	236	148	3	78	125	69	128	252	10	91	201	56	80	120	172	31	234	216	163	0	157	242	233	163	152	119	187	242	0	
159	28	199	151	146	50	174	19	60	227	91	246	93	102	181	236	55	111	55	189	181	220	45	238	44	46	255	196	175	229	169	245	
39	255	65	170	254	75	135	232	158	242	152	238	213	228	249	32	95	91	86	119	243	99	78	63	184	6	175	188	157	123	147	181	
119	182	243	84	252	11	198	232	123	234	184	239	66	104	148	16	191	205	102	39	173	227	205	94	58	30	101	190	237	234	114	213	
92	215	18	174	138	4	78	248	164	8	200	102	117	227	41	208	116	195	46	234	75	3	26	57	176	165	175	140	56	115	169	1	
130	189	150	157	240	172	60	167	190	27	90	48	172	182	32	64	231	123	59	0	114	216	2	255	44	54	94	130	144	80	161	137	
59	5	98	224	118	50	218	82	69	64	255	130	27	15	181	112	126	137	23	173	140	179	101	206	242	221	162	144	103	142	112	229	
18	157	59	216	147	240	185	103	156	69	76	50	60	190	38	96	230	59	147	129	18	153	50	215	121	39	154	195	20	0	165	250	
57	5	106	225	118	50	107	80	85	96	255	134	91	13	191	100	126	156	23	173	137	178	37	142	242	237	160	128	103	175	112	241	
163	142	206	189	20	2	104	51	52	227	210	215	177	34	146	64	109	172	63	141	173	156	69	15	204	46	186	192	45	132	120	152	
75	83	46	174	47	159	159	104	205	76	222	175	236	200	55	66	254	229	255	231	196	35	158	253	242	117	207	155	31	62	57	87	
59	1	98	232	86	18	74	112	69	96	255	138	27	15	180	116	126	141	31	239	204	179	37	204	242	233	170	144	119	142	114	192	
47	79	98	207	117	151	238	248	85	200	126	198	104	232	183	228	120	236	146	238	197	178	44	255	54	124	135	130	127	190	120	140	
2	157	34	158	223	209	190	231	158	68	88	163	172	254	54	64	235	123	179	193	102	139	58	255	63	54	158	139	21	92	181	222	
1	158	51	217	116	188	233	23	124	75	82	80	188	184	176	236	199	43	22	29	179	188	32	215	5	62	58	192	152	136	81	237	
126	67	106	172	63	18	95	120	169	140	220	175	79	207	51	80	254	253	223	231	204	3	168	201	243	245	143	155	55	63	54	115	
2	221	50	155	243	197	188	231	158	91	88	51	172	254	36	64	231	59	179	129	114	152	18	247	45	54	30	203	16	92	165	219	
15	189	228	247	246	176	254	191	191	249	30	163	237	255	222	102	183	119	183	221	178	88	175	239	110	255	239	198	167	246	209	125	
41	93	67	78	117	151	230	248	87	200	124	78	106	232	181	228	120	232	22	110	205	178	124	255	54	124	133	2	127	190	122	164	
187	1	98	236	22	19	222	121	101	64	253	138	27	15	180	112	126	141	23	238	200	179	36	206	242	233	162	148	103	174	114	112	
1	156	59	89	52	173	249	55	124	11	118	80	188	179	164	100	135	58	6	8	179	188	32	87	77	190	50	192	216	128	65	169	
102	127	98	222	127	215	158	226	137	206	248	175	104	252	55	34	236	243	215	227	236	43	186	239	59	28	143	187	71	127	119	223	
6	253	50	158	239	133	190	230	137	218	152	171	44	254	119	3	207	123	215	199	192	75	138	233	60	24	207	171	20	127	39	219	
2	253	50	155	211	229	188	231	30	95	88	51	172	254	110	64	239	59	147	145	114	152	18	247	45	22	30	235	144	84	165	219	
56	159	82	232	245	215	114	119	69	12	254	103	106	185	32	192	248	186	135	96	92	187	1	189	123	253	160	195	123	138	252	155	
155	91	70	156	6	144	174	246	156	64	82	231	41	138	183	197	110	107	183	199	199	153	6	253	48	96	170	130	61	156	57	157	
124	113	123	226	59	211	95	200	169	200	189	168	127	223	43	48	254	249	221	242	73	131	184	236	243	213	5	187	107	179	38	115	
61	117	123	100	86	87	119	240	68	192	126	6	91	93	179	48	126	252	22	234	201	178	60	14	115	205	37	0	111	187	114	243	
3	31	198	149	246	146	190	246	156	198	90	231	173	234	183	196	111	239	183	197	228	216	4	239	46	102	254	129	47	244	57	221	
47	253	67	78	85	159	198	248	87	232	252	78	106	232	189	180	88	232	22	110	207	178	124	255	62	28	133	58	95	191	90	180	
34	239	96	155	215	209	190	238	31	5	88	167	40	236	54	0	223	107	131	215	214	58	110	255	46	22	159	235	85	30	191	222	
146	207	238	156	203	240	188	231	190	151	218	179	44	174	166	75	103	251	175	129	38	207	6	255	120	38	254	139	181	116	173	223	
74	188	151	178	139	252	52	231	191	27	34	17	172	190	100	223	161	115	251	17	50	201	146	225	173	242	94	67	130	68	165	127	
127	77	102	78	85	210	238	96	229	196	255	135	74	232	183	244	120	228	206	238	236	163	60	238	50	126	129	11	103	183	122	68	
47	71	70	141	221	151	174	232	95	224	89	199	72	232	191	164	252	104	146	239	197	178	95	223	46	30	143	134	95	63	121	148	
56	155	122	108	245	150	215	117	69	12	254	100	115	249	166	80	216	254	167	106	216	187	32	141	114	253	162	137	91	170	252	187	
39	102	226	14	117	23	238	216	91	238	89	207	104	200	255	132	92	232	146	239	196	182	204	235	54	28	141	175	95	255	122	196	
23	159	71	129	146	178	174	119	61	193	91	247	73	234	182	196	127	239	55	189	181	153	13	206	60	46	175	192	175	230	185	21	
189	69	106	236	212	18	79	117	85	192	254	2	83	201	184	112	120	236	23	234	248	179	36	142	114	233	165	128	119	250	240	160	
2	221	54	154	203	213	188	239	139	95	24	19	44	254	102	3	239	123	147	129	86	75	186	245	59	16	222	235	17	84	165	223	
45	116	227	79	116	30	230	88	65	234	121	78	83	120	157	180	120	204	22	110	205	178	253	202	54	60	33	36	111	255	122	164	
37	113	113	69	244	79	239	248	117	232	127	98	81	85	157	180	122	204	22	106	193	178	125	206	36	30	165	4	111	187	114	165	
28	157	58	254	211	221	118	243	189	76	111	9	126	255	34	144	164	123	221	66	70	171	58	255	243	253	6	11	66	87	175	219	
51	141	107	204	212	246	239	119	100	72	254	66	112	190	182	96	120	174	22	237	217	187	36	223	121	44	162	192	21	130	240	237	
2	162	30	185	162	203	53	199	190	61	87	177	140	151	98	64	167	31	175	16	82	88	139	213	236	243	63	231	144	4	133	195	
61	71	71	237	21	2	107	120	69	136	255	66	91	67	185	229	120	132	30	234	233	179	5	140	240	232	163	132	63	187	112	32	
253	81	67	79	101	30	238	248	117	234	243	78	91	120	189	244	122	204	54	238	205	182	125	206	54	62	229	132	111	191	120	133	
10	178	26	185	226	139	184	207	158	61	86	247	140	142	234	192	167	27	167	17	86	217	14	215	206	87	63	231	180	12	141	143	
57	197	107	193	214	178	239	247	84	193	254	194	81	45	190	96	126	206	23	252	249	186	37	174	122	173	166	196	167	202	240	232	
60	5	98	236	212	3	78	125	69	0	254	2	91	233	185	80	120	238	23	234	216	187	0	174	242	237	166	148	119	250	240	128	
98	221	54	222	219	212	150	230	139	79	220	47	44	254	38	2	237	115	211	193	230	11	178	255	59	54	158	187	19	84	167	223	
118	77	102	30	219	208	150	226	129	196	239	171	104	236	55	212	234	243	227	227	108	171	46	239	51	118	142	139	119	63	126	214	
253	71	70	204	93	18	78	120	197	136	255	70	75	99	185	245	120	228	174	238	233	179	13	204	50	233	227	132	63	175	120	36	
56	91	250	252	124	135	215	125	209	204	252	237	99	237	167	16	222	248	132	102	205	163	98	175	226	255	37	154	94	190	206	219	
31	188	234	211	246	178	255	183	127	243	94	182	57	47	222	228	119	222	183	157	151	252	173	227	110	111	191	196	167	214	241	253	
246	189	244	230	255	87	158	254	155	234	152	47	104	125	247	34	223	247	223	231	232	111	232	238	187	94	205	187	199	126	54	223	
74	50	26	136	107	149	56	72	172	0	198	173	140	134	34	208	230	61	251	224	4	3	130	208	150	113	10	187	26	132	43	149	
27	132	234	193	214	50	239	223	119	227	94	146	89	47	190	100	127	206	55	157	159	184	37	230	126	111	182	196	167	220	240	237	
11	188	235	145	246	178	239	223	126	103	94	246	153	174	222	228	119	79	55	157	151	220	173	247	110	15	191	196	175	196	177	253	
130	190	209	155	226	169	184	223	62	127	80	255	172	174	204	136	183	27	135	21	183	124	143	243	12	22	62	230	220	68	131	221	
153	156	22	251	51	151	114	214	23	9	86	118	190	147	162	228	246	58	190	24	171	156	115	255	231	255	50	194	58	141	41	175	
226	253	244	198	238	1	158	239	139	250	184	171	108	190	93	3	175	215	223	231	240	75	202	234	62	24	207	190	69	126	163	219	
91	158	118	92	177	159	95	191	127	79	238	21	107	111	182	244	183	231	236	12	190	169	53	255	250	255	20	83	90	132	204	95	
138	182	148	155	239	169	176	207	30	63	80	115	172	186	232	201	207	27	167	17	50	124	67	243	12	18	126	235	144	76	141	139	
130	172	148	187	237	225	176	207	158	31	80	51	172	190	96	203	201	27	171	17	50	108	66	241	141	146	222	235	144	72	173	139	
2	32	94	61	106	217	56	72	174	180	192	129	237	206	98	82	166	101	235	196	6	65	142	81	22	241	11	61	0	132	47	196	
26	174	35	187	23	201	187	198	30	69	80	163	173	207	51	132	255	59	147	149	34	156	58	255	229	215	154	163	182	12	37	250	
27	156	18	249	19	215	90	246	55	41	206	18	191	151	32	228	247	59	159	144	43	156	49	255	171	215	26	195	186	132	169	63	
244	211	127	238	236	70	87	248	209	254	181	110	82	220	173	123	252	212	125	99	233	103	59	136	241	186	229	158	81	59	246	115	
188	52	182	115	177	255	80	80	119	187	247	49	90	223	13	125	213	255	181	18	186	244	123	166	219	251	113	195	226	205	100	19	
49	50	116	73	78	31	240	88	119	106	246	102	67	8	150	120	127	140	102	140	140	180	101	146	22	239	113	2	111	142	66	133	
140	52	174	243	197	125	113	218	118	255	87	18	219	247	75	111	105	154	191	154	178	244	251	226	207	211	243	103	162	101	101	242	
27	156	50	217	177	247	90	183	127	77	254	52	238	242	166	244	183	235	158	24	191	137	49	255	171	223	23	215	154	132	169	127	
146	76	215	188	131	224	180	230	157	130	194	179	44	190	37	77	227	123	179	129	36	207	2	239	19	102	222	139	181	116	37	142	
181	64	99	69	20	2	239	220	84	224	247	66	83	64	189	44	120	204	22	234	137	180	45	14	48	140	163	132	109	187	112	228	
49	34	231	101	126	15	234	120	119	234	242	207	67	104	148	184	255	205	102	37	173	246	205	30	62	254	117	22	109	170	98	149	
138	132	180	251	165	121	61	159	31	87	68	16	141	231	234	237	151	27	179	24	50	220	123	243	207	223	86	71	146	220	141	254	
46	174	243	206	255	177	106	234	23	136	124	98	104	251	252	228	91	250	183	152	2	58	138	255	62	30	135	235	151	238	116	165	
130	141	150	153	180	168	188	39	62	27	90	16	172	170	32	64	231	43	59	17	114	220	67	247	44	54	222	194	148	64	129	137	
185	69	106	236	86	18	79	121	65	96	247	130	91	13	186	113	126	140	23	238	237	179	37	142	242	233	160	132	103	186	112	241	
18	158	106	229	118	170	187	119	60	5	122	247	109	173	182	64	127	191	7	161	176	189	5	207	126	38	186	192	229	128	117	217	
31	133	235	193	150	34	239	119	117	195	95	210	81	111	188	100	127	238	23	189	177	152	45	206	126	46	175	196	167	226	240	240	
53	167	195	172	190	107	142	250	22	226	152	238	119	236	185	160	63	207	94	39	201	227	13	31	184	134	173	252	189	250	19	176	
130	49	146	152	203	228	180	71	190	19	65	18	140	158	96	75	225	59	179	144	50	94	146	193	29	18	94	107	144	64	165	146	
53	13	99	78	196	34	239	113	197	194	251	66	81	224	181	100	120	230	22	234	217	179	44	172	48	40	167	128	101	251	240	164	
139	182	211	145	178	187	168	255	62	115	83	247	205	230	234	204	55	31	183	149	183	220	13	215	172	70	63	198	174	196	169	213	
39	168	234	154	91	149	186	194	223	66	124	142	40	206	126	176	255	43	146	133	135	30	190	243	62	29	155	171	29	6	43	220	
154	212	240	115	135	254	116	63	127	107	231	16	202	127	30	125	241	158	189	16	190	252	121	215	207	255	212	87	243	68	212	95	
109	159	208	142	255	167	78	250	7	128	248	239	108	227	169	212	95	234	6	238	90	2	90	255	120	150	135	172	187	254	168	1	
55	166	195	52	252	79	207	232	90	226	184	206	83	108	148	176	191	205	118	47	169	247	239	94	56	14	109	188	205	234	114	244	
70	169	167	157	205	208	96	166	247	21	194	3	232	238	86	202	225	239	235	209	30	217	239	225	15	114	223	67	128	68	116	78	
23	140	227	83	146	178	238	55	127	195	91	214	89	110	188	228	119	239	55	189	181	220	45	206	62	46	191	196	175	230	185	117	
102	255	242	220	255	213	158	230	153	202	152	175	108	253	183	2	238	243	215	231	224	43	42	255	59	30	143	187	71	253	55	223	
138	188	180	189	239	253	181	159	30	127	84	55	188	191	74	143	207	27	179	17	50	124	251	211	205	215	95	235	146	76	133	251	
162	249	178	158	239	197	190	230	154	210	80	11	172	252	119	33	204	123	179	71	198	75	154	241	53	24	223	43	21	125	183	222	
66	173	228	215	254	144	254	191	175	241	30	131	233	239	220	102	183	127	255	221	178	88	175	255	46	126	143	234	167	230	209	221	
118	93	102	14	87	210	214	96	229	196	255	167	104	236	55	116	248	229	211	231	236	171	60	239	51	62	130	11	103	63	126	214	
154	219	110	188	50	144	158	246	149	4	214	167	41	143	182	65	110	243	159	197	236	143	6	239	242	99	250	139	55	148	61	95	
149	0	235	197	70	34	239	88	84	194	87	214	81	140	191	104	126	140	23	175	225	180	37	202	84	46	170	132	45	251	112	244	
1	142	75	181	52	170	104	55	124	73	90	212	177	34	144	96	66	46	30	141	181	152	101	79	132	62	186	192	12	128	80	92	
91	211	42	174	47	157	159	232	205	68	158	175	236	200	55	64	254	225	255	231	196	35	222	253	242	117	143	187	31	62	57	87	
186	1	98	232	84	3	202	113	69	0	255	10	11	11	52	80	122	140	31	233	136	163	5	206	178	237	128	148	119	138	114	128	
122	71	107	236	119	6	95	120	1	140	252	175	75	239	51	80	254	237	149	231	200	179	32	142	243	237	175	155	55	190	118	115	
35	143	98	142	117	151	238	232	93	72	124	198	104	232	182	228	120	234	146	239	198	186	110	255	54	62	135	139	95	142	120	141	
2	157	34	158	223	197	190	231	158	69	72	163	172	254	38	64	239	123	147	193	102	26	18	255	61	54	158	171	21	92	181	223	
24	157	63	252	147	196	181	103	172	1	78	50	60	191	32	96	230	59	155	128	115	137	50	223	123	231	18	67	50	0	165	58	
56	159	122	236	244	215	215	119	69	76	254	231	123	189	166	64	220	186	135	96	217	187	64	189	122	253	162	195	127	138	252	219	
35	207	66	78	245	151	230	252	95	72	124	70	104	232	183	164	88	234	146	111	199	186	78	255	62	62	133	170	95	190	122	141	
186	5	98	236	20	3	206	121	69	0	245	10	11	9	180	80	120	140	23	234	200	179	4	142	242	233	162	148	119	170	114	0	
34	239	96	155	223	209	190	239	30	69	88	163	40	236	54	0	219	107	147	197	118	58	110	255	46	22	159	235	21	94	181	222	
9	156	27	125	49	172	49	119	252	9	126	84	188	179	32	96	165	59	6	8	179	184	16	95	79	191	50	64	200	0	225	171	
127	71	70	206	93	146	78	120	197	140	255	230	74	200	191	244	120	228	142	238	204	163	45	204	50	124	129	139	63	191	120	5	
189	5	107	236	86	18	111	112	85	192	127	130	83	109	183	97	126	172	23	238	233	178	36	142	114	235	224	132	103	171	112	224	
147	90	99	158	22	146	170	112	212	192	82	230	105	204	181	228	126	233	54	207	229	149	36	239	48	110	170	128	63	191	57	93	
60	121	123	238	51	211	87	240	33	192	252	42	127	223	41	48	250	249	213	226	73	163	56	172	243	221	5	59	123	179	102	115	
61	93	123	71	86	7	231	240	68	200	126	70	115	125	181	32	126	252	22	234	201	178	61	46	119	173	37	128	111	187	112	241	
146	14	206	189	210	146	188	246	158	142	90	231	45	174	183	65	111	239	183	133	228	216	6	239	60	39	254	129	37	228	45	221	
90	188	183	156	219	208	180	231	191	151	66	179	44	255	100	207	163	123	235	145	50	73	130	243	185	54	94	203	134	84	165	255	
56	159	122	108	244	150	215	117	68	76	254	103	115	253	162	64	222	126	135	106	217	187	32	157	114	237	34	192	127	170	252	251	
2	157	50	154	203	197	188	239	159	93	88	19	44	254	110	1	237	27	147	145	86	75	154	245	61	16	222	235	16	76	165	223	
57	159	43	204	244	242	239	119	100	76	254	98	113	190	182	96	248	190	23	233	217	187	36	95	121	173	162	192	21	138	244	233	
47	117	115	79	245	91	231	120	125	232	123	110	88	80	157	164	122	204	18	234	193	178	109	204	36	30	5	134	111	191	114	165	
19	223	71	135	150	146	174	247	125	67	218	246	73	234	180	228	127	231	31	173	245	153	45	239	60	46	175	192	175	198	185	93	
109	81	67	78	101	31	230	248	85	234	123	78	74	216	189	244	120	236	54	110	205	182	124	222	54	62	1	12	127	191	122	132	
30	189	50	254	219	221	22	224	189	68	237	9	110	255	34	144	162	251	217	66	86	43	58	255	243	245	6	11	18	119	175	91	
49	91	127	236	60	206	87	125	157	204	244	237	119	221	163	16	222	249	133	102	201	171	98	173	226	253	37	154	127	186	198	249	
26	150	94	185	178	139	56	247	62	61	86	247	109	231	170	80	55	63	175	129	54	217	11	215	254	231	62	199	52	132	141	203	
17	157	75	173	86	166	239	119	36	72	218	199	113	47	176	64	126	231	23	237	249	185	21	79	112	47	170	192	109	226	177	249	
57	133	106	205	214	146	239	247	84	193	254	130	81	109	186	96	126	238	23	252	249	187	37	174	122	175	166	196	39	138	240	248	
226	221	50	222	219	213	190	230	155	77	216	43	44	254	38	0	205	115	211	193	102	11	178	255	59	54	158	235	17	84	167	223	
103	79	102	14	125	146	238	224	197	204	255	207	104	232	191	213	120	228	166	239	204	179	44	236	50	58	199	143	127	191	120	197	
27	158	82	185	114	147	186	222	31	113	82	247	173	142	162	192	55	59	151	133	166	152	6	247	188	70	62	226	61	140	169	157	
231	75	98	30	111	145	214	104	221	132	253	143	106	236	191	85	94	236	226	103	236	35	238	253	50	56	193	27	87	191	126	198	
146	158	95	197	118	162	175	119	53	138	90	230	117	35	164	68	126	247	38	168	177	189	5	79	52	38	170	128	45	234	33	61	
242	189	244	212	255	23	158	246	155	234	152	171	108	124	149	34	255	247	223	231	224	107	232	255	187	94	223	186	199	124	23	223	
54	141	226	237	212	34	206	255	85	131	250	2	75	169	180	64	121	206	23	176	152	186	69	234	186	238	150	196	231	251	240	136	
31	172	234	195	214	178	239	215	119	227	94	130	57	175	246	100	127	206	55	157	147	184	173	247	110	79	191	196	167	206	240	236	
19	172	235	147	214	179	191	223	62	103	94	215	189	174	242	100	55	79	23	157	183	156	45	247	108	15	191	228	173	196	161	253	
131	190	193	155	242	169	187	223	62	103	80	247	173	174	214	132	63	11	23	149	183	156	47	247	44	22	62	224	157	196	129	221	
27	156	82	219	51	150	122	214	31	14	118	54	46	211	166	228	247	186	190	136	175	156	59	255	163	255	18	131	58	140	40	63	
138	190	144	187	230	185	184	223	30	19	80	247	172	174	224	141	191	27	167	21	183	252	11	243	12	86	62	235	158	76	141	157	
226	253	244	134	254	1	190	239	137	186	152	171	236	126	85	3	239	247	223	167	240	107	200	239	62	30	207	190	69	126	131	153	
130	190	144	155	238	185	176	223	30	31	84	247	172	186	234	205	247	27	167	17	54	220	67	243	140	87	126	227	158	76	137	159	
2	40	15	189	9	193	40	66	174	244	194	1	173	206	82	82	160	37	235	193	6	73	130	81	213	112	139	57	0	36	39	74	
26	140	35	187	23	217	123	198	31	71	92	131	174	207	35	196	127	187	159	151	42	157	58	255	163	215	154	131	54	12	61	254	
188	48	180	243	205	126	113	216	119	251	245	54	219	127	203	47	237	212	255	176	177	244	251	128	223	219	243	231	163	253	38	243	
147	150	74	147	178	179	184	247	63	99	90	247	77	238	190	228	55	15	190	157	183	220	13	223	46	6	191	198	172	196	169	221	
49	34	105	105	100	31	234	88	119	96	250	207	83	136	148	112	125	140	38	140	141	178	245	18	86	238	51	0	109	138	114	144	
47	172	226	158	95	209	186	202	94	70	124	11	40	218	126	160	251	43	147	133	6	62	62	255	62	93	155	171	31	14	123	206	
157	73	193	167	134	10	110	188	116	226	146	198	211	1	153	225	118	196	28	239	237	149	45	42	224	233	167	148	45	251	112	56	
75	188	54	216	177	214	88	167	127	77	190	49	172	254	38	116	215	179	191	16	191	205	49	255	171	222	30	211	146	4	173	127	
49	36	195	37	116	79	234	104	118	224	250	206	83	108	148	176	253	205	118	45	137	178	221	30	188	174	37	20	109	170	114	176	
42	174	210	218	119	209	186	200	95	1	108	162	104	218	255	164	251	123	146	144	6	58	142	255	62	93	143	107	23	14	126	142	
10	164	180	249	165	123	120	143	127	119	68	17	143	191	78	109	131	27	191	24	54	220	251	211	207	223	87	103	150	204	133	254	
53	13	99	78	212	34	239	113	68	194	255	66	83	225	181	101	120	238	22	234	217	179	44	12	48	168	231	0	117	250	240	160	
2	249	176	158	239	133	190	230	158	88	88	3	172	254	113	1	205	123	147	67	66	88	154	241	45	16	222	42	16	92	177	155	
61	165	195	164	222	39	206	250	6	224	248	202	87	224	176	160	63	204	118	237	137	179	77	30	184	6	173	180	253	234	18	128	
2	141	150	155	180	168	60	167	62	27	90	16	172	162	32	65	231	43	34	0	114	216	3	247	44	54	222	194	144	64	129	137	
252	128	84	250	44	8	92	25	185	19	49	24	207	75	12	91	183	129	108	34	104	100	75	211	130	251	81	86	118	163	195	1	
52	133	107	228	212	162	239	247	85	129	255	130	81	109	188	96	121	238	23	184	184	187	37	206	122	46	167	192	165	250	240	160	
162	249	114	158	79	193	182	230	154	192	80	171	44	252	103	33	234	123	179	195	66	106	154	249	53	16	207	43	85	125	55	222	
117	91	127	236	44	70	87	248	129	254	183	108	82	253	165	123	222	212	125	99	201	227	169	236	209	187	229	148	69	187	118	113	
98	253	114	158	127	133	190	230	153	202	216	171	44	254	53	0	206	115	215	199	224	171	130	239	58	62	143	186	21	61	55	219	
66	170	174	189	29	192	176	166	190	149	66	1	160	238	70	66	225	119	233	209	6	217	195	245	13	50	223	67	0	36	117	174	
253	88	109	101	3	126	91	152	96	232	183	206	219	31	155	115	54	212	125	238	137	144	253	136	211	233	161	148	47	183	70	113	
66	233	184	154	25	221	147	232	175	180	137	9	174	222	70	82	129	115	235	83	70	75	250	245	185	20	15	123	16	7	15	78	
226	180	20	134	253	46	182	239	153	171	186	26	236	56	28	19	205	87	127	33	48	107	201	207	61	62	95	178	192	104	195	139	
130	249	146	153	195	197	180	199	30	19	64	18	172	190	104	8	161	91	179	145	114	92	146	243	45	22	94	111	144	80	165	154	
130	173	150	159	240	136	60	167	190	11	90	16	172	162	32	64	167	107	59	0	114	216	130	255	44	54	94	130	144	80	161	137	
222	233	212	255	174	137	126	184	191	178	17	130	239	207	73	19	55	227	125	194	106	84	203	243	238	251	239	224	54	179	67	1	
48	133	107	204	212	162	239	247	84	129	254	2	81	105	184	96	121	238	23	184	185	187	36	46	122	175	167	192	229	218	240	168	
210	217	127	252	3	208	53	103	164	64	70	34	61	159	32	99	34	179	185	192	96	137	34	237	243	227	126	139	39	16	165	123	
59	159	122	236	242	219	95	119	5	76	254	231	63	157	166	96	222	187	151	100	221	187	32	189	250	253	32	195	127	142	236	221	
61	4	106	229	84	50	235	83	85	195	127	130	89	13	179	96	126	140	23	188	153	176	37	142	118	237	162	132	231	254	112	224	
56	5	98	236	84	51	74	121	85	0	255	10	27	9	181	81	120	140	23	233	184	179	101	142	242	237	160	132	119	171	112	128	
35	143	98	158	125	147	186	226	95	76	124	135	104	232	182	196	248	234	130	199	230	186	110	255	62	62	143	139	87	14	120	205	
2	157	34	159	223	193	190	230	30	69	72	163	172	254	38	64	255	123	179	129	102	154	26	255	61	54	158	203	21	76	181	222	
210	78	78	188	74	128	190	246	144	6	214	231	45	175	179	67	110	225	191	199	228	143	6	239	240	99	250	137	45	181	57	217	
55	79	102	78	95	146	222	96	197	196	239	135	104	200	183	244	122	224	130	238	204	163	46	255	50	62	131	11	119	191	124	196	
35	175	98	31	117	157	246	230	95	76	124	143	104	232	182	164	217	106	130	71	230	186	110	255	46	30	5	107	95	142	122	205	
34	175	96	155	253	209	190	238	30	69	88	163	168	236	54	0	217	107	131	199	230	186	110	255	46	22	159	235	85	30	253	206	
98	205	98	30	95	213	158	232	219	4	233	139	104	236	55	17	248	235	227	199	70	43	254	253	55	56	141	59	81	63	86	206	
60	125	123	238	51	211	87	224	161	192	236	42	127	223	35	48	254	249	213	226	73	131	56	191	243	253	5	59	123	179	38	114	
61	95	123	79	118	7	247	240	68	200	126	70	115	125	181	32	126	248	22	110	201	178	61	44	119	173	37	0	111	187	112	241	
3	31	66	157	246	146	174	246	28	202	90	231	233	234	183	196	127	239	183	207	237	152	5	239	44	47	174	128	45	244	57	157	
90	172	215	156	251	208	188	103	191	151	82	163	44	174	166	199	39	127	239	129	34	217	166	253	58	34	94	139	167	68	45	223	
121	89	127	236	44	15	95	116	141	204	246	173	127	221	183	115	222	245	125	110	201	167	96	172	242	251	101	152	100	187	100	121	
162	239	96	158	223	209	190	238	30	116	88	171	40	236	118	0	203	123	147	199	86	122	238	247	62	20	159	235	85	31	159	222	
19	141	103	140	150	146	239	247	244	65	218	198	113	236	180	228	127	230	62	239	253	153	45	239	56	46	175	192	45	214	241	124	
167	207	98	30	125	159	238	232	93	200	125	207	104	232	191	180	216	232	162	111	196	178	110	255	54	62	5	171	95	191	122	133	
22	253	58	190	219	213	22	232	191	68	237	43	110	255	35	80	226	251	219	194	78	11	26	255	243	245	15	11	48	51	175	210	
47	101	67	77	255	27	166	232	77	224	251	230	72	184	189	164	250	76	210	239	197	178	109	222	54	60	135	134	95	63	121	133	
17	159	75	229	118	6	111	119	52	200	90	230	113	39	176	97	62	238	23	238	241	152	37	15	244	174	162	128	45	226	177	249	
26	158	218	189	50	139	58	246	62	5	94	247	109	227	162	80	119	239	175	133	166	153	5	255	254	231	58	193	60	132	169	25	
27	159	71	189	146	146	174	246	63	67	218	231	109	234	178	196	119	239	191	173	183	153	13	255	184	110	190	192	45	198	169	93	
39	79	98	14	125	151	238	224	221	204	253	207	104	232	191	212	88	232	166	111	236	179	110	253	54	62	133	139	95	191	120	197	
57	141	110	207	212	146	239	246	84	64	222	2	113	105	182	96	122	238	23	254	249	187	45	191	122	175	167	196	55	138	240	232	
98	221	54	222	219	197	190	230	159	77	216	3	44	254	38	0	237	123	147	193	102	11	18	255	63	54	158	171	17	93	167	223	
27	158	67	187	50	147	170	214	63	65	90	231	45	174	178	196	119	171	159	133	167	153	13	255	188	102	186	130	61	132	41	221	
156	50	180	243	173	126	112	89	55	251	183	51	219	127	77	47	237	149	255	176	188	116	251	192	223	219	119	231	226	236	100	215	
226	189	246	212	254	163	190	230	155	170	216	171	236	126	21	2	255	247	255	133	224	107	192	255	60	30	223	186	133	124	147	153	
130	158	218	153	242	169	184	223	30	67	80	247	172	174	162	72	247	59	135	17	183	220	7	247	142	22	62	226	157	200	137	157	
26	156	114	223	19	213	122	230	159	79	222	23	40	222	38	228	237	187	159	144	47	137	50	255	187	127	154	195	18	12	172	95	
151	4	227	133	70	50	173	81	84	194	83	214	81	236	189	109	126	236	54	175	161	213	164	202	20	42	235	132	173	239	113	245	
26	172	162	187	23	209	155	202	223	71	204	3	172	216	54	132	251	43	147	133	6	175	62	255	235	87	158	43	87	14	63	206	
147	148	74	145	178	163	170	255	62	99	90	247	117	238	190	96	55	111	63	157	183	156	13	127	124	46	191	196	189	192	169	153	
10	188	176	217	181	249	88	11	127	119	102	17	142	191	70	108	131	27	191	16	54	220	243	211	143	222	94	119	146	76	133	95	
43	165	194	44	93	139	202	200	23	160	104	139	74	233	116	180	88	236	50	141	11	178	206	219	60	60	133	44	127	174	122	132	
42	172	178	155	223	209	178	206	95	5	108	3	168	216	126	132	249	123	131	145	6	59	30	255	59	87	159	107	215	14	255	206	
2	188	180	216	185	247	24	167	127	77	190	49	172	190	38	116	199	59	255	17	182	201	115	247	175	94	30	211	146	68	165	95	
39	172	194	154	223	145	234	232	31	129	104	11	104	232	126	132	249	234	162	156	6	58	222	243	63	92	133	111	211	78	250	140	
2	245	146	154	199	197	180	231	158	25	72	16	172	190	104	1	173	27	179	145	82	88	154	241	45	16	94	111	144	88	165	139	
49	142	73	101	84	14	111	191	116	162	250	206	243	97	144	112	125	238	118	172	233	250	77	47	236	174	165	128	109	234	210	168	
226	181	148	151	253	45	182	239	152	187	248	56	236	56	72	3	207	71	123	33	48	122	203	239	61	54	95	234	192	104	131	137	
66	173	230	215	254	128	254	175	175	177	122	130	232	239	84	66	255	255	63	209	210	120	142	255	46	62	143	236	7	166	225	137	
2	148	244	209	149	254	112	143	127	123	190	49	142	62	76	120	245	151	255	17	178	252	115	211	143	254	87	87	210	76	197	31	
74	176	180	241	233	253	177	23	187	31	84	29	172	191	70	143	133	59	243	17	150	124	242	211	207	215	94	235	210	76	143	255	
252	0	244	115	46	42	74	152	241	178	179	26	75	75	93	91	59	196	108	98	184	100	75	130	146	219	65	84	231	187	66	0	
221	80	252	98	174	62	95	152	208	250	151	56	219	117	219	123	23	212	125	110	233	71	239	128	210	235	97	188	166	243	65	113	
34	93	114	220	126	133	190	230	155	136	216	171	172	254	53	0	206	115	151	197	224	139	2	255	52	62	158	138	21	189	51	219	
31	173	234	227	214	178	238	247	119	225	94	130	57	175	246	96	127	206	23	157	146	184	173	255	110	207	191	192	167	222	240	236	
214	122	109	101	12	110	91	24	169	254	183	94	219	31	21	123	38	213	125	234	169	69	253	200	211	251	225	148	37	177	86	115	
253	89	254	228	44	86	219	240	136	252	182	172	95	127	163	115	206	244	253	110	233	231	233	168	211	249	227	148	70	187	118	115	
236	88	254	236	104	27	94	248	136	250	180	168	223	255	161	123	78	117	255	110	224	199	234	168	210	251	103	188	118	191	3	113	
181	197	107	68	148	2	207	245	80	128	254	2	83	227	176	97	120	238	4	234	249	179	44	14	248	173	231	128	101	250	240	160	
114	233	58	186	25	205	83	230	171	21	136	9	46	222	98	16	129	251	233	83	78	75	154	181	185	213	31	123	16	7	7	78	
17	159	75	173	116	226	239	119	52	72	222	230	113	55	176	96	126	166	23	173	185	155	37	79	116	174	170	192	45	130	176	249	
2	253	50	154	219	197	180	239	158	85	72	19	44	254	110	1	237	27	147	145	82	75	26	247	61	20	222	111	144	76	165	219	
214	237	244	183	158	136	238	173	239	176	154	2	239	234	88	67	107	231	127	195	234	120	139	253	188	217	143	132	37	186	241	8	
237	115	69	101	44	15	79	184	97	250	183	76	211	65	153	191	28	196	124	110	233	96	249	8	197	251	229	180	106	187	82	49	
222	233	212	183	14	136	110	188	191	178	178	2	239	203	73	91	99	239	125	194	106	84	203	249	190	251	207	228	39	179	98	8	
130	141	150	155	176	174	60	167	62	11	90	16	172	162	40	64	231	43	51	0	114	216	3	247	44	54	30	194	144	64	129	137	
226	189	180	151	253	172	254	231	185	171	88	26	236	58	20	2	237	111	119	129	240	122	193	239	61	62	222	234	192	72	211	139	
2	156	22	159	241	132	62	231	190	11	90	48	172	246	32	64	231	123	51	0	114	152	2	255	45	54	30	202	16	80	161	139	
131	182	197	145	226	50	172	223	63	243	90	247	141	46	222	175	55	79	55	181	181	220	165	194	140	6	254	196	173	196	161	245	
58	13	107	238	87	215	95	104	5	68	236	131	107	239	50	80	120	251	151	230	72	179	56	191	243	237	129	1	119	190	118	226	
54	89	98	222	95	210	222	224	221	196	252	135	104	204	55	96	248	232	147	199	206	171	62	255	51	60	138	11	119	63	116	222	
35	174	98	154	125	149	186	230	95	76	124	135	104	232	182	4	217	43	130	5	166	186	110	255	62	30	139	171	87	14	125	207	
2	157	34	159	223	197	190	238	30	71	88	163	172	254	34	64	253	123	147	129	114	26	90	255	45	54	158	203	20	76	181	218	
151	4	239	197	150	50	235	81	116	194	215	214	81	228	189	109	127	172	30	189	185	181	37	206	16	46	171	132	173	225	113	116	
59	155	122	236	182	211	223	117	37	76	254	167	63	61	162	96	254	179	159	102	221	187	33	189	242	249	162	194	127	142	236	89	
35	175	98	26	253	157	178	238	95	77	124	15	168	232	182	132	217	107	130	21	166	186	110	255	62	30	7	235	87	14	219	207	
34	175	32	155	253	217	190	238	30	69	88	163	168	236	118	0	217	107	131	213	118	58	110	255	47	22	159	235	213	12	213	222	
215	30	206	180	2	178	42	80	180	194	211	247	77	238	179	203	103	229	255	183	165	213	4	202	146	99	235	128	173	245	41	85	
61	93	123	110	87	215	87	240	69	192	236	10	123	125	35	48	122	248	19	234	73	179	56	45	115	237	5	1	115	187	98	250	
19	31	99	143	116	150	239	114	92	200	90	230	113	108	181	228	126	110	22	239	229	184	37	239	52	46	174	128	45	254	113	253	
18	174	214	157	114	208	184	230	191	141	82	227	44	174	166	197	103	251	167	129	38	216	6	255	60	38	126	131	39	132	45	205	
50	73	98	94	93	213	222	232	215	68	236	11	106	204	55	116	216	234	131	198	206	171	126	255	51	60	128	27	83	63	124	206	
47	103	102	13	127	155	174	232	223	224	254	230	72	232	183	164	250	109	242	231	197	243	15	223	62	30	143	131	95	63	121	133	
216	91	127	237	36	86	95	117	101	204	214	102	123	31	179	99	126	244	93	234	233	177	33	173	242	233	166	128	47	178	244	123	
19	141	103	206	148	130	239	246	244	64	222	198	113	236	180	100	126	230	62	239	249	185	45	255	56	46	174	128	45	242	241	124	
39	239	96	30	125	153	254	236	95	76	253	175	104	232	191	4	217	234	195	103	198	35	110	255	62	30	133	187	87	223	94	204	
20	253	58	190	155	192	23	224	191	132	233	35	124	255	35	80	242	251	219	195	78	11	26	127	243	165	15	11	48	51	39	82	
47	103	98	12	223	19	190	232	93	192	254	230	72	232	183	164	250	205	218	231	197	179	13	222	54	124	143	143	95	63	121	133	
252	90	126	244	44	30	93	80	169	250	182	190	127	31	131	123	238	245	255	110	233	231	225	232	211	251	99	144	70	189	102	123	
91	159	74	191	50	146	58	246	61	65	90	231	109	227	162	208	119	239	175	165	166	153	5	255	242	231	186	128	61	132	169	25	
91	141	71	175	22	146	110	246	181	67	218	199	121	238	180	228	119	231	63	237	229	153	45	255	184	110	174	192	61	134	177	93	
38	207	98	30	125	209	222	232	223	68	253	175	104	236	191	68	216	234	131	199	238	35	110	255	54	62	143	171	87	255	124	206	
57	141	110	238	212	146	239	246	84	64	254	2	113	233	176	96	120	238	23	234	248	187	45	191	122	239	167	192	119	138	240	168	
27	159	67	187	18	147	170	246	31	65	90	231	125	206	176	228	119	171	159	141	167	153	13	255	180	102	186	128	63	142	41	221	
2	221	50	158	251	197	190	230	159	75	88	35	44	254	36	64	237	123	179	193	226	11	26	255	61	54	30	139	16	93	165	219	
2	180	180	217	189	253	120	7	95	127	36	17	172	190	70	120	135	27	191	16	54	88	115	211	143	94	30	115	146	76	133	95	
43	32	66	88	93	153	226	72	95	128	104	10	40	201	116	148	249	232	146	140	6	179	158	219	63	92	133	47	87	14	122	132	
25	141	111	175	146	171	175	255	52	96	90	198	245	39	176	96	55	103	29	175	177	152	45	63	236	175	174	192	61	226	161	121	
3	156	50	218	113	213	58	198	159	77	246	51	44	222	38	116	237	187	191	128	166	139	50	255	63	94	158	203	18	12	164	223	
24	173	234	227	212	179	239	247	86	1	126	2	113	171	180	96	123	206	23	153	154	184	45	255	122	207	167	196	165	218	240	136	
81	159	91	229	50	10	47	55	44	8	90	228	245	35	128	96	54	119	60	104	209	152	5	15	228	164	42	192	44	162	161	57	
34	253	32	90	249	213	212	175	159	117	168	25	170	220	94	48	201	155	251	145	94	43	122	247	43	30	157	127	208	12	214	94	
221	88	127	229	34	94	93	180	161	254	150	132	255	31	147	123	38	245	125	110	237	197	53	168	227	235	103	144	38	245	5	121	
170	168	176	186	201	213	176	207	155	93	228	25	172	252	102	140	201	59	227	17	54	106	250	243	75	85	30	123	210	76	175	206	
2	221	18	158	124	133	190	230	156	8	88	34	172	238	49	0	206	123	19	195	98	139	2	255	52	54	158	138	20	24	33	137	
56	205	106	228	148	2	79	253	212	128	254	2	83	97	184	65	120	230	12	234	232	171	45	46	250	239	165	84	103	186	240	168	
130	157	22	155	177	141	60	167	62	27	90	48	172	242	40	64	247	59	51	16	114	152	3	247	45	54	30	194	16	80	161	11	
74	176	176	249	233	253	177	143	155	127	21	25	140	191	78	14	133	27	251	17	22	106	242	241	207	211	94	251	210	76	143	255	
252	72	196	119	12	10	70	216	177	178	179	26	75	73	93	27	105	196	108	226	104	103	203	168	146	235	197	20	103	251	66	0	
221	72	252	102	46	26	79	152	240	242	183	138	219	101	219	123	54	244	124	234	233	103	239	40	210	235	101	188	38	243	64	97	
98	188	230	156	124	143	190	231	155	139	218	59	172	188	20	0	239	247	255	133	160	251	192	255	61	62	158	138	69	76	147	153	
218	233	116	191	14	136	110	253	175	176	146	2	237	235	17	67	42	229	125	227	234	105	139	253	182	251	207	168	39	178	243	8	
2	253	50	154	219	197	188	239	158	89	88	19	172	254	104	64	237	27	147	145	114	75	26	247	61	22	30	239	144	84	165	219	
222	105	84	253	44	139	110	188	191	178	178	10	239	202	85	91	34	237	125	226	104	69	139	253	182	251	207	188	36	177	83	8	
56	141	106	236	212	162	239	255	84	128	254	2	83	225	184	64	121	238	23	248	248	187	32	47	250	175	167	192	101	250	240	168	
215	77	239	134	134	2	238	244	240	226	218	198	113	230	181	99	126	229	60	239	237	211	172	106	176	42	239	132	45	243	176	120	
33	143	65	101	84	14	111	182	116	162	122	196	243	97	144	112	125	238	22	44	169	184	69	47	236	174	165	0	109	234	210	168	
184	5	98	236	84	35	78	121	85	0	248	10	11	9	53	81	120	140	23	225	184	179	1	142	178	237	160	144	119	171	114	128	
40	233	17	120	221	205	199	238	195	57	172	8	58	145	100	176	137	250	66	72	74	43	218	53	123	221	21	123	83	24	206	170	
185	5	110	225	214	50	239	247	85	195	126	18	91	41	181	97	127	206	23	184	184	188	37	142	126	239	182	196	231	216	240	168	
42	221	96	218	93	213	214	255	199	93	252	15	170	220	62	100	205	250	147	197	206	42	122	255	35	92	148	59	83	30	244	223	
34	152	50	218	221	213	184	198	159	93	244	17	172	222	38	100	205	59	179	129	166	43	50	247	15	94	158	235	18	12	165	223	
2	156	50	159	223	197	190	239	30	69	88	147	172	254	34	64	221	123	147	129	50	26	90	255	45	22	158	235	21	12	181	219	
153	132	110	241	214	50	237	183	116	115	94	146	89	45	150	105	127	198	55	188	177	252	37	206	110	107	246	196	167	220	240	232	
34	175	32	155	245	217	186	238	30	69	88	131	172	236	118	0	217	123	131	21	54	186	110	255	45	22	159	107	213	12	213	222	
67	221	237	23	162	58	189	183	62	115	94	244	253	102	146	111	39	87	63	143	209	216	239	113	108	43	127	192	140	240	129	125	
89	204	237	87	166	50	237	191	116	115	94	146	217	47	146	107	55	70	61	175	241	220	165	236	102	43	254	196	167	240	241	121	
32	205	123	78	212	207	231	246	196	8	252	2	115	245	49	32	88	234	22	106	72	171	40	63	115	141	36	8	113	250	116	234	
19	29	99	143	116	150	238	114	84	192	90	198	113	232	181	224	126	238	18	239	229	152	52	239	48	46	142	128	45	254	113	252	
2	142	198	157	114	146	188	246	191	15	90	231	45	174	166	69	111	251	167	133	166	216	6	255	44	38	254	131	39	132	45	221	
25	157	111	175	178	163	47	247	52	65	90	230	245	103	176	96	119	123	31	173	179	152	45	63	236	175	175	192	188	202	161	249	
38	253	96	152	223	209	150	238	159	117	136	155	40	236	126	0	217	219	243	209	102	107	126	247	63	22	157	127	85	92	214	222	
28	125	51	190	91	193	23	232	182	196	233	161	125	247	41	80	250	249	139	227	74	131	26	255	241	228	15	43	50	51	167	242	
55	103	98	140	127	19	190	104	79	192	216	231	72	200	183	196	254	237	218	231	196	163	77	222	54	124	143	159	95	63	121	151	
19	190	235	187	246	163	175	215	30	67	88	231	253	238	178	96	127	107	23	157	183	152	45	255	236	135	190	192	189	202	161	249	
83	159	74	191	50	130	126	246	52	64	94	231	125	227	162	80	119	239	31	236	229	153	5	127	246	239	46	128	45	160	41	25	
83	141	79	174	22	146	110	246	52	64	218	199	113	238	176	240	118	231	63	239	237	155	45	255	184	110	174	192	45	162	177	93	
19	159	67	191	18	147	106	246	53	64	90	231	125	238	176	224	119	239	159	205	167	153	13	255	180	110	170	128	61	134	41	221	
34	221	98	156	223	209	150	238	159	68	216	139	40	252	55	64	217	251	179	195	110	43	126	255	55	22	142	59	85	93	180	222	
57	141	110	238	212	147	239	244	85	0	254	2	113	233	176	96	120	234	23	234	248	187	45	191	122	239	167	192	119	138	240	168	
130	221	50	158	251	197	190	230	158	11	88	35	236	254	45	64	237	123	147	195	226	11	26	255	61	54	30	139	16	95	165	219	
252	104	244	118	110	58	94	152	241	178	183	26	91	233	217	63	55	196	125	106	168	103	239	170	214	235	229	188	231	243	66	33	
2	172	150	157	252	143	190	231	158	139	90	18	172	170	48	0	239	127	127	129	32	218	194	255	60	54	158	138	5	72	129	137	
218	219	118	172	46	214	127	117	173	88	246	167	127	31	162	115	238	245	223	231	236	143	33	237	242	249	238	147	55	188	165	91	
15	189	237	147	178	187	191	183	62	251	94	246	253	102	158	47	39	123	55	159	179	216	111	125	110	15	255	192	142	212	129	253	
222	94	190	180	43	118	25	18	169	222	151	181	207	63	67	223	167	245	253	163	172	197	179	232	211	243	91	147	166	117	45	87	
248	205	110	238	148	18	79	253	100	128	254	2	115	107	176	97	120	230	93	234	248	169	41	63	250	235	167	144	39	186	240	40	
66	164	148	157	252	173	188	175	58	59	90	24	172	58	16	1	223	31	123	17	50	122	195	215	44	54	94	226	192	72	131	137	
89	205	127	239	178	10	79	189	101	192	222	194	119	103	144	113	54	246	125	238	233	137	45	45	240	235	231	144	38	178	161	121	
222	124	190	244	43	124	25	18	169	254	183	185	206	191	71	219	167	245	253	131	164	69	179	224	211	251	123	155	134	117	47	115	
42	168	2	26	93	221	178	206	223	141	236	11	40	216	102	148	217	235	194	0	6	43	138	243	27	84	149	59	83	14	126	142	
42	184	176	184	233	253	144	207	155	93	52	57	172	157	70	156	137	27	243	17	22	106	242	241	207	81	30	127	210	76	143	223	
2	176	180	219	253	253	120	15	63	121	49	25	140	190	76	120	135	27	255	17	178	88	243	211	15	94	30	255	210	76	197	223	
222	120	182	245	45	108	120	18	187	250	183	57	206	159	71	107	175	245	255	18	168	101	139	192	151	251	123	142	194	253	7	87	
78	176	180	241	235	125	184	139	171	255	53	57	140	191	78	30	167	23	255	17	22	71	186	208	223	211	95	255	194	68	143	215	
130	233	86	157	62	131	238	237	191	128	210	2	236	202	52	65	110	111	127	225	112	249	131	253	188	186	143	200	21	0	161	136	
210	104	214	157	46	11	124	172	191	178	210	18	239	202	17	91	162	229	127	227	96	197	139	232	148	242	223	144	4	49	1	9	
196	36	148	149	232	43	232	10	191	179	179	24	204	234	73	91	147	197	110	50	48	229	203	194	156	54	95	116	192	97	3	0	
244	104	196	247	12	42	78	216	51	178	179	26	75	105	77	27	123	196	108	242	40	119	203	226	146	203	197	60	231	251	98	0	
253	79	68	71	44	30	79	184	97	170	190	76	211	96	149	183	24	228	108	110	237	240	237	44	166	251	229	20	111	251	90	36	
2	245	16	154	219	197	190	239	158	25	89	19	236	254	104	64	245	91	147	145	114	90	26	247	45	22	30	239	144	70	165	155	
2	205	18	158	124	129	190	230	159	8	88	2	172	234	52	64	206	107	19	193	66	11	2	255	36	62	158	136	20	24	177	137	
184	5	98	232	212	35	78	119	85	0	254	18	75	41	48	81	120	142	23	233	184	183	1	142	242	239	160	192	119	251	240	128	
56	191	58	174	125	131	86	240	135	12	248	109	110	249	162	144	220	251	135	99	138	171	8	191	250	213	37	251	88	14	62	155	
210	88	54	189	111	148	188	244	189	90	210	179	236	159	55	107	230	117	255	199	228	197	34	235	151	114	218	130	22	53	37	223	
28	205	100	243	214	50	238	183	117	147	126	18	123	41	156	105	123	198	23	187	248	248	45	238	254	239	246	192	231	221	240	136	
32	141	43	94	116	195	227	246	86	13	252	34	48	253	180	100	89	186	23	136	42	187	40	255	115	14	162	137	85	10	116	235	
32	159	122	126	116	195	87	246	134	12	252	32	114	251	160	32	216	122	7	66	74	171	72	63	107	173	164	201	113	138	228	171	
3	159	78	157	80	134	238	246	60	65	74	199	113	226	182	64	126	107	19	205	133	152	20	111	36	46	154	128	29	128	57	156	
47	149	96	203	252	53	218	249	87	121	189	191	218	125	222	36	223	154	151	61	158	42	111	151	110	93	177	254	215	142	208	247	
34	188	160	155	221	205	178	239	30	117	72	27	172	252	126	0	217	59	147	145	50	122	90	247	45	22	159	107	208	12	151	218	
95	205	244	119	166	26	127	188	251	211	22	131	249	111	159	107	55	119	253	239	244	200	237	233	110	255	255	128	167	247	209	121	
32	223	123	110	116	195	199	246	196	12	124	96	115	249	161	32	216	122	6	106	72	171	72	61	99	173	37	137	113	186	230	171	
33	141	43	222	84	198	239	246	84	74	90	66	241	248	180	96	88	106	22	239	233	186	52	63	33	46	174	0	93	122	240	252	
34	253	96	216	223	223	148	239	31	117	136	155	40	188	118	0	201	219	211	145	118	107	123	247	63	22	157	127	213	92	150	222	
62	221	83	254	91	193	31	232	183	132	232	34	108	247	33	212	122	249	147	226	73	3	26	255	241	244	143	43	50	55	38	242	
51	111	106	172	126	147	190	104	78	192	216	167	65	200	183	192	254	237	155	231	196	187	13	222	178	101	143	155	93	62	57	134	
2	176	180	217	253	253	248	143	31	121	48	57	140	158	76	56	135	27	255	17	178	120	251	211	15	94	30	255	208	76	135	223	
81	205	79	191	22	130	111	246	52	64	218	198	113	238	176	113	118	239	63	239	237	153	45	127	176	46	170	128	45	226	49	121	
19	93	79	175	18	130	110	114	52	64	218	231	117	238	176	96	118	239	31	239	229	153	45	255	176	46	170	128	61	162	33	89	
34	221	96	220	223	211	150	238	31	70	216	143	40	188	54	64	205	251	147	193	102	43	114	255	63	22	159	187	21	92	180	222	
56	141	110	238	212	147	239	244	84	0	254	2	113	233	176	96	120	234	23	234	232	187	45	191	122	239	167	192	119	170	240	168	
2	221	50	158	251	165	190	238	158	27	88	51	236	254	44	64	247	123	183	193	226	11	26	255	61	54	30	170	16	92	165	219	
221	77	126	110	14	26	95	188	225	194	246	138	123	103	145	115	54	244	125	234	233	193	175	44	242	235	101	144	39	179	226	104	
25	141	127	239	178	130	111	183	36	64	222	198	255	103	176	96	118	247	61	238	217	153	45	63	232	239	175	192	54	178	161	121	
2	153	50	216	253	245	184	199	223	89	120	17	172	222	54	96	205	59	147	1	178	42	114	247	47	62	154	235	82	76	229	223	
130	251	98	216	127	213	190	231	159	76	80	183	44	222	54	97	238	59	151	213	246	187	54	255	63	24	142	235	23	12	245	223	
248	205	102	238	156	2	78	253	229	128	190	2	123	107	176	83	120	230	125	234	232	169	9	189	242	235	231	144	39	178	240	8	
2	164	148	155	252	173	188	175	62	59	90	16	172	58	24	0	223	27	127	17	50	120	195	215	44	22	94	230	208	72	131	137	
56	141	102	239	148	163	238	247	84	128	254	2	123	105	48	64	121	234	31	235	186	187	13	191	250	239	167	192	183	218	240	136	
15	249	236	211	182	146	255	189	94	81	94	162	249	111	158	102	39	123	183	223	215	216	111	253	110	79	255	192	166	215	145	249	
38	165	208	131	252	43	234	201	31	49	57	26	206	104	92	24	91	139	119	49	18	114	203	215	140	158	143	252	213	75	211	128	
42	188	176	217	233	253	144	207	155	127	60	57	172	157	70	12	141	27	211	17	22	110	242	241	15	81	28	127	210	76	143	223	
45	180	224	67	252	59	219	216	91	241	189	184	219	125	223	62	31	220	87	62	158	114	237	146	94	221	37	244	247	239	82	245	
125	79	70	71	180	30	71	48	97	232	254	108	115	96	151	247	50	228	108	110	205	176	109	44	166	239	101	144	111	251	90	13	
198	56	182	213	171	108	56	18	187	251	51	49	140	255	71	75	167	125	255	147	160	85	147	224	151	250	91	175	130	117	39	211	
206	48	182	176	235	124	184	3	187	255	151	189	140	255	79	30	167	23	253	145	20	71	186	192	223	83	95	239	134	101	15	87	
252	104	240	102	78	58	78	152	115	162	183	10	91	233	221	59	63	236	125	234	200	119	239	234	214	235	229	188	231	247	66	0	
206	176	180	241	235	125	184	75	187	255	53	57	140	191	78	30	167	31	255	17	54	90	186	210	159	82	95	255	130	68	143	215	
32	159	90	174	116	131	82	240	135	76	248	239	103	237	160	16	222	251	135	71	143	187	72	63	234	213	37	218	124	138	46	155	
47	164	232	195	254	59	203	216	87	241	189	138	91	76	223	172	95	216	151	255	155	50	109	246	94	93	165	252	247	239	80	245	
62	205	228	247	150	2	238	181	117	19	246	2	107	107	28	73	123	199	53	235	248	248	77	237	190	223	222	192	231	251	240	8	
2	188	16	155	223	197	184	239	30	25	80	19	172	254	40	64	221	59	179	129	50	26	90	247	45	22	158	235	16	12	165	219	
95	201	228	247	182	146	254	188	231	208	22	130	249	111	157	99	55	247	61	207	214	216	111	253	238	251	239	192	39	183	209	89	
48	223	90	238	114	131	87	244	132	8	120	229	119	235	160	80	222	251	7	98	201	186	72	63	224	229	37	136	124	186	102	155	
34	184	160	152	221	205	176	207	159	125	208	29	172	220	118	8	201	27	243	17	22	122	210	215	13	22	159	127	209	12	151	222	
1	201	15	141	16	134	238	246	172	72	74	199	241	226	48	64	116	107	59	205	193	153	21	125	36	46	170	128	28	130	49	152	
206	216	244	246	46	18	222	184	187	218	183	177	237	127	157	123	151	245	253	239	224	69	175	236	138	251	207	150	134	183	65	85	
188	91	31	174	56	71	87	248	164	204	178	109	119	83	169	83	92	245	76	98	233	163	8	44	240	225	101	144	120	187	38	19	
16	77	59	239	52	194	231	244	84	136	218	98	243	113	177	97	88	126	20	106	233	186	40	45	225	173	166	128	117	250	116	41	
6	181	144	152	249	165	188	207	158	187	24	48	140	254	104	8	151	27	179	17	50	73	138	211	45	22	31	238	144	72	161	131	
34	189	160	209	223	245	148	103	31	255	152	27	40	188	70	0	205	187	211	145	114	122	243	215	63	22	159	251	209	76	151	223	
43	189	18	94	219	213	182	230	191	9	108	8	44	242	38	244	233	251	146	192	71	11	26	255	63	220	22	107	91	84	171	142	
49	109	74	172	30	131	190	102	70	128	200	131	161	136	50	64	250	239	11	197	76	187	68	191	240	37	142	25	125	62	57	138	
17	77	111	175	50	130	111	112	36	64	218	198	117	102	178	96	118	229	63	239	193	145	45	45	244	175	170	128	61	178	33	113	
34	221	32	221	223	213	148	231	31	127	216	27	40	188	118	96	205	187	147	129	122	59	115	255	63	22	158	187	21	92	181	223	
56	205	110	238	20	147	239	240	84	0	254	2	113	233	176	97	120	234	31	234	232	187	45	191	122	239	167	128	55	170	112	168	
253	73	254	102	42	26	95	188	241	194	246	138	123	231	147	119	54	244	125	238	233	215	239	236	242	235	101	144	39	179	226	105	
88	205	102	239	156	131	78	253	229	160	254	2	123	107	56	65	122	230	95	234	248	169	9	189	250	235	231	208	55	186	240	8	
89	221	111	239	178	130	79	188	165	192	222	162	127	103	176	113	118	246	125	238	249	137	45	189	242	235	167	208	54	178	160	121	
34	184	48	217	253	221	176	207	159	93	112	21	172	190	102	97	207	27	151	17	182	106	114	245	15	30	30	251	210	12	197	223	
15	249	236	215	190	152	255	188	207	81	94	162	249	239	222	98	38	115	255	223	214	216	239	253	110	75	175	192	55	183	209	249	
61	104	234	71	238	59	235	216	115	226	181	138	91	205	223	62	63	252	85	254	136	246	237	170	94	205	37	180	231	255	82	229	
130	180	180	209	235	253	184	79	187	255	61	57	140	191	78	26	167	31	255	17	22	92	186	210	15	86	95	239	130	68	135	215	
34	176	176	217	235	253	176	207	159	127	52	57	172	190	78	12	135	27	211	17	22	122	242	211	15	86	30	255	210	76	135	223	
66	182	162	145	235	112	188	7	187	255	23	183	140	174	94	142	167	31	255	149	150	92	134	194	30	118	222	239	134	68	191	215	
252	104	226	102	78	26	110	220	243	162	182	10	123	233	213	30	58	236	125	234	200	247	174	234	246	239	229	188	231	243	98	136	
125	75	102	71	228	26	102	176	97	232	254	236	123	96	151	182	58	228	108	110	205	177	237	44	54	253	101	144	111	191	90	77	
198	176	182	177	235	244	184	67	187	255	23	183	140	190	78	10	167	31	255	145	54	93	178	194	159	86	223	239	134	68	175	215	
70	36	150	145	240	170	184	3	62	187	115	16	204	226	65	74	183	79	106	16	50	208	201	194	12	54	95	198	132	97	131	129	
