香奈儿炫亮魅力唇膏	138 - 激昂	https://i.chanel.cn/fnbv3/image/full/shades/rouge-allure-_-138--35g.0160138_S.jpg	https://i.chanel.cn/fnbv3/image/full/chanel__com_type1/skus_full/rouge-allure-_-138--35g.3145891601381.jpg
169	87	94	255	116	158	105	53	245	10	119	118	59	19	176	117	110	170	22	234	233	188	100	175	102	251	176	128	127	136	106	169	
58	143	98	233	247	227	250	103	21	5	94	167	105	109	54	192	126	187	151	181	62	184	1	191	110	207	172	195	183	206	252	219	
192	24	147	245	161	172	49	23	185	155	66	80	188	183	64	122	165	55	61	24	51	220	144	194	141	254	126	194	136	64	161	59	
49	66	111	77	68	82	237	117	69	70	246	198	51	8	183	109	106	164	38	236	205	191	101	140	86	42	224	0	119	168	116	236	
124	253	245	71	238	91	215	252	91	186	63	42	86	125	205	175	179	84	228	98	97	113	169	42	127	223	101	55	103	251	198	103	
134	255	247	85	242	202	191	246	190	206	126	228	124	247	165	36	39	119	255	194	241	217	45	127	45	62	39	130	231	241	167	249	
0	204	2	154	20	131	170	230	22	1	90	2	104	202	32	64	121	106	2	208	98	190	8	255	40	6	159	64	21	10	48	136	
162	133	0	153	233	161	28	47	142	31	72	53	164	178	42	71	201	11	187	133	50	14	66	211	4	52	154	251	152	76	152	219	
109	85	253	103	36	15	111	184	116	234	255	76	211	117	153	48	94	212	124	106	233	176	125	42	231	239	97	148	108	251	66	113	
2	141	2	158	84	162	170	99	148	128	91	2	104	234	48	64	120	43	19	131	48	186	10	239	48	38	138	136	21	106	176	128	
6	140	98	158	84	162	170	98	212	1	91	18	72	234	60	64	120	107	19	131	176	187	10	255	20	46	138	192	149	79	241	128	
252	253	221	231	190	107	87	172	122	234	63	42	119	121	203	51	179	86	236	99	121	241	169	46	253	231	101	23	228	123	159	35	
230	239	132	190	248	167	79	254	187	190	248	253	232	231	15	21	221	239	239	246	250	79	203	255	248	182	223	252	200	245	166	217	
246	238	215	254	250	243	87	238	179	150	248	250	111	239	237	159	191	251	239	130	122	111	170	251	186	214	85	187	229	241	166	173	
32	236	130	138	84	131	170	230	22	1	120	2	96	200	48	64	121	106	2	209	98	190	8	255	40	6	151	64	85	11	48	136	
166	0	226	212	68	34	232	64	89	211	115	151	8	142	119	107	126	141	51	181	160	247	134	192	22	42	218	140	133	109	113	212	
130	190	242	144	235	245	184	231	187	127	145	191	140	254	126	9	175	59	247	145	178	79	186	211	31	22	223	239	133	68	167	215	
150	38	194	136	250	51	154	89	23	166	145	247	73	206	238	204	127	153	151	181	254	7	15	218	24	6	175	191	191	230	45	213	
10	221	22	159	255	217	180	239	159	13	92	35	172	250	38	192	203	59	167	1	70	152	67	255	46	119	30	203	22	92	141	143	
220	238	255	94	138	240	62	254	182	150	206	179	249	231	233	123	119	247	239	194	112	207	175	127	127	231	255	201	167	241	165	121	
129	168	179	91	65	173	233	71	127	23	100	20	184	135	116	45	201	58	2	28	147	252	50	241	13	152	82	72	218	8	229	252	
38	57	114	80	211	245	186	67	169	205	252	39	44	158	103	52	236	251	151	209	150	139	178	236	59	84	142	235	195	7	167	215	
39	7	226	29	213	177	190	67	95	71	125	135	104	232	183	136	216	43	147	5	150	178	6	219	38	28	139	171	221	127	251	198	
47	150	227	79	247	51	234	250	93	203	126	246	72	104	189	172	127	76	146	173	165	182	37	206	46	62	213	134	223	238	120	157	
41	56	147	88	73	221	144	74	198	96	228	8	154	208	100	172	200	48	202	17	5	107	250	16	19	89	1	59	91	12	107	166	
39	78	99	206	126	178	203	216	79	74	121	230	121	193	189	228	95	104	22	238	195	163	46	255	48	62	163	136	31	255	112	253	
183	255	238	23	222	59	182	252	118	234	251	231	209	124	159	161	127	126	246	231	253	244	109	47	46	103	239	134	237	255	249	213	
156	255	183	127	154	98	55	252	54	174	207	112	253	247	137	116	117	95	238	250	112	211	235	127	253	231	111	140	162	243	165	225	
51	48	55	65	77	95	160	66	94	104	242	106	82	156	132	164	252	28	242	1	133	251	113	208	23	26	1	50	67	8	74	165	
88	34	83	160	66	0	120	80	49	44	242	235	13	135	128	208	62	157	231	128	8	211	129	80	86	225	33	169	35	132	38	225	
3	18	119	69	34	27	169	16	109	96	114	230	204	6	132	164	38	21	106	72	129	240	53	200	4	58	3	130	71	128	5	181	
141	253	247	87	251	63	166	254	127	186	123	112	108	242	141	183	183	126	226	122	241	244	187	255	63	126	71	38	195	119	227	165	
114	98	96	40	105	1	73	72	163	12	176	233	11	199	4	148	204	157	237	196	72	67	202	208	144	240	139	187	115	134	38	97	
246	252	246	94	219	241	150	239	251	215	253	186	104	254	238	63	239	255	234	130	63	111	238	243	58	126	87	63	247	117	238	215	
50	98	91	120	106	209	16	72	171	12	176	170	15	223	164	148	174	177	198	192	72	99	138	80	147	208	1	187	101	130	38	39	
3	43	85	69	32	90	170	0	125	64	122	224	201	2	149	244	50	13	102	232	129	240	165	200	4	254	3	2	71	130	75	165	
21	33	76	33	21	27	226	0	109	96	250	69	207	8	147	160	186	141	108	109	141	240	213	200	134	253	3	19	109	6	75	6	
55	113	122	94	95	213	151	104	123	192	237	10	122	220	38	180	186	187	210	106	199	35	190	255	51	93	1	47	83	38	110	230	
188	73	106	100	116	11	99	112	101	160	254	10	83	73	177	16	122	236	6	234	200	179	96	14	118	237	33	0	103	187	114	160	
64	48	121	96	16	205	17	16	32	109	36	108	22	23	0	22	36	60	196	16	3	8	176	0	193	133	32	112	64	0	7	115	
194	170	252	94	10	208	152	136	174	20	148	179	233	206	238	98	71	243	251	129	22	75	206	117	90	33	175	219	21	0	47	151	
48	184	218	50	106	201	49	192	234	240	160	40	54	220	110	50	163	243	66	80	7	107	154	113	25	129	5	59	65	10	15	131	
137	180	147	245	48	174	105	51	116	139	122	116	183	179	128	96	54	62	22	8	177	184	145	15	196	174	50	128	72	224	3	169	
96	6	211	69	82	14	111	48	121	134	106	196	89	39	149	117	118	204	2	44	161	208	181	78	45	174	134	0	98	162	102	240	
93	34	146	96	177	62	68	147	107	187	162	92	207	162	205	254	135	68	108	28	157	192	169	64	154	249	85	110	138	245	171	5	
205	120	187	241	165	190	73	23	249	235	182	92	159	191	83	122	197	165	125	28	153	252	241	130	207	253	117	80	130	232	194	121	
108	186	149	214	253	92	99	190	187	185	34	124	234	119	204	246	193	214	236	26	11	72	251	241	31	154	213	126	130	224	198	61	
201	17	191	245	36	60	121	23	237	203	118	88	191	191	19	123	132	39	124	12	169	248	241	136	199	251	112	144	66	200	67	105	
133	176	159	179	54	143	169	152	190	153	19	242	213	211	249	104	183	17	127	89	179	205	11	84	140	134	59	196	140	137	33	33	
25	53	19	229	52	143	97	55	116	169	90	100	183	51	128	224	54	62	28	8	209	152	17	14	237	207	52	0	42	200	129	41	
101	152	213	84	233	124	100	150	251	179	166	216	210	55	205	255	197	214	232	58	185	90	251	160	31	250	85	86	138	249	200	52	
240	52	189	100	77	127	208	107	211	254	176	57	74	60	68	59	137	149	236	33	172	103	243	136	91	219	81	63	65	104	70	119	
13	228	148	186	173	189	50	152	222	59	61	88	222	211	105	140	151	27	202	30	54	100	90	243	207	223	17	126	218	89	137	131	
149	74	127	125	44	26	237	184	228	82	243	246	243	72	189	235	122	196	110	239	233	165	47	61	128	235	227	132	125	185	113	32	
244	36	140	228	13	6	68	43	129	182	160	9	67	35	65	27	89	196	105	162	104	71	203	8	219	235	197	61	33	96	86	10	
69	160	149	163	172	13	161	152	106	185	3	88	215	49	72	10	129	69	104	89	19	120	203	0	205	154	127	116	200	10	129	33	
181	100	121	46	26	103	139	104	84	70	233	11	243	88	27	49	91	137	82	239	236	39	124	31	209	141	35	60	113	115	35	192	
38	45	249	229	252	11	238	248	75	160	184	202	211	109	85	2	250	237	87	107	232	243	201	200	62	156	165	180	69	251	82	128	
134	0	130	156	68	162	168	64	150	130	81	18	104	202	49	72	120	41	19	131	32	183	2	202	16	38	155	136	149	105	48	128	
69	161	189	99	40	30	107	184	102	245	39	0	247	71	218	114	16	68	104	126	139	64	255	17	207	201	37	116	32	162	64	96	
226	104	237	84	200	72	21	39	186	182	162	153	50	166	69	91	129	247	105	128	104	79	242	40	119	162	221	51	129	112	214	122	
93	42	156	180	173	12	84	146	186	186	2	89	215	185	81	26	145	102	125	31	140	89	219	2	223	255	117	53	128	120	90	10	
85	169	153	65	178	70	43	156	42	224	142	192	213	182	197	116	54	85	124	252	145	24	189	98	188	172	47	196	136	163	1	48	
45	115	96	7	84	27	238	248	101	228	255	207	195	72	159	148	92	204	198	110	204	178	109	44	38	77	165	4	111	191	94	212	
164	188	223	178	250	249	182	239	250	179	184	58	110	254	110	59	171	251	230	19	54	111	170	119	57	135	117	123	209	121	143	143	
252	94	94	126	32	46	86	180	53	14	246	237	115	67	161	89	84	244	4	98	104	246	73	63	242	235	97	145	58	249	108	11	
92	175	157	231	174	123	87	168	91	190	60	40	199	117	195	54	51	84	236	98	108	113	235	42	251	199	101	55	226	251	15	103	
89	93	21	101	180	14	71	55	101	168	174	68	247	51	145	245	68	38	92	108	201	152	113	28	165	248	36	16	42	176	64	41	
35	116	101	69	85	15	235	176	125	224	102	198	241	37	157	37	92	92	82	108	161	240	125	206	37	30	193	4	79	191	82	180	
3	164	103	85	83	91	237	192	57	98	112	194	89	71	156	180	62	220	18	142	67	242	173	205	5	42	1	132	103	244	103	244	
90	54	211	240	99	202	54	80	169	170	102	233	76	247	128	210	38	245	238	128	37	209	128	200	246	179	39	131	34	244	47	3	
89	48	30	176	170	204	81	83	234	85	166	57	95	215	2	122	167	151	124	0	31	65	179	0	211	225	50	19	168	64	175	83	
220	253	185	99	170	123	86	236	91	250	61	40	215	117	203	59	179	86	108	98	116	117	169	58	255	195	101	55	242	123	133	99	
90	191	195	164	114	204	122	86	43	193	74	237	61	207	64	208	182	255	245	197	155	154	144	235	247	229	42	168	44	134	167	121	
141	237	252	55	181	59	238	172	126	226	123	84	255	120	159	161	179	71	124	111	245	240	125	191	174	255	103	21	236	247	203	133	
72	35	88	37	32	10	126	48	33	12	116	173	207	3	130	146	150	197	205	110	76	208	193	12	230	241	32	129	106	166	10	19	
84	184	255	216	186	208	17	202	166	21	180	178	29	215	160	112	103	185	238	144	2	75	174	80	217	163	47	221	48	32	167	35	
153	93	123	207	118	2	255	117	116	200	118	162	121	31	176	97	126	188	23	238	225	184	37	206	118	169	162	128	103	178	225	249	
49	42	189	82	44	159	84	80	235	190	182	72	83	232	84	50	137	252	100	8	140	113	120	48	147	217	37	53	64	104	78	39	
97	184	56	80	205	141	113	146	121	45	100	13	18	145	2	16	129	142	66	28	2	58	240	32	95	185	20	104	74	136	66	250	
220	252	157	243	180	111	87	191	86	59	143	120	223	49	72	99	19	86	109	56	58	237	201	55	233	215	53	116	226	216	149	35	
134	32	130	145	70	162	184	64	20	130	83	18	72	202	113	72	126	61	51	145	32	247	130	194	16	34	155	136	133	105	49	128	
236	237	17	254	237	68	71	188	145	138	173	8	242	243	73	247	209	246	124	106	73	70	250	47	255	255	197	59	2	115	214	43	
24	73	82	236	54	130	126	116	37	0	250	2	63	155	33	80	126	185	21	226	72	147	0	204	242	237	162	128	55	178	97	9	
141	237	215	87	178	122	174	172	126	242	123	240	217	98	157	245	51	110	238	106	245	244	173	255	46	255	103	4	207	243	203	165	
164	245	103	90	213	143	239	252	228	80	101	199	80	205	60	53	124	216	19	254	243	163	62	125	107	8	133	76	91	155	246	240	
164	193	93	187	204	3	237	248	30	178	241	82	209	195	249	73	127	205	55	251	97	118	75	84	28	10	239	204	29	185	241	160	
227	88	57	222	108	205	209	156	203	88	180	8	182	25	61	107	200	194	95	75	138	39	114	185	215	216	144	58	80	25	80	175	
214	233	246	247	174	16	254	237	171	178	146	146	237	110	93	107	167	199	127	195	242	93	175	225	188	218	223	198	37	180	161	13	
236	223	215	71	211	126	111	188	123	162	111	208	105	103	141	244	119	94	34	234	241	244	189	238	47	190	69	68	227	243	230	164	
220	144	182	250	137	236	80	23	171	27	167	25	142	191	72	123	165	183	253	16	58	79	146	192	219	251	86	123	210	68	167	19	
169	191	26	186	242	189	190	247	58	73	120	253	61	255	96	144	191	107	151	213	247	26	152	63	252	197	46	232	89	68	171	155	
47	73	105	206	45	22	203	56	65	200	213	70	89	93	191	228	220	192	21	239	201	162	127	172	99	89	163	152	15	175	112	117	
4	120	223	255	110	0	168	216	62	153	81	226	149	255	249	75	118	89	63	221	131	225	139	112	12	46	255	172	157	177	33	177	
221	111	218	166	146	6	110	212	113	192	235	71	95	194	115	80	118	237	12	254	237	151	156	106	248	229	167	8	41	243	43	16	
2	140	98	155	214	163	170	231	30	65	90	147	44	236	52	64	127	171	19	149	178	186	4	255	60	14	158	192	149	12	177	200	
35	32	112	141	124	137	232	67	109	97	114	151	141	10	22	10	234	133	95	133	132	188	197	197	22	124	154	192	77	12	107	141	
255	69	167	38	149	118	79	181	225	230	143	4	89	125	27	182	88	228	89	238	253	131	188	142	251	255	141	12	47	247	250	116	
27	111	106	197	86	146	235	118	100	192	94	194	57	140	177	32	126	236	23	253	133	153	36	236	118	45	174	128	39	247	113	233	
166	106	172	145	236	73	237	204	159	254	20	187	148	140	215	11	201	73	127	223	198	118	227	208	70	24	255	189	148	248	85	216	
130	140	2	158	84	162	170	99	180	130	91	18	104	234	48	64	120	47	19	161	48	186	2	239	56	38	139	128	21	106	49	128	
139	136	131	153	36	242	248	7	126	89	82	119	188	158	182	236	227	43	63	157	151	220	7	241	140	126	250	194	156	4	185	93	
252	205	199	94	209	110	111	252	53	194	111	92	91	231	41	213	117	246	34	238	121	215	57	46	63	174	197	68	171	251	228	112	
58	34	78	173	76	43	232	75	14	164	250	135	141	142	82	64	110	173	255	133	0	184	67	208	148	225	186	160	61	8	113	216	
3	140	2	156	209	244	168	103	28	73	74	23	168	174	54	196	233	43	147	133	55	154	18	255	47	62	154	195	153	68	185	158	
18	74	78	181	34	146	184	86	172	4	82	231	45	142	182	72	38	45	191	197	132	153	5	200	150	97	186	128	37	132	45	221	
24	79	106	87	244	154	238	102	245	172	254	161	43	41	182	80	40	238	199	204	228	185	4	46	114	111	52	129	71	214	254	200	
34	204	98	154	95	209	155	224	158	68	72	131	41	204	55	192	90	185	147	195	70	142	126	255	117	4	138	43	53	15	61	222	
220	151	149	97	184	127	87	187	229	191	175	124	215	51	128	87	35	150	76	58	121	97	105	30	250	223	101	84	234	248	192	33	
66	217	162	156	207	209	156	134	143	84	128	175	172	140	118	66	224	115	251	213	70	11	150	241	185	48	158	187	20	28	189	94	
41	217	105	229	52	159	239	180	77	232	94	70	187	29	182	228	94	108	23	111	193	184	100	189	102	121	164	144	94	190	80	249	
1	35	93	69	50	90	170	0	108	96	107	64	206	8	148	224	178	69	106	105	133	176	53	76	164	62	10	0	76	131	73	4	
114	35	73	104	104	1	90	72	131	52	176	169	35	207	196	16	206	145	229	194	78	67	202	81	178	144	169	191	113	130	110	224	
49	74	107	79	100	74	237	116	69	102	255	198	115	41	182	100	122	172	38	142	201	186	101	204	86	47	240	0	111	170	116	248	
3	33	119	65	2	95	169	0	172	96	242	194	217	134	148	228	46	149	122	204	129	249	37	192	21	58	3	128	67	132	33	116	
58	34	87	73	106	50	184	88	51	4	224	225	9	135	132	148	126	157	195	128	0	211	131	208	22	225	131	171	67	132	46	128	
51	33	18	8	45	95	144	79	206	104	184	72	214	216	54	32	200	9	126	5	141	99	214	144	145	216	11	59	89	12	107	132	
99	185	48	60	13	157	209	202	203	252	164	13	174	216	94	148	137	35	204	13	142	107	218	185	153	88	17	62	90	12	11	78	
33	41	221	197	252	11	239	248	204	176	248	74	211	41	213	3	106	197	95	107	201	243	201	76	124	24	231	180	77	186	82	168	
51	245	58	92	91	149	146	232	219	4	236	10	120	216	127	48	249	249	210	99	198	35	186	223	123	93	3	47	81	7	107	167	
130	190	242	147	255	229	184	199	191	91	80	183	140	254	116	8	239	59	151	145	178	95	138	211	60	22	159	235	133	68	167	219	
82	170	14	52	11	152	176	7	174	85	70	177	172	142	66	74	167	39	233	21	22	201	134	65	208	97	26	67	136	4	175	79	
130	132	128	153	249	161	60	47	30	31	72	181	172	38	10	192	195	11	171	5	50	24	67	215	12	54	154	235	144	68	133	223	
82	34	14	124	8	134	152	72	166	149	192	213	193	206	118	66	204	125	233	129	142	75	139	17	211	161	187	157	0	0	63	82	
16	34	62	57	42	203	49	72	246	188	240	169	151	198	224	32	55	57	78	65	2	241	46	29	200	131	47	181	112	10	7	163	
99	1	143	92	89	148	224	8	241	64	227	68	114	242	36	246	216	124	234	200	77	227	242	65	3	190	194	10	88	34	106	148	
84	34	200	36	128	104	101	16	96	198	166	13	211	163	67	90	32	196	108	30	76	64	245	0	211	171	100	25	160	240	78	66	
103	168	220	82	233	156	48	166	235	177	38	88	18	182	196	254	197	118	104	24	23	123	250	224	31	58	85	127	194	224	202	12	
104	48	189	244	205	109	144	15	83	187	177	57	18	61	68	186	141	151	241	17	25	107	211	128	93	215	80	123	193	72	198	179	
89	132	148	84	137	125	80	175	235	179	38	24	238	51	66	255	129	86	236	8	62	105	251	17	203	219	85	127	242	236	8	15	
236	146	157	46	40	76	87	184	131	254	161	109	215	119	75	91	149	212	108	98	105	71	219	8	217	179	101	60	216	242	6	83	
61	172	172	57	205	117	204	207	82	51	233	25	153	248	94	171	137	203	241	147	62	98	207	50	239	207	221	125	209	121	218	134	
117	168	190	80	141	189	80	138	239	23	165	24	74	248	111	122	161	194	104	16	22	103	187	112	155	154	85	127	208	73	200	70	
69	247	117	71	170	11	167	188	108	178	11	232	215	96	201	35	55	84	104	99	193	228	109	63	172	130	103	116	76	242	131	33	
85	36	154	164	246	10	102	142	122	163	10	108	214	240	193	16	179	239	108	17	5	112	137	2	188	132	37	38	172	114	27	11	
84	167	251	102	226	75	118	248	115	162	58	234	87	245	201	48	55	220	100	98	100	115	173	42	250	134	101	37	224	250	7	35	
85	41	139	166	240	70	111	85	112	200	74	64	241	242	209	112	114	239	20	252	205	218	172	104	188	172	175	132	168	178	163	44	
125	94	94	174	160	46	87	184	49	142	234	109	87	119	35	89	244	231	36	102	173	147	88	44	240	239	97	16	248	251	2	113	
114	51	72	101	32	27	126	56	33	168	180	237	79	3	130	22	22	196	205	238	76	208	209	204	230	241	161	145	46	134	74	147	
209	66	111	124	108	26	104	56	213	210	114	246	211	72	177	235	122	164	46	239	233	52	103	95	84	171	227	132	125	185	112	32	
43	96	37	69	29	31	206	40	118	160	226	68	203	8	20	164	220	76	122	239	237	240	117	156	39	251	203	16	75	62	90	164	
88	34	127	101	40	2	11	24	54	172	234	225	203	7	128	208	118	213	237	128	136	209	233	12	192	231	35	133	96	130	36	97	
19	32	207	93	74	83	168	72	118	64	242	226	121	254	180	160	122	253	114	137	7	243	167	65	22	235	139	131	101	32	107	132	
82	50	219	164	98	80	56	80	169	128	226	233	77	231	224	242	38	221	235	128	4	211	130	64	150	225	75	139	35	160	47	149	
35	32	113	81	108	221	200	79	203	105	176	216	178	140	212	180	140	58	214	8	143	107	238	209	7	24	17	58	83	136	218	172	
105	184	115	80	99	141	97	87	187	125	100	28	30	151	4	20	36	14	98	12	130	123	178	81	23	56	17	42	66	132	194	225	
88	186	123	176	34	216	48	23	54	65	226	249	95	158	128	240	55	191	237	129	30	91	167	81	214	225	59	203	36	128	167	19	
34	190	114	83	210	175	187	215	59	3	116	246	56	211	164	52	63	187	19	140	178	158	20	239	54	30	16	226	239	192	163	189	
138	223	86	191	119	153	182	239	31	5	88	231	172	238	164	196	230	123	135	65	102	184	7	255	174	116	30	195	22	28	173	141	
28	223	239	103	178	6	127	188	55	174	239	165	65	103	137	84	119	222	237	234	104	208	105	46	238	239	231	132	163	243	164	113	
220	239	239	127	152	34	111	190	54	182	235	245	233	231	73	88	95	255	237	242	250	214	239	63	239	231	239	133	165	243	164	112	
133	255	255	87	254	63	182	254	254	250	123	114	237	248	189	167	191	127	238	123	245	245	175	255	62	255	103	6	229	115	235	133	
182	236	253	95	202	241	191	238	254	214	248	187	105	254	205	187	127	255	239	131	126	111	239	123	63	231	255	187	213	113	167	254	
133	255	246	39	182	59	238	188	127	226	91	68	239	120	159	228	51	71	238	227	245	240	221	239	174	127	71	7	238	247	201	4	
230	238	204	220	216	161	79	239	187	183	188	221	225	230	70	27	207	247	239	148	58	79	202	115	62	183	223	249	245	240	174	248	
47	235	96	78	248	147	207	252	19	236	253	237	99	237	159	180	94	232	151	238	207	186	236	191	62	28	165	184	127	191	254	253	
6	223	118	87	242	166	191	246	190	134	126	230	249	247	165	100	39	127	123	202	224	216	61	110	111	46	103	130	231	243	165	185	
19	22	64	137	218	50	138	123	22	225	218	247	73	46	190	196	127	141	151	181	189	155	5	222	56	6	171	228	191	198	184	157	
201	25	191	244	37	220	113	23	249	91	118	24	190	159	2	123	164	55	125	8	179	237	178	193	199	251	114	10	130	0	135	107	
41	73	105	237	60	150	207	188	69	200	84	198	177	13	151	228	92	228	21	239	201	48	101	173	102	249	162	132	63	191	80	121	
107	91	99	204	111	145	142	121	197	200	88	238	104	204	181	228	94	168	183	239	197	51	230	221	22	62	203	170	95	174	120	157	
18	65	50	142	62	129	190	101	141	0	209	130	236	206	56	64	254	185	31	227	194	3	10	221	176	52	138	152	53	30	161	137	
170	216	34	186	79	197	146	230	158	68	192	3	44	222	38	192	232	187	147	193	70	47	18	255	53	20	154	43	21	29	61	222	
96	37	217	101	124	11	238	123	105	160	250	72	215	41	20	18	250	205	127	33	201	250	193	76	188	190	167	180	109	234	66	169	
3	141	3	158	213	244	170	103	20	73	75	82	40	250	52	228	249	43	147	129	55	152	32	255	41	54	154	195	19	70	245	238	
124	247	245	71	238	91	183	248	75	174	191	106	79	125	205	182	191	212	228	98	193	115	169	168	123	207	101	55	103	251	199	165	
154	85	122	239	118	18	127	117	53	66	119	163	121	95	186	97	126	185	151	238	232	148	44	207	118	235	170	128	39	182	228	249	
2	140	130	158	148	163	174	199	22	3	90	18	104	234	49	64	121	43	19	129	50	152	8	255	32	38	154	128	148	91	177	136	
188	76	122	101	118	10	127	112	117	130	118	2	91	9	177	49	122	236	6	234	232	180	37	14	114	233	32	0	103	187	98	160	
2	172	2	154	20	163	174	230	22	3	88	2	96	234	33	64	121	106	2	130	34	188	8	255	40	6	139	192	149	91	48	136	
88	88	179	244	98	104	117	150	185	134	102	40	62	183	97	126	34	116	109	66	65	213	178	106	209	182	80	10	34	241	39	43	
38	140	2	158	84	163	170	226	148	1	91	18	104	232	48	64	120	42	19	129	48	186	8	255	56	38	138	200	149	11	112	128	
92	223	80	238	170	9	23	184	27	166	15	239	111	101	137	214	55	215	236	98	64	49	139	63	252	231	101	55	102	251	141	49	
225	252	213	94	253	255	71	191	91	59	46	120	110	115	140	247	131	214	96	42	115	92	251	255	63	190	85	126	146	217	194	45	
95	95	4	167	42	18	30	40	173	250	155	231	205	110	147	195	230	229	253	231	205	65	207	168	168	115	239	146	12	119	25	85	
38	141	214	157	254	35	236	239	157	144	88	2	172	234	53	67	107	107	23	161	112	251	66	204	60	58	207	136	149	104	241	136	
37	66	201	189	108	3	237	152	22	176	82	66	213	67	217	105	91	76	54	235	193	242	207	16	204	138	255	164	61	185	113	161	
237	80	125	103	52	15	111	184	117	234	247	76	211	117	153	48	94	212	124	106	233	180	125	46	231	239	97	148	109	187	66	113	
141	239	172	63	156	55	158	254	86	250	221	215	241	232	91	33	221	111	118	239	253	246	207	63	236	207	239	189	253	251	187	128	
255	93	231	118	149	118	79	183	113	202	143	20	123	125	23	183	217	230	157	174	253	206	249	174	235	255	133	154	175	246	250	118	
166	32	226	144	68	34	168	66	88	195	83	18	8	138	119	72	123	141	51	177	128	246	134	194	20	42	218	140	133	109	113	192	
3	61	178	216	255	180	184	86	139	73	124	35	44	190	247	32	206	59	151	145	134	43	162	239	63	92	154	234	215	84	99	223	
34	11	162	158	207	241	190	195	158	69	88	163	172	236	119	8	201	123	179	133	22	58	110	243	21	20	154	171	213	111	53	222	
51	34	104	168	44	63	209	88	67	36	144	239	131	8	158	0	90	136	93	45	140	39	85	144	208	89	33	188	125	172	122	198	
194	232	246	148	106	0	188	239	171	178	146	130	236	238	117	67	167	245	127	225	194	77	131	209	188	26	223	172	4	52	161	9	
253	109	66	182	208	6	78	246	113	202	234	69	115	227	51	209	120	238	20	238	237	154	156	46	248	239	167	136	41	243	234	24	
12	104	165	177	236	205	237	23	142	251	80	75	157	143	81	10	201	41	115	21	67	116	211	208	77	217	255	188	148	216	85	248	
239	205	199	95	209	118	230	238	243	218	235	80	106	246	173	255	217	254	226	234	253	247	251	239	43	254	199	14	203	119	234	180	
233	56	186	245	165	188	81	23	249	235	246	24	191	185	83	122	128	54	125	28	185	252	240	130	199	251	112	144	194	192	210	107	
210	65	82	174	54	128	94	100	45	0	251	130	47	206	61	80	126	185	159	227	72	135	0	207	178	253	138	136	53	146	33	9	
156	255	190	191	178	107	55	255	118	182	249	187	255	230	235	32	55	123	238	99	242	241	47	63	232	199	111	53	244	123	133	163	
2	217	166	152	143	209	188	199	142	85	154	183	172	188	118	66	237	51	187	129	86	9	19	241	13	16	222	219	149	28	189	95	
158	185	44	186	143	211	150	232	135	254	149	143	207	220	123	139	153	209	253	243	254	103	63	191	219	211	207	255	119	63	61	86	
34	141	246	157	252	35	188	103	89	162	120	2	172	40	52	3	239	63	23	129	240	250	64	206	60	62	222	162	213	104	177	137	
134	32	130	153	68	162	168	64	52	131	81	18	72	202	33	72	121	41	51	144	0	150	2	194	0	6	155	128	133	105	49	128	
206	176	182	250	169	236	80	67	171	27	161	24	142	255	72	91	165	23	253	16	50	79	146	209	155	243	86	123	194	64	167	19	
202	248	186	248	11	244	49	71	189	87	132	17	172	159	98	122	163	51	251	145	2	79	178	227	219	245	94	75	130	68	167	123	
134	0	130	156	68	162	168	64	22	131	81	18	96	202	33	72	120	40	19	144	32	182	2	202	0	38	155	136	149	107	48	128	
141	144	21	241	54	143	41	24	62	57	83	118	221	83	136	105	55	29	63	185	163	212	11	87	204	174	123	196	156	129	33	177	
71	81	165	197	44	30	173	24	206	249	31	198	208	52	221	110	4	68	121	79	193	225	255	192	4	62	255	148	140	251	17	117	
81	55	2	160	85	14	99	80	117	32	202	79	79	136	51	84	248	141	106	229	140	179	149	206	180	52	2	2	105	150	112	6	
35	91	99	79	70	151	231	117	69	72	123	230	112	156	180	228	124	172	54	207	201	186	100	237	52	44	162	128	127	143	240	253	
35	50	72	169	106	13	184	72	42	36	108	143	149	130	2	16	238	13	83	12	4	210	208	16	212	161	171	40	12	0	27	144	
246	157	237	95	159	114	87	175	81	199	142	50	115	125	22	119	243	246	253	35	253	235	253	174	251	255	213	19	231	244	214	126	
2	134	212	153	58	136	56	47	30	23	72	245	172	34	130	64	199	11	163	5	118	28	67	215	12	54	186	195	148	68	157	139	
130	137	150	157	254	131	188	103	28	144	82	18	172	42	48	67	234	43	19	129	112	248	67	204	44	50	222	192	21	40	177	137	
33	168	122	80	107	157	177	71	235	49	116	26	28	147	164	180	38	30	82	12	2	251	178	113	23	40	17	106	67	0	227	161	
75	32	7	72	9	86	232	72	236	64	162	64	216	158	148	228	200	149	122	137	141	195	231	192	149	120	138	24	67	4	97	44	
188	76	126	231	102	42	126	116	117	130	118	2	91	43	177	89	126	236	23	234	168	180	1	174	246	235	98	128	103	251	96	137	
49	48	29	73	41	95	144	75	206	97	178	72	150	152	20	36	200	21	106	1	141	235	243	16	145	184	11	59	88	8	75	142	
223	55	121	98	163	127	95	81	105	254	189	189	75	93	207	191	39	213	213	126	237	103	188	200	123	217	101	191	239	247	78	245	
64	18	76	101	112	6	107	16	53	164	110	197	197	39	0	80	86	221	107	140	136	208	241	76	229	183	139	128	32	130	36	112	
34	153	160	158	223	225	186	207	142	69	88	171	172	188	103	0	201	123	147	193	18	58	210	241	61	20	154	171	149	77	149	218	
124	233	232	32	252	205	81	143	35	245	164	141	151	13	90	18	137	132	65	85	30	104	248	17	251	213	5	117	224	136	222	82	
41	89	122	229	53	159	255	182	77	200	126	42	63	29	183	164	134	120	149	111	193	184	36	173	99	249	36	128	118	188	80	109	
74	34	46	188	9	132	89	91	166	141	194	1	198	207	50	74	204	37	105	133	14	75	211	17	209	179	155	25	0	4	52	82	
19	34	71	33	48	39	168	74	54	164	226	197	65	6	4	144	252	157	71	164	44	208	81	78	144	198	171	128	65	0	35	180	
99	51	72	37	96	10	126	56	41	96	232	205	195	43	6	16	150	205	85	230	204	208	193	76	166	188	128	128	8	130	74	211	
8	233	51	122	253	221	243	238	251	21	40	9	46	204	116	176	137	123	195	81	66	107	186	245	123	93	23	107	210	29	119	234	
33	107	93	229	108	11	239	57	204	160	122	74	213	1	208	2	106	228	126	107	193	186	195	12	108	136	175	164	76	170	81	169	
163	173	90	67	242	166	170	246	56	8	122	214	113	227	180	16	62	107	19	172	33	154	16	111	100	142	170	192	9	194	227	152	
19	50	215	37	18	14	42	64	60	172	226	228	205	38	132	208	54	85	108	165	161	208	37	78	140	230	47	128	41	32	35	181	
0	35	53	249	42	139	3	88	55	180	226	232	199	199	128	4	63	185	110	192	10	240	79	93	204	130	1	36	118	139	37	32	
97	160	60	58	14	193	144	200	194	208	160	9	178	216	122	34	201	227	122	129	14	99	222	113	216	41	143	63	93	8	123	134	
51	68	165	101	61	95	194	40	95	232	146	12	194	56	148	166	216	68	124	111	173	225	121	158	161	254	205	146	72	58	80	100	
99	64	207	77	41	90	130	8	254	0	235	0	210	242	164	242	216	108	122	104	13	163	251	93	35	62	130	26	88	42	122	134	
225	6	249	77	100	42	105	26	117	226	126	246	147	33	145	120	123	172	38	12	169	244	229	10	68	174	112	132	253	233	80	33	
2	140	146	155	150	162	186	231	62	129	90	146	44	238	48	64	127	59	19	145	50	152	10	255	44	38	158	192	148	64	177	137	
115	11	105	228	116	11	206	117	77	160	186	202	115	9	148	48	254	164	95	239	201	171	69	204	180	188	162	144	101	138	114	41	
253	89	223	174	176	14	87	188	33	236	250	101	87	115	35	82	246	228	44	102	89	147	57	40	242	237	101	16	169	179	96	115	
157	107	123	103	48	198	111	117	96	168	86	96	241	83	145	112	50	236	20	250	201	146	172	46	249	173	175	128	32	178	230	41	
100	167	243	85	242	75	183	232	123	162	98	232	71	241	196	54	55	252	96	98	32	242	141	78	60	38	69	38	229	170	71	164	
61	109	67	38	244	134	78	246	113	202	255	68	115	115	179	244	121	238	20	238	237	154	76	46	242	239	167	128	46	247	250	217	
195	254	144	147	58	152	58	174	63	127	18	245	172	6	198	199	167	71	237	87	231	76	207	247	172	80	63	250	14	5	11	93	
116	168	188	48	141	237	85	142	235	247	160	25	14	184	71	26	129	67	232	16	22	107	178	16	219	219	85	127	208	117	199	70	
213	253	174	30	221	62	118	238	247	250	255	23	114	248	95	99	249	230	110	247	252	255	159	255	254	62	87	5	233	247	250	14	
112	49	136	100	0	76	65	49	96	196	166	13	211	35	67	82	80	196	104	12	8	64	241	0	211	165	68	16	104	162	70	82	
100	168	223	86	194	154	52	235	186	178	32	8	116	242	236	178	51	126	98	16	3	219	154	105	31	170	71	38	193	96	99	160	
104	56	184	112	237	109	145	23	91	59	189	56	158	61	68	42	141	159	245	17	27	122	211	128	95	223	80	123	202	72	138	163	
44	180	188	241	237	125	113	27	251	255	61	29	222	225	75	14	145	10	110	28	2	100	250	210	207	223	85	124	218	232	71	242	
60	86	149	237	164	43	71	184	86	170	185	104	211	113	137	56	89	212	4	42	169	182	73	26	224	198	225	20	240	251	86	33	
141	238	190	127	232	181	190	238	254	211	250	80	233	232	127	171	255	111	234	135	246	239	143	123	62	255	87	9	193	241	235	140	
204	239	237	127	153	34	79	190	55	182	239	144	233	231	73	85	95	255	239	234	120	214	251	127	127	182	199	132	227	243	166	112	
181	165	210	163	214	11	102	206	58	160	40	77	87	226	65	16	51	110	0	60	115	216	140	46	188	4	5	100	168	242	82	136	
126	219	108	101	50	10	127	184	37	228	254	229	219	103	139	84	118	212	125	238	200	144	205	76	238	239	167	132	47	182	96	113	
85	67	209	69	42	15	14	184	38	168	58	236	211	97	201	34	54	68	108	110	193	48	205	24	164	140	37	148	109	243	1	49	
45	237	172	191	188	47	238	252	86	250	223	69	243	232	27	33	221	111	123	239	221	240	223	61	237	255	239	52	220	251	216	210	
99	143	98	140	127	177	250	98	13	68	92	175	40	200	182	196	222	171	147	133	198	58	6	255	54	60	138	171	31	14	120	223	
247	205	199	95	185	126	198	238	255	218	235	16	226	250	173	255	217	126	126	122	125	239	251	255	43	254	215	31	216	123	234	142	
39	251	224	91	219	145	158	237	83	229	252	239	40	236	214	180	95	235	147	220	215	58	238	255	62	28	141	255	95	150	218	220	
156	239	189	191	186	99	158	238	54	186	249	242	243	238	153	161	127	255	239	227	120	247	239	63	189	231	239	245	245	115	167	160	
244	253	247	86	214	123	183	238	123	178	127	58	106	241	237	55	51	254	98	122	112	255	174	110	59	174	69	111	227	251	231	173	
167	237	206	189	248	171	190	231	190	183	76	157	181	226	83	25	203	111	123	94	118	223	218	63	252	167	255	169	140	113	155	218	
124	251	241	70	246	91	183	248	107	168	191	234	95	125	221	166	62	220	228	99	193	179	173	168	58	205	37	182	103	187	199	165	
56	201	112	225	116	159	222	180	77	40	54	10	171	9	181	36	170	160	23	106	200	184	96	188	230	217	36	176	119	184	80	141	
197	64	235	119	36	44	233	16	124	91	119	84	211	5	153	107	102	36	54	14	161	244	109	34	196	251	114	128	204	249	81	97	
182	197	82	174	30	129	206	105	29	0	217	2	111	202	56	64	122	169	31	227	106	7	72	223	176	244	138	152	53	42	240	0	
228	255	216	87	211	251	183	239	250	182	45	124	108	242	204	183	55	126	226	98	113	125	188	127	62	46	85	55	203	115	207	175	
52	249	105	72	94	71	199	248	70	168	180	106	83	213	253	36	92	216	23	234	203	39	122	29	113	136	165	188	127	187	86	177	
66	153	146	156	235	196	60	7	139	89	154	33	172	190	96	66	198	55	191	129	82	11	146	241	181	52	158	251	144	4	165	91	
212	137	89	242	131	200	95	167	57	7	67	27	143	63	104	88	227	151	57	18	90	28	154	247	219	247	218	73	176	1	133	66	
15	221	230	95	178	134	175	246	60	130	126	198	249	227	181	68	127	127	51	206	224	152	27	111	110	174	239	128	15	243	225	176	
3	132	2	154	21	244	186	234	30	73	73	83	232	254	62	228	249	43	147	149	55	142	10	247	9	54	154	195	145	7	185	198	
109	81	121	103	36	14	111	184	117	232	247	76	211	69	153	112	126	196	124	106	201	176	109	44	230	233	97	132	111	187	66	49	
34	249	48	184	77	197	148	230	158	29	208	3	172	158	38	5	204	59	147	193	70	43	82	245	161	81	154	59	16	28	61	222	
88	92	187	244	3	228	117	150	177	134	238	9	62	183	99	90	160	247	233	130	0	207	178	106	211	231	82	9	32	113	39	122	
41	73	104	237	52	30	223	180	65	232	94	134	187	13	151	100	78	236	21	239	201	184	101	172	102	249	164	144	55	191	80	249	
140	81	61	235	236	77	181	216	206	56	48	8	182	151	105	11	164	89	91	67	67	37	186	49	85	137	114	60	80	27	7	171	
66	217	162	152	207	197	188	231	143	93	146	163	172	190	102	66	229	51	187	129	86	11	146	241	189	48	222	251	20	28	181	95	
74	188	178	254	11	252	48	7	191	23	102	16	188	191	96	122	167	51	251	16	18	77	178	227	219	247	90	75	130	64	167	27	
154	223	30	191	114	153	52	231	159	4	82	231	173	202	34	193	231	59	175	1	102	156	6	255	182	119	62	139	52	12	173	139	
152	68	82	238	118	2	126	116	53	130	243	2	111	75	41	81	126	169	23	226	104	151	0	206	178	233	162	128	103	242	96	137	
66	192	214	149	110	2	188	111	190	178	82	2	172	170	112	67	239	101	63	129	64	92	131	193	60	50	223	140	4	48	161	137	
156	255	247	191	154	235	55	255	55	182	207	250	239	231	41	69	63	255	238	226	122	255	79	127	253	134	85	116	246	251	165	33	
236	85	63	238	207	109	183	255	136	190	184	10	125	255	105	3	175	83	67	99	80	35	186	40	117	129	111	60	81	123	167	251	
82	1	71	65	82	14	107	16	53	36	106	135	65	7	0	84	114	140	107	204	0	208	209	72	117	170	131	0	34	130	0	32	
43	31	99	206	247	177	174	101	77	72	121	238	104	232	180	228	126	170	146	207	213	186	36	255	54	60	130	138	95	223	248	181	
25	223	91	231	178	70	111	245	52	202	250	98	117	119	160	113	54	255	20	234	233	145	45	47	225	175	175	128	32	242	163	169	
48	168	94	88	202	128	176	79	170	145	224	18	32	211	68	18	43	191	98	136	18	235	146	97	22	40	19	104	201	128	235	136	
17	32	79	45	66	2	104	72	53	160	226	193	85	131	0	16	122	221	98	133	12	210	133	72	212	162	139	0	97	128	35	128	
120	160	40	184	13	193	145	200	198	148	128	11	183	217	90	2	201	227	107	1	14	99	219	17	217	129	143	61	84	8	62	194	
9	107	17	229	108	9	239	48	100	168	114	64	247	3	208	99	78	108	110	110	193	176	197	8	228	169	163	160	12	186	81	168	
80	66	53	69	62	75	194	32	124	168	178	104	214	56	133	34	18	84	124	99	169	240	69	14	132	174	97	18	68	59	85	37	
34	177	176	136	223	197	184	207	11	73	88	43	172	190	108	0	205	27	147	145	146	58	210	241	61	20	158	235	213	14	151	219	
1	113	1	165	112	15	239	16	40	232	106	77	213	23	16	16	148	77	91	111	193	144	241	12	229	156	43	32	8	34	3	240	
253	89	254	166	58	14	83	184	177	236	182	44	95	87	131	115	126	228	124	110	233	199	185	44	250	233	101	148	106	179	98	115	
220	121	127	103	34	14	95	184	101	172	182	100	91	83	129	115	54	244	93	234	233	229	57	44	243	233	99	144	43	179	102	49	
100	168	158	114	201	153	176	194	206	177	160	8	32	232	102	18	169	119	234	16	6	107	138	49	25	131	93	127	209	8	15	142	
32	102	213	69	82	15	174	40	48	178	162	200	211	33	16	19	63	84	74	106	96	240	93	78	108	130	101	20	105	226	67	160	
106	170	150	92	201	168	148	135	171	31	160	57	170	246	68	158	129	83	232	0	22	79	194	161	25	242	84	123	194	76	207	14	
45	86	149	101	184	47	71	184	84	170	186	76	215	33	129	159	29	212	76	106	169	160	89	30	164	198	101	52	234	251	66	49	
53	111	80	37	242	10	70	62	112	162	104	236	87	33	129	112	86	204	4	110	233	146	69	14	180	166	37	148	44	250	66	161	
44	52	184	241	237	61	113	27	107	255	61	29	158	241	78	30	153	10	239	28	18	96	251	210	207	221	113	62	218	108	71	243	
61	223	195	63	214	150	103	246	113	202	126	102	115	115	179	244	127	238	22	238	237	186	108	47	118	239	165	128	47	247	250	237	
105	181	152	243	237	125	149	23	75	191	189	24	158	57	78	46	143	31	230	17	19	122	243	130	79	221	20	123	202	72	139	131	
9	207	194	95	240	134	239	247	116	138	126	198	121	227	181	196	127	106	54	206	225	184	15	111	110	174	183	128	111	240	233	185	
72	149	59	97	177	204	117	55	41	73	110	20	158	183	32	112	164	63	21	16	19	152	176	68	239	253	54	66	200	0	133	59	
127	19	99	77	16	22	75	56	39	164	238	196	91	71	157	212	118	156	125	236	201	146	245	14	254	237	167	148	111	162	96	48	
64	160	214	84	72	128	160	75	170	144	160	0	240	242	76	50	129	127	104	128	18	203	138	105	9	186	87	58	65	32	35	132	
102	168	231	95	248	2	111	184	55	182	230	160	97	231	141	85	95	254	107	234	90	210	235	253	126	254	199	132	166	178	102	48	
105	51	241	68	112	78	67	56	97	200	226	76	83	21	129	116	84	220	100	108	201	178	241	8	199	184	32	16	74	162	70	113	
40	233	187	122	221	221	176	239	219	29	44	9	174	221	116	132	137	59	195	81	66	107	154	247	111	85	22	107	210	28	223	250	
113	0	83	77	58	90	130	73	110	32	234	96	210	210	164	112	242	28	106	32	69	163	199	90	16	44	3	27	85	42	105	4	
0	2	85	201	106	11	41	9	62	164	226	192	192	3	132	84	94	156	106	168	64	176	69	92	4	6	1	0	80	136	4	160	
17	32	76	161	18	11	104	91	52	160	66	199	215	3	0	64	114	12	63	45	5	216	69	30	196	142	187	128	44	128	17	136	
195	118	229	29	250	166	175	30	254	218	90	244	245	246	208	102	23	127	63	175	163	84	191	95	44	58	111	168	28	245	129	245	
99	32	10	156	29	208	192	72	207	128	129	8	226	216	52	226	200	177	122	97	14	99	206	89	149	48	139	59	80	10	122	6	
3	159	16	189	48	172	24	55	30	75	88	245	164	162	162	192	199	43	135	5	247	136	66	223	172	54	58	202	24	196	153	29	
17	10	13	37	16	39	104	103	52	160	98	197	211	34	0	0	252	141	36	173	185	216	81	28	148	166	186	0	105	0	32	8	
250	169	25	250	25	213	90	136	131	49	164	8	175	215	72	246	201	146	249	208	74	11	218	181	155	213	129	127	50	2	14	42	
81	48	23	40	111	201	144	75	207	32	242	42	134	152	4	37	170	157	106	1	5	123	215	208	148	48	27	58	121	8	3	14	
42	233	104	94	93	209	82	232	131	0	236	138	42	205	39	20	72	250	211	66	78	43	218	191	115	213	128	59	115	143	126	142	
215	52	255	84	235	95	93	121	169	254	181	189	75	124	222	63	167	149	213	38	253	101	188	192	91	91	69	183	103	228	71	119	
96	185	105	96	84	79	65	51	34	228	172	9	19	29	82	16	8	156	81	56	74	122	240	4	207	141	5	117	97	128	86	250	
88	4	70	161	22	34	72	16	37	32	215	2	223	11	57	72	118	133	61	169	40	149	1	142	210	239	170	128	38	128	32	0	
71	65	161	197	44	92	171	16	110	232	159	198	208	180	223	102	84	68	124	95	193	65	253	192	165	60	143	148	12	183	17	117	
156	120	153	251	131	203	23	220	23	131	197	51	223	215	105	72	115	89	173	82	42	244	91	50	201	199	23	87	178	27	5	51	
10	142	94	191	118	177	184	103	31	7	90	247	45	234	34	192	254	59	167	129	230	156	7	223	150	103	186	131	63	204	41	159	
57	89	114	228	36	159	254	182	73	200	118	42	59	25	183	36	174	224	21	75	204	184	36	173	226	249	36	144	119	188	80	109	
221	255	254	86	219	127	183	238	250	254	61	124	120	244	143	183	55	127	224	98	245	255	190	127	125	47	119	55	201	115	207	253	
190	141	64	172	84	131	78	248	21	2	248	10	75	75	57	81	122	233	23	226	120	167	72	191	178	239	227	140	55	187	112	128	
141	173	206	189	178	139	110	247	62	230	90	229	255	227	179	64	115	111	127	15	112	216	13	127	236	239	239	128	172	244	137	211	
101	236	166	158	237	142	103	236	255	255	242	13	98	248	63	91	249	231	122	199	252	107	155	255	124	62	199	10	200	125	242	70	
2	192	150	157	100	130	188	39	28	27	82	18	172	170	48	65	239	43	51	129	112	220	67	197	12	50	222	130	4	8	177	137	
125	235	242	70	118	27	255	248	99	228	127	170	107	233	223	180	62	220	230	106	197	179	173	238	122	237	37	44	103	191	110	165	
113	5	105	228	52	11	202	97	77	32	250	202	115	9	148	16	122	140	29	239	201	186	69	141	176	172	162	16	109	138	114	40	
5	150	253	253	182	6	239	186	90	202	95	230	221	127	176	96	23	125	53	239	161	216	45	78	104	174	239	132	189	227	1	121	
21	171	190	127	185	149	254	236	254	154	242	0	236	234	61	235	253	111	106	207	212	235	155	125	191	255	95	9	192	114	233	142	
134	219	130	155	233	161	184	206	158	29	80	181	172	218	106	200	195	43	179	213	22	76	74	241	12	18	154	235	144	29	189	207	
28	253	222	119	147	123	183	238	114	187	251	10	123	248	205	177	59	255	228	242	121	243	187	47	185	239	101	37	233	115	239	160	
93	89	62	110	170	79	95	188	228	200	158	40	255	127	187	115	246	245	125	227	237	3	61	44	242	235	111	153	60	243	41	91	
188	68	118	231	230	42	126	244	117	130	119	18	75	107	57	89	126	236	4	234	168	180	1	234	242	239	102	128	231	243	98	137	
215	16	231	197	38	34	233	89	33	226	83	246	93	55	185	111	62	149	55	174	161	148	165	200	148	40	235	132	47	227	49	177	
2	192	146	149	110	128	188	39	62	161	90	2	172	170	112	64	238	47	51	129	64	216	131	193	4	54	222	128	4	24	161	137	
162	234	104	155	126	153	154	194	158	20	80	171	164	204	55	0	143	43	131	71	70	46	78	255	4	20	26	187	85	29	31	205	
2	190	226	155	214	163	186	231	30	71	88	183	172	238	118	64	127	59	147	149	178	158	14	247	60	6	159	234	149	76	177	217	
93	221	123	78	178	216	79	180	101	202	254	230	123	245	181	116	118	254	12	106	201	171	237	47	242	237	37	152	127	251	96	57	
64	18	149	101	52	14	163	48	108	40	122	104	215	33	129	224	150	85	110	106	129	176	193	76	164	166	98	16	64	171	1	33	
17	10	210	69	82	10	40	119	118	161	98	210	83	33	128	80	58	204	34	140	32	248	69	14	12	174	112	64	97	168	96	168	
114	33	70	65	16	10	106	64	63	32	226	129	65	3	4	84	112	140	107	236	8	209	193	88	180	170	131	0	33	130	99	160	
221	93	127	231	34	94	95	176	36	174	222	100	219	119	129	115	54	244	125	234	233	145	57	44	243	235	231	144	46	243	39	57	
248	168	24	120	25	221	80	106	131	16	160	8	187	211	64	177	200	185	200	128	78	14	210	31	211	217	129	61	50	0	74	10	
17	40	19	185	78	139	160	71	110	49	98	90	55	152	0	40	42	189	106	1	2	254	197	17	148	160	18	114	65	8	3	140	
50	32	2	136	9	131	232	73	167	36	136	11	130	195	32	148	120	164	75	172	8	3	130	88	145	176	139	58	113	10	50	162	
34	177	176	202	245	165	186	79	11	105	89	171	12	189	124	0	159	27	151	17	146	58	200	209	63	28	159	238	150	78	147	211	
42	177	56	248	253	221	245	239	219	93	60	24	190	221	78	36	137	26	215	17	211	106	250	183	111	221	21	123	210	12	214	251	
0	168	94	89	74	131	160	71	246	17	226	82	176	130	0	0	107	175	98	136	18	250	199	113	68	42	51	64	105	0	227	136	
66	178	253	19	234	109	185	75	58	247	49	189	188	60	94	27	167	27	211	21	150	124	247	64	93	26	124	174	197	68	135	251	
127	150	252	80	235	124	89	154	43	119	47	189	78	38	206	191	167	135	236	52	183	69	191	208	158	251	81	247	235	197	143	87	
33	34	4	169	72	135	104	79	22	160	226	65	177	3	16	88	72	172	106	140	8	222	67	28	68	162	154	0	48	128	114	136	
1	14	209	69	54	10	226	23	124	161	122	240	243	33	128	64	114	46	44	8	177	184	69	15	36	174	50	64	108	128	81	169	
106	233	56	88	217	221	21	231	131	61	172	24	42	159	70	52	201	187	195	16	94	106	242	181	123	221	20	123	210	12	198	238	
236	225	184	104	153	200	81	205	99	21	165	25	6	209	74	16	153	138	200	112	90	107	202	19	251	209	21	125	194	2	206	66	
76	181	184	227	253	125	241	27	91	253	61	29	159	61	78	10	147	31	207	24	19	120	251	210	207	221	53	127	218	74	199	243	
98	179	252	18	235	249	181	15	203	95	53	189	174	252	78	26	143	19	230	20	150	106	242	99	78	22	84	123	192	76	207	223	
49	7	192	69	18	10	78	43	48	160	106	192	83	35	145	148	56	204	64	238	72	152	77	14	36	174	165	4	97	226	74	128	
109	85	149	101	173	78	71	184	97	250	42	76	214	53	1	191	17	212	108	122	121	240	249	12	173	250	69	20	202	251	194	49	
253	80	127	230	42	78	95	184	161	238	182	44	123	87	131	123	118	245	124	234	105	199	185	172	243	235	225	144	43	179	98	115	
114	168	18	90	73	149	64	202	171	148	160	9	42	195	100	150	233	227	234	128	10	107	202	113	19	144	151	63	81	4	106	142	
16	32	22	60	11	139	160	72	238	176	226	11	67	200	100	130	169	109	106	1	4	227	142	16	17	224	3	63	81	8	75	134	
29	233	190	63	159	75	246	232	126	244	251	7	238	248	27	193	251	111	110	103	141	241	219	61	188	231	111	7	249	51	105	135	
45	101	64	101	81	7	106	112	49	160	249	202	83	3	16	148	92	204	6	238	8	178	193	14	116	140	129	32	107	166	114	160	
242	220	253	95	22	74	83	174	123	103	162	58	115	125	28	112	115	213	125	209	235	236	125	127	121	46	245	84	101	144	214	122	
163	251	98	154	79	208	188	230	25	69	84	167	40	206	118	197	238	251	147	199	198	10	182	241	54	16	222	171	23	29	189	222	
2	145	178	157	101	132	184	71	62	89	80	51	172	158	52	64	230	59	179	129	130	24	146	209	5	52	154	202	20	4	177	219	
63	251	227	78	87	213	242	252	123	204	125	110	104	220	255	180	62	232	150	222	199	187	174	255	58	109	37	235	111	191	126	253	
28	249	222	103	23	91	215	248	119	164	255	130	219	104	155	160	59	253	236	226	73	240	125	60	232	231	101	21	239	50	47	48	
156	121	144	251	131	77	87	220	23	178	228	2	31	211	97	109	119	218	157	90	74	241	155	160	243	208	69	62	50	251	160	35	
221	255	190	95	251	247	183	254	114	254	252	188	120	254	135	183	191	127	230	226	247	127	191	127	124	239	127	173	219	117	175	255	
252	213	181	230	203	68	183	255	128	182	188	26	253	119	72	3	127	215	243	227	112	107	216	171	253	231	111	44	227	122	167	171	
121	223	115	95	246	154	79	255	117	74	126	230	123	117	181	244	126	254	22	234	233	186	109	191	250	239	39	128	63	251	242	253	
166	183	144	138	237	57	188	239	142	63	24	253	172	232	238	131	143	75	211	55	214	75	202	243	44	16	127	191	156	94	153	223	
253	89	255	238	58	78	95	184	225	204	182	40	127	119	163	115	118	245	125	234	233	199	189	44	243	235	103	152	38	179	38	123	
204	236	18	184	248	96	15	234	186	6	168	24	221	227	41	81	243	211	75	178	34	71	138	127	249	167	47	125	144	113	39	34	
102	227	207	79	88	75	107	232	46	164	111	128	97	199	141	80	122	252	107	234	64	210	203	61	63	237	167	133	33	179	102	176	
222	75	238	36	38	50	106	80	225	166	247	231	73	171	183	91	38	229	173	238	140	213	132	232	210	233	235	129	39	247	127	69	
16	32	20	173	14	11	64	8	94	160	194	3	199	136	16	64	216	77	106	1	12	240	79	18	132	166	11	17	116	10	16	2	
170	88	20	190	79	197	146	194	159	22	192	19	172	222	33	201	200	115	155	195	98	15	82	251	145	50	154	59	16	61	61	26	
125	253	254	191	223	203	183	238	254	214	250	111	246	248	27	195	123	111	106	99	245	251	223	63	252	39	103	31	237	125	251	203	
63	255	99	78	91	211	75	248	115	72	253	238	105	193	191	244	126	232	134	234	207	50	236	255	62	92	1	170	127	167	106	236	
87	65	163	198	60	92	207	16	75	232	159	74	210	220	213	102	82	108	125	111	201	49	253	200	177	60	143	156	4	187	81	100	
186	13	100	237	150	3	76	123	21	162	248	2	11	43	49	65	122	173	23	161	232	190	65	158	178	251	227	132	55	236	112	136	
143	239	198	181	246	138	111	247	191	238	94	231	237	227	179	212	51	238	63	78	229	216	13	255	254	103	39	129	174	244	189	201	
90	4	82	165	22	42	104	19	37	1	250	2	15	35	0	88	114	133	61	160	24	147	1	206	146	237	178	128	167	192	96	0	
158	122	214	188	42	160	26	88	191	156	213	167	108	207	227	95	102	121	175	211	6	71	142	248	210	99	107	171	55	167	45	215	
188	68	246	228	198	34	110	120	117	130	247	18	91	107	57	89	122	204	6	170	168	183	1	138	242	235	230	132	231	249	98	128	
20	255	222	95	219	83	183	236	126	246	231	38	104	242	175	245	127	255	162	226	119	210	255	127	60	38	71	39	217	115	175	229	
178	236	252	253	42	39	93	239	19	190	212	187	55	189	66	27	159	255	117	1	104	222	195	154	243	219	93	187	53	248	150	235	
134	243	16	155	235	225	188	143	142	31	88	181	172	206	107	73	199	27	163	83	86	12	74	241	44	16	254	235	148	95	141	203	
34	221	34	154	207	212	188	231	155	85	88	183	44	222	126	65	239	59	147	129	214	26	178	245	55	48	222	235	21	28	183	223	
14	176	161	177	203	109	185	91	58	123	17	217	157	191	88	142	175	31	243	149	147	116	146	194	93	87	91	230	199	69	135	179	
87	48	239	80	139	126	121	27	171	255	167	157	72	126	95	59	167	149	253	182	188	71	191	66	91	62	85	247	225	245	102	119	
164	225	49	65	221	79	65	169	67	240	164	8	146	85	77	53	153	152	64	120	123	102	123	20	77	152	5	124	82	40	86	226	
120	40	16	56	29	233	80	107	163	20	160	9	46	217	65	148	136	168	201	0	14	35	194	157	209	208	1	59	82	12	86	10	
45	177	185	243	253	253	241	155	75	125	61	60	158	93	78	40	159	27	87	17	147	104	251	145	79	221	53	255	202	136	199	243	
32	40	4	141	72	139	96	79	22	161	98	16	48	131	16	88	72	44	98	12	2	220	67	29	4	34	144	0	16	136	82	136	
106	233	16	26	25	145	18	192	143	148	161	9	174	210	101	148	200	185	202	66	78	3	202	189	153	212	9	59	18	7	46	14	
109	177	249	227	252	125	113	153	123	253	61	60	223	61	74	58	159	31	95	56	147	112	249	192	207	221	53	124	204	203	199	243	
101	113	145	69	233	31	70	152	107	234	43	72	210	48	77	190	145	76	112	106	193	112	249	0	39	158	69	52	202	243	202	164	
73	102	196	5	56	10	103	32	36	160	226	64	209	35	128	214	120	196	104	234	104	209	197	12	164	175	227	16	65	162	91	32	
80	0	22	173	14	11	98	72	86	160	202	11	70	128	32	192	112	204	106	1	0	241	143	16	148	38	1	16	112	10	8	0	
114	42	2	24	73	129	160	78	174	144	160	73	32	194	68	146	200	235	106	128	14	75	202	17	149	160	155	59	25	0	106	142	
89	23	87	101	50	14	110	48	100	136	126	228	223	115	128	245	54	116	92	110	193	144	5	12	164	239	97	128	46	242	3	49	
220	81	127	101	42	78	95	56	37	206	182	164	123	119	129	123	54	245	125	234	233	197	185	200	243	235	229	128	46	243	102	113	
253	88	127	230	42	78	95	184	177	238	182	170	95	87	131	123	118	245	125	234	233	199	185	232	211	235	231	144	37	179	102	115	
77	1	17	101	48	14	174	48	44	8	123	68	223	51	129	196	22	68	108	110	1	176	209	12	164	253	34	0	74	163	1	33	
38	182	144	152	120	41	186	234	138	63	16	253	172	238	234	3	207	91	199	53	54	78	202	243	12	22	223	255	148	76	13	223	
220	46	20	173	187	99	31	251	149	174	140	61	205	35	3	215	99	103	205	170	56	79	201	190	248	215	207	63	178	245	175	131	
40	249	57	90	253	221	213	239	207	125	172	8	170	28	70	176	137	27	195	17	222	42	114	181	111	221	20	123	83	12	198	238	
38	164	224	195	246	185	250	90	11	225	125	139	136	236	220	40	191	27	23	157	146	58	236	210	14	28	155	238	215	207	83	213	
108	177	185	99	249	125	81	25	107	253	61	56	154	63	78	62	145	27	196	16	151	122	249	144	79	221	21	127	194	66	198	247	
156	228	148	199	191	60	86	254	65	190	252	58	111	115	200	183	127	222	204	106	120	127	170	170	187	221	69	47	98	254	174	173	
1	10	86	113	22	138	96	23	116	33	66	224	243	0	144	104	114	46	40	8	27	184	69	13	132	166	50	64	108	136	65	40	
17	10	192	117	16	170	104	55	116	33	226	212	243	35	144	80	88	174	32	140	57	156	69	15	132	174	176	64	105	136	96	168	
10	177	177	49	235	109	181	143	26	87	48	189	188	188	78	138	135	27	243	21	146	106	242	243	77	85	94	111	199	76	135	243	
41	181	189	227	188	127	113	31	63	121	61	24	151	61	74	56	151	159	127	24	155	120	249	21	207	223	53	245	240	202	205	243	
63	223	230	149	246	154	111	246	55	206	94	231	105	231	183	244	55	238	183	206	229	216	165	255	126	111	231	129	47	245	253	253	
232	28	117	230	95	250	163	186	49	163	190	56	249	117	25	182	59	247	241	235	33	102	249	191	93	255	155	16	231	231	87	184	
157	255	190	189	159	255	183	254	246	254	222	111	254	253	147	231	127	255	238	67	239	251	255	191	252	103	103	191	255	125	191	251	
58	126	142	182	134	175	156	134	26	170	218	235	54	61	1	25	237	255	255	129	44	219	65	45	216	39	254	145	141	121	27	11	
146	12	86	189	166	43	252	103	29	162	218	18	175	42	48	65	239	175	31	129	104	191	65	206	180	246	218	128	52	104	177	9	
209	217	31	253	36	206	77	55	164	8	194	64	247	19	32	115	100	118	125	106	105	137	49	45	225	171	230	0	32	176	161	42	
252	90	255	254	40	78	95	248	249	254	182	108	95	95	139	123	246	245	253	234	232	71	251	40	211	235	227	156	36	179	38	115	
46	28	134	158	79	240	184	64	141	134	201	163	204	206	33	206	203	57	171	131	4	131	82	200	149	118	202	11	150	127	61	150	
60	127	78	111	153	95	239	252	38	172	255	196	251	199	139	208	120	252	238	226	73	179	251	63	255	237	167	149	107	179	238	240	
19	189	122	30	211	145	150	111	127	65	108	39	44	248	166	32	191	171	146	129	222	186	22	127	58	15	30	43	125	6	171	207	
90	5	82	225	150	42	106	23	53	1	250	18	15	43	0	88	114	143	29	176	26	154	1	198	154	253	154	196	167	192	224	0	
82	4	66	160	20	34	104	87	45	3	218	18	143	10	32	72	122	133	31	176	24	145	1	194	144	228	154	148	165	201	241	8	
55	255	106	78	124	215	238	249	82	76	253	238	105	204	183	176	220	234	150	238	207	178	108	255	54	77	165	173	95	183	250	213	
2	132	2	137	20	162	170	99	20	1	91	18	72	234	56	64	121	42	2	177	50	152	0	223	40	38	154	192	148	10	176	128	
93	77	35	230	53	94	207	48	73	232	219	74	251	252	213	228	82	236	28	107	201	178	253	174	177	252	175	8	36	63	84	100	
3	134	66	155	118	179	168	67	31	1	83	243	172	202	178	200	255	43	163	133	54	158	7	223	6	54	154	193	157	140	169	132	
165	114	251	90	108	173	249	216	255	91	117	92	30	217	253	60	189	24	86	94	131	103	186	241	87	24	115	238	216	139	99	225	
27	223	99	221	182	150	239	246	117	72	254	230	121	110	183	228	127	238	190	204	237	184	101	255	126	127	182	128	127	244	248	125	
110	52	175	242	237	116	248	83	187	187	159	92	220	255	93	30	173	23	247	153	145	103	186	194	95	95	255	238	207	101	251	179	
2	141	2	154	149	167	174	231	22	1	74	2	104	234	48	64	121	107	19	145	50	152	24	255	41	38	158	64	16	74	176	136	
95	48	142	180	171	120	89	19	179	255	151	189	207	55	203	222	39	199	253	156	29	65	171	192	218	243	125	215	174	229	174	87	
6	132	2	139	20	163	170	66	22	1	91	18	72	234	56	64	121	43	19	177	18	184	9	223	8	38	138	196	149	11	48	128	
118	245	164	6	203	87	150	232	11	238	168	47	74	124	79	158	157	213	249	115	204	99	251	106	57	30	77	191	195	118	94	87	
45	177	113	227	253	109	241	25	91	121	61	60	222	93	222	44	159	26	87	57	147	112	249	214	79	220	37	246	206	142	215	243	
45	181	113	227	253	109	241	153	79	121	61	126	222	93	216	60	63	154	87	56	147	112	249	214	79	220	37	246	206	142	199	243	
79	186	134	26	169	213	19	170	190	221	142	173	236	246	234	166	133	115	232	21	7	73	187	115	201	23	125	219	138	100	13	125	
109	52	145	65	97	127	115	152	107	250	61	104	222	21	207	190	149	92	212	58	129	116	249	0	79	221	37	182	202	227	70	179	
237	124	213	255	95	255	242	154	115	43	246	58	251	85	153	188	95	212	252	217	171	246	121	191	23	255	145	147	247	213	90	173	
131	250	136	146	252	41	184	206	158	253	17	253	140	170	210	10	135	75	211	21	166	77	138	243	12	22	127	254	156	173	139	221	
114	4	66	161	148	34	106	71	61	1	251	18	15	42	32	80	122	143	31	176	24	155	1	194	182	236	154	192	165	200	240	8	
39	96	224	83	86	49	250	200	91	227	125	154	8	204	223	44	63	217	19	159	134	54	172	194	14	28	159	172	199	223	115	196	
109	52	249	97	241	127	115	24	107	251	61	56	222	63	207	62	151	93	212	58	145	112	249	194	79	221	33	246	202	227	71	247	
61	127	106	111	185	127	127	252	37	236	255	36	123	255	139	244	124	254	238	234	205	179	249	191	243	253	167	149	107	247	238	115	
48	42	6	29	9	203	161	78	118	164	194	4	224	130	2	208	104	110	106	0	9	217	199	48	148	34	155	1	25	0	126	136	
205	81	95	69	34	78	127	48	105	234	54	236	223	55	129	127	54	212	124	106	225	212	181	72	230	251	101	128	42	179	67	49	
120	100	82	44	85	91	70	104	117	36	234	8	74	129	0	148	120	140	226	226	73	178	209	222	180	244	1	43	107	46	106	6	
230	127	176	154	236	161	156	207	155	63	153	191	236	204	207	9	207	115	247	19	118	99	202	247	52	18	255	251	148	95	151	211	
88	17	134	45	27	91	35	8	54	228	206	142	67	224	2	212	48	236	234	128	45	211	223	29	189	39	69	21	106	46	44	112	
252	82	127	228	104	78	127	184	41	238	246	238	127	119	131	123	118	213	125	234	233	215	249	202	215	235	231	144	37	243	102	115	
197	28	247	215	236	36	175	52	233	187	119	118	252	247	253	111	231	126	54	138	225	252	170	226	36	58	119	168	142	243	225	165	
220	12	158	180	11	98	17	2	184	158	135	49	111	247	35	91	227	245	237	130	40	197	130	106	211	227	123	19	160	113	37	67	
188	244	244	95	63	122	82	238	91	183	252	58	74	106	206	182	251	212	196	40	44	127	189	239	187	255	85	127	250	252	110	143	
2	156	178	150	246	136	188	103	189	11	82	178	172	190	32	65	231	51	159	129	240	153	0	239	180	54	222	130	132	76	161	137	
34	157	34	154	207	213	188	239	30	85	88	151	172	252	126	65	253	27	147	129	214	26	58	245	63	16	158	239	21	76	181	222	
162	171	96	158	71	145	190	105	95	68	85	175	40	204	246	4	250	43	147	135	198	58	238	251	54	28	158	171	87	14	253	206	
1	135	65	203	52	162	234	51	84	1	91	246	241	34	184	224	94	42	22	141	157	184	69	159	140	46	186	192	189	138	121	141	
110	25	146	142	79	208	146	65	143	132	201	131	172	254	99	206	202	185	187	211	4	3	218	232	147	117	138	27	150	47	61	150	
131	130	138	153	116	167	168	71	30	11	81	215	132	202	180	200	255	41	18	149	182	156	71	215	12	62	186	194	156	8	57	133	
222	63	21	151	171	225	95	231	133	238	142	183	238	167	195	215	231	231	236	166	125	95	233	238	186	214	197	179	178	245	132	125	
167	98	115	90	108	13	232	216	239	26	113	92	218	200	253	175	158	72	86	126	195	118	206	240	20	24	99	236	221	187	83	165	
56	5	98	228	212	19	198	125	85	160	253	10	83	41	180	0	120	140	23	168	248	179	101	158	114	205	161	180	119	234	240	128	
123	223	99	92	246	146	238	246	117	206	254	231	107	236	183	228	127	238	191	239	237	187	101	255	58	127	167	128	127	253	248	125	
10	172	35	154	245	232	185	231	191	93	92	145	44	237	126	132	161	26	131	21	50	121	162	247	95	22	30	203	198	140	247	255	
220	82	255	228	46	78	127	56	57	238	246	231	255	127	131	123	118	245	125	230	201	215	169	202	211	235	239	144	37	243	39	115	
205	82	255	69	98	90	127	48	41	206	118	236	223	23	129	127	54	213	253	234	193	212	177	202	230	251	101	128	46	179	6	113	
4	12	2	138	20	163	170	64	20	1	91	18	64	202	40	64	121	40	2	176	50	180	8	223	40	38	138	64	148	11	48	128	
106	190	90	90	121	221	18	202	155	28	172	45	46	216	102	148	137	186	194	0	6	107	234	181	58	85	1	59	90	12	78	223	
197	220	255	213	238	36	175	246	122	155	114	118	112	243	253	107	127	127	55	202	177	244	170	99	108	42	231	172	141	241	225	161	
215	126	247	150	187	217	95	247	189	206	222	191	108	230	167	215	231	231	239	132	253	223	238	238	190	54	221	211	134	181	134	125	
2	152	178	158	118	132	184	230	188	11	80	50	172	254	32	66	231	59	155	129	162	205	2	231	28	54	90	202	148	4	33	137	
47	53	241	65	245	127	251	24	123	233	61	108	222	61	221	188	191	221	215	58	147	112	249	194	15	220	37	230	207	239	71	245	
92	118	249	229	96	110	123	24	41	238	255	236	223	63	195	122	55	221	125	234	129	214	249	202	215	253	99	132	231	243	103	243	
185	133	98	99	214	58	235	183	117	67	127	18	27	41	148	96	127	142	23	152	188	184	37	230	126	239	182	196	231	192	240	168	
134	255	145	154	248	169	190	207	158	191	25	255	228	230	201	11	159	123	75	23	114	64	202	247	44	22	127	252	156	217	131	145	
255	60	246	95	127	251	114	154	247	191	246	58	235	217	143	253	251	252	252	152	174	247	237	187	151	255	145	151	247	213	78	143	
246	252	213	92	251	211	22	231	187	254	176	253	42	254	199	247	231	253	238	134	253	79	250	238	59	126	85	251	203	52	238	95	
73	7	86	69	52	26	110	48	125	174	126	228	203	32	150	245	50	68	108	110	236	240	101	14	38	255	101	128	110	230	74	5	
109	48	241	69	113	127	123	24	107	234	63	108	223	63	199	190	151	93	212	122	129	240	253	202	79	221	33	166	202	247	71	245	
118	13	194	227	212	34	106	71	57	1	251	18	11	42	36	80	123	143	23	144	58	154	1	230	186	236	158	192	165	203	240	0	
180	66	64	187	94	163	234	72	86	37	65	147	193	192	186	200	122	168	2	223	46	182	79	181	148	6	154	65	53	139	56	128	
134	238	141	155	232	169	46	190	30	51	89	245	245	226	232	64	23	75	51	159	178	92	79	115	108	6	191	228	156	195	129	185	
199	174	132	147	170	168	188	135	190	179	18	245	172	34	208	207	167	71	121	149	183	92	143	243	140	18	222	230	140	84	137	29	
34	173	96	154	215	241	186	238	95	117	88	187	168	236	126	0	251	27	147	149	86	58	110	247	31	20	159	239	85	76	119	222	
231	71	102	74	236	25	238	232	201	146	185	202	67	232	253	179	122	192	86	111	204	35	78	232	54	24	229	188	125	251	218	132	
74	178	236	144	170	48	124	159	187	255	150	253	140	174	222	62	167	215	253	145	150	73	167	194	158	119	252	247	134	212	143	95	
1	134	2	153	116	167	170	67	94	9	90	86	148	138	184	192	221	43	18	157	183	156	69	87	12	46	186	196	156	8	57	137	
120	217	56	236	117	197	95	247	3	13	124	11	62	255	34	80	216	187	135	64	74	11	154	177	115	253	128	43	49	154	228	235	
122	15	228	5	19	90	71	40	113	230	238	175	66	44	150	215	88	228	236	226	172	242	237	14	58	39	229	149	103	230	94	86	
34	156	32	154	95	241	186	234	159	119	88	187	44	252	126	1	249	27	147	133	22	58	62	247	31	20	219	239	21	13	117	222	
47	183	241	193	245	127	235	217	127	233	61	110	218	93	221	188	63	156	214	62	147	50	237	210	31	92	37	230	207	207	210	245	
184	5	110	236	212	19	206	127	85	162	255	26	83	105	188	32	120	172	23	40	248	179	37	142	114	239	161	132	119	234	240	128	
2	43	134	142	109	209	178	200	143	60	152	171	172	204	119	132	200	51	235	195	6	11	10	241	21	20	218	187	18	31	61	222	
167	96	226	150	68	17	174	200	218	242	209	155	72	204	255	43	126	205	51	247	196	247	174	224	22	8	207	172	69	63	115	212	
133	54	219	119	246	46	239	208	126	139	123	116	245	115	233	120	119	110	6	254	177	180	9	106	108	174	55	128	201	243	225	161	
