香奈儿可可小姐唇膏	454 - 尚	https://i.chanel.cn/fnbv3/image/full/shades/rouge-coco-_-454--35g.0172454_S.jpg	https://i.chanel.cn/fnbv3/image/full/chanel__com_type1/skus_full/rouge-coco-_-454--35g.3145891724547.jpg
19	158	194	155	182	179	186	247	31	67	90	247	173	238	180	196	127	59	151	149	183	152	13	255	44	86	190	194	191	204	185	221	
185	221	52	255	189	149	84	191	197	9	220	64	255	115	32	101	200	34	157	104	122	137	83	189	227	249	164	217	18	140	248	43	
27	158	194	189	178	186	186	247	62	71	90	247	237	238	178	192	119	111	191	149	182	157	5	255	190	103	62	195	188	196	169	93	
126	56	57	226	233	253	19	200	143	188	181	9	14	223	111	60	171	145	207	82	26	35	250	240	219	209	1	127	210	15	7	99	
120	40	185	116	205	221	85	23	225	166	164	8	51	177	65	58	72	182	104	8	8	107	242	0	211	203	84	57	226	248	70	106	
112	113	185	100	28	79	83	40	96	164	174	8	215	23	64	48	144	212	108	106	73	34	249	13	241	173	33	53	96	50	70	34	
62	48	120	226	237	253	211	200	203	188	181	43	14	221	111	26	171	145	223	115	30	35	122	208	219	209	1	127	211	15	71	231	
6	100	162	137	20	163	170	64	22	1	91	18	0	202	61	64	121	40	19	145	130	182	4	222	12	14	154	192	149	15	112	128	
168	132	153	251	157	237	17	15	86	19	69	16	182	245	72	104	217	26	34	24	58	124	123	23	205	199	146	109	144	72	149	170	
80	56	159	245	42	76	117	57	174	250	162	72	215	247	64	114	167	117	124	8	1	65	155	0	201	163	101	52	8	96	7	51	
128	72	130	158	76	160	170	66	148	128	80	2	40	202	49	73	104	105	51	195	0	191	2	232	16	32	138	8	21	41	48	136	
82	81	82	181	50	136	124	103	173	0	211	162	45	14	36	64	230	191	159	128	64	153	0	205	182	252	154	130	36	128	161	9	
45	181	145	65	112	15	98	184	123	168	120	76	222	115	192	180	22	92	86	120	129	176	217	94	175	156	37	164	74	226	66	161	
26	28	26	252	117	132	120	119	189	8	94	66	61	155	32	80	224	171	23	12	200	154	16	239	243	253	186	128	26	128	105	139	
89	221	18	188	53	140	116	119	253	8	202	6	190	155	32	64	224	43	31	5	70	155	16	255	179	253	26	10	24	8	33	11	
40	149	56	235	188	133	71	63	6	13	221	96	183	113	168	64	217	10	31	40	90	168	121	29	235	205	186	216	18	138	212	171	
50	131	98	140	94	147	218	97	77	69	216	231	44	136	54	192	126	169	135	229	204	171	4	221	48	36	138	203	61	14	57	221	
108	32	184	96	205	125	87	200	99	183	164	8	147	245	73	58	153	220	72	26	26	99	250	18	203	221	5	61	194	251	198	34	
165	71	68	15	124	31	198	184	84	232	114	76	243	72	159	165	92	236	70	111	237	176	93	63	38	88	33	176	93	187	90	133	
35	155	67	141	116	147	168	119	76	65	120	230	169	142	180	228	78	168	18	205	199	186	100	221	36	56	170	200	95	140	113	252	
220	88	63	254	13	70	71	56	148	142	135	2	119	87	41	75	88	244	109	106	104	199	59	44	241	227	227	17	48	59	52	98	
161	155	43	217	116	141	105	119	92	73	84	70	176	149	176	96	206	42	22	12	195	184	96	221	103	25	178	192	28	136	240	249	
19	159	103	159	178	178	174	247	60	65	90	230	105	110	182	228	127	235	55	173	183	153	37	255	60	46	174	192	191	198	169	221	
41	185	121	97	244	143	111	53	109	105	126	72	243	17	148	48	156	30	70	104	209	184	97	13	103	221	36	192	66	154	194	169	
72	56	157	229	32	110	113	23	40	235	98	24	150	55	0	122	128	53	120	8	17	216	241	0	197	171	114	0	136	96	7	58	
212	92	31	254	12	70	71	56	148	142	199	0	119	83	41	99	88	244	125	106	105	199	57	46	241	163	227	16	48	59	52	34	
168	176	157	251	221	237	161	11	22	49	69	16	148	241	72	104	217	26	50	24	51	124	123	23	205	135	154	124	144	72	149	162	
64	48	153	228	8	204	81	19	170	224	162	8	182	151	64	50	128	53	120	72	65	72	242	0	197	160	16	56	64	0	7	42	
34	157	18	188	213	196	180	103	157	13	234	1	166	178	38	192	200	59	130	1	94	171	18	223	177	180	18	75	16	8	172	142	
19	159	195	139	182	163	171	247	30	65	90	231	121	238	182	228	127	43	23	157	183	152	45	255	44	46	174	192	189	206	177	253	
10	186	190	249	235	233	57	199	190	31	70	177	172	167	98	72	227	59	171	16	18	216	34	245	207	243	94	195	144	64	165	235	
10	186	194	187	246	177	184	199	31	95	80	247	172	238	242	136	255	59	151	145	150	216	14	243	30	87	190	235	157	76	189	223	
94	241	188	252	41	100	95	216	171	188	156	41	223	255	75	90	151	213	253	115	10	67	187	209	219	251	111	191	144	243	39	115	
2	128	239	149	86	70	169	232	62	128	194	2	244	103	48	96	123	221	59	169	33	208	121	76	93	42	207	0	5	40	53	160	
20	28	30	255	220	199	103	248	22	130	198	18	113	243	34	65	121	126	42	170	120	243	91	63	253	163	231	0	57	120	248	162	
126	48	120	98	237	125	211	73	203	253	181	59	74	93	94	190	141	144	197	51	156	99	252	144	219	217	1	127	247	47	222	103	
104	161	185	96	93	77	83	216	99	164	164	8	155	23	64	48	25	220	80	24	9	114	248	0	223	253	5	117	99	170	70	226	
4	156	142	255	220	7	103	248	20	130	198	18	209	243	32	65	121	110	42	170	112	242	91	62	125	175	231	0	185	120	176	162	
34	248	50	219	117	141	184	198	94	9	112	2	172	154	116	0	236	59	19	81	130	56	18	245	13	28	26	234	208	8	115	139	
2	129	6	153	86	130	168	103	28	1	83	18	172	138	56	64	122	43	19	129	82	152	3	213	4	48	154	192	21	8	177	136	
209	82	71	237	38	10	111	56	100	234	242	230	83	3	177	117	126	132	62	238	233	149	101	12	176	170	226	132	61	186	112	49	
16	205	18	156	87	196	164	231	148	4	200	3	36	130	34	196	104	170	130	192	70	171	18	255	49	36	154	11	17	24	189	142	
2	170	54	152	203	193	184	71	174	21	192	177	172	142	98	72	231	59	235	145	18	75	130	209	157	48	154	235	16	4	165	202	
131	72	123	221	112	134	249	114	188	72	118	194	185	143	180	96	110	57	23	140	225	188	32	207	71	191	178	128	69	128	33	249	
18	203	95	156	19	192	185	103	140	12	90	163	44	159	160	64	238	59	175	192	66	137	34	253	112	36	186	139	53	8	37	235	
88	9	74	236	20	130	106	113	165	128	223	2	123	203	48	64	122	173	61	235	72	187	128	205	242	237	162	128	37	170	112	8	
19	223	99	141	86	146	175	119	116	64	90	230	49	140	180	100	126	168	22	237	225	153	36	239	52	44	170	192	61	140	241	253	
225	97	121	100	84	79	99	56	113	192	102	8	83	17	17	48	24	140	16	106	233	182	113	14	117	169	32	0	105	187	82	32	
25	205	106	238	86	146	239	113	117	64	254	130	121	15	182	96	126	184	23	239	201	187	36	239	114	237	162	128	55	134	112	249	
67	153	22	156	121	132	56	39	143	72	194	5	172	146	38	80	230	163	187	133	70	11	18	221	212	48	154	155	24	4	41	27	
6	12	130	159	212	131	174	234	182	128	90	2	104	234	49	64	121	107	19	163	98	187	8	255	52	38	143	128	21	122	113	136	
19	13	99	157	86	147	170	118	92	64	90	198	57	172	180	228	110	171	23	141	237	185	36	239	48	46	170	128	63	140	49	252	
92	216	190	254	173	76	127	168	175	158	150	3	255	255	107	75	231	215	253	243	122	69	155	241	235	243	239	31	148	115	173	67	
56	65	106	101	116	10	109	119	101	160	254	2	19	1	145	112	122	172	6	232	200	176	101	12	246	237	164	132	103	184	98	168	
2	203	2	158	91	129	190	229	140	4	216	175	172	238	34	64	110	187	139	197	86	139	6	253	52	36	142	171	20	14	173	219	
72	184	29	113	8	205	81	23	238	113	34	24	183	23	64	50	129	54	104	8	19	233	179	21	205	203	80	80	64	0	135	42	
27	64	106	236	86	162	107	112	36	64	223	130	121	207	178	112	126	189	23	239	136	145	36	205	210	237	170	128	37	131	49	241	
216	93	63	244	32	204	117	55	248	138	102	16	191	183	0	115	166	119	125	8	97	253	179	45	227	251	118	1	64	176	135	59	
92	48	184	246	169	108	91	216	171	190	181	8	255	255	75	58	183	85	253	82	10	67	186	241	219	217	111	255	128	227	7	99	
8	188	252	227	180	163	123	151	14	59	30	178	189	23	192	74	103	19	31	156	178	156	41	227	204	143	190	196	180	208	161	121	
59	31	66	140	119	147	174	119	221	64	216	231	104	232	180	196	126	171	150	165	199	187	4	255	50	126	142	130	127	142	249	157	
26	207	66	190	119	147	190	231	159	4	88	231	109	234	38	192	254	235	135	197	230	171	14	255	50	119	142	139	63	94	185	143	
43	181	99	203	213	183	234	251	71	105	121	70	24	24	188	164	124	138	18	189	151	186	124	223	62	28	131	230	223	142	248	180	
56	233	104	236	60	215	214	252	194	164	188	11	51	217	115	128	88	248	135	104	72	43	66	189	115	205	165	57	117	186	92	138	
36	201	2	154	204	131	174	196	20	128	218	2	72	202	121	65	120	106	51	227	64	179	10	224	52	32	206	8	21	123	240	136	
2	176	50	217	247	197	184	199	31	73	120	19	172	158	124	0	255	27	147	145	210	58	16	215	45	28	154	239	213	12	133	219	
2	129	18	153	214	131	168	99	30	1	83	18	172	138	56	64	122	11	19	145	50	184	1	215	12	52	154	192	21	8	177	128	
95	113	102	198	205	85	252	248	201	244	157	15	72	190	127	47	174	205	243	239	205	83	190	224	87	89	207	175	7	247	55	246	
53	201	99	206	84	196	199	252	68	132	124	2	51	209	177	100	120	248	22	234	203	58	60	189	121	140	165	40	117	186	116	168	
49	65	99	77	116	27	239	120	101	224	114	66	83	0	149	181	122	204	22	234	201	178	109	28	52	168	165	4	111	186	114	164	
187	211	96	137	102	145	255	117	21	68	84	167	57	12	182	164	126	137	151	239	205	186	36	223	102	73	170	128	127	158	248	253	
0	48	159	187	32	173	57	18	62	25	87	16	183	151	0	72	231	59	127	25	18	220	195	49	197	227	122	192	128	0	1	179	
162	65	70	137	76	128	232	66	13	16	112	2	8	138	116	73	106	169	55	145	2	182	2	208	20	40	138	200	21	8	113	128	
111	117	102	198	221	214	255	240	193	220	189	11	88	252	127	39	200	228	211	239	205	35	184	204	115	121	207	15	7	127	118	246	
43	175	224	201	213	149	170	239	79	193	88	198	104	232	252	164	221	106	146	221	151	58	12	255	46	28	143	238	223	14	251	156	
167	205	237	205	124	6	207	185	86	123	221	214	209	36	152	97	94	204	63	239	233	20	109	159	100	46	239	132	61	251	240	244	
56	153	82	174	83	197	86	101	13	1	120	35	46	191	32	212	250	187	135	64	94	187	16	189	179	245	2	11	115	14	172	155	
98	58	121	254	108	13	153	120	159	184	176	238	254	252	212	16	206	245	255	1	169	99	202	253	222	91	239	186	85	44	83	179	
125	207	78	238	54	147	78	248	133	72	223	230	123	227	179	224	126	226	157	238	204	139	45	189	242	237	175	144	63	191	120	29	
41	201	67	73	85	157	226	117	79	64	124	206	32	136	244	180	120	168	18	92	215	58	116	245	62	28	128	104	127	142	242	172	
62	5	98	236	87	46	234	120	85	160	251	2	75	169	60	80	120	205	23	227	136	179	21	206	179	236	131	4	103	171	114	128	
2	162	164	153	221	177	184	67	158	53	2	151	140	168	118	74	193	11	251	149	22	73	3	213	12	18	218	239	148	76	157	198	
162	89	180	218	109	141	212	74	207	24	240	8	174	217	117	89	200	171	23	67	202	42	82	241	135	248	210	58	82	25	112	139	
247	72	230	214	70	130	170	64	169	192	211	135	72	206	119	75	110	245	183	247	132	215	134	200	18	40	202	136	5	55	49	212	
2	184	18	155	117	141	176	103	30	9	120	2	172	154	36	0	236	59	19	17	18	184	18	247	13	28	26	98	80	8	129	139	
34	136	98	201	86	131	234	96	93	1	113	2	8	200	60	0	126	169	23	225	146	186	0	253	28	28	138	192	85	11	113	128	
34	188	112	208	117	245	184	119	31	109	113	63	8	156	118	8	239	59	151	149	182	58	112	215	31	28	154	235	215	12	215	215	
147	91	115	220	66	130	175	117	189	66	82	230	125	134	181	229	102	185	23	238	193	149	36	236	48	40	106	128	63	145	33	253	
2	24	62	156	7	199	185	103	156	68	86	3	52	159	34	65	236	59	179	129	100	153	18	223	85	39	218	131	21	8	61	251	
37	99	123	69	116	11	103	184	113	224	126	236	83	65	145	48	122	204	22	110	201	176	109	14	102	172	33	128	111	187	82	161	
130	168	126	155	108	169	184	198	190	19	80	146	189	206	116	11	239	43	119	145	162	92	130	241	68	27	122	232	20	9	33	137	
29	79	78	238	54	130	111	120	36	72	223	230	115	103	179	96	126	245	29	238	201	145	45	63	240	239	171	128	61	163	32	49	
138	140	2	152	125	213	184	231	159	29	84	21	172	191	54	196	201	59	147	133	54	62	18	247	79	119	154	235	146	12	61	222	
40	120	113	65	113	207	123	18	123	104	120	104	156	151	132	52	158	61	23	10	129	180	240	218	71	252	33	162	74	129	71	179	
18	201	98	204	86	128	248	100	141	0	216	130	40	206	52	64	110	169	23	225	194	139	2	221	54	40	138	136	53	140	113	136	
124	49	185	96	11	95	83	216	35	236	180	41	95	31	67	50	220	213	253	242	8	67	249	0	219	193	165	191	99	35	6	115	
189	68	105	231	116	6	75	56	85	234	247	82	211	79	153	113	92	204	23	238	233	182	125	142	231	233	163	132	39	171	112	241	
130	133	130	153	196	163	172	199	30	3	90	18	12	170	32	72	121	11	2	144	50	186	3	226	60	6	158	196	149	88	177	136	
10	147	122	232	242	208	185	51	172	77	93	183	156	159	170	96	38	27	151	5	211	136	34	197	71	105	58	203	54	132	165	243	
34	34	98	216	87	209	184	65	91	5	117	187	8	220	126	8	250	185	147	145	150	62	38	214	31	28	154	235	215	12	118	214	
38	134	98	138	247	179	186	74	30	5	89	167	8	200	62	128	255	43	131	149	150	186	12	247	30	20	155	235	213	79	61	198	
40	157	121	117	244	207	109	183	125	111	126	56	187	53	146	48	15	62	87	8	241	184	113	63	111	255	52	192	66	216	198	251	
173	73	105	111	60	15	79	184	71	232	253	8	211	9	145	112	88	236	95	106	201	50	105	62	231	221	161	180	117	187	82	33	
2	0	214	157	94	11	168	72	46	177	211	2	140	138	112	75	106	141	127	145	0	251	131	213	28	50	219	192	5	8	33	128	
218	190	150	184	171	169	16	71	187	27	160	121	174	186	96	223	167	179	237	17	62	79	130	243	153	210	94	123	144	68	175	15	
192	32	156	181	108	137	185	18	174	185	83	16	181	139	64	75	166	45	127	17	2	220	195	81	196	163	122	224	132	136	1	137	
90	53	62	172	58	87	31	120	7	236	148	173	223	255	82	115	214	213	253	103	204	67	251	156	251	219	109	191	36	174	7	115	
190	65	100	76	108	19	206	120	69	2	245	10	75	73	189	37	88	128	23	234	200	39	103	156	18	217	193	156	119	187	112	164	
130	232	154	155	108	136	168	198	190	19	82	18	189	202	112	73	239	43	123	145	98	92	194	241	12	51	254	200	148	0	49	137	
18	136	6	141	28	131	170	96	132	0	211	2	104	202	48	64	120	161	63	227	8	171	2	221	144	32	138	192	21	11	113	128	
18	139	2	142	27	209	154	97	140	5	216	171	44	230	34	196	254	187	143	197	86	11	6	253	176	36	138	155	20	14	37	223	
18	203	94	188	18	192	61	103	180	4	82	163	45	167	162	64	102	187	175	128	64	153	38	253	240	167	250	131	53	132	37	235	
26	143	66	190	87	147	190	231	157	4	216	231	109	234	54	192	254	171	135	133	102	139	14	255	50	119	142	139	63	78	57	143	
59	159	67	140	119	179	170	103	93	64	216	231	105	232	180	196	126	171	22	133	215	187	4	223	48	124	138	130	63	142	249	157	
82	29	27	188	19	192	177	103	172	0	202	34	60	150	32	97	226	59	139	1	65	139	18	237	241	160	26	11	16	0	37	43	
19	13	107	207	22	146	239	114	228	64	94	194	49	172	180	100	110	170	23	207	249	185	36	239	112	44	170	128	53	138	112	252	
2	176	50	219	245	133	184	199	30	25	81	51	140	156	124	0	255	27	147	145	242	188	2	215	45	28	154	234	213	12	161	147	
130	136	50	155	117	141	184	70	30	9	80	18	172	138	52	64	202	43	19	1	130	188	2	247	5	28	154	226	84	12	49	137	
26	29	27	252	19	198	120	103	173	0	74	6	60	155	32	81	226	187	23	128	65	153	16	205	211	253	26	2	40	0	35	139	
90	1	114	174	22	130	106	112	165	0	211	2	109	203	48	64	122	173	31	227	136	131	0	205	146	229	170	136	39	163	48	0	
2	129	22	153	116	131	168	103	30	17	83	18	140	138	48	64	107	11	19	145	114	184	65	213	4	54	154	192	20	8	177	128	
19	159	103	143	150	178	174	247	116	64	218	230	121	110	182	228	127	239	31	173	245	153	45	255	56	46	174	192	191	198	177	125	
34	157	18	152	217	212	180	103	156	13	104	17	172	182	34	196	200	59	130	1	86	43	18	247	169	52	26	75	16	12	173	222	
213	71	70	204	54	18	110	120	100	128	251	230	81	67	185	245	126	164	30	238	233	147	5	12	48	168	226	128	63	179	120	5	
65	80	249	229	36	46	105	16	96	74	114	228	211	55	145	122	102	228	60	110	137	148	245	8	196	168	98	128	44	241	64	113	
216	92	190	254	35	204	117	39	185	150	230	17	62	183	32	91	162	247	253	0	96	205	178	105	243	227	86	11	34	112	167	123	
20	148	158	255	204	7	117	248	22	178	198	6	83	243	42	65	121	126	42	10	40	243	91	61	213	171	231	0	184	104	112	162	
29	7	78	239	54	147	74	120	132	72	223	230	123	99	179	224	126	164	29	238	201	129	45	157	242	237	171	144	63	175	120	113	
34	193	66	136	92	131	170	77	6	1	216	2	40	138	48	64	104	168	19	209	66	187	67	221	52	32	138	200	21	10	240	136	
2	192	50	153	102	128	188	103	172	17	83	147	172	142	56	64	238	27	31	133	210	9	3	213	180	48	154	138	20	4	161	217	
2	209	114	190	34	128	188	103	173	73	210	179	172	158	40	64	230	19	159	133	194	9	2	213	176	112	154	138	20	4	161	217	
229	112	149	131	236	45	193	152	206	249	177	92	214	208	73	47	137	72	126	127	131	103	251	80	141	152	105	124	216	59	83	161	
10	154	186	249	251	193	185	199	191	29	84	179	172	223	226	64	231	59	183	145	50	216	2	247	222	215	190	203	20	12	165	203	
34	225	50	203	116	141	184	196	206	25	112	2	172	136	116	0	202	41	19	81	130	58	2	245	44	24	10	234	85	10	81	137	
220	4	159	245	143	106	84	10	48	182	135	19	215	39	11	91	97	212	233	162	40	197	209	0	211	227	209	21	160	121	116	66	
72	56	151	119	145	238	113	7	160	177	38	24	190	183	64	122	129	54	104	8	49	216	241	0	201	243	84	16	130	64	135	42	
50	131	98	168	86	131	218	104	13	4	208	167	42	200	54	192	126	169	151	229	206	171	4	221	176	36	138	219	53	14	124	221	
2	12	66	159	84	131	174	104	22	2	216	2	104	234	48	64	121	235	51	163	32	187	10	255	60	38	143	128	21	74	113	136	
108	169	177	68	205	125	87	138	75	180	172	8	154	181	69	62	137	214	96	26	11	98	250	48	79	220	5	63	194	248	86	98	
105	97	187	64	85	93	99	80	123	224	100	8	26	21	84	52	24	220	82	88	65	178	240	192	111	152	5	32	66	136	70	226	
88	168	63	246	11	204	17	103	174	21	174	8	190	183	32	80	161	51	105	0	0	9	178	21	209	231	80	27	32	0	135	106	
173	199	100	47	52	27	206	184	85	172	251	237	195	104	159	133	24	204	70	111	236	176	77	31	100	88	37	180	127	190	90	132	
248	133	20	235	189	31	84	189	71	25	141	48	255	83	136	117	208	18	76	40	122	8	75	157	234	249	32	85	50	138	216	43	
5	175	82	65	112	191	106	178	127	168	126	108	159	50	132	180	22	108	70	124	133	184	65	110	46	156	37	228	74	162	75	133	
61	121	233	103	36	95	255	152	64	232	54	10	91	93	159	34	62	252	21	110	201	176	125	40	103	77	37	132	111	187	84	241	
62	120	121	226	37	127	83	200	65	236	181	43	11	93	111	56	186	209	213	114	8	35	120	168	211	217	5	63	231	191	86	243	
41	241	121	99	116	143	111	53	109	104	127	72	211	17	152	48	62	12	86	104	217	184	97	15	111	221	32	192	65	138	194	169	
62	120	57	226	45	253	83	200	137	172	181	9	14	223	111	56	170	153	223	114	10	35	120	248	219	209	1	63	195	27	70	115	
26	61	19	229	115	238	59	82	61	232	74	98	28	215	33	84	182	125	23	64	1	153	16	206	245	180	42	130	34	3	39	243	
34	221	48	238	109	141	214	220	207	59	184	8	174	153	61	19	204	91	95	65	194	43	90	241	183	216	16	190	82	91	80	139	
130	184	249	243	166	168	125	151	31	123	20	182	189	31	208	10	7	91	31	156	178	92	233	243	204	159	191	224	164	216	133	121	
80	49	155	101	50	74	17	23	34	169	42	40	215	55	128	112	54	21	108	16	9	153	161	0	249	229	37	144	32	194	135	51	
104	41	249	84	77	221	81	7	227	165	164	8	50	149	68	54	136	182	98	8	24	122	242	0	87	153	80	57	66	8	198	106	
4	205	2	158	204	131	174	228	148	128	216	2	96	234	57	65	120	106	19	227	64	243	10	232	52	32	207	12	21	123	240	136	
67	24	26	156	121	132	184	39	140	72	64	101	172	146	34	80	230	41	59	133	71	10	18	221	20	48	154	139	24	12	41	159	
105	57	49	97	112	79	99	56	115	232	106	104	150	21	128	48	16	220	68	104	73	186	241	46	237	188	37	52	106	162	70	59	
72	56	27	112	9	205	81	7	160	1	166	8	182	151	64	58	128	52	104	24	3	105	178	1	193	225	16	56	0	0	7	42	
35	139	67	141	94	147	168	119	68	64	88	198	177	136	180	228	108	168	18	205	223	186	101	221	36	40	170	192	125	140	121	156	
19	143	99	139	214	179	239	247	22	65	90	198	113	110	182	228	127	234	23	189	179	152	45	255	60	46	174	192	189	206	177	253	
10	158	222	185	178	130	57	199	190	13	86	183	172	231	162	64	231	59	175	16	50	216	2	247	254	247	62	195	180	68	173	219	
134	64	38	155	84	131	168	64	22	3	81	18	8	202	49	72	121	41	19	145	162	150	0	222	0	6	154	192	149	9	48	128	
2	170	22	152	203	193	184	71	174	21	192	177	172	142	98	64	231	59	235	145	18	75	130	241	157	48	154	235	16	4	165	218	
19	12	107	207	86	146	235	114	116	64	94	198	49	134	180	100	110	168	23	207	225	185	36	239	20	44	170	128	61	131	113	253	
137	152	59	249	116	141	121	119	92	73	118	84	188	145	48	96	228	42	22	12	195	188	48	223	71	189	50	192	26	136	113	171	
165	176	157	251	204	237	161	152	94	115	5	24	212	209	72	105	209	26	122	24	19	102	251	17	77	155	83	124	152	73	149	162	
220	4	212	181	173	106	92	3	177	183	131	145	207	43	91	91	99	199	237	176	60	197	193	130	202	227	214	21	166	224	164	2	
134	72	130	158	68	160	170	64	148	128	81	2	96	200	49	72	120	40	19	195	0	182	2	234	16	36	138	136	21	59	48	128	
146	11	110	188	114	129	184	103	140	4	214	167	45	142	162	64	110	187	143	197	68	139	6	253	240	97	186	139	53	132	45	219	
4	148	158	255	220	7	103	248	52	162	198	6	209	243	40	65	121	126	42	168	32	242	91	47	125	175	231	0	185	104	112	162	
134	64	6	153	20	131	168	64	158	19	83	146	76	206	57	73	127	41	27	177	34	213	3	220	4	2	218	196	148	13	49	144	
138	184	248	179	166	40	189	151	26	115	20	183	189	63	82	43	167	95	53	149	178	252	232	227	204	203	254	228	165	208	151	219	
2	141	130	153	212	163	172	231	54	3	90	18	8	170	32	64	121	107	34	144	50	254	1	231	60	6	158	196	149	88	177	136	
41	99	99	69	116	10	239	120	117	96	126	198	81	65	180	180	122	204	22	110	193	178	109	220	52	60	165	4	111	186	114	164	
49	65	67	77	84	27	238	120	68	224	250	70	83	72	181	164	120	236	22	239	205	178	109	29	52	40	161	132	125	186	120	132	
35	56	114	211	228	181	184	87	77	121	117	179	40	156	246	40	238	59	151	149	150	190	36	240	14	24	154	226	215	140	241	215	
42	178	48	185	109	221	185	143	159	29	84	61	172	157	126	205	205	27	247	21	22	106	226	245	79	81	154	251	82	12	157	223	
26	69	98	236	86	146	250	113	229	64	254	131	105	79	180	100	126	185	23	173	232	179	36	207	242	237	170	128	55	166	112	200	
98	50	125	250	108	141	249	88	191	168	176	110	255	220	212	16	222	247	127	5	139	99	203	241	212	219	43	186	76	136	115	177	
170	184	34	152	109	213	176	70	159	29	212	21	172	156	118	205	200	59	147	145	6	46	82	241	71	89	154	235	82	12	125	222	
173	68	105	239	116	46	75	56	85	234	247	80	211	77	153	121	88	236	22	238	233	246	105	14	199	251	225	148	119	251	80	225	
30	12	106	236	86	162	107	112	36	64	223	130	89	207	177	120	118	189	23	238	129	147	36	206	82	233	170	128	39	243	32	241	
2	137	66	137	84	129	168	103	6	1	80	2	168	138	52	65	104	169	19	193	66	186	66	221	20	56	154	200	21	8	113	136	
1	0	143	213	70	6	169	88	62	144	194	66	212	115	16	98	121	253	123	136	1	208	251	77	221	42	207	4	5	32	33	160	
56	73	82	229	118	10	120	119	41	160	118	2	63	11	1	80	42	172	68	136	72	184	1	140	246	249	50	128	103	176	98	9	
18	65	66	140	70	128	232	103	141	0	208	2	40	138	52	64	110	169	23	193	64	139	2	221	52	40	138	136	21	8	49	136	
173	205	237	205	124	18	79	184	84	106	92	198	209	45	147	101	94	204	53	239	233	48	237	190	102	111	231	148	63	251	208	112	
39	55	226	139	245	183	170	202	95	233	121	198	8	200	255	164	121	10	146	189	151	178	92	222	62	28	139	230	223	79	120	148	
124	49	249	228	42	95	91	88	35	236	180	41	95	31	67	50	220	213	221	242	72	67	249	152	243	201	37	179	99	179	6	115	
92	208	156	190	173	76	95	136	175	190	158	1	223	255	107	90	243	213	237	98	72	65	155	241	251	243	111	125	176	115	45	67	
128	44	159	187	108	169	185	210	62	19	81	82	181	203	113	73	239	43	63	145	34	220	138	115	196	133	250	168	148	65	33	169	
55	67	98	140	92	3	206	120	68	192	208	199	115	200	191	64	124	236	31	239	205	179	77	141	48	40	175	144	61	191	120	212	
34	8	102	201	84	131	232	64	77	1	240	2	8	200	53	72	122	169	19	161	146	179	0	221	20	8	138	192	85	9	113	128	
111	93	38	254	221	244	222	242	201	202	188	11	58	125	55	38	200	226	223	203	237	43	242	238	115	127	142	155	71	127	246	119	
169	73	121	109	116	15	79	184	84	232	246	72	243	1	145	49	88	236	86	106	233	182	105	62	231	217	33	176	113	187	82	233	
32	233	121	78	84	207	199	125	68	164	124	10	51	209	176	32	88	186	6	106	202	186	120	61	127	141	165	40	117	138	212	168	
45	53	241	67	212	109	227	90	99	169	125	74	19	181	221	52	120	154	6	56	147	186	248	66	127	140	33	100	231	203	86	160	
162	64	66	137	76	32	232	71	141	16	113	18	8	138	116	73	106	137	23	179	48	182	66	192	20	24	218	232	21	25	241	128	
199	156	156	179	169	60	188	135	186	155	130	84	156	50	64	235	167	87	120	17	55	77	155	98	141	51	94	66	136	80	137	15	
163	253	98	74	117	149	222	252	73	72	245	47	40	220	190	36	222	137	151	239	199	39	60	255	51	92	138	190	87	159	115	255	
19	141	99	203	150	146	239	247	84	65	218	198	121	238	180	100	127	234	23	253	179	153	45	255	60	46	175	192	189	202	241	252	
34	73	66	137	76	129	232	101	141	0	208	2	168	138	52	65	106	169	23	193	64	186	66	213	52	56	154	136	21	8	241	136	
251	19	110	236	62	22	74	120	229	72	215	230	91	75	179	225	126	164	253	238	237	131	37	140	242	233	234	144	63	174	120	85	
210	1	66	172	20	130	232	97	5	0	211	2	13	138	48	64	122	173	31	161	8	135	0	205	144	224	138	136	53	40	49	0	
24	156	59	252	83	228	49	103	237	65	110	34	60	159	32	96	230	59	147	128	3	185	48	221	115	237	18	3	59	8	37	187	
155	90	70	188	66	144	188	118	180	64	210	231	41	138	178	193	110	169	183	197	197	159	6	237	176	97	186	128	61	148	57	221	
130	201	50	155	100	137	168	68	156	25	80	18	172	138	48	65	202	43	19	193	194	188	2	245	4	16	154	200	20	8	145	136	
245	97	145	162	173	13	70	200	203	250	177	92	198	72	221	159	152	196	76	127	109	103	202	176	184	216	101	62	200	59	90	5	
64	16	158	221	76	143	161	122	214	180	198	6	208	243	32	66	121	116	106	136	40	243	91	60	93	162	199	0	24	40	48	162	
26	143	66	188	87	179	186	103	157	0	218	231	108	234	54	192	254	171	135	133	116	155	4	255	50	103	138	139	63	14	57	142	
162	213	52	254	237	173	214	252	207	58	184	8	174	249	61	2	206	83	95	99	226	39	90	243	55	220	20	190	82	91	208	139	
146	90	78	188	2	130	57	87	188	6	82	247	45	135	162	73	102	187	175	132	192	157	6	236	208	227	250	129	37	148	165	217	
153	13	110	206	84	146	239	113	212	64	95	2	121	235	182	97	122	170	23	234	249	185	36	237	114	43	162	128	55	170	112	224	
2	128	50	155	244	129	184	71	94	25	81	18	140	158	124	0	255	27	19	145	210	188	2	213	12	28	154	226	20	12	177	129	
18	90	94	188	66	160	189	86	172	7	86	231	45	143	161	72	102	59	175	129	64	157	6	225	212	35	250	131	37	208	37	249	
220	4	197	183	173	106	69	7	161	183	131	145	207	43	75	219	195	199	237	16	60	197	195	128	202	243	84	21	162	245	132	66	
2	148	144	185	121	237	176	15	31	31	120	57	172	158	110	204	205	27	131	16	54	60	83	215	15	86	26	127	210	76	141	223	
16	16	158	253	78	15	113	120	86	176	230	6	211	243	34	64	121	124	106	8	8	243	91	29	93	163	103	4	56	40	96	162	
2	128	6	153	20	131	168	39	28	17	83	18	172	10	32	65	106	11	51	128	82	152	67	213	4	50	154	192	20	8	177	136	
69	16	251	237	160	108	121	19	168	75	118	116	151	23	161	122	70	53	61	24	145	148	176	64	199	169	114	128	128	225	37	113	
88	124	190	244	171	232	21	71	185	151	166	57	191	191	65	27	163	247	237	16	42	79	178	232	211	243	86	11	162	112	167	75	
40	217	122	202	87	209	179	240	68	4	117	162	56	221	53	96	126	56	147	210	66	178	56	253	103	137	162	105	119	139	124	186	
178	193	66	136	92	131	202	101	5	0	209	2	40	8	48	64	104	137	23	225	74	175	64	221	52	0	138	248	21	10	240	136	
2	140	2	159	84	131	170	232	150	0	90	2	104	234	32	64	121	106	34	160	32	187	10	255	56	38	139	128	21	42	113	128	
70	142	148	179	168	40	125	135	171	63	131	17	143	34	74	91	131	71	109	21	54	77	195	224	204	242	94	215	128	209	133	9	
229	98	145	129	172	77	67	136	203	248	177	88	214	80	201	63	137	64	126	126	11	103	235	16	140	152	101	124	216	59	83	37	
88	177	182	118	43	200	81	39	169	141	175	40	46	247	64	54	162	54	237	0	2	73	162	97	219	245	84	91	98	2	134	42	
60	173	108	41	223	75	198	234	22	164	138	139	3	44	18	0	120	236	195	231	124	186	77	63	127	7	133	117	117	174	84	192	
97	188	241	68	221	221	196	7	75	225	172	8	154	184	86	180	137	174	240	28	141	42	240	146	47	93	21	127	202	14	218	14	
17	117	83	69	114	206	38	113	125	168	123	96	92	23	164	244	54	61	86	106	225	145	17	78	54	172	39	130	42	50	163	177	
29	104	137	225	132	79	231	200	86	224	69	10	211	209	105	40	121	76	2	122	11	116	185	48	205	133	133	52	241	59	80	160	
155	159	98	179	246	176	184	183	25	125	30	183	45	46	214	105	231	139	151	149	183	216	37	230	206	89	254	192	175	204	157	221	
66	208	18	154	98	128	184	70	173	17	80	163	172	158	56	64	230	51	159	133	66	9	2	225	148	48	154	138	20	20	33	153	
2	170	22	153	203	193	184	199	190	21	64	145	172	142	98	72	197	59	171	149	18	73	18	241	13	18	154	235	16	4	165	218	
162	233	96	139	116	137	238	101	205	0	113	10	136	136	124	0	74	169	23	67	218	58	72	245	52	24	138	232	85	10	208	128	
88	32	62	114	43	232	17	7	163	21	167	57	46	151	66	94	162	183	237	16	26	13	162	65	211	245	16	91	162	0	39	107	
169	57	81	65	114	75	99	54	121	232	114	104	30	17	132	180	50	92	70	104	97	184	241	110	45	184	37	34	106	128	66	185	
39	93	107	71	116	14	239	180	64	232	94	70	113	116	149	36	62	108	22	239	193	176	253	44	37	44	165	128	109	187	208	253	
161	209	121	99	116	143	111	53	117	104	119	88	211	17	152	49	94	12	86	106	225	184	97	15	103	153	32	192	100	138	194	161	
60	120	123	230	53	95	87	220	65	232	181	10	95	93	107	48	186	249	149	114	73	163	56	168	243	221	5	63	99	187	70	243	
105	40	49	64	93	221	65	67	235	97	172	8	42	145	84	180	136	188	218	24	11	43	240	149	23	220	16	123	194	14	70	46	
166	65	2	158	76	128	174	72	148	128	209	2	96	202	57	73	120	104	19	227	64	167	10	232	16	32	202	136	21	59	48	128	
216	91	121	229	50	200	59	54	32	36	110	237	183	39	128	80	38	247	109	64	64	152	161	47	236	229	46	128	36	128	7	123	
240	129	84	235	188	27	84	41	93	49	167	24	199	67	136	85	210	6	108	42	122	44	75	149	234	250	64	87	50	138	200	0	
134	68	6	153	20	163	168	64	22	19	83	18	72	202	57	73	121	41	19	177	34	246	1	222	4	2	154	196	149	9	49	128	
38	205	2	158	220	131	174	228	148	128	218	2	104	234	49	65	120	234	19	227	64	187	10	237	60	32	207	8	21	123	240	136	
97	34	121	189	108	137	249	24	190	168	176	236	255	203	208	16	223	253	127	13	131	114	207	81	220	217	47	184	76	136	3	161	
154	5	106	232	198	34	124	87	53	194	222	147	29	15	179	73	126	157	151	189	184	147	5	202	214	233	170	196	183	228	160	209	
118	69	98	206	76	32	238	104	129	194	217	131	72	238	61	67	124	229	23	231	200	131	142	200	48	40	207	136	5	119	114	208	
169	76	125	117	100	15	107	48	84	234	118	88	243	17	145	49	88	236	86	106	233	244	97	46	199	251	97	144	112	185	82	233	
25	5	110	237	86	146	235	113	244	64	95	130	121	207	182	96	126	172	23	172	233	177	36	207	114	239	162	128	39	162	113	240	
13	157	121	219	242	168	123	183	122	1	126	48	189	119	192	112	23	58	55	152	179	152	232	119	110	175	54	192	182	194	195	169	
42	179	120	233	109	217	185	13	15	61	181	185	140	15	206	134	207	27	255	17	150	40	235	209	207	209	59	255	86	14	157	247	
247	109	235	196	212	15	206	230	80	162	184	79	82	40	85	3	185	228	83	239	232	119	208	46	61	14	197	52	109	121	82	136	
26	73	82	229	54	136	120	86	169	128	114	2	47	11	33	80	166	185	21	192	72	184	0	236	150	249	50	130	103	144	67	9	
55	67	67	142	28	3	206	120	4	196	219	207	99	200	187	192	124	236	31	239	205	131	13	157	176	40	175	152	61	190	120	212	
14	188	184	179	166	169	189	151	26	251	28	179	189	255	218	42	167	123	223	149	146	92	234	243	206	207	63	224	164	208	133	219	
49	65	99	13	84	19	206	120	68	192	250	198	83	72	183	224	120	228	22	239	205	179	109	29	48	44	161	148	125	170	120	148	
40	157	58	252	221	244	144	103	213	13	236	19	42	185	38	64	200	58	131	0	122	171	18	159	115	247	18	75	83	72	252	138	
26	158	94	189	178	130	58	247	62	5	94	247	109	230	162	64	119	63	175	133	182	152	5	255	254	103	190	195	61	132	173	153	
43	231	99	77	85	155	230	232	77	64	122	230	104	200	180	164	122	232	146	110	193	178	44	223	54	60	135	134	95	174	122	164	
166	88	50	154	87	193	176	72	30	66	113	51	44	220	37	8	255	57	147	147	2	54	26	247	23	20	154	107	85	13	37	210	
34	25	118	211	230	145	184	71	205	81	113	179	140	156	116	40	238	27	151	149	146	188	38	240	6	24	154	194	215	140	241	221	
2	0	6	137	84	163	168	67	140	0	242	2	136	136	49	72	104	41	27	129	18	179	3	221	20	32	138	192	21	8	113	128	
2	178	164	153	205	229	184	7	158	93	82	183	140	190	98	72	197	11	187	149	22	88	147	213	13	18	218	235	148	76	189	223	
130	140	138	153	212	163	170	231	30	3	90	18	32	170	48	64	121	107	19	145	50	222	1	255	60	6	158	192	149	72	177	136	
8	157	58	123	240	205	125	183	189	79	126	0	190	183	34	80	133	123	87	8	242	184	50	119	111	255	54	67	194	192	207	251	
92	209	156	164	169	76	94	184	171	190	166	9	223	255	75	82	243	213	237	98	76	65	219	144	251	243	111	127	128	114	45	67	
42	242	56	232	109	221	153	15	207	29	180	57	172	157	126	134	204	27	215	17	198	42	98	209	71	89	186	251	22	12	221	255	
10	158	94	187	114	129	184	215	31	5	84	247	173	207	162	64	127	59	151	129	166	152	6	247	254	71	186	195	61	132	173	219	
173	77	237	207	244	26	239	180	84	234	94	198	209	37	151	229	94	236	63	239	233	148	237	174	102	111	239	148	47	255	80	253	
255	93	102	222	253	244	222	254	217	202	188	11	104	253	55	38	220	242	223	207	253	171	242	238	123	127	142	154	215	127	246	127	
124	112	120	225	104	79	95	48	33	172	188	40	95	31	67	48	222	221	221	106	72	18	249	12	243	205	37	177	99	163	70	115	
92	88	95	238	58	195	75	48	5	72	215	226	119	87	161	100	118	176	29	234	73	129	57	157	243	225	163	144	54	171	36	49	
88	49	56	228	44	79	95	48	39	172	158	9	223	63	82	82	182	213	253	227	200	67	241	140	243	207	171	185	38	162	13	83	
251	83	110	236	46	18	94	120	101	232	247	231	91	10	183	243	126	133	253	239	205	135	69	204	210	233	226	148	63	174	120	85	
173	28	61	119	100	47	113	50	124	250	119	88	247	49	145	59	133	116	126	42	161	244	113	46	199	251	112	16	64	249	66	233	
161	212	125	103	116	15	103	53	124	106	119	120	211	81	152	49	30	12	86	106	225	180	105	15	231	187	96	64	64	138	194	161	
51	89	38	142	79	84	158	232	201	88	156	15	108	220	55	99	236	241	147	231	196	35	62	249	19	56	202	187	23	63	117	223	
35	143	67	141	244	163	170	119	93	65	218	230	97	232	180	228	126	170	22	173	159	186	5	255	60	60	170	192	61	142	241	172	
2	128	54	155	228	129	184	199	222	25	81	18	140	206	124	9	239	27	19	145	210	188	10	245	12	24	154	230	148	8	177	137	
2	192	22	155	100	129	168	199	30	17	83	18	140	138	56	65	235	11	51	145	82	156	67	213	4	16	154	192	20	8	177	136	
131	142	134	157	247	178	184	135	95	107	82	247	232	104	182	237	255	111	179	149	183	220	69	255	12	54	222	195	159	76	185	157	
178	197	66	136	92	131	206	109	5	0	241	2	2	8	52	64	120	136	23	227	120	171	64	223	176	136	138	216	53	10	240	128	
253	101	213	164	172	91	70	168	81	250	176	72	223	41	217	155	153	196	76	110	109	102	201	138	178	217	101	52	106	255	90	0	
36	205	2	158	221	135	174	236	20	128	88	2	96	232	49	65	248	106	51	227	64	187	26	255	57	52	143	8	17	122	240	136	
61	89	123	103	116	94	247	252	64	232	126	2	115	93	179	32	124	252	23	106	201	178	57	172	119	205	37	0	111	187	244	243	
92	162	149	179	172	104	109	143	171	191	131	49	207	35	74	91	131	199	109	21	26	73	203	224	140	242	126	87	128	213	133	64	
92	240	147	90	11	252	82	200	251	17	229	24	110	215	108	252	179	152	232	88	19	39	186	241	147	253	16	107	226	3	238	38	
173	79	70	37	52	139	238	33	124	164	107	137	195	72	147	1	18	44	74	111	228	176	13	30	228	62	5	1	100	190	88	64	
105	168	232	83	69	221	81	23	115	229	101	29	34	152	86	52	152	174	80	28	159	122	240	144	79	93	16	123	203	12	90	222	
90	60	190	246	139	224	20	71	187	159	166	57	175	191	67	91	167	243	237	144	58	75	130	224	219	243	94	27	130	84	167	91	
208	127	87	69	82	74	47	50	56	160	98	228	61	7	129	117	38	253	69	234	225	156	53	110	101	160	32	128	35	177	7	185	
2	4	134	153	4	162	168	2	62	19	83	18	200	42	48	73	99	7	59	145	48	220	1	215	12	38	218	196	148	64	49	128	
97	167	129	190	220	45	196	175	26	178	168	77	242	96	28	19	221	234	2	45	121	106	218	47	44	30	212	56	217	120	210	152	
33	237	137	182	220	45	196	239	24	130	168	76	178	96	17	3	217	98	2	13	105	106	82	47	44	150	213	56	216	120	210	152	
41	49	104	99	101	157	83	16	97	236	109	13	187	24	86	180	152	172	80	78	205	58	244	152	71	217	1	49	75	142	90	222	
32	126	127	117	98	235	49	48	41	174	127	232	247	71	129	25	22	60	70	42	224	244	32	12	69	178	97	128	66	163	70	241	
166	69	66	142	76	1	134	232	134	18	217	2	96	200	57	67	88	200	19	227	66	35	10	185	48	32	203	188	85	123	112	128	
2	154	38	153	203	197	184	199	158	93	64	149	172	150	98	72	197	59	171	145	18	88	18	241	13	50	154	235	16	4	165	219	
253	101	213	164	172	91	70	168	65	250	177	72	223	73	217	155	153	196	76	110	109	103	201	10	178	217	101	60	106	255	90	0	
92	130	213	179	173	104	68	143	169	183	139	177	207	39	72	219	195	199	237	16	26	65	203	160	138	243	116	85	166	247	132	82	
121	49	51	66	65	221	80	64	225	65	109	8	62	215	8	180	176	56	192	74	67	49	178	129	147	217	0	43	98	7	78	38	
134	137	98	211	228	145	188	199	205	81	17	147	168	140	124	10	239	27	151	149	210	60	38	224	46	24	158	202	213	140	241	217	
210	0	66	172	150	2	236	71	45	0	210	18	13	138	48	64	106	141	31	161	88	159	0	198	176	224	154	192	53	0	240	0	
2	12	6	159	84	131	170	98	22	0	90	2	96	234	32	64	120	106	34	128	34	187	10	255	48	38	139	136	21	42	48	128	
2	201	98	155	100	129	168	100	140	16	80	2	172	138	60	65	202	43	19	195	194	56	66	245	36	24	154	200	21	26	241	136	
254	149	178	254	255	127	214	255	219	123	189	58	78	253	44	52	191	211	247	35	250	47	58	223	59	223	69	255	211	126	231	23	
226	221	50	222	253	173	246	239	207	59	185	56	238	248	108	2	143	115	95	3	242	35	10	243	63	156	7	190	80	122	195	139	
26	158	90	187	114	130	186	214	63	5	94	247	45	207	162	64	127	59	183	133	166	153	4	255	246	231	186	131	61	132	169	153	
49	5	107	12	84	19	207	120	68	224	255	198	115	72	183	224	120	172	22	111	205	179	37	29	48	44	161	148	125	170	120	228	
19	141	107	207	150	147	239	246	84	65	222	194	113	238	180	100	126	234	31	237	251	187	45	255	120	46	175	192	61	202	240	252	
43	175	66	14	95	147	166	232	93	64	248	238	104	200	190	164	248	234	146	231	199	179	76	255	62	124	131	139	95	14	122	148	
8	157	58	122	240	205	127	247	191	77	126	0	190	183	34	80	165	123	215	8	242	185	50	127	111	255	54	75	66	80	207	251	
12	157	120	243	246	169	122	151	63	1	126	178	253	103	200	80	55	187	23	152	178	152	9	255	238	207	167	192	182	194	129	185	
27	158	90	189	178	130	58	247	60	65	90	247	109	231	162	192	119	239	191	133	166	153	5	255	250	103	190	192	61	132	169	153	
2	178	166	153	239	229	184	7	158	93	82	183	140	190	98	72	197	59	187	149	150	92	147	209	13	18	222	235	156	76	149	223	
2	216	18	154	106	128	184	70	142	25	80	163	172	222	40	74	230	51	159	197	2	11	2	241	148	48	154	138	20	20	33	217	
0	24	30	237	78	79	49	91	54	160	230	2	146	147	34	64	104	156	106	8	8	251	83	16	85	163	19	0	57	8	32	138	
155	205	102	237	150	18	254	119	21	65	94	146	89	15	182	101	126	159	149	173	248	152	37	206	114	239	186	192	39	132	240	121	
91	13	71	188	22	178	106	118	180	192	218	199	57	174	179	225	110	231	63	141	173	155	4	239	176	110	186	128	45	229	56	92	
124	113	152	224	57	79	90	24	43	172	188	9	223	31	67	18	146	221	253	114	72	67	217	152	251	253	37	61	98	163	78	3	
155	157	96	179	166	145	188	183	155	91	17	183	173	110	246	33	231	179	151	135	246	76	44	247	170	95	254	234	39	204	149	95	
141	157	124	91	242	186	255	191	126	73	124	48	253	119	180	112	23	59	23	24	179	152	43	255	110	159	39	224	150	194	193	185	
137	205	125	95	244	154	239	183	124	66	126	80	251	97	146	101	22	106	62	110	225	188	101	239	102	63	102	128	102	250	209	233	
154	69	98	236	86	18	238	119	53	0	254	130	105	15	180	97	126	173	23	168	232	187	36	206	242	239	170	128	39	140	240	8	
31	27	199	186	146	178	186	81	188	65	83	231	125	238	179	200	102	171	159	149	151	153	6	236	186	102	170	192	173	167	169	85	
0	24	158	221	78	15	33	123	118	180	230	6	208	179	34	66	120	108	106	8	0	249	83	29	85	171	87	4	56	40	96	170	
42	179	121	233	109	89	217	89	15	61	181	187	142	29	222	164	207	145	223	49	222	34	105	213	215	217	171	255	87	142	223	247	
91	15	71	190	18	178	42	115	188	65	90	199	109	238	179	192	102	167	191	141	181	153	4	239	176	110	170	128	173	197	57	93	
155	90	66	190	2	176	56	86	180	66	82	231	45	138	179	201	102	235	191	199	133	157	6	233	146	97	250	128	61	149	41	157	
238	124	181	100	237	111	84	159	75	250	160	89	218	57	85	187	137	196	125	35	233	102	217	128	175	218	197	62	202	125	210	50	
198	188	146	186	249	172	62	142	187	27	185	56	172	254	105	90	231	247	255	147	50	79	138	243	189	244	31	250	144	83	163	3	
14	188	248	243	246	161	127	159	31	203	92	179	189	255	72	0	183	123	151	149	146	88	74	251	238	223	63	224	166	214	129	89	
155	74	66	188	18	146	168	86	180	66	210	199	45	138	179	192	102	173	191	205	173	157	4	238	146	103	186	128	45	149	57	93	
16	140	138	187	148	163	170	247	22	3	218	18	49	170	32	64	121	43	6	144	58	156	1	63	232	167	190	192	181	72	177	136	
18	207	66	156	118	192	164	103	189	4	250	163	36	162	166	196	106	171	134	193	76	171	6	239	176	52	158	139	53	28	189	205	
61	67	107	140	92	19	207	120	68	196	213	207	115	204	187	228	88	228	31	239	205	163	109	141	114	105	169	152	63	191	112	244	
198	188	146	154	248	172	62	142	187	155	184	56	236	254	105	91	247	247	255	147	50	71	138	243	188	182	31	254	144	113	35	1	
59	175	98	10	95	147	154	232	95	64	252	239	106	200	190	164	250	235	150	231	206	171	12	255	58	92	139	251	95	14	122	134	
80	17	30	205	11	143	33	83	166	165	238	14	178	147	32	70	104	180	106	8	8	171	211	80	213	172	18	24	24	10	33	42	
105	57	177	101	77	94	84	49	99	234	42	76	218	57	81	178	136	228	117	9	205	122	209	8	79	221	69	54	202	106	90	10	
17	141	111	206	148	146	239	246	212	64	222	66	113	233	180	100	120	234	31	238	249	187	45	255	120	47	167	192	53	170	240	232	
76	163	149	179	168	72	76	141	171	189	186	105	207	103	73	218	131	199	237	84	27	72	203	32	141	244	127	253	128	214	135	113	
109	111	149	164	173	127	68	170	67	250	184	72	223	40	83	187	137	196	204	110	77	102	235	8	183	219	101	61	194	253	74	69	
37	127	99	67	117	159	103	180	121	108	111	76	226	0	158	52	152	168	70	110	201	176	124	45	39	28	0	0	74	159	210	244	
8	157	58	122	241	205	255	247	191	93	124	0	188	191	38	80	165	59	151	8	242	57	50	255	239	255	54	75	82	64	239	251	
16	50	30	35	226	110	53	84	48	111	119	189	23	55	3	25	166	157	69	38	48	216	17	12	215	163	112	128	232	209	167	211	
236	229	161	182	181	108	71	183	49	239	15	29	255	117	88	151	145	70	93	47	121	84	248	34	233	223	117	112	138	127	214	122	
210	110	69	149	10	147	142	170	148	178	146	226	237	2	145	199	98	245	253	235	105	205	77	191	144	226	235	148	39	177	25	44	
230	213	154	254	252	173	254	239	143	59	184	56	252	248	108	3	175	99	78	35	114	43	138	251	61	159	47	190	80	122	195	139	
3	138	130	155	95	177	184	199	30	69	80	183	172	200	54	204	235	43	147	149	54	158	6	255	4	22	154	235	157	12	185	206	
62	147	121	225	39	121	217	89	15	125	181	187	143	13	222	32	255	153	223	49	158	50	109	213	215	221	43	247	119	143	223	243	
90	176	158	254	171	224	20	207	187	23	164	57	174	255	72	26	167	179	237	144	58	75	130	225	219	243	94	59	130	84	167	75	
57	69	107	76	84	19	207	120	68	192	255	78	115	72	183	228	120	168	22	111	205	163	37	29	114	45	161	152	127	174	112	228	
2	154	6	155	75	197	56	199	158	93	64	181	172	158	34	72	197	59	179	145	22	88	18	245	13	50	154	235	16	4	165	219	
242	149	182	254	255	127	222	255	91	59	189	58	78	253	44	49	191	215	255	33	246	111	58	223	59	254	85	255	211	108	229	31	
237	28	189	119	172	110	117	19	252	250	55	24	255	57	17	123	133	118	125	10	177	244	243	8	199	251	112	16	192	233	66	35	
2	208	32	154	109	133	184	204	142	89	145	163	172	220	126	11	206	25	159	199	134	7	10	241	21	16	154	190	20	30	53	219	
165	244	125	115	32	14	111	49	124	58	119	112	215	83	136	49	22	4	94	106	241	244	105	46	231	187	97	196	64	163	194	161	
102	178	212	67	13	43	146	136	91	51	179	255	194	104	76	142	223	213	232	18	154	102	203	211	14	22	81	119	223	239	204	5	
38	204	64	142	92	1	130	232	134	18	241	10	96	232	57	64	89	232	2	227	98	39	10	191	48	36	139	188	21	59	112	128	
4	81	87	101	98	42	111	16	168	198	111	165	221	103	137	88	54	53	65	110	1	144	48	76	68	190	97	4	106	243	7	241	
137	205	124	95	244	154	239	191	124	66	126	16	251	105	150	101	55	110	62	110	241	188	45	239	102	255	102	128	102	254	209	233	
2	132	150	153	150	162	168	3	62	19	82	18	204	34	32	73	115	15	51	144	50	216	3	215	12	54	218	192	148	72	33	0	
56	253	58	110	209	207	87	247	33	12	236	8	63	255	32	48	156	251	213	106	88	186	120	61	243	237	37	59	99	178	230	171	
237	113	105	67	221	253	243	148	225	101	109	29	186	205	94	182	136	46	82	94	151	54	248	34	103	89	0	104	74	159	214	242	
237	110	149	165	237	63	68	154	75	250	48	72	143	48	65	191	137	196	100	110	237	118	233	128	173	219	101	60	194	253	90	101	
76	163	149	176	173	76	73	143	171	189	170	93	143	35	72	222	129	71	109	21	26	73	203	192	137	244	127	252	128	68	135	105	
33	221	123	71	244	78	239	244	64	200	126	66	115	125	181	32	124	236	22	110	201	176	125	44	103	173	165	128	103	186	240	249	
105	56	149	100	109	79	84	51	75	250	50	72	222	57	81	187	137	212	117	33	73	122	217	136	143	219	85	54	202	120	90	11	
64	57	28	77	74	143	33	87	102	37	230	6	178	147	0	64	104	188	106	8	8	186	211	16	85	168	18	0	121	8	96	170	
224	205	186	254	252	45	254	239	142	138	184	10	244	248	61	67	203	99	95	33	240	47	202	251	125	159	175	184	212	122	211	137	
141	157	124	251	242	179	127	191	62	9	124	178	253	127	168	117	55	123	151	90	242	152	43	255	110	207	39	192	182	210	193	185	
178	205	96	238	86	130	206	245	85	66	218	131	105	46	60	97	110	243	23	231	232	143	4	239	50	126	138	128	55	158	176	76	
2	216	50	154	108	132	184	204	142	25	80	163	172	222	57	75	238	25	159	197	130	7	10	241	4	48	154	170	20	6	33	219	
176	205	66	170	212	131	206	237	21	0	240	2	3	8	52	65	120	136	23	227	120	171	0	255	178	200	130	80	53	155	240	136	
163	221	38	206	127	149	222	236	205	88	153	3	108	220	63	34	238	241	151	231	228	35	42	253	51	24	138	186	23	63	113	223	
3	159	103	79	244	182	175	183	92	73	90	230	240	108	180	100	127	110	18	173	177	184	37	239	44	62	174	192	141	238	241	253	
200	162	152	224	40	140	89	155	171	189	132	89	159	147	64	18	135	85	125	28	26	77	203	19	203	221	61	253	130	128	3	11	
0	141	2	158	221	133	174	230	150	10	216	2	224	250	48	64	217	106	19	195	114	171	90	255	57	54	143	8	16	122	176	138	
2	192	22	155	36	129	168	135	142	17	83	18	172	202	56	72	227	11	59	145	82	156	75	245	4	16	154	192	20	8	177	137	
153	133	110	236	212	18	239	125	84	66	214	18	89	235	180	97	126	228	55	234	248	191	37	207	114	235	226	192	55	186	240	168	
211	208	71	149	18	130	41	244	189	82	210	247	93	14	186	237	119	213	63	231	229	221	37	255	152	34	250	198	61	133	33	125	
2	200	54	155	236	137	184	197	206	25	81	18	140	204	120	9	239	27	19	145	210	188	10	241	12	16	154	238	148	8	177	129	
156	141	112	243	246	170	126	191	63	1	126	146	253	111	168	80	55	251	23	248	178	152	9	255	238	223	167	192	182	211	225	137	
35	142	66	153	86	163	170	99	21	1	218	231	32	234	182	68	126	171	22	149	158	186	69	255	60	54	138	194	189	14	48	140	
162	205	98	138	108	129	238	229	141	16	216	2	172	202	60	65	234	163	23	195	194	43	66	245	52	56	138	136	21	26	241	136	
251	83	106	236	38	26	94	120	97	238	247	239	91	11	182	241	126	133	189	239	204	183	197	204	210	233	226	148	63	174	120	85	
2	13	2	159	84	131	170	96	22	0	90	2	104	234	48	64	120	106	51	161	32	187	10	255	52	38	139	128	21	42	113	128	
162	205	64	202	124	129	238	229	141	0	25	2	172	72	60	64	106	131	23	227	98	43	72	247	52	28	138	200	85	26	241	136	
216	52	122	177	34	104	53	51	48	95	70	189	31	55	11	57	55	155	221	165	184	220	144	2	215	231	122	129	172	96	7	123	
109	244	159	246	229	126	71	191	179	251	62	120	119	117	200	191	145	78	85	46	121	208	186	47	235	223	117	244	170	249	222	251	
35	107	105	7	244	31	238	52	85	104	127	237	211	12	158	176	92	172	214	238	253	186	109	62	38	29	160	144	79	159	218	213	
32	157	144	158	253	133	182	230	158	9	216	0	164	250	48	64	201	106	51	65	50	42	90	255	45	22	158	122	144	8	176	139	
108	41	204	69	237	91	69	43	67	230	190	41	67	49	215	22	25	228	228	44	72	122	201	136	126	222	69	53	239	254	90	74	
220	187	145	161	184	12	96	153	171	249	136	109	143	6	200	150	165	69	236	92	3	77	203	83	157	212	47	254	136	38	7	121	
194	205	18	147	134	128	238	231	29	19	219	18	172	42	120	65	107	131	31	131	114	29	8	243	188	20	158	192	21	88	177	136	
246	253	187	246	165	124	87	190	185	218	140	56	86	245	201	63	145	218	93	122	123	71	170	170	187	219	101	191	130	249	214	115	
92	176	248	176	34	8	21	144	48	95	20	173	31	23	74	59	39	153	221	85	154	82	144	0	211	193	120	173	172	48	7	115	
105	41	240	71	117	30	203	48	107	172	63	12	250	41	214	22	16	236	117	76	201	248	193	136	110	124	1	176	75	174	82	45	
253	83	106	228	102	18	79	112	101	100	247	231	91	11	179	113	126	132	21	238	204	147	37	140	242	233	224	132	47	175	120	81	
47	245	35	66	229	157	231	252	233	72	109	12	218	252	31	180	152	74	82	110	211	176	184	165	39	92	4	54	202	127	210	246	
237	41	204	37	236	91	69	51	67	234	190	41	83	49	211	150	9	196	236	110	76	122	201	138	94	223	101	53	195	252	90	74	
65	185	149	145	168	140	49	159	170	253	0	124	172	179	192	86	131	71	108	28	19	73	218	81	141	16	127	254	136	0	131	123	
35	142	67	137	86	163	170	79	22	1	216	231	160	8	180	64	123	139	3	149	30	186	69	255	20	38	186	192	181	12	48	140	
186	140	110	255	68	50	238	250	85	2	214	18	89	43	180	65	121	198	55	171	232	191	37	175	114	239	234	128	55	232	112	136	
205	212	61	119	44	46	125	184	236	58	55	112	215	87	137	123	135	84	124	106	225	229	123	12	199	251	97	148	64	241	67	33	
3	159	103	143	182	182	174	183	93	73	90	230	232	104	180	228	254	111	50	189	149	184	37	253	44	62	142	194	159	78	177	253	
182	141	102	234	84	3	206	250	85	2	250	18	67	41	60	65	120	138	23	227	248	191	9	191	186	202	136	192	119	202	112	136	
2	13	2	159	84	131	174	96	22	0	90	2	104	234	48	64	120	106	51	131	32	187	10	255	52	38	139	128	21	42	49	128	
120	176	188	254	137	252	84	79	163	31	165	25	175	255	72	26	137	147	237	144	26	75	250	193	219	243	86	123	226	64	167	91	
33	205	99	207	244	190	239	183	84	194	90	70	241	120	180	228	90	110	22	239	241	184	117	239	44	62	167	128	77	254	240	252	
62	2	121	225	246	123	219	80	9	236	183	171	11	13	215	56	62	153	151	240	152	178	101	212	222	217	161	245	247	143	86	241	
131	76	7	151	13	150	238	180	212	130	130	70	224	64	29	135	200	100	104	238	105	229	91	173	160	250	222	16	10	25	120	28	
57	69	106	76	20	147	207	120	68	192	220	206	83	77	179	100	120	172	22	111	205	179	36	31	242	109	161	144	119	170	120	224	
192	213	190	254	252	45	191	255	158	43	184	56	247	248	40	2	175	83	95	33	240	111	138	127	253	159	127	188	212	120	193	139	
17	141	111	206	148	146	239	247	212	64	222	2	113	233	180	100	120	238	31	238	233	187	44	255	122	47	167	192	53	170	240	104	
2	192	16	154	108	129	184	200	142	24	145	130	172	206	121	75	238	17	31	195	2	7	10	241	20	16	138	174	20	31	49	137	
8	128	94	103	24	203	97	5	164	97	231	16	243	147	2	80	72	54	106	0	2	184	83	37	69	165	16	65	104	138	68	10	
2	192	22	155	108	129	168	196	142	17	81	2	172	202	120	72	227	9	59	209	66	28	74	241	4	16	154	236	20	10	49	137	
61	80	105	97	118	123	251	16	68	232	55	170	91	29	223	40	62	156	151	254	129	176	101	136	78	77	161	132	239	187	84	241	
131	158	194	157	244	182	238	183	63	67	82	215	249	104	182	204	127	106	55	141	183	156	21	255	44	62	190	192	159	196	249	157	
2	132	148	153	180	170	184	7	62	19	82	18	204	42	48	73	231	15	51	145	50	216	67	215	12	54	218	192	148	72	161	9	
136	49	92	79	26	203	49	5	230	37	239	16	179	147	0	80	72	44	106	8	11	188	211	51	69	172	16	80	120	138	64	170	
40	157	121	111	244	239	119	247	112	13	124	8	115	113	0	48	25	122	22	40	51	186	120	63	111	143	36	64	241	218	198	171	
23	71	103	197	54	82	107	112	117	192	218	230	81	70	181	100	126	228	30	238	201	145	37	206	48	172	163	132	47	179	112	117	
63	175	34	154	223	147	154	232	223	68	220	175	106	232	62	132	250	235	135	247	206	43	14	255	58	84	143	255	95	14	123	206	
52	200	102	206	76	131	198	232	199	160	176	10	98	200	61	0	88	224	31	99	202	35	10	189	48	8	133	60	117	59	112	128	
0	157	58	122	241	205	255	247	191	93	124	16	188	255	38	80	165	59	23	8	242	41	50	127	111	255	54	75	80	64	231	251	
218	137	22	189	174	10	92	53	189	18	146	18	239	106	32	67	98	231	125	226	120	205	3	237	176	243	206	144	36	48	161	9	
35	184	179	217	117	173	225	87	95	75	112	86	188	152	116	172	221	43	18	29	147	186	50	243	13	28	146	106	216	8	209	173	
198	188	154	158	249	172	62	206	187	147	168	24	236	254	97	91	215	119	251	145	50	79	154	251	189	182	95	126	144	113	35	152	
136	120	63	113	41	111	113	50	236	186	166	24	158	23	0	59	133	48	124	40	97	229	51	28	195	219	112	16	66	0	71	187	
130	160	162	155	223	241	184	207	158	85	80	183	172	204	62	72	249	43	131	149	22	30	110	243	13	22	154	107	149	12	189	222	
220	70	26	122	177	172	119	154	253	10	103	80	254	211	47	125	181	86	108	106	242	229	155	39	243	251	0	66	226	209	201	35	
60	0	121	225	118	123	219	80	97	228	247	170	27	13	159	56	62	157	151	242	137	178	37	140	222	221	160	197	231	143	84	240	
36	124	25	120	232	237	84	254	19	58	184	108	183	119	1	153	143	251	68	34	121	98	80	53	179	211	117	58	216	89	130	179	
220	116	27	91	153	237	35	132	244	111	231	24	243	211	8	85	80	62	104	90	59	181	249	55	229	169	34	80	64	27	132	98	
184	65	94	119	17	234	99	0	245	5	103	16	243	199	10	112	112	62	232	74	42	148	227	39	199	229	32	81	98	129	204	66	
127	64	106	229	102	26	127	112	97	98	246	135	27	11	151	116	126	141	149	239	204	182	36	200	210	249	202	132	47	174	122	68	
64	188	188	240	248	175	189	239	190	171	184	25	244	254	100	8	191	119	123	17	48	75	218	127	253	159	127	124	208	64	167	155	
167	111	104	15	244	91	239	181	85	96	247	157	211	40	159	37	90	238	83	111	253	186	109	46	102	28	132	144	111	191	210	220	
90	182	154	176	34	236	88	55	49	83	66	189	191	63	2	89	167	155	221	145	190	92	146	67	219	247	122	233	168	196	15	27	
195	253	145	165	58	108	57	151	170	241	138	124	157	151	64	214	39	119	121	213	115	77	157	114	189	240	15	118	8	49	131	117	
32	249	20	159	125	141	144	238	158	57	120	8	174	216	96	64	201	74	127	81	66	42	75	247	45	22	30	122	80	8	209	139	
170	130	193	169	95	131	168	79	22	1	208	247	161	138	48	200	90	139	131	149	14	186	71	211	4	4	154	109	189	12	56	152	
113	44	233	101	93	91	211	33	83	228	175	10	82	60	86	50	217	236	96	44	77	126	253	10	127	140	69	53	97	106	86	250	
51	141	111	206	20	146	239	246	212	64	222	66	113	234	180	100	120	234	31	239	233	187	44	255	248	46	174	192	53	170	240	108	
120	176	56	250	169	229	89	95	131	29	165	25	31	223	74	26	205	147	253	144	26	75	250	145	219	217	144	127	210	128	198	114	
109	173	252	119	166	30	85	191	121	147	46	24	215	115	77	59	23	86	116	58	120	216	251	37	239	251	85	86	162	240	210	160	
2	13	2	159	84	131	170	96	150	0	91	2	104	234	32	64	120	42	34	128	34	187	10	255	48	38	139	128	21	42	48	136	
33	140	97	221	212	255	239	191	85	67	90	82	243	56	180	228	89	106	18	173	181	188	117	191	45	62	148	64	95	200	208	236	
124	176	184	250	169	109	81	25	163	125	165	25	223	255	72	26	205	147	237	16	26	107	251	17	219	211	81	127	210	64	134	115	
144	189	156	191	188	47	183	255	142	171	188	24	247	255	40	66	231	87	127	33	112	43	219	63	233	239	47	124	80	122	133	155	
197	84	189	117	40	46	125	152	172	186	183	80	215	119	137	123	135	85	124	42	225	229	123	0	199	251	97	148	64	241	67	35	
3	155	39	141	181	150	170	167	79	73	90	198	232	104	180	228	254	103	186	253	151	152	53	253	44	124	142	194	159	14	177	93	
116	189	189	84	202	79	20	239	171	186	168	40	86	125	69	27	133	215	73	34	104	99	154	9	251	130	69	62	128	112	6	59	
178	132	70	189	4	34	204	99	21	2	218	18	107	104	52	65	121	166	23	163	120	182	65	207	146	239	218	128	53	232	112	128	
210	182	130	178	41	228	24	2	187	83	129	157	141	142	72	91	135	27	217	149	183	79	154	210	153	244	26	255	136	69	15	94	
37	209	170	99	244	31	238	188	104	76	126	76	211	248	159	48	156	72	86	127	223	176	120	45	111	221	37	212	200	59	218	228	
76	48	189	113	169	108	85	27	234	251	183	16	222	119	72	122	133	23	125	24	147	97	251	64	203	251	119	92	194	96	197	51	
240	44	232	87	124	107	195	38	123	230	183	56	243	57	214	51	9	228	100	10	104	126	237	42	126	249	117	49	69	170	86	106	
72	186	189	189	59	197	49	22	166	245	6	49	188	215	64	114	133	127	232	16	146	220	243	53	205	231	49	120	2	129	135	123	
185	69	106	76	84	147	207	120	84	192	253	10	115	201	191	100	88	168	23	111	233	167	44	159	114	237	161	152	119	174	112	224	
93	149	182	88	163	126	119	186	109	89	110	0	222	243	45	253	181	90	92	122	147	161	186	105	251	255	69	78	218	243	227	39	
192	255	27	184	202	233	20	199	170	23	136	189	182	134	97	88	161	51	203	17	102	15	146	83	241	1	30	123	144	80	175	122	
166	205	96	154	212	129	238	228	221	2	217	18	232	104	60	65	121	227	23	227	248	46	72	255	52	30	142	208	21	27	240	136	
109	197	123	67	244	190	102	180	121	73	110	72	219	97	157	244	16	78	86	110	145	176	172	111	39	125	36	0	194	211	210	228	
194	204	0	155	196	128	174	231	156	19	155	18	172	106	120	65	107	163	31	131	98	13	74	243	188	22	222	136	148	88	177	136	
76	16	188	117	40	110	113	152	232	186	183	24	223	119	9	123	133	84	124	42	161	229	251	0	199	251	97	20	192	225	67	35	
200	232	188	241	139	228	57	151	166	53	134	17	189	151	64	122	167	55	249	148	18	77	179	19	207	199	58	89	160	0	133	122	
108	39	185	103	180	45	231	5	66	173	185	9	243	233	88	2	152	110	69	114	24	240	200	40	237	156	37	49	64	123	214	226	
92	175	5	161	184	175	67	152	6	189	130	77	215	33	73	11	145	68	109	125	56	64	73	20	236	198	109	116	160	123	148	82	
252	1	174	68	141	126	197	131	226	187	166	24	211	176	85	254	17	196	104	24	24	225	163	2	219	239	197	21	195	121	246	38	
112	125	241	103	93	111	199	109	83	224	169	74	114	61	68	48	217	254	112	42	73	250	217	46	109	140	5	50	97	107	214	186	
81	44	17	176	144	236	12	7	58	243	138	8	191	150	64	187	161	191	120	156	91	88	145	76	185	224	31	120	136	80	131	40	
167	253	101	7	213	79	239	164	85	96	194	31	211	12	31	165	88	238	83	239	249	254	117	174	101	10	141	80	109	189	214	244	
0	12	2	158	84	131	170	99	150	0	91	2	104	234	32	64	120	42	2	128	34	154	2	255	48	38	139	0	21	42	48	128	
109	165	235	89	197	124	103	143	117	67	238	8	179	240	159	124	25	138	104	56	95	178	246	35	103	255	20	0	226	240	210	100	
220	206	122	121	128	232	101	159	180	22	230	16	131	135	35	93	33	26	236	24	122	141	163	23	227	225	52	93	242	208	228	98	
45	141	235	65	213	127	103	135	125	65	110	8	211	224	159	52	89	202	82	92	151	184	116	66	47	124	132	64	235	252	218	212	
186	161	64	169	95	131	128	79	22	49	212	151	137	139	98	201	104	137	131	149	31	62	81	145	148	65	186	125	61	12	56	154	
84	203	254	72	164	124	117	175	237	29	110	8	83	241	191	122	177	70	108	40	146	161	171	1	251	255	100	77	240	242	230	96	
82	172	149	184	17	228	89	39	187	83	202	25	190	62	80	89	165	187	221	149	31	74	146	197	153	246	218	106	128	68	167	90	
124	180	31	88	137	125	69	155	244	90	230	40	210	247	137	125	81	154	76	42	123	243	243	21	209	251	116	92	218	120	198	115	
51	141	111	206	20	130	239	246	213	64	222	66	113	234	180	100	120	234	31	239	233	155	37	255	240	46	174	192	53	170	240	108	
37	233	235	99	244	203	239	180	98	101	126	8	243	205	223	48	24	236	87	127	219	176	252	40	111	12	165	192	101	187	214	224	
86	160	161	178	11	229	25	200	187	87	129	25	156	254	72	91	165	145	89	151	59	71	186	241	217	210	219	254	128	3	39	114	
105	192	12	187	44	15	67	188	22	61	133	13	215	97	90	81	209	4	108	111	72	72	219	53	205	243	117	92	24	43	80	10	
52	125	145	200	159	7	70	216	86	176	168	72	22	83	65	172	89	216	74	122	91	35	89	18	185	132	5	126	248	123	10	32	
48	155	151	188	235	205	17	102	169	217	96	105	182	183	32	27	132	187	197	0	73	75	18	60	153	210	92	58	208	0	7	251	
69	137	250	72	228	92	119	157	107	141	110	0	87	241	247	112	176	70	116	120	211	56	163	1	123	253	37	77	192	178	230	97	
136	175	42	187	139	249	53	71	166	87	76	181	173	134	98	74	227	43	235	21	118	13	130	19	204	193	62	41	176	68	173	218	
124	176	184	250	169	109	81	153	35	61	165	24	223	255	72	58	141	151	253	16	26	99	251	17	219	217	113	125	210	193	198	51	
152	207	14	187	139	248	117	199	183	22	206	181	175	131	99	88	227	43	237	20	110	157	3	50	230	225	54	65	178	84	173	74	
67	64	210	132	101	28	248	66	233	0	226	3	141	138	53	126	234	165	27	205	4	181	148	192	151	120	138	3	12	180	107	134	
60	65	107	229	86	90	251	80	69	224	247	130	91	29	191	40	122	156	151	234	137	179	53	136	83	201	161	133	103	187	116	226	
2	152	150	155	185	164	56	207	190	25	65	48	236	214	40	72	199	59	179	145	18	88	11	245	13	54	26	202	144	4	161	155	
112	120	151	184	40	207	21	230	188	122	224	104	150	183	65	89	133	249	78	64	89	75	112	56	177	146	126	62	208	120	7	123	
92	176	185	96	169	108	85	31	106	251	183	24	223	183	72	122	133	23	125	24	155	105	243	0	219	249	119	124	192	96	135	51	
