香奈儿可可小姐唇露	748 - 花蜜	https://i.chanel.cn/fnbv3/image/full/shades/rouge-coco-gloss--748--55g.0156748_S.jpg	https://i.chanel.cn/fnbv3/image/full/chanel__com_type1/skus_full/rouge-coco-gloss--748--55g.3145891567489.jpg
254	127	228	196	223	119	222	255	129	238	188	175	106	124	215	55	221	247	221	227	236	99	252	234	59	94	205	191	103	126	222	95	
2	133	98	201	214	163	170	103	92	65	90	2	40	42	52	96	123	11	19	145	146	184	5	223	60	12	154	192	149	12	241	204	
77	112	209	229	96	40	109	24	59	234	117	228	157	151	201	254	55	221	54	138	193	84	226	194	196	252	114	172	46	243	3	177	
2	157	114	218	246	133	188	199	159	89	90	179	172	254	36	64	231	59	151	129	242	153	2	247	60	62	158	235	21	76	165	219	
32	141	2	154	148	163	166	231	22	1	88	2	96	232	48	64	89	106	2	81	18	186	8	255	40	4	135	96	149	90	176	136	
3	181	98	203	246	177	186	103	31	73	92	163	172	158	180	36	223	59	147	149	150	184	36	223	46	28	154	234	151	206	241	221	
34	185	50	200	247	213	186	231	15	73	120	43	44	156	118	32	220	59	151	145	150	58	50	245	63	28	158	235	213	14	183	223	
34	185	160	138	223	193	178	199	10	69	72	139	172	140	118	0	201	59	147	209	22	58	210	241	61	20	158	107	213	14	151	222	
39	98	226	65	71	25	238	72	91	227	117	238	8	200	223	172	122	204	134	190	199	246	229	194	22	28	133	167	239	255	90	132	
27	159	67	143	86	178	239	118	53	192	90	231	121	110	182	228	126	239	23	239	197	153	45	255	52	46	170	128	63	230	177	253	
2	187	98	155	246	147	190	231	31	69	90	183	44	238	182	64	255	187	147	133	246	154	46	255	62	30	158	235	21	92	181	221	
48	33	70	141	92	11	224	72	175	161	242	10	74	136	52	64	120	172	110	225	8	251	195	221	156	168	131	60	117	8	112	128	
59	1	114	225	116	153	248	80	109	65	254	138	143	13	180	100	238	153	95	217	142	187	101	192	214	249	170	210	119	142	113	197	
130	157	54	156	249	196	188	231	191	91	88	55	172	190	38	65	231	123	179	193	242	137	18	255	45	54	158	139	144	92	165	219	
131	154	19	185	116	180	184	19	190	89	82	85	188	154	182	232	199	43	55	157	183	156	18	215	4	62	186	194	156	4	41	221	
179	134	206	189	20	2	104	127	52	195	210	215	49	35	146	64	125	172	63	173	173	218	197	207	220	46	250	128	173	164	120	216	
95	219	46	190	47	149	190	232	207	220	214	167	236	200	63	67	254	225	255	231	196	35	158	253	242	115	207	155	95	63	57	87	
130	221	178	153	245	172	188	167	190	27	90	49	172	190	32	64	231	59	179	1	242	216	18	247	45	54	158	194	16	92	161	155	
122	1	98	232	126	19	248	113	101	64	255	139	11	143	180	100	110	133	95	237	216	171	101	196	210	249	170	220	39	142	112	65	
77	64	209	229	32	40	109	24	123	162	115	224	223	163	201	126	55	220	60	142	193	212	229	194	196	252	114	164	46	243	3	33	
78	219	46	190	175	149	191	236	143	158	150	167	236	232	51	67	238	99	251	199	196	109	11	253	254	115	207	155	22	63	61	207	
126	83	42	172	47	22	223	104	141	140	222	175	206	200	55	66	254	229	255	231	204	35	138	200	242	113	207	155	23	63	60	71	
61	77	99	207	84	31	238	248	117	232	126	70	91	121	189	244	120	204	22	238	201	178	125	238	54	108	167	128	111	191	112	164	
34	221	98	158	223	209	190	230	159	68	92	163	40	236	55	196	234	123	147	195	118	171	62	255	55	22	158	171	23	95	61	222	
130	141	150	157	244	171	44	39	62	51	90	16	172	42	0	64	227	47	42	0	114	216	65	215	44	54	94	192	132	64	161	136	
3	136	197	185	116	154	232	23	126	65	82	215	189	8	144	232	106	44	54	157	167	188	69	215	132	62	186	192	156	140	89	156	
39	207	98	158	215	147	190	232	87	196	124	167	104	232	183	132	122	234	131	231	198	179	44	255	54	60	143	171	119	190	120	196	
187	17	106	224	118	18	91	113	101	64	255	166	27	15	182	112	126	157	151	238	201	179	37	204	242	233	162	196	103	142	112	113	
2	221	50	155	245	197	188	231	158	89	88	51	172	190	38	64	231	59	179	17	114	152	18	247	45	22	30	235	144	92	165	219	
2	141	150	153	244	172	188	39	62	27	90	16	172	170	0	72	231	43	59	17	50	216	67	215	44	54	158	194	148	72	129	139	
122	65	98	232	110	19	216	113	37	64	244	138	9	15	180	116	110	149	223	236	200	163	101	204	242	249	170	152	55	142	114	208	
47	111	66	78	85	151	238	248	87	200	248	206	104	200	191	164	124	232	134	238	205	178	12	255	54	28	133	142	127	191	122	132	
1	128	245	81	116	155	233	23	126	97	114	80	187	8	148	236	107	46	38	24	179	188	101	223	12	190	50	64	212	136	81	173	
120	92	146	174	71	102	86	231	1	14	248	15	42	186	39	212	249	239	166	130	76	179	208	187	177	231	150	27	251	126	254	138	
60	127	154	172	85	247	210	94	129	204	252	47	38	249	35	144	248	250	134	48	12	163	16	174	243	245	164	59	219	123	126	219	
2	253	50	155	211	213	180	231	159	93	88	51	172	254	102	64	237	59	147	145	118	152	50	247	45	22	158	235	144	92	165	223	
187	81	122	228	54	19	223	112	101	96	246	170	27	15	182	52	126	157	159	238	200	167	37	204	242	233	170	144	103	158	114	253	
26	157	58	184	211	225	185	103	159	69	72	179	44	191	34	64	239	187	147	145	22	155	2	215	219	87	154	203	183	4	165	218	
126	113	187	226	59	83	27	200	171	236	189	169	79	223	105	50	254	253	255	242	8	131	170	200	251	213	15	191	163	51	39	115	
60	117	123	100	119	91	87	216	97	224	255	42	91	223	73	48	122	252	213	242	73	179	184	140	243	205	37	165	111	187	102	243	
7	183	2	139	247	181	190	201	14	73	89	231	204	236	62	132	223	75	147	247	151	144	12	245	44	20	143	239	157	79	185	149	
236	80	186	254	104	69	181	92	164	78	214	57	116	221	107	75	204	116	255	98	96	103	178	2	83	225	98	155	66	57	54	251	
240	80	47	214	77	68	101	204	249	222	182	27	114	95	63	91	248	213	111	227	105	103	179	234	241	34	246	25	33	57	118	122	
61	117	67	78	84	15	71	248	71	224	253	78	115	241	181	180	88	236	22	110	201	178	253	63	54	44	37	60	127	187	114	164	
39	239	98	26	87	145	142	236	95	76	125	239	104	232	191	132	94	235	147	231	198	58	78	255	62	28	143	171	95	159	122	205	
72	188	183	241	169	236	116	151	187	219	166	17	190	191	64	91	165	119	253	16	50	109	146	224	207	251	86	67	194	68	167	91	
194	92	54	248	75	236	144	66	169	26	176	24	174	158	37	27	205	49	223	19	34	103	146	226	19	248	90	27	80	73	35	27	
119	34	174	128	76	22	248	88	201	208	149	79	16	136	127	11	236	133	91	189	140	35	149	192	147	41	138	61	13	170	120	212	
44	60	171	243	79	124	179	82	226	254	223	26	153	247	67	42	105	252	219	155	17	118	248	160	85	197	251	41	163	107	55	242	
41	93	121	73	116	207	207	112	68	76	124	74	19	17	177	48	88	152	22	106	201	178	116	29	103	141	160	164	117	155	86	225	
66	56	190	180	75	224	49	70	190	151	70	179	172	191	99	74	163	127	235	145	2	221	130	224	221	51	90	139	132	85	37	203	
23	31	103	143	214	178	239	115	116	194	91	230	89	108	180	228	126	174	22	175	189	153	37	206	52	46	171	128	175	230	240	245	
185	69	106	236	214	18	111	117	69	192	254	130	83	207	186	112	126	236	23	234	201	179	37	142	114	233	164	128	103	186	240	224	
2	153	50	217	229	172	184	23	173	89	122	51	140	159	20	72	174	59	215	17	146	184	194	193	7	120	26	194	198	12	199	219	
130	249	50	154	75	213	184	199	159	93	64	19	44	222	102	73	239	59	147	209	86	75	50	241	27	16	222	107	19	4	173	223	
33	193	99	73	244	207	235	117	69	73	127	66	19	20	180	36	122	40	22	124	211	184	117	221	44	12	164	192	127	138	240	172	
8	153	186	251	240	196	61	151	189	93	126	20	188	151	34	112	167	59	23	8	147	136	50	231	231	253	50	202	16	0	165	251	
120	121	26	96	49	205	83	80	35	12	172	9	63	159	99	16	156	185	213	90	74	3	144	16	243	221	32	57	114	130	78	123	
56	177	122	104	240	205	83	245	97	13	124	8	31	151	2	16	156	186	5	120	90	58	48	29	251	205	36	105	96	130	198	171	
105	29	123	117	116	206	109	55	121	204	126	108	179	55	147	48	14	190	84	8	233	184	241	14	231	255	48	128	106	128	70	249	
33	85	97	69	116	79	235	112	89	104	124	66	80	16	180	36	126	8	22	110	225	176	116	206	36	30	160	128	127	170	82	173	
70	56	155	240	137	237	49	66	175	181	160	25	142	151	97	58	233	49	235	16	18	75	178	240	221	209	27	127	144	65	7	34	
151	30	198	145	178	178	170	83	60	195	83	247	73	238	182	204	119	47	183	157	181	156	13	206	28	46	187	194	175	229	169	149	
34	33	114	197	108	139	248	71	77	41	250	26	140	12	20	0	238	191	127	129	144	186	193	192	22	24	154	130	4	136	177	137	
56	65	98	236	148	2	78	125	69	0	254	10	75	9	48	80	122	172	23	234	216	179	4	140	242	237	162	144	55	186	240	0	
33	93	123	77	116	207	235	112	81	76	124	106	49	21	144	48	30	184	22	106	225	178	48	15	103	143	32	128	97	138	70	249	
118	56	155	240	235	237	113	67	175	181	181	27	142	159	100	27	235	177	207	16	18	79	114	208	223	209	27	127	144	9	7	162	
70	176	186	176	239	233	177	67	139	61	181	59	140	159	102	10	171	17	223	17	18	111	138	208	223	209	91	255	196	13	135	195	
181	0	107	67	84	3	235	88	84	224	247	66	81	0	189	36	120	140	22	238	137	182	109	78	20	12	162	132	101	171	112	228	
139	148	149	185	53	189	184	2	62	83	2	85	140	30	86	233	231	27	155	149	183	220	83	215	140	247	218	66	158	4	25	212	
53	77	67	78	68	146	238	112	197	192	249	70	113	200	181	228	120	236	22	239	205	179	44	236	48	40	163	128	127	191	120	132	
153	144	124	123	131	255	113	31	119	123	71	18	219	31	26	253	113	158	191	152	187	252	117	151	207	235	144	70	179	132	212	243	
137	161	61	187	237	217	173	127	30	119	69	144	157	151	202	111	3	26	178	24	115	92	127	213	207	211	126	109	150	140	133	240	
154	78	102	156	198	146	236	103	212	198	214	179	41	168	183	205	107	234	167	143	236	207	38	239	114	99	254	137	55	252	252	204	
157	188	146	251	177	246	123	210	119	207	94	116	191	243	163	236	119	106	132	152	187	220	57	255	234	223	54	64	186	197	169	245	
9	245	159	249	226	167	189	223	158	59	92	114	157	247	232	233	103	59	55	153	115	216	18	151	237	199	127	228	154	88	161	177	
151	12	231	159	70	162	171	80	52	194	87	198	121	238	183	108	126	237	55	239	165	213	47	238	84	46	235	128	61	247	49	245	
13	239	22	119	176	158	111	180	119	72	127	100	255	227	171	245	55	110	44	78	199	208	45	175	238	255	39	128	42	243	169	165	
230	168	182	240	237	239	210	65	139	191	177	25	206	253	68	27	137	181	239	51	56	103	202	208	155	210	65	127	210	111	198	3	
29	207	150	95	176	158	111	182	117	77	110	100	255	99	147	244	55	110	44	78	253	216	45	175	234	255	116	0	170	245	232	109	
2	140	2	156	20	162	42	99	52	1	91	18	104	226	32	64	120	43	2	128	48	152	0	223	32	38	138	128	20	74	176	136	
214	62	198	150	226	50	186	81	185	198	211	247	76	238	167	223	102	253	255	183	180	215	140	202	28	50	235	130	173	231	41	213	
246	40	246	112	237	251	210	65	251	191	183	57	78	253	68	31	185	245	239	50	60	231	168	192	219	218	69	119	195	111	206	7	
3	168	165	209	173	189	168	134	206	177	18	18	188	152	85	110	201	43	123	157	151	104	246	241	13	24	223	106	149	12	81	174	
120	92	146	172	121	253	22	254	139	78	252	45	46	246	34	148	221	251	198	2	77	39	186	187	177	245	33	187	90	126	174	223	
250	255	100	198	255	87	222	255	129	238	188	175	106	60	159	23	223	247	221	231	236	111	233	238	58	95	205	191	103	254	214	95	
130	180	146	153	197	237	176	71	190	19	64	18	140	190	104	73	161	27	147	17	50	124	146	211	5	22	90	107	144	72	133	146	
171	183	157	184	236	205	189	239	154	127	49	123	156	252	220	11	143	19	127	17	243	111	106	215	76	27	126	254	212	72	135	251	
58	200	194	238	69	66	78	199	83	3	250	3	107	251	53	208	121	255	167	130	72	178	208	235	51	239	148	3	231	122	252	138	
3	182	227	129	246	50	235	223	62	97	94	246	29	46	190	100	127	143	23	189	179	152	37	198	44	14	190	196	173	196	177	253	
82	59	26	88	58	153	24	5	171	5	52	168	174	214	228	144	166	49	206	0	66	41	130	213	146	213	18	59	82	128	15	31	
198	62	199	157	98	162	186	82	190	194	82	231	237	238	165	207	38	109	239	215	165	213	142	234	20	34	107	130	172	245	41	221	
61	15	116	69	247	30	118	184	117	232	126	98	75	56	151	244	126	204	198	106	236	176	109	174	62	255	37	71	111	191	74	165	
62	109	234	231	215	118	234	198	113	133	254	2	105	59	53	128	120	254	151	248	8	178	17	238	123	237	132	1	231	123	126	138	
165	247	73	131	252	75	167	248	30	248	153	238	215	196	253	0	31	72	70	127	227	115	111	62	188	4	45	188	85	123	83	241	
189	76	235	222	86	34	239	242	84	194	222	194	113	109	179	101	127	236	23	239	169	151	44	239	114	46	235	128	39	255	112	248	
215	72	253	246	46	64	93	136	185	150	178	154	111	78	23	123	167	229	125	239	104	68	255	234	147	250	223	154	37	241	103	108	
118	81	235	238	94	2	95	248	1	164	222	163	81	127	57	96	126	221	55	231	200	147	221	236	123	237	175	132	53	251	52	114	
90	24	158	190	13	244	16	11	135	91	207	21	236	246	42	206	193	35	235	1	31	11	91	241	147	115	218	27	154	109	188	86	
28	65	133	175	138	2	47	216	4	128	219	226	213	67	169	192	126	221	62	251	73	146	75	88	176	164	175	132	60	243	33	48	
10	189	191	176	203	229	189	87	158	187	88	243	157	255	96	136	239	59	179	145	115	218	146	210	125	135	255	236	157	88	165	179	
60	120	190	253	41	119	89	88	151	186	118	48	127	223	97	122	151	125	245	18	136	215	179	176	195	251	113	171	210	233	36	187	
207	189	244	211	190	180	189	159	175	221	30	181	253	255	222	239	135	115	253	221	183	88	175	241	110	91	255	206	134	244	141	117	
183	231	97	70	252	11	198	232	91	232	184	239	66	104	221	17	190	205	70	103	233	99	204	126	60	30	37	190	77	251	210	213	
127	125	227	206	83	86	63	248	49	192	93	239	120	247	191	244	126	253	151	238	193	147	188	238	119	60	143	170	47	183	38	253	
104	188	150	113	173	60	116	151	187	187	182	28	158	189	64	219	133	86	253	24	59	109	211	224	207	251	116	86	194	204	203	11	
168	175	2	154	221	249	166	199	190	5	168	159	174	226	98	144	105	171	202	209	55	43	214	119	188	0	6	121	217	92	207	142	
54	231	101	238	124	11	214	232	89	238	249	239	67	104	157	1	218	204	87	103	236	243	77	190	58	94	229	183	117	190	214	199	
6	252	162	154	223	229	186	198	158	93	89	19	44	252	111	8	237	123	147	145	182	94	26	247	29	22	159	235	145	31	53	210	
26	221	150	249	147	215	60	247	23	57	94	34	189	183	32	228	103	123	183	216	107	216	49	183	235	215	158	199	186	220	169	187	
58	1	114	225	54	57	250	82	109	0	254	2	15	11	180	96	110	137	31	249	138	179	101	196	210	221	170	208	103	142	113	1	
166	113	226	142	79	81	182	72	217	228	213	143	72	204	127	15	248	237	131	231	204	115	190	200	19	16	207	43	87	63	126	214	
27	83	46	142	47	151	158	104	205	204	222	175	236	216	55	192	254	229	255	231	196	35	30	253	242	113	143	155	95	62	57	87	
59	5	106	225	118	50	91	82	117	224	255	134	27	13	183	116	126	140	23	189	169	178	101	142	242	205	162	132	103	142	112	241	
3	148	51	153	83	228	185	87	188	73	74	20	188	190	36	100	231	59	19	17	147	152	50	215	141	54	26	202	152	4	161	255	
35	2	200	189	20	130	104	51	52	99	82	215	177	34	146	64	124	172	63	141	173	156	69	207	204	46	186	192	173	140	120	152	
2	221	50	158	223	213	190	231	158	78	88	131	172	254	38	64	239	123	147	193	102	139	58	255	61	54	158	171	21	92	181	223	
250	1	98	232	92	3	202	81	101	0	255	10	11	11	52	80	106	133	95	249	216	171	69	204	146	249	130	220	39	142	112	128	
125	64	208	69	71	26	110	88	113	162	119	74	91	3	221	252	122	204	182	174	201	182	229	194	22	252	193	36	47	183	106	164	
126	83	106	172	63	6	95	104	137	140	222	175	79	239	51	80	254	229	223	231	204	131	168	204	242	245	143	155	55	63	62	87	
43	207	98	206	117	151	238	248	85	200	124	198	104	232	180	228	120	236	150	238	205	178	60	238	54	124	135	138	127	190	120	132	
2	221	50	159	255	197	188	231	158	91	88	19	172	254	36	64	231	123	179	129	114	152	18	247	45	54	30	203	16	92	165	219	
2	148	59	217	87	228	177	87	254	73	78	18	188	190	36	100	231	59	19	16	179	152	50	215	77	62	26	74	152	0	165	191	
1	8	179	185	116	186	232	19	124	73	82	84	189	8	176	232	195	47	54	29	183	188	101	215	132	62	186	192	140	136	89	237	
2	141	22	153	244	172	188	167	62	27	90	16	172	186	32	64	199	59	51	1	114	216	3	247	44	54	158	194	144	72	129	137	
250	65	98	232	14	19	202	113	69	0	244	138	11	15	180	112	126	133	95	234	200	167	101	204	178	249	170	152	55	142	114	140	
129	138	115	89	116	173	233	51	124	9	118	112	189	3	148	108	195	42	38	24	179	188	97	215	12	190	50	64	192	136	65	169	
167	98	226	68	69	27	238	72	115	230	245	142	72	200	255	188	120	204	194	238	196	246	172	194	22	60	129	175	103	191	122	196	
252	92	170	214	77	124	181	220	48	222	180	63	120	127	75	123	249	212	255	162	168	103	250	226	215	39	254	137	195	123	119	251	
45	253	67	78	85	159	102	252	87	224	248	78	122	208	181	180	88	232	22	110	201	178	252	255	54	60	5	44	127	191	122	164	
2	253	50	155	211	197	190	239	30	69	72	179	172	254	38	64	239	123	147	145	118	24	26	255	45	22	158	107	21	92	165	222	
130	112	146	152	195	225	180	71	190	23	65	19	140	158	104	73	227	27	131	145	50	94	146	210	29	22	90	111	144	84	165	146	
147	203	74	188	62	145	188	103	140	68	218	231	44	138	178	192	110	43	159	197	198	137	6	253	176	33	186	139	61	156	185	221	
126	121	123	234	59	211	91	200	173	232	189	168	127	223	107	112	254	253	221	242	73	3	168	232	251	213	15	59	99	51	39	115	
60	117	123	100	118	87	87	240	65	224	253	46	91	95	177	48	126	252	151	234	201	179	56	140	243	205	37	5	111	187	102	243	
18	174	238	188	250	208	188	230	190	151	210	179	44	174	166	66	103	251	175	129	118	219	134	255	248	35	254	203	53	84	173	207	
34	239	96	154	215	209	190	238	31	5	88	163	40	236	54	0	255	107	131	215	198	58	78	255	62	20	159	235	85	30	191	206	
18	207	206	188	242	178	188	230	158	143	218	247	45	174	167	193	111	251	167	133	182	219	6	255	56	103	255	131	181	244	173	223	
74	188	151	178	137	252	52	199	191	155	38	16	172	191	96	223	161	119	251	16	51	201	146	225	143	242	94	75	130	68	175	63	
43	71	71	9	85	151	174	104	95	104	88	198	72	72	180	164	120	40	146	239	229	178	125	222	36	30	139	166	95	14	121	148	
130	249	50	154	203	213	184	207	159	85	64	19	44	222	110	73	239	59	147	145	86	75	58	241	27	16	222	107	17	4	165	223	
19	133	103	205	214	178	239	117	116	192	95	198	81	100	180	101	126	238	22	175	249	187	37	206	60	46	167	192	45	234	240	245	
185	69	106	108	214	2	239	117	84	192	254	2	83	105	186	97	122	236	23	238	249	179	37	142	114	233	164	128	103	186	240	224	
2	157	50	217	245	172	184	7	173	25	122	49	172	158	20	72	239	59	151	17	146	184	66	197	15	56	154	194	212	12	129	155	
34	110	226	154	119	177	186	74	31	13	89	231	40	204	255	132	221	169	147	149	134	50	78	255	54	20	139	171	151	143	60	196	
8	221	58	250	251	196	57	247	191	93	76	21	60	223	34	80	229	59	151	0	82	11	50	247	243	245	58	203	18	0	173	251	
40	117	123	97	116	207	99	116	112	12	124	8	51	23	128	48	30	184	6	122	202	186	96	31	103	141	32	160	113	130	70	169	
33	161	121	73	244	207	107	81	99	13	125	8	19	23	144	48	90	154	6	88	147	186	112	29	111	141	32	96	247	138	198	161	
9	125	58	119	116	204	125	55	249	77	126	4	191	55	130	112	134	122	84	72	195	184	176	111	231	255	50	128	66	144	199	251	
43	83	66	13	117	23	170	96	77	96	90	198	72	8	182	164	254	8	146	239	197	178	85	204	54	92	138	130	95	14	121	149	
6	170	158	241	170	233	49	67	174	61	87	49	140	151	98	73	163	59	239	16	18	221	130	208	220	209	123	231	128	0	135	195	
23	150	67	145	150	178	170	119	60	195	91	246	89	110	188	228	127	175	23	189	181	152	37	206	60	46	175	196	175	198	185	213	
2	37	114	137	124	139	248	71	109	33	250	26	140	10	20	64	238	175	95	129	208	186	65	196	20	24	154	192	4	8	161	137	
184	65	98	236	212	2	78	125	69	0	254	2	91	9	176	80	120	172	23	234	216	187	1	140	242	237	166	148	119	186	240	136	
6	178	26	177	235	233	177	67	174	61	21	179	140	159	234	75	167	59	239	17	18	125	138	209	220	209	63	231	148	12	165	195	
156	60	174	243	205	253	113	210	246	223	95	50	153	247	75	47	105	218	255	154	179	240	187	160	223	201	227	229	163	109	101	243	
138	149	62	220	203	229	181	103	156	19	68	19	44	191	38	107	225	51	187	129	114	77	18	213	115	51	94	75	18	68	165	170	
53	64	107	71	84	2	235	88	84	192	247	66	83	65	189	32	120	204	22	234	137	183	45	14	112	140	161	132	101	187	112	224	
53	77	99	78	196	178	238	240	196	192	249	66	115	232	181	229	120	232	22	234	205	179	44	44	48	40	163	136	109	251	112	164	
13	239	22	95	177	154	111	182	119	206	126	132	235	227	179	244	51	106	166	78	229	152	47	191	238	255	39	129	106	245	233	213	
136	180	249	249	173	89	125	159	95	119	69	144	223	247	250	237	51	26	183	24	115	92	127	147	207	219	86	109	182	204	141	246	
53	127	117	101	118	15	207	248	121	232	250	239	83	104	149	16	254	205	70	103	205	243	77	110	60	46	37	148	109	187	98	157	
242	127	228	198	255	119	222	254	153	238	188	191	104	60	151	34	223	247	223	165	252	107	233	238	63	126	205	187	231	126	214	223	
151	54	195	147	226	34	168	81	60	199	83	247	205	230	254	205	119	45	55	189	181	212	132	194	28	34	239	196	173	230	177	213	
198	178	254	210	239	107	176	65	171	191	179	59	78	253	76	11	171	149	239	51	50	119	136	210	31	18	111	247	197	106	199	131	
230	178	222	144	239	235	176	65	191	191	179	59	206	250	228	27	175	53	239	51	48	103	138	208	156	18	103	255	192	105	143	131	
27	253	150	249	147	215	92	215	55	223	94	22	141	183	162	228	245	59	159	152	127	216	51	214	235	215	159	199	186	212	173	63	
49	95	117	69	116	31	246	56	117	232	250	110	75	9	149	240	126	204	102	238	204	178	109	204	38	255	37	128	111	170	98	141	
159	12	227	223	150	178	235	80	116	194	95	214	121	230	183	108	126	236	55	143	177	213	45	238	116	46	171	128	175	231	49	244	
19	141	107	193	246	178	235	255	118	97	94	198	57	47	182	100	127	207	23	157	179	152	37	255	108	15	190	196	173	194	241	249	
53	13	235	238	84	162	207	112	85	194	223	2	113	233	177	96	122	236	23	175	169	179	45	174	114	175	163	128	183	251	112	224	
38	248	162	154	95	213	178	200	158	215	81	171	44	220	119	8	253	123	147	211	70	118	58	243	29	20	143	171	149	31	55	222	
90	169	26	144	91	208	56	71	170	85	164	137	173	206	78	82	35	163	235	128	70	75	150	245	223	197	27	105	32	4	175	78	
118	64	253	247	15	68	77	41	105	222	183	10	111	110	31	91	242	197	125	235	72	69	251	200	147	250	223	145	37	114	118	110	
29	221	118	88	177	247	93	183	119	207	254	52	79	247	166	244	247	171	172	156	191	217	49	223	234	255	21	195	186	196	172	87	
185	69	106	228	118	18	79	113	85	64	247	130	91	13	178	113	126	156	21	238	233	179	37	142	242	233	160	132	103	186	112	241	
203	180	189	185	237	125	185	255	154	127	20	58	188	189	218	175	143	27	243	21	243	124	235	211	77	211	127	238	214	76	135	249	
29	119	5	175	60	75	175	248	4	234	217	238	215	101	249	32	126	76	94	111	193	179	109	60	188	132	175	180	116	251	17	241	
25	189	183	219	177	246	91	151	127	207	110	52	175	247	163	253	215	171	156	156	191	216	51	255	235	255	22	67	154	196	172	127	
110	207	227	222	255	144	238	236	87	8	124	98	104	251	253	228	123	250	183	202	66	50	174	255	62	60	135	171	23	255	244	173	
34	143	98	158	215	210	190	230	157	196	216	163	104	236	54	196	250	235	147	199	228	155	46	239	58	54	142	139	23	62	61	222	
86	144	142	184	157	244	16	207	135	93	140	21	134	254	102	90	193	247	249	17	31	75	210	129	219	245	154	91	152	12	188	86	
226	189	100	198	255	63	190	247	137	238	185	191	106	60	30	51	143	247	223	167	252	111	232	239	63	62	205	186	71	254	214	223	
53	77	99	206	212	162	239	240	197	130	254	66	115	225	181	101	120	226	22	234	201	179	44	174	48	172	167	128	119	251	112	160	
19	159	106	173	246	174	190	119	12	68	90	231	117	44	182	0	62	171	7	165	245	184	21	111	116	38	42	192	109	202	161	217	
125	83	216	174	246	2	78	248	6	136	217	230	81	227	169	192	94	200	6	238	201	18	95	57	240	165	175	172	61	251	40	145	
79	252	240	211	190	152	190	191	235	83	30	167	237	222	222	102	167	123	253	149	214	72	174	243	46	93	47	238	6	150	131	93	
56	219	250	236	213	214	246	213	87	13	244	38	43	153	54	192	248	252	135	192	218	186	208	163	115	237	164	131	123	58	254	155	
2	240	146	153	215	237	180	199	62	19	64	18	140	190	104	72	163	27	147	17	50	220	18	243	13	22	30	107	144	88	165	154	
53	231	225	5	252	15	175	248	122	228	248	206	83	100	221	50	62	204	86	239	225	115	253	126	124	14	45	188	69	251	87	240	
137	191	10	26	219	217	165	231	254	87	164	159	170	230	162	149	105	170	202	20	119	107	182	255	126	67	22	105	218	76	175	222	
146	158	87	197	118	163	191	119	29	162	90	242	109	55	160	196	127	119	23	33	49	184	5	255	44	38	175	130	55	234	133	169	
130	157	150	156	245	196	188	231	190	11	90	49	172	190	32	64	231	123	191	129	114	219	18	255	45	54	158	138	144	84	165	155	
56	95	154	172	57	247	151	223	157	205	252	109	46	252	167	16	222	251	134	32	143	171	48	175	242	245	36	155	218	126	238	223	
89	207	246	93	181	218	127	190	119	77	126	4	171	225	151	244	115	78	172	76	255	248	167	191	234	255	116	193	34	212	236	125	
8	10	183	185	141	249	144	71	206	55	130	57	142	188	102	206	201	50	234	17	30	105	98	208	141	86	94	123	210	92	157	78	
236	114	58	254	104	77	29	124	156	90	213	184	221	223	169	123	198	125	255	106	224	71	234	131	119	251	97	188	18	188	39	243	
207	185	244	213	170	144	188	191	175	217	22	183	236	254	214	102	167	119	255	157	215	76	171	243	110	95	255	238	134	164	129	125	
35	173	106	222	223	149	190	228	155	80	108	142	104	238	182	180	255	235	179	199	215	90	190	255	62	31	143	171	31	150	235	220	
52	13	235	206	212	162	239	113	85	194	223	130	81	237	177	96	120	238	23	171	184	179	44	206	114	174	167	128	245	235	240	160	
147	90	78	188	6	146	190	114	157	198	210	231	41	202	183	193	110	225	191	199	236	143	6	238	178	99	234	139	45	181	57	93	
123	81	42	174	63	151	158	104	205	204	222	175	238	216	55	64	254	229	255	231	204	35	28	253	242	117	143	155	95	62	57	87	
57	5	106	225	118	50	107	83	85	192	126	130	27	13	183	96	126	140	23	189	185	176	37	142	242	237	162	132	231	207	112	225	
1	142	75	181	52	170	104	55	124	67	90	213	177	34	144	96	66	46	63	141	189	156	69	79	132	62	186	192	172	128	89	88	
242	1	98	232	92	3	202	113	77	0	248	10	11	11	52	80	106	133	95	224	216	171	65	204	178	248	130	216	55	138	114	128	
122	71	106	172	55	6	95	120	1	140	252	175	107	207	51	80	254	237	149	231	200	179	40	142	243	253	175	155	55	190	118	115	
166	99	98	30	77	211	182	104	217	204	245	171	72	204	255	20	248	236	131	231	196	243	174	200	50	56	193	171	71	63	126	214	
2	221	34	158	223	209	190	231	158	68	88	163	172	254	54	64	235	123	147	193	102	154	58	255	61	54	158	139	21	92	181	222	
2	221	50	159	247	197	188	231	158	11	88	19	172	254	32	64	231	123	179	129	114	152	18	255	45	54	30	203	16	92	165	219	
1	158	59	217	52	172	185	55	252	73	94	80	188	178	180	100	167	59	30	9	179	184	48	215	13	190	50	194	136	0	225	169	
34	239	98	159	223	209	190	239	94	69	88	163	168	236	54	0	219	107	131	199	230	58	110	255	62	20	159	235	85	30	189	206	
1	158	59	89	48	172	249	55	252	9	126	84	188	179	32	96	165	58	6	8	179	184	48	95	79	191	50	64	216	128	225	171	
158	182	214	179	226	187	184	81	62	243	87	247	205	230	234	205	55	61	167	149	181	213	14	194	28	67	127	230	174	228	169	149	
35	239	66	94	117	159	230	236	95	200	124	78	104	200	190	180	216	234	146	110	199	58	94	255	62	28	133	171	95	190	218	140	
142	182	214	179	234	171	176	205	190	63	115	255	204	234	234	139	183	29	239	17	54	117	138	208	28	19	127	231	206	76	141	147	
124	121	123	238	51	211	87	240	33	192	252	42	127	223	33	48	250	249	221	226	73	131	56	172	243	221	5	59	123	179	102	115	
61	93	123	110	86	87	87	240	69	192	252	38	123	221	51	48	126	248	23	234	201	178	56	174	115	205	37	0	111	187	98	243	
146	14	206	189	242	146	190	246	156	134	90	231	173	174	183	64	111	239	183	133	164	216	7	239	44	39	190	129	45	244	57	221	
159	164	227	145	214	178	173	87	60	199	87	214	89	230	186	108	119	45	55	189	181	212	173	198	60	46	191	196	175	228	177	245	
34	239	96	155	215	209	190	239	30	69	88	163	168	236	54	0	219	123	147	213	118	58	110	255	47	22	159	235	85	30	189	222	
74	188	150	220	203	208	180	231	191	23	70	49	172	254	100	206	163	123	235	16	50	73	146	241	187	114	94	75	130	84	173	63	
2	157	18	155	245	172	184	7	172	25	123	48	172	158	120	72	231	59	147	17	18	24	2	241	13	48	26	202	212	8	129	139	
130	141	82	145	244	137	184	103	44	17	122	18	172	10	16	64	239	11	31	129	82	184	65	199	36	48	154	194	4	8	161	137	
41	103	113	65	116	203	235	113	125	104	124	98	16	21	148	52	126	168	18	106	225	184	100	223	36	30	32	192	111	138	82	165	
19	135	103	133	150	178	238	119	124	65	219	214	89	238	188	228	127	167	62	173	245	153	37	206	56	46	175	192	47	230	177	245	
47	116	194	73	117	191	226	90	95	105	121	78	8	200	191	164	120	136	146	61	135	178	92	222	54	28	131	166	223	207	122	132	
72	253	58	118	112	204	125	182	249	77	126	0	190	183	34	112	164	123	85	72	194	185	178	111	231	253	48	1	64	144	207	251	
26	221	58	254	91	208	19	230	151	85	204	163	44	223	35	208	239	251	147	194	78	11	58	255	243	229	154	59	51	5	45	218	
58	15	34	190	31	209	154	96	143	4	221	171	109	204	55	196	254	171	143	199	78	3	14	255	178	85	139	187	55	46	60	214	
18	162	222	177	178	234	57	71	190	61	87	179	205	135	170	73	39	63	175	16	18	221	139	85	220	231	122	199	180	128	173	75	
11	187	34	25	219	221	181	247	239	79	220	173	168	238	166	228	109	162	207	148	214	11	54	247	127	87	30	235	250	6	175	223	
138	178	210	185	226	177	184	223	30	55	80	247	173	142	234	201	183	27	183	149	150	92	7	243	158	71	62	231	189	204	137	157	
27	141	107	195	214	179	235	247	118	97	94	198	57	47	182	96	127	202	23	253	179	184	45	255	126	15	190	196	167	202	241	249	
2	249	50	154	203	197	188	239	158	93	72	19	44	222	102	1	237	59	147	209	86	75	26	241	61	16	222	107	17	28	165	223	
67	188	244	213	254	177	254	191	175	251	28	163	172	255	214	102	167	127	255	157	214	76	174	243	46	94	159	234	134	198	129	221	
38	125	34	158	79	213	190	224	137	196	217	143	104	252	119	3	204	249	147	199	196	163	186	232	55	16	207	171	85	63	118	214	
25	255	102	93	181	218	127	182	119	206	126	165	171	174	183	244	99	106	172	78	239	248	39	255	174	255	52	131	118	212	236	221	
255	67	66	68	69	18	110	120	113	170	247	110	72	130	191	245	120	204	166	238	205	183	164	204	22	120	195	143	111	183	122	133	
226	253	224	214	254	31	158	231	153	235	184	191	104	124	30	34	223	247	215	165	248	235	232	239	62	62	223	178	197	124	214	223	
74	184	150	208	137	221	48	199	191	153	166	24	174	190	102	254	161	115	251	16	22	105	146	241	155	210	86	123	202	68	143	31	
43	143	98	206	117	151	238	248	93	72	124	70	104	232	182	228	120	234	150	239	197	186	44	255	54	60	135	138	95	174	120	141	
253	83	67	197	69	30	110	120	117	168	247	78	75	3	185	253	120	204	174	234	201	182	213	202	150	250	193	4	43	191	120	36	
166	121	178	154	79	193	182	192	158	198	80	171	44	220	103	8	202	123	147	83	66	78	154	243	53	20	159	171	21	31	53	218	
23	12	227	223	150	178	239	81	117	195	223	214	89	231	181	100	127	236	55	189	185	149	45	206	56	46	175	192	167	231	240	244	
140	178	158	185	239	251	177	207	158	63	117	57	206	254	234	203	199	29	238	16	50	119	202	209	204	211	127	247	144	72	141	131	
226	173	164	132	236	37	190	231	139	186	152	26	172	174	85	3	239	239	95	163	240	79	202	234	61	28	207	184	5	126	179	137	
49	87	113	101	116	15	238	56	101	232	250	239	115	104	149	112	126	204	38	239	205	178	69	78	38	172	37	132	109	186	114	153	
11	237	98	190	223	213	191	231	222	69	92	3	168	234	54	160	233	107	147	199	198	58	62	255	123	95	159	107	23	22	251	206	
53	101	65	37	116	15	239	248	104	232	250	206	211	100	157	48	62	204	118	239	201	178	125	12	52	174	39	148	101	187	98	240	
46	239	98	222	255	209	254	236	95	0	124	170	104	248	244	228	251	122	147	194	70	58	142	255	62	95	135	43	23	158	252	140	
27	157	180	217	177	245	93	15	95	223	254	48	174	255	166	252	199	59	157	16	191	200	115	223	235	255	22	83	146	196	172	127	
2	248	144	155	215	197	190	198	158	17	64	2	172	222	97	8	229	123	147	209	66	92	26	243	45	22	159	107	144	25	161	154	
53	13	107	78	212	162	239	114	196	130	251	66	115	225	181	100	120	226	22	234	233	179	44	46	48	46	167	128	117	251	112	164	
53	107	1	231	124	15	79	248	70	224	219	202	211	100	145	164	126	204	94	110	201	178	109	60	188	204	173	180	109	187	16	176	
124	219	62	228	44	71	83	244	197	220	182	47	126	127	167	83	204	245	239	98	236	235	51	236	251	187	229	218	72	171	116	123	
154	180	180	249	165	121	121	159	95	119	92	16	175	191	122	237	131	27	181	24	51	92	115	211	207	223	91	103	182	204	141	255	
250	148	240	121	149	254	84	159	127	123	255	48	74	125	28	124	245	159	189	145	254	252	121	215	187	255	212	215	243	68	196	95	
17	159	91	205	114	10	175	55	28	128	94	230	117	39	160	64	118	118	23	238	241	152	21	111	116	38	174	128	45	234	161	185	
90	185	42	176	25	196	80	195	163	85	162	9	62	159	66	18	232	155	201	209	30	11	146	85	217	245	154	123	0	4	47	90	
122	152	184	184	153	196	16	7	139	21	140	9	158	150	98	90	193	59	249	17	30	11	210	145	219	245	30	123	144	4	175	74	
149	79	79	167	132	2	238	241	52	194	91	199	81	97	185	67	124	236	21	239	249	145	13	42	240	169	239	132	173	251	184	144	
188	0	84	115	36	10	76	57	57	18	183	24	203	75	28	27	59	128	76	170	120	228	73	199	130	251	80	84	103	131	194	0	
156	52	188	243	205	124	113	216	247	223	215	51	219	255	75	47	237	252	255	144	187	116	251	130	223	219	247	239	163	109	117	243	
130	240	146	153	211	229	180	199	30	19	64	18	172	190	104	72	227	91	147	145	50	220	18	243	45	22	30	111	144	80	165	154	
236	120	190	254	104	77	63	220	191	90	215	185	223	223	233	75	199	117	255	98	224	71	234	162	247	251	127	191	22	253	167	243	
124	82	190	246	77	94	247	88	184	254	183	47	124	255	107	91	237	212	255	227	200	103	187	224	211	227	251	159	3	121	119	243	
228	36	212	254	56	171	90	138	187	171	177	24	238	235	13	25	151	231	108	48	50	101	203	255	138	254	81	30	210	225	67	1	
134	237	18	138	238	33	190	207	142	18	88	2	140	234	121	67	255	91	19	115	82	7	138	242	60	16	207	172	148	123	161	137	
106	188	188	16	201	253	177	71	186	127	60	29	172	252	102	155	129	51	227	17	54	111	178	211	95	87	88	123	211	76	207	215	
86	237	244	183	182	168	254	135	239	49	90	130	237	110	92	66	39	199	127	209	210	120	143	225	172	253	175	196	165	86	241	137	
25	73	107	173	6	78	175	117	36	64	94	135	253	46	51	33	62	233	21	239	201	152	53	45	225	233	46	128	45	186	161	248	
113	159	233	101	212	42	111	191	116	226	250	206	115	97	144	112	125	238	118	172	185	250	125	47	252	174	165	128	237	234	210	184	
226	181	144	196	253	47	254	111	137	171	184	56	238	56	92	2	203	199	110	33	48	111	201	207	61	62	95	190	192	122	211	139	
222	232	212	183	32	137	124	184	63	178	115	16	239	235	72	91	183	255	125	194	106	92	203	243	142	251	223	228	38	177	129	9	
155	223	102	93	181	254	126	246	127	206	126	165	42	172	183	116	231	234	189	76	238	248	55	255	59	127	20	131	87	212	124	95	
151	6	235	197	198	50	173	89	124	226	87	214	81	44	191	108	126	12	55	175	177	180	37	202	20	46	234	132	173	240	113	245	
57	5	106	225	246	50	107	87	85	97	126	130	91	45	179	32	126	140	23	188	185	176	37	142	118	237	160	132	231	207	240	225	
208	89	63	244	19	204	53	119	236	192	78	6	180	179	32	115	162	55	57	8	97	185	48	13	243	235	86	2	40	16	165	43	
90	201	42	174	31	145	159	232	143	132	140	139	238	232	114	64	250	227	251	231	76	35	154	253	243	117	143	59	23	62	61	198	
58	87	106	172	119	151	95	120	5	196	252	143	107	237	50	80	254	233	151	231	204	179	60	159	243	253	137	155	119	190	118	82	
186	5	98	232	84	3	202	113	69	32	248	10	11	11	52	81	122	136	31	226	216	179	64	206	178	201	130	144	119	139	114	128	
66	173	244	213	254	160	254	175	175	145	26	130	236	239	84	66	167	247	63	145	210	88	143	245	46	62	159	202	135	198	161	137	
34	157	34	158	223	193	190	230	30	69	88	163	172	254	38	64	255	123	147	193	102	154	26	255	61	54	158	139	21	92	181	222	
2	221	18	159	241	197	190	231	30	27	88	18	172	254	32	64	231	123	179	1	114	152	18	255	45	54	30	202	16	92	161	155	
210	94	78	188	74	128	190	246	152	134	214	231	45	175	179	67	110	225	191	199	228	143	6	239	240	99	250	137	45	181	57	219	
34	125	34	222	95	197	190	226	137	200	216	15	44	252	55	0	204	123	147	199	196	43	154	253	55	16	142	171	21	63	55	223	
34	239	96	155	215	209	190	238	30	69	88	163	168	236	54	0	219	107	131	197	86	186	110	255	46	22	159	235	85	30	157	222	
210	203	110	188	74	192	61	103	164	4	214	163	45	135	162	81	102	179	143	193	96	143	38	237	240	35	254	139	53	20	165	107	
60	125	123	238	83	211	87	224	33	192	236	42	127	223	35	48	254	249	213	226	73	179	56	191	243	205	5	59	123	51	102	242	
39	175	96	27	245	157	246	238	95	233	124	76	104	232	190	180	217	234	146	79	198	186	94	255	46	28	5	107	95	158	218	140	
103	67	98	76	77	18	254	104	209	132	253	142	72	200	191	245	124	236	162	238	204	179	246	204	54	56	193	15	95	191	122	196	
19	31	66	157	246	146	174	246	20	202	90	231	233	234	183	192	127	239	183	205	229	152	5	239	44	47	190	128	45	244	57	221	
90	184	215	156	203	208	180	231	191	151	82	179	44	190	228	198	39	123	235	144	38	219	166	253	30	34	94	139	167	68	173	207	
34	239	32	155	215	209	190	239	30	101	88	163	172	236	118	0	219	123	147	209	86	154	110	255	45	22	159	239	149	94	181	222	
43	113	103	73	119	27	162	104	95	224	120	230	72	24	180	164	122	8	146	111	197	178	109	220	38	30	131	166	95	14	123	173	
2	157	18	155	229	172	184	135	174	25	88	48	172	158	104	72	231	59	147	17	18	24	2	241	13	16	26	202	144	8	161	155	
2	253	50	154	203	197	188	239	158	93	88	19	172	222	110	1	237	27	147	145	82	11	26	241	61	16	30	239	144	20	165	219	
90	150	94	181	50	170	60	247	60	39	94	247	109	227	170	80	55	191	239	165	180	157	5	95	254	231	58	197	173	132	173	89	
19	133	103	133	150	146	239	247	116	64	218	198	81	230	188	229	127	230	62	237	245	153	37	239	48	46	174	196	45	230	241	124	
39	106	98	26	109	151	254	200	95	142	93	207	40	200	255	132	217	104	147	71	198	182	78	251	54	28	137	171	95	63	122	197	
43	97	67	73	119	27	162	96	93	104	120	102	200	24	180	164	250	8	146	239	197	178	101	220	38	28	130	130	95	14	123	133	
8	221	58	254	113	196	119	242	189	76	108	1	62	255	35	112	164	123	87	66	66	171	50	111	243	253	50	11	64	17	47	251	
130	141	18	155	244	136	188	39	172	25	122	18	172	138	48	64	239	43	19	129	82	152	66	247	36	52	154	194	4	8	161	137	
57	141	110	207	212	146	239	247	84	65	254	2	113	43	190	96	122	206	23	238	249	186	37	255	122	175	166	196	55	202	240	232	
184	197	98	236	212	18	78	245	85	0	254	2	91	41	176	81	120	206	23	234	248	187	37	175	250	237	164	196	119	154	240	136	
154	158	210	187	178	177	186	223	62	67	82	247	173	142	162	200	119	27	191	149	182	156	5	255	158	71	58	194	188	132	169	157	
38	105	98	30	79	209	182	96	137	196	249	171	104	236	55	1	218	249	147	195	68	35	238	233	55	48	203	171	85	63	118	214	
202	233	116	191	188	137	252	189	191	144	18	130	237	238	85	67	167	111	125	227	226	72	139	253	174	249	239	172	36	180	147	137	
34	249	50	158	79	193	190	228	158	196	64	171	44	220	103	0	234	123	147	195	66	90	154	241	53	20	143	43	21	31	23	218	
2	42	22	185	41	128	184	71	174	29	66	1	172	130	32	72	226	41	107	129	6	157	2	209	132	48	154	195	16	0	37	142	
6	237	144	143	254	1	190	239	142	178	184	2	236	234	113	66	239	75	19	179	112	75	138	250	60	20	207	172	149	122	161	137	
147	164	235	209	214	50	239	215	118	195	94	150	89	239	190	100	127	206	23	189	179	156	37	206	124	46	191	196	167	192	177	252	
98	253	226	212	253	174	190	231	155	235	186	187	108	124	20	3	255	247	247	165	240	235	192	239	63	62	223	178	197	252	147	217	
27	221	114	223	147	213	126	246	255	76	254	6	42	190	38	244	229	251	191	192	239	153	50	255	187	255	150	131	58	212	172	95	
146	178	222	177	226	187	184	215	62	55	118	247	205	238	234	73	55	31	175	149	182	244	14	211	158	210	127	231	188	200	173	157	
151	164	203	145	146	178	168	215	62	195	83	215	93	230	252	232	119	175	55	157	181	212	44	198	190	14	191	196	173	196	169	213	
98	173	160	148	253	45	190	231	153	171	184	27	172	126	20	19	205	247	95	133	240	107	192	239	61	30	223	186	197	124	147	137	
23	12	227	223	150	178	239	119	116	195	219	214	81	238	180	228	127	236	55	157	185	149	45	206	56	46	175	192	165	226	240	100	
58	237	114	154	223	209	150	239	223	5	236	3	40	248	118	132	249	123	131	211	102	43	62	255	123	87	159	107	87	30	255	206	
53	13	107	78	148	2	239	113	212	192	255	66	115	225	181	97	120	238	22	234	249	179	44	46	112	173	231	128	101	250	240	160	
153	89	107	165	2	94	79	53	36	200	86	198	127	7	179	97	118	236	21	238	233	144	53	44	227	233	164	128	47	178	32	121	
47	237	194	158	223	145	238	236	31	4	105	139	104	224	126	132	121	234	162	222	70	58	158	255	62	92	133	111	83	190	120	140	
194	148	244	121	149	254	80	159	127	123	190	25	142	63	28	121	245	159	255	17	186	232	115	215	159	126	84	215	211	76	196	95	
226	180	180	212	253	46	252	239	123	43	187	56	206	120	28	19	159	199	127	33	178	111	201	223	61	62	95	254	192	72	227	139	
26	180	244	209	165	255	88	159	95	127	126	16	142	191	70	124	131	155	189	16	62	92	115	211	203	223	83	103	178	76	133	127	
206	216	118	252	106	9	124	184	191	218	84	185	255	223	97	95	134	113	255	71	224	71	202	184	198	251	127	186	22	181	3	217	
252	0	116	115	46	10	74	152	113	50	183	26	75	73	93	91	59	196	108	234	248	116	79	160	210	219	225	84	103	171	66	0	
156	54	180	243	173	124	112	91	55	251	247	51	222	255	73	111	237	157	189	144	186	116	251	194	219	219	247	231	226	228	100	243	
252	26	190	244	109	86	177	80	179	254	183	63	94	255	227	91	236	245	255	66	168	103	250	160	215	251	235	191	66	45	39	243	
221	122	95	229	34	78	79	176	160	238	182	228	223	7	129	27	38	116	76	106	233	197	49	40	226	235	229	148	40	179	68	113	
11	187	34	152	251	221	183	247	175	77	220	175	172	220	230	228	238	187	223	197	215	11	54	247	127	93	62	251	31	14	175	223	
196	36	212	222	188	171	218	138	187	163	179	24	206	234	13	25	147	231	108	48	48	101	203	254	140	190	91	126	208	97	67	1	
130	249	146	154	207	197	180	199	158	25	64	18	172	222	104	8	233	91	179	145	82	88	154	241	45	20	30	111	144	88	165	155	
10	180	180	240	233	253	177	23	187	127	60	57	172	191	66	142	141	27	247	17	178	124	242	211	207	215	90	235	210	76	143	251	
33	159	73	101	148	15	111	183	116	162	250	206	243	97	144	112	95	238	86	238	249	184	93	46	236	174	165	128	109	250	210	168	
153	217	107	173	6	86	79	117	4	76	94	98	251	55	178	96	126	236	29	239	201	152	53	173	241	233	174	128	55	178	181	121	
54	233	27	254	89	205	83	224	143	4	233	9	46	223	39	16	200	185	211	66	78	35	90	189	243	221	1	59	80	27	70	202	
3	182	229	145	178	42	173	159	62	115	90	247	156	46	222	175	39	79	23	157	183	220	37	226	140	22	254	198	141	196	129	253	
21	133	111	205	148	162	239	247	116	193	218	194	81	236	188	96	127	238	23	189	185	185	37	14	56	174	175	196	165	226	240	224	
122	141	106	174	31	211	223	232	5	4	204	11	111	236	50	16	248	235	159	231	78	43	24	255	251	245	143	59	119	46	118	70	
185	5	110	225	214	50	107	87	85	97	126	18	91	41	182	96	126	142	23	185	184	184	37	142	114	239	160	196	231	218	240	160	
56	13	107	238	87	215	95	120	5	68	252	131	123	239	50	80	122	251	151	230	72	179	56	191	243	237	129	1	119	190	116	242	
19	132	235	145	146	162	170	215	62	99	90	215	81	238	184	96	119	175	31	189	181	157	37	95	60	47	191	196	173	192	177	249	
2	157	50	159	95	197	190	238	30	71	88	51	172	254	34	64	255	123	147	129	34	154	82	255	45	54	158	235	21	12	181	219	
17	132	234	201	212	162	239	255	84	195	222	18	81	233	190	96	123	238	23	189	152	185	37	206	126	47	183	196	165	202	240	232	
151	6	231	145	150	50	172	83	125	211	83	214	89	238	189	239	119	141	31	189	181	213	37	202	28	42	255	132	173	228	177	213	
74	56	214	156	75	209	176	71	191	149	210	179	44	190	38	198	163	59	235	129	6	203	134	245	30	50	94	139	7	4	173	159	
35	175	96	27	245	153	190	238	94	109	120	175	168	232	118	0	217	107	131	87	214	58	110	255	46	30	159	235	85	78	223	206	
34	173	32	155	215	209	190	239	30	101	88	163	172	236	118	0	219	123	147	145	118	26	110	247	45	22	159	235	149	92	149	222	
223	30	199	180	18	178	170	80	180	194	211	247	77	238	179	203	103	229	191	191	173	213	4	206	144	98	235	128	173	245	57	85	
61	93	123	110	87	215	87	240	69	192	236	10	123	221	35	48	120	249	23	234	72	179	56	61	243	205	5	9	115	187	98	234	
19	95	99	207	180	150	239	112	76	200	90	70	113	124	181	100	126	110	22	239	193	185	45	239	52	46	175	128	63	250	113	253	
18	142	230	157	114	144	188	246	191	143	82	247	45	174	166	196	103	251	167	133	166	216	6	239	60	38	254	131	39	132	173	221	
146	142	194	157	242	130	174	246	53	143	218	247	41	174	182	68	127	239	167	133	228	218	5	239	60	38	190	128	167	244	185	221	
57	141	110	207	212	146	239	247	84	64	254	2	113	43	178	97	122	198	23	234	249	187	45	255	126	175	166	192	55	202	240	232	
2	253	48	154	203	197	180	239	158	93	88	19	44	254	110	1	237	59	147	145	82	75	26	245	61	16	222	235	17	28	165	219	
166	235	96	158	109	209	190	232	95	68	81	171	104	204	127	1	217	235	131	199	198	114	110	245	54	16	207	171	85	31	94	206	
54	77	106	190	91	209	26	96	151	68	221	171	45	207	39	64	234	187	159	195	78	11	42	255	243	213	139	187	53	47	60	222	
43	67	66	73	119	27	170	104	77	96	122	230	72	136	180	164	254	9	146	231	197	178	101	220	54	28	138	131	95	14	121	133	
24	93	59	126	91	196	55	112	188	76	105	1	126	255	33	80	164	123	83	66	66	171	58	111	243	173	34	10	80	51	39	251	
83	141	103	207	150	130	239	247	124	64	218	198	121	38	180	101	126	198	62	239	249	153	37	255	56	46	174	192	45	210	177	124	
91	159	71	175	146	178	46	247	61	65	90	231	125	46	176	224	119	231	63	173	245	153	5	255	184	110	186	192	47	134	169	93	
99	205	98	94	93	149	214	232	199	4	236	11	106	204	55	84	216	226	194	70	206	43	126	253	51	28	129	59	83	63	126	206	
26	158	90	189	50	138	58	247	60	5	126	247	109	35	162	80	55	255	175	132	182	157	5	255	254	231	58	193	189	132	169	25	
221	76	252	103	46	26	79	184	96	242	183	10	91	97	219	123	54	196	124	234	233	101	237	40	246	235	101	148	39	243	80	97	
34	93	50	222	95	133	190	230	143	72	88	11	44	254	53	0	236	123	147	195	194	43	18	253	53	28	142	170	21	31	49	219	
184	205	110	238	212	146	78	245	85	0	254	2	123	105	176	81	120	238	23	234	248	187	45	191	122	239	164	192	119	154	240	136	
27	158	67	187	178	179	170	247	63	67	90	231	173	206	178	196	119	43	159	149	183	156	13	255	188	102	186	192	189	132	169	221	
2	253	50	154	95	197	182	238	142	80	72	11	172	254	100	0	204	123	147	195	66	43	154	245	61	20	158	43	17	30	167	218	
252	72	102	103	12	58	78	216	117	178	183	26	91	9	217	91	122	196	108	234	232	119	41	168	210	235	229	20	103	251	96	0	
2	180	244	217	181	253	88	15	95	123	60	17	174	190	70	124	131	155	191	16	54	88	115	211	143	222	26	115	146	76	197	95	
42	237	130	26	221	213	150	238	159	29	252	11	40	232	102	132	201	107	163	209	86	107	218	247	59	85	159	123	211	12	254	206	
226	237	182	212	252	143	188	231	155	171	216	27	172	188	20	3	239	247	215	133	240	251	192	255	61	62	223	186	197	124	147	137	
188	5	110	236	148	2	239	117	80	128	254	2	83	225	184	97	120	230	20	234	248	179	37	14	250	175	167	128	101	250	240	160	
137	4	235	193	214	50	239	87	116	227	94	214	17	45	158	96	127	78	23	189	177	252	37	202	102	47	182	196	175	248	240	249	
128	150	218	185	178	171	57	223	62	55	82	247	181	167	232	72	183	27	47	16	178	220	5	119	204	166	62	192	188	200	165	153	
43	173	66	72	85	147	238	232	95	128	232	10	104	201	52	148	120	232	130	238	70	179	158	255	54	92	129	43	87	175	122	132	
226	173	148	149	252	45	188	239	154	171	216	26	172	42	28	2	205	71	127	1	112	122	194	255	188	30	222	234	196	72	147	137	
222	88	246	252	40	13	88	208	191	250	244	185	239	255	97	91	198	117	255	70	224	71	194	224	210	251	123	186	22	189	35	219	
220	90	254	181	43	86	93	16	177	222	150	181	95	55	131	223	38	245	253	231	237	197	179	168	210	227	109	145	46	245	47	83	
11	221	54	222	177	213	92	246	191	93	252	55	40	190	38	116	237	251	191	128	239	139	50	247	107	94	150	203	18	84	236	95	
223	124	254	180	43	126	89	16	185	254	151	185	79	127	195	127	167	245	253	230	172	197	171	194	211	219	121	151	166	245	47	119	
66	169	118	221	254	129	190	231	159	145	90	130	172	238	116	67	230	127	127	209	242	73	130	253	46	56	143	234	5	4	161	137	
254	56	182	245	109	124	120	80	187	250	247	63	222	223	195	127	237	245	255	66	168	103	250	162	215	251	115	171	66	173	39	243	
196	232	148	151	36	138	108	174	191	178	146	18	238	194	65	91	51	229	110	194	98	196	203	255	140	178	223	20	4	49	1	8	
10	180	176	251	233	253	185	15	187	95	29	57	140	191	78	14	135	27	247	17	54	104	226	211	207	215	94	239	210	76	143	255	
226	165	148	148	252	47	188	239	155	59	184	24	236	40	28	3	219	199	110	33	50	107	193	215	60	62	95	254	196	72	195	137	
78	180	188	114	235	125	185	11	187	127	181	57	140	191	78	159	167	23	255	21	178	71	234	210	95	95	91	255	194	69	143	243	
2	223	118	92	245	220	252	246	255	78	254	37	42	188	54	116	231	235	191	69	230	185	50	255	59	126	22	131	87	212	245	95	
15	253	237	211	182	179	191	183	126	247	94	246	253	111	146	233	55	123	151	159	243	216	47	253	110	15	255	192	142	213	145	249	
17	141	111	231	150	34	111	255	116	96	222	194	113	39	176	96	119	231	29	239	249	152	45	63	248	175	175	196	37	242	241	120	
56	175	42	174	93	211	87	226	135	12	252	43	107	249	42	16	248	251	135	195	74	171	8	191	251	213	165	251	115	14	126	235	
56	13	107	239	86	199	255	112	68	68	254	2	113	253	50	96	120	250	19	238	72	187	60	191	115	175	162	1	119	170	116	242	
2	157	50	159	95	197	190	238	30	75	88	51	172	254	32	64	253	123	179	129	34	154	90	255	61	54	158	235	16	12	165	219	
24	133	234	233	212	162	239	255	84	193	222	2	81	233	188	96	123	238	23	185	186	187	37	174	126	175	166	196	181	202	240	168	
141	141	108	211	214	50	237	183	116	83	94	146	217	45	150	105	127	70	55	190	181	252	45	238	110	107	246	196	167	208	241	249	
34	173	32	155	245	201	190	238	30	69	88	131	172	236	54	0	217	123	147	145	54	186	78	255	45	22	159	107	85	12	213	222	
2	142	194	157	114	146	170	246	63	13	90	231	169	174	182	68	126	107	167	141	166	216	6	255	44	38	190	128	47	132	41	221	
56	141	110	239	212	146	239	245	84	0	254	2	113	105	176	97	120	230	55	234	248	185	45	191	126	239	167	192	55	186	240	168	
75	220	237	87	166	58	173	183	124	115	94	246	249	47	150	107	55	70	61	175	241	216	173	111	102	43	254	132	167	240	241	121	
40	205	123	78	212	207	71	246	196	8	252	0	115	245	48	48	88	234	22	106	74	171	42	63	115	141	36	9	115	250	230	234	
19	157	99	142	84	150	239	246	92	192	90	70	113	232	181	228	126	238	18	239	229	184	53	239	53	46	142	0	45	250	112	252	
50	207	42	190	30	193	158	224	158	4	137	171	101	206	35	64	238	187	139	195	78	11	10	255	243	5	139	187	20	10	61	90	
38	245	96	152	223	81	150	234	139	117	136	155	72	252	126	0	217	219	211	243	126	99	126	247	59	22	141	127	85	61	150	214	
43	71	98	12	95	19	190	104	77	72	216	231	72	200	182	164	254	137	218	231	197	179	5	222	54	92	138	139	95	14	121	149	
28	93	51	236	19	194	23	96	181	132	233	32	127	215	33	84	114	249	153	226	73	131	50	206	241	228	14	10	50	51	39	242	
211	141	79	175	146	178	110	247	53	64	218	198	117	110	176	240	118	231	63	239	245	153	45	255	176	46	170	128	45	226	161	125	
130	249	102	217	127	149	188	231	173	88	208	163	172	222	182	97	238	59	223	197	230	143	34	253	63	120	158	202	23	28	181	223	
2	205	50	222	124	133	190	230	142	8	88	2	172	206	53	64	206	123	23	193	194	11	2	255	53	60	158	170	20	26	49	137	
147	158	67	191	50	178	170	246	61	65	90	247	125	110	176	228	119	171	31	149	183	152	45	255	188	102	170	192	189	134	33	93	
43	213	96	90	221	221	215	255	87	93	188	15	171	221	126	164	217	138	146	76	223	42	126	183	107	93	149	127	91	158	220	222	
34	181	48	202	253	149	220	253	95	121	189	57	238	125	92	16	157	155	215	21	218	42	107	247	47	92	149	254	215	14	210	219	
34	220	230	220	245	156	252	231	191	75	250	23	172	188	54	96	239	251	255	5	162	235	50	255	63	62	222	138	85	92	245	223	
194	104	214	157	44	139	232	138	191	178	178	16	236	234	65	91	179	109	127	66	98	197	139	251	132	50	219	144	4	49	1	8	
2	237	150	149	252	173	188	231	159	139	250	26	172	174	20	0	239	127	127	129	112	235	194	255	60	62	222	248	133	88	211	137	
34	220	54	218	125	213	188	231	223	95	252	17	172	190	54	112	207	187	191	133	166	43	50	247	43	126	158	203	18	92	229	223	
141	141	236	243	246	50	255	183	116	227	94	146	249	45	150	109	119	222	23	189	243	252	45	239	110	207	182	192	167	213	241	233	
25	159	95	175	178	170	47	191	60	65	90	231	253	103	128	64	55	127	31	141	179	152	13	127	236	231	46	192	188	194	129	57	
248	197	110	236	148	18	79	253	100	128	254	2	83	107	184	99	120	230	93	234	248	163	33	172	242	235	231	148	103	186	240	8	
206	54	230	148	235	112	184	3	187	255	151	191	76	46	223	207	167	151	253	149	180	69	167	194	31	115	219	159	134	100	175	87	
42	237	34	26	93	209	150	230	223	12	252	11	42	200	118	148	217	107	194	1	78	43	10	255	59	93	149	123	83	30	126	206	
224	165	148	156	252	43	188	111	58	59	249	24	204	170	88	3	155	15	106	33	50	123	195	215	28	54	95	126	196	72	195	137	
42	189	176	184	249	213	148	231	155	93	188	57	174	156	102	132	201	59	195	17	126	107	242	247	107	87	30	123	210	12	143	223	
2	180	244	211	253	253	120	31	63	123	63	25	172	190	76	120	167	27	255	17	178	88	115	211	143	222	86	255	210	76	197	95	
252	72	228	231	12	42	70	216	113	178	183	26	75	105	89	27	121	196	108	234	168	119	201	170	210	235	229	52	231	251	66	0	
253	104	252	103	238	58	95	152	115	242	183	10	219	105	219	63	55	244	125	106	232	116	239	170	214	235	229	180	231	243	66	33	
196	36	150	158	248	171	248	11	191	179	187	24	204	234	65	91	151	167	110	16	48	103	203	206	156	54	91	92	192	97	3	129	
206	54	254	244	235	116	56	3	187	255	151	187	76	254	87	159	167	213	253	147	180	71	170	194	95	91	219	191	134	101	47	87	
222	122	182	244	43	108	56	82	187	218	247	55	142	223	103	79	239	253	255	147	172	119	146	226	151	243	90	139	130	125	37	211	
36	165	144	131	252	41	248	141	27	25	57	24	206	104	92	8	155	139	87	49	18	106	202	215	12	30	31	124	212	74	211	129	
45	161	161	67	253	63	193	25	67	249	169	88	210	8	92	180	217	10	66	56	155	114	249	17	15	156	21	124	218	202	210	164	
66	93	50	158	251	196	190	228	153	202	217	35	108	254	37	64	238	115	151	199	226	11	26	239	51	62	158	139	20	87	39	219	
130	233	118	157	62	131	188	231	190	144	82	18	172	202	52	65	230	107	63	193	242	221	131	253	172	58	223	202	20	0	177	137	
2	173	148	157	252	137	188	231	31	11	250	26	172	170	20	0	239	171	119	129	114	250	195	255	60	62	158	202	148	88	241	137	
56	159	18	170	125	131	86	240	135	12	248	111	110	249	32	144	220	251	135	99	78	171	8	191	250	213	37	187	90	14	62	155	
2	157	18	155	223	197	190	238	30	9	88	19	172	254	32	64	221	123	179	129	50	152	90	255	45	54	158	235	16	12	165	155	
29	205	228	247	182	18	254	183	117	83	126	146	121	109	156	105	63	198	53	207	248	248	45	239	110	235	247	192	167	252	240	232	
40	159	122	126	116	195	87	246	132	12	252	32	114	251	160	32	216	122	135	66	74	171	72	63	107	237	164	217	113	138	228	171	
34	189	32	155	221	201	182	238	30	69	72	155	172	236	62	0	217	59	147	17	50	56	90	247	45	22	159	107	213	12	149	218	
3	159	74	157	80	134	238	246	60	65	74	199	177	226	54	64	126	107	19	205	133	152	20	239	36	46	154	128	29	132	57	220	
95	205	228	119	182	26	254	188	123	211	22	130	249	111	159	107	55	119	61	239	244	200	175	233	110	255	253	128	167	247	209	113	
40	223	123	110	252	203	215	246	196	12	124	96	114	241	160	48	88	122	6	106	74	170	106	63	99	141	36	137	81	250	230	171	
33	141	35	222	84	199	239	230	84	73	90	66	176	248	180	96	89	234	18	205	239	186	52	191	45	46	190	0	93	72	240	188	
50	245	224	200	223	87	148	239	27	254	184	11	8	188	119	32	221	153	211	177	254	107	251	223	59	22	157	255	215	124	214	223	
31	221	19	222	91	212	118	240	181	0	237	0	110	247	33	244	38	251	218	74	67	139	26	255	179	252	2	11	58	23	43	62	
19	79	106	12	94	147	190	98	77	64	218	231	8	136	182	160	254	169	218	231	196	187	5	222	54	29	138	139	93	46	121	132	
34	197	96	250	252	129	238	237	95	1	121	2	233	234	60	64	223	139	23	129	218	42	74	247	46	252	158	232	21	154	241	136	
81	141	111	191	18	2	111	115	60	66	218	198	117	102	176	113	118	231	61	239	241	217	45	109	240	171	239	128	45	226	161	121	
19	158	79	191	50	162	106	119	60	64	90	231	117	110	176	97	119	239	31	173	181	217	45	125	188	174	235	192	61	162	33	125	
184	141	110	239	212	147	238	253	84	0	254	2	121	233	176	97	120	230	55	234	248	187	45	191	122	239	167	192	119	186	240	136	
47	165	224	99	252	59	218	152	95	241	61	154	219	109	220	44	31	204	87	63	158	114	239	146	78	221	165	252	247	207	210	213	
52	36	192	227	220	43	202	200	27	177	185	26	75	104	93	26	123	204	87	178	26	114	201	210	158	220	133	116	229	235	210	128	
24	141	110	235	148	162	239	255	84	1	222	2	121	107	176	96	123	238	31	248	184	185	45	191	250	239	167	192	167	218	240	168	
34	220	114	216	125	220	252	231	191	91	248	19	172	188	52	96	207	187	183	5	178	106	114	247	47	62	158	203	84	28	241	223	
15	249	236	95	182	146	255	189	222	209	94	162	249	125	158	103	7	123	183	223	215	216	111	253	110	95	255	192	167	246	209	249	
70	62	182	241	235	236	184	66	191	219	211	183	140	191	103	91	231	127	255	19	176	213	154	194	151	118	219	171	130	101	37	83	
248	205	102	230	140	2	78	253	229	130	246	2	123	107	177	83	122	196	125	234	232	227	9	173	242	235	231	148	103	178	240	8	
217	205	110	239	162	26	111	181	101	224	222	130	123	103	144	115	54	230	125	234	233	153	45	109	242	235	231	128	39	178	224	105	
224	165	148	159	252	43	188	111	62	59	121	24	204	162	72	2	155	15	106	16	50	122	203	215	12	22	95	108	132	72	131	129	
14	178	180	209	235	125	184	79	187	255	61	57	140	191	78	30	167	27	255	17	54	89	186	210	159	87	95	255	134	68	143	215	
2	181	244	209	253	253	248	159	31	123	61	61	140	190	108	120	167	27	255	17	178	104	243	211	15	94	30	255	210	76	197	223	
252	104	240	103	238	58	110	152	115	226	182	10	91	105	213	63	63	236	125	234	200	118	237	170	86	235	229	180	231	247	66	0	
192	44	150	157	104	170	40	130	190	179	210	16	236	226	65	91	167	101	110	128	32	197	131	235	148	54	91	0	132	113	33	8	
42	185	176	216	253	221	148	239	159	125	52	57	174	157	70	132	143	27	247	17	118	106	242	247	47	87	28	251	210	12	143	223	
78	54	182	176	235	116	184	67	187	255	31	191	140	190	78	14	167	31	255	145	182	87	130	194	223	87	223	239	134	100	175	215	
89	157	87	175	178	138	111	183	36	64	94	230	255	119	128	112	54	247	61	238	249	152	45	111	252	239	46	192	62	178	161	121	
47	181	104	75	252	63	219	153	87	125	189	190	219	124	222	172	95	138	151	63	159	34	109	151	78	93	37	252	215	207	216	245	
244	104	198	166	76	42	70	200	49	178	178	10	75	232	89	26	121	196	108	226	8	247	201	234	146	238	197	52	229	251	98	0	
74	182	230	145	235	112	184	7	187	255	30	191	140	174	222	143	167	23	247	149	182	91	134	194	30	87	222	239	143	68	175	215	
51	159	83	174	114	139	86	240	143	76	248	237	103	236	162	144	222	235	135	103	207	171	72	191	184	212	45	186	92	142	42	221	
217	205	110	239	134	26	127	189	101	192	222	130	123	103	144	115	118	244	125	234	233	153	45	237	242	235	231	128	39	178	240	104	
32	159	122	218	116	195	243	240	86	12	124	34	112	221	182	64	88	58	7	72	138	186	40	191	98	15	162	129	85	138	116	235	
2	156	16	155	223	197	184	239	30	9	88	19	172	254	40	64	221	59	179	129	34	154	90	255	45	22	158	235	16	12	165	219	
30	201	228	247	182	18	254	180	119	147	54	130	105	111	157	99	119	231	53	203	248	248	111	237	238	255	239	192	167	191	240	9	
32	159	90	110	114	131	87	244	4	12	120	229	119	235	160	80	222	122	7	98	200	170	72	63	106	229	36	136	125	170	70	155	
34	188	32	153	221	205	176	207	158	125	80	27	172	220	118	0	201	27	179	17	54	122	210	247	45	22	159	111	209	12	151	222	
3	139	10	141	16	134	174	246	172	65	74	199	177	226	48	64	124	107	59	205	195	152	23	125	36	46	170	128	29	2	49	152	
222	216	244	247	46	26	94	184	187	208	183	163	235	127	157	111	54	245	253	239	232	65	175	232	234	251	237	144	167	183	65	89	
184	219	91	110	50	139	87	240	133	136	248	228	119	241	161	16	94	240	4	98	201	163	72	63	224	229	37	152	121	186	102	185	
33	141	35	221	116	195	231	182	84	73	90	98	177	112	176	96	88	106	22	77	235	184	101	63	44	46	190	128	28	74	240	169	
162	181	164	68	255	119	148	111	27	251	184	63	10	189	86	35	141	155	247	145	248	107	243	222	59	30	29	255	211	76	150	223	
58	205	3	252	91	193	15	230	151	4	200	139	44	247	33	212	120	251	131	192	74	11	26	255	177	244	139	59	50	60	52	106	
19	79	10	173	30	147	174	98	68	32	218	131	161	136	54	96	234	173	90	199	204	187	69	188	176	101	138	17	93	62	57	140	
221	76	246	229	38	50	94	60	229	194	150	131	251	111	145	103	102	245	125	238	232	197	165	140	226	251	239	144	39	245	97	121	
11	221	18	94	91	149	86	246	255	9	236	0	44	242	39	244	225	123	146	72	71	43	50	255	51	255	18	43	90	20	43	143	
24	141	102	239	148	2	78	253	165	0	254	2	123	107	176	65	122	230	61	234	248	185	73	189	250	235	231	208	39	186	240	8	
152	141	102	255	148	146	238	253	84	0	254	2	121	105	176	97	120	230	31	234	248	187	45	191	246	239	167	128	55	174	240	168	
2	183	178	209	251	253	184	79	187	255	21	187	140	191	78	10	167	27	255	145	54	89	178	210	31	86	95	239	134	68	135	215	
63	108	232	67	254	59	235	216	91	226	61	138	91	109	223	62	63	204	87	255	137	118	237	234	94	77	165	180	231	255	82	228	
15	249	236	215	190	145	255	188	206	208	94	162	249	237	222	98	6	123	255	223	210	216	239	253	110	95	239	192	55	182	209	249	
252	104	226	103	70	26	110	220	113	162	182	10	91	105	221	58	58	236	117	234	200	247	173	170	118	239	229	160	103	243	66	40	
19	145	111	173	50	130	175	56	44	64	94	230	253	102	178	96	118	237	63	239	145	153	37	93	228	47	234	192	61	162	49	121	
2	181	180	217	255	253	184	207	159	121	48	59	140	190	108	40	175	27	255	17	178	104	114	215	31	30	30	255	208	12	133	223	
252	205	70	230	12	2	78	252	177	130	246	2	107	107	57	83	120	228	108	234	104	247	137	172	242	235	229	144	103	187	240	8	
34	180	176	208	251	221	184	207	159	125	52	59	172	158	70	4	143	27	247	17	118	106	242	211	31	86	30	255	150	12	135	223	
2	220	176	217	253	141	188	231	159	89	80	19	172	190	52	64	207	59	183	5	242	106	210	247	47	62	158	234	84	28	161	219	
52	44	224	227	220	43	194	216	83	177	185	10	75	105	93	24	121	204	70	242	154	115	201	226	30	206	133	116	231	251	82	128	
109	123	230	71	100	26	230	180	105	238	254	236	235	104	151	183	30	228	100	110	205	242	237	168	38	123	101	144	111	255	90	221	
105	95	118	71	96	26	102	180	105	232	126	108	251	112	149	247	54	228	108	110	205	176	237	44	38	251	101	128	110	178	74	61	
217	221	95	239	178	10	111	181	37	64	222	230	127	103	144	117	54	247	125	238	249	153	45	253	244	235	103	128	46	178	161	121	
