香奈儿可可小姐唇膏水亮系列	69 - 传情	https://i.chanel.cn/fnbv3/image/full/shades/rouge-coco-shine--69--3g.0173690_S.jpg	https://i.chanel.cn/fnbv3/image/full/chanel__com_type1/skus_full/rouge-coco-shine--69--3g.3145891736908.jpg
38	8	2	154	77	133	162	66	150	8	65	2	160	216	49	73	200	42	19	195	2	42	82	249	1	16	138	40	16	9	48	138	
82	234	27	248	107	193	49	198	174	31	224	178	44	151	32	120	163	187	238	128	2	79	162	113	213	161	58	171	49	16	39	171	
17	143	15	141	150	130	166	103	228	0	90	230	36	130	160	64	104	34	2	205	121	153	4	253	184	36	170	64	60	8	177	44	
16	76	75	239	54	195	107	112	20	0	219	162	117	199	161	96	122	184	31	234	73	149	9	63	224	167	171	128	52	171	52	48	
119	76	102	196	214	50	250	240	125	194	250	131	72	110	183	112	127	245	223	165	164	183	45	206	62	46	139	192	167	247	113	85	
23	4	243	145	183	251	185	67	124	67	75	146	29	158	56	232	51	59	27	145	54	149	37	214	157	14	26	71	181	193	165	230	
145	88	139	145	37	235	224	66	254	202	66	18	52	152	49	105	232	40	50	25	39	253	18	252	21	30	218	3	136	9	120	142	
35	3	230	137	76	19	168	76	86	229	208	199	0	136	182	201	88	40	19	213	148	186	69	144	20	26	218	132	221	12	120	220	
20	4	11	161	20	162	107	80	52	3	223	82	85	3	41	64	127	12	31	184	41	149	1	14	224	167	186	196	180	131	49	160	
39	176	169	155	252	165	201	216	94	123	49	95	144	220	92	40	217	136	23	29	151	118	250	19	77	28	185	252	213	75	82	215	
20	68	138	169	20	162	235	80	20	3	215	18	81	203	57	64	120	41	23	185	40	148	1	14	224	167	170	192	181	139	48	128	
8	161	120	234	213	217	246	239	14	5	124	139	173	143	42	0	122	155	130	144	86	58	32	149	255	197	142	105	180	10	165	234	
1	48	14	253	76	199	225	72	214	144	198	2	208	211	48	64	120	168	59	169	2	243	91	89	85	171	139	12	49	8	113	162	
163	100	229	159	100	186	168	6	92	67	90	86	176	40	157	174	73	106	18	141	167	244	101	227	4	62	250	128	205	92	113	236	
131	219	45	154	122	197	159	255	143	92	80	231	60	222	190	65	238	35	23	197	231	15	54	253	48	26	190	202	28	28	161	221	
222	76	39	188	15	70	94	96	181	194	198	147	127	95	49	79	96	245	121	239	104	197	17	234	211	227	202	17	38	181	49	98	
9	253	185	115	176	172	125	183	125	11	126	88	183	51	144	48	135	30	94	24	179	184	113	103	239	255	54	192	192	208	195	169	
152	221	20	254	61	197	85	183	133	8	220	64	191	19	32	225	200	34	29	72	122	169	83	189	227	249	166	208	18	8	240	43	
6	12	162	155	23	227	186	67	30	71	89	179	172	206	50	72	251	59	147	145	18	156	2	255	13	22	154	203	148	12	181	210	
97	177	145	69	213	95	99	52	107	105	111	72	210	113	20	180	216	30	82	104	145	178	249	57	39	188	1	96	74	10	194	180	
50	73	98	206	76	131	206	96	197	0	248	130	40	204	53	64	104	161	23	227	200	163	2	253	48	40	138	136	117	59	112	136	
55	77	98	206	84	146	206	112	197	64	223	135	105	204	183	96	120	161	23	239	204	163	36	236	50	104	138	128	119	191	112	84	
8	189	58	250	113	205	119	246	191	77	110	0	190	255	34	48	165	123	211	64	82	169	50	127	235	223	22	75	82	1	175	251	
17	219	18	207	21	151	70	246	87	8	220	70	178	210	32	228	220	106	30	202	207	136	122	189	163	188	162	138	26	27	56	13	
35	6	226	136	215	179	186	79	94	69	88	167	40	200	54	0	251	43	131	181	150	186	4	222	42	14	138	195	221	78	249	198	
210	202	206	189	10	130	57	207	182	21	198	247	109	231	162	80	103	175	175	148	86	223	135	245	220	35	254	203	53	132	173	89	
135	62	167	211	244	180	168	67	126	219	88	84	188	252	213	172	141	43	50	157	183	252	166	226	13	30	190	194	204	69	49	253	
161	68	103	137	20	51	168	94	84	66	88	214	241	8	181	233	88	8	18	61	165	180	69	159	4	14	186	128	253	216	120	140	
40	132	137	251	157	229	65	239	22	23	76	16	183	245	40	64	217	26	35	17	58	58	114	23	205	199	158	105	144	72	148	234	
200	48	21	229	32	78	117	19	44	186	34	80	158	23	72	123	165	85	124	40	1	212	145	0	197	251	114	20	10	128	131	51	
34	201	82	232	244	129	238	237	78	1	120	98	188	27	60	128	254	187	19	225	82	186	0	253	60	28	142	104	29	138	177	136	
232	32	189	102	77	77	81	72	99	180	164	24	19	253	64	51	137	212	104	24	40	99	250	0	223	217	69	57	98	170	70	34	
50	234	96	154	93	209	154	232	155	68	153	171	96	204	63	4	220	249	147	231	78	39	78	255	51	20	139	251	21	15	94	222	
144	221	31	255	60	135	71	180	132	8	216	64	247	215	161	97	200	114	31	74	107	169	91	61	225	161	174	144	24	27	48	41	
27	141	42	190	21	215	174	231	212	65	202	3	57	188	54	96	248	43	19	197	94	171	52	191	233	109	154	65	21	12	249	202	
139	217	35	158	126	197	175	254	204	76	80	231	188	223	177	97	102	115	19	207	227	15	54	255	97	40	186	136	20	148	53	249	
161	68	229	77	84	59	160	95	84	67	88	86	176	8	181	173	120	8	18	13	165	180	101	202	4	14	250	128	221	216	121	172	
64	184	157	245	8	76	97	23	186	161	34	24	183	55	64	114	128	22	120	24	17	104	243	2	205	191	20	16	64	32	135	58	
3	174	226	193	214	179	170	71	95	67	124	230	40	136	246	164	127	11	147	157	151	188	36	243	46	12	154	226	207	206	251	157	
120	97	57	96	84	77	71	61	98	164	172	8	19	23	64	48	152	220	72	106	88	58	240	12	251	141	5	120	96	138	198	34	
33	249	49	71	85	95	226	176	109	96	106	68	242	16	28	180	216	76	18	110	201	184	113	47	47	188	4	0	75	138	82	188	
0	20	174	255	94	71	163	104	22	128	198	2	245	247	48	65	121	252	59	169	32	243	91	127	125	39	207	0	17	40	53	162	
252	32	184	96	141	95	81	88	115	182	165	8	91	17	65	58	153	212	200	58	8	103	251	26	219	219	69	61	98	170	86	34	
252	112	252	103	41	110	87	152	51	186	167	24	95	119	73	123	167	213	253	114	40	103	251	34	211	235	101	53	226	241	70	51	
147	131	3	132	210	130	109	103	45	1	219	214	52	2	182	197	110	143	22	173	253	155	5	205	176	56	154	192	45	0	169	204	
168	132	24	187	157	229	65	47	22	21	77	16	183	241	40	64	217	10	19	25	58	40	123	55	201	199	154	121	144	72	212	170	
40	149	41	171	148	197	201	255	6	73	220	3	177	221	56	96	216	10	19	157	91	170	112	29	233	141	186	72	16	10	240	250	
64	48	153	231	32	76	113	16	170	232	162	104	215	183	72	114	150	85	124	56	9	208	241	0	205	160	103	48	8	34	7	51	
201	219	78	69	86	22	236	55	100	64	86	70	185	3	178	228	98	44	58	204	197	156	21	205	102	105	190	128	47	144	249	140	
155	77	106	220	86	146	237	119	84	64	94	130	57	175	178	96	110	170	23	205	225	152	36	239	98	111	186	128	55	156	112	248	
105	36	121	112	69	93	123	80	113	66	100	8	27	31	16	56	153	156	114	8	9	54	242	2	87	237	0	0	99	138	70	226	
241	76	83	71	116	86	107	182	113	194	242	66	51	34	149	244	104	244	20	202	233	190	117	238	52	174	162	0	111	185	112	44	
33	159	66	173	118	131	238	119	20	64	218	231	113	170	178	196	126	170	6	172	221	187	5	223	48	44	162	128	61	138	248	157	
144	95	31	238	18	134	47	244	164	8	210	226	117	71	161	65	118	245	29	234	105	129	9	45	241	160	174	128	52	179	33	57	
82	217	253	222	159	208	151	174	198	64	204	162	48	253	36	98	106	115	187	193	67	41	182	249	115	46	222	27	63	88	181	190	
160	196	121	91	100	169	109	183	121	27	125	88	179	131	172	56	27	136	6	10	225	188	96	115	70	190	112	40	82	200	194	161	
50	99	98	128	76	18	186	64	133	132	210	135	8	140	118	66	108	133	159	245	204	163	164	192	26	0	138	205	37	14	124	204	
144	217	15	174	20	134	79	244	180	8	210	71	245	215	49	65	124	225	29	239	233	137	25	61	241	161	170	128	56	179	48	56	
181	96	233	65	244	15	227	16	118	227	247	82	83	65	221	44	121	140	22	126	139	180	125	18	76	12	33	68	229	187	80	224	
145	221	31	191	60	135	71	180	132	8	218	68	247	83	32	65	192	114	29	110	105	137	91	61	225	160	174	144	24	58	176	41	
165	121	33	71	85	95	199	184	68	224	234	72	211	16	21	180	216	236	82	110	201	176	121	62	39	156	133	52	75	186	82	164	
126	78	37	174	29	67	139	96	132	68	145	171	239	77	49	1	200	241	221	103	104	39	72	189	241	99	233	153	53	63	20	114	
25	207	107	175	54	131	203	248	70	12	219	231	247	201	178	0	126	232	23	239	202	169	12	63	232	197	171	192	117	139	48	201	
64	56	153	101	32	109	81	151	106	240	166	8	183	23	65	50	129	20	120	8	9	104	241	8	201	137	53	52	72	112	7	58	
32	88	34	222	77	197	146	194	206	24	240	8	160	216	53	1	200	106	19	67	66	43	90	177	5	24	218	58	81	25	114	138	
38	45	6	142	204	32	174	104	132	130	249	2	104	232	49	67	120	238	51	227	80	243	138	232	48	32	207	136	85	123	112	128	
60	121	114	234	93	205	82	200	143	224	173	9	95	221	107	16	216	185	199	114	10	35	90	156	251	221	1	127	115	31	70	210	
200	214	26	250	96	141	125	247	57	10	117	56	159	211	104	25	151	25	23	2	112	30	10	119	215	223	112	236	80	128	131	35	
42	142	33	155	125	241	176	39	95	75	88	112	168	248	180	228	201	42	146	1	54	172	98	255	13	118	154	203	146	12	252	239	
134	8	130	154	69	134	168	64	180	136	83	2	40	202	49	72	248	41	19	211	0	150	18	202	1	52	138	8	17	43	48	128	
11	140	2	158	85	246	168	103	189	75	74	19	44	254	54	196	249	171	147	133	55	157	18	255	23	119	154	195	154	4	185	222	
131	234	7	185	108	157	172	247	222	91	80	215	173	200	242	225	239	43	54	141	215	124	22	241	140	88	254	200	28	12	185	157	
130	4	130	153	196	163	168	79	20	3	82	18	8	138	104	73	121	40	34	144	48	246	1	194	20	6	218	196	149	72	241	128	
33	33	113	69	116	74	235	16	117	96	126	66	83	21	148	52	122	204	54	232	129	176	101	76	36	44	160	0	103	138	114	160	
189	0	98	76	85	63	66	89	85	194	247	78	67	136	191	188	120	168	6	42	141	183	53	138	18	220	0	20	127	175	122	132	
88	57	63	114	234	201	113	81	171	157	164	41	191	151	64	26	166	187	237	82	82	75	162	97	223	209	52	105	96	129	167	235	
50	73	98	238	12	129	206	248	197	0	209	2	107	200	53	96	88	233	23	227	200	35	14	189	178	232	138	152	119	191	112	140	
39	171	96	138	93	153	138	232	206	244	89	143	96	200	127	128	216	104	147	103	198	35	206	189	60	28	137	255	93	47	90	198	
72	48	61	224	40	77	81	23	160	120	32	8	215	23	8	50	128	17	93	8	9	37	240	0	193	137	96	48	64	136	70	51	
64	60	59	246	0	236	17	7	168	5	109	25	182	151	32	80	128	51	89	0	16	9	178	89	193	177	26	3	0	64	7	122	
63	69	98	78	20	18	238	112	197	192	255	135	73	204	191	100	124	224	23	239	205	179	36	204	50	108	138	128	119	191	112	116	
198	209	190	240	139	68	17	7	170	177	134	17	156	183	72	75	167	87	249	144	80	77	179	64	219	179	94	127	128	16	165	83	
41	157	57	95	116	207	239	182	93	108	126	0	179	61	180	100	204	126	23	74	225	184	113	191	103	255	36	16	82	218	84	249	
6	4	134	153	20	163	170	66	22	1	91	2	72	234	56	72	121	43	51	145	18	152	1	223	12	6	154	196	148	75	49	128	
22	24	98	154	91	240	184	66	159	69	209	179	44	222	39	72	235	185	147	145	54	15	2	255	19	38	154	203	149	5	61	214	
161	173	251	121	244	239	99	247	118	13	116	16	51	183	144	120	27	58	6	24	179	248	112	119	111	175	52	64	240	192	198	169	
33	73	99	77	116	146	235	246	76	192	126	198	177	12	181	228	110	106	22	204	193	184	36	236	36	44	162	128	111	155	112	252	
42	165	32	91	221	245	208	239	94	17	108	26	160	248	124	32	217	10	19	17	30	58	114	183	47	95	150	107	211	76	246	174	
135	105	241	215	109	212	170	200	203	240	80	66	168	220	245	164	202	121	162	219	195	114	190	241	13	24	143	42	87	63	83	164	
134	32	130	155	196	163	168	64	22	1	83	18	8	202	120	73	120	41	51	211	18	246	2	192	20	0	218	196	149	73	113	128	
209	80	157	116	8	78	69	48	224	250	162	92	215	19	1	123	0	116	124	106	105	197	243	0	193	170	101	16	104	177	66	49	
37	253	49	69	221	95	199	188	67	224	168	72	210	17	21	180	152	204	82	122	73	178	121	60	47	156	5	52	74	187	82	160	
130	162	226	145	71	179	184	71	30	103	80	183	8	136	118	8	255	11	147	149	150	158	4	210	28	28	154	231	133	12	189	206	
3	150	17	155	87	253	176	111	94	113	73	247	172	188	46	224	183	11	162	5	183	56	23	215	12	22	26	103	156	12	153	223	
70	154	212	185	235	233	56	163	191	53	17	241	140	175	68	91	167	31	239	145	18	88	203	241	156	18	90	247	148	4	133	19	
90	189	186	186	147	212	52	231	191	93	108	17	188	191	98	208	165	123	155	16	22	11	178	247	251	247	30	107	130	68	175	219	
16	249	19	251	21	207	66	228	23	64	220	2	182	213	33	164	216	122	139	74	75	169	90	191	169	148	1	123	82	27	20	186	
91	205	110	221	22	214	237	119	100	68	78	130	57	55	182	97	98	166	59	205	192	152	53	237	119	41	158	0	37	176	245	104	
65	7	21	101	48	14	107	48	100	136	122	68	215	35	144	112	22	68	76	108	201	176	5	14	228	174	37	0	40	130	65	33	
53	104	99	78	76	23	199	248	195	226	177	74	83	192	253	183	88	232	82	238	201	35	254	56	49	136	197	60	123	187	114	164	
41	164	232	96	85	223	67	216	83	228	108	10	19	157	82	48	89	136	19	8	8	50	248	154	127	205	133	61	115	138	86	226	
124	85	114	104	19	206	82	112	65	136	253	10	95	223	40	16	250	184	149	98	72	163	16	142	243	253	0	27	115	186	102	3	
24	221	22	190	27	197	190	224	172	12	200	2	172	222	33	65	230	115	219	67	66	9	26	253	177	209	10	11	16	23	37	139	
122	173	104	58	223	217	212	239	151	85	172	155	42	236	94	16	201	139	227	145	94	107	254	183	123	71	156	123	119	12	222	206	
200	176	188	112	201	253	113	83	235	187	164	24	158	151	64	59	129	19	249	24	18	111	178	16	223	217	85	127	194	0	199	179	
2	36	134	153	84	163	170	66	22	3	91	18	72	202	48	8	121	42	19	145	2	184	1	222	12	6	154	196	149	77	48	128	
151	64	6	222	5	150	72	112	245	128	227	6	66	210	55	255	240	164	58	238	204	197	51	200	147	186	194	16	26	51	120	6	
189	81	107	71	84	95	239	120	68	224	127	10	83	93	159	32	124	204	23	110	201	176	61	14	119	205	165	128	111	187	84	240	
207	179	26	186	169	132	56	201	175	25	145	48	156	222	104	89	135	19	221	81	50	13	154	246	201	209	58	254	16	0	161	19	
10	136	130	153	117	241	184	7	159	73	212	17	168	222	54	204	201	43	179	149	54	142	66	247	6	119	154	203	154	12	57	206	
92	28	126	238	94	230	91	120	132	132	221	34	117	223	33	64	126	241	159	227	40	135	26	207	243	167	171	153	53	171	36	115	
58	167	106	168	245	226	219	103	19	141	89	187	15	109	126	16	217	171	133	53	126	186	192	142	251	85	140	239	247	206	254	198	
40	133	40	187	149	229	209	111	86	5	204	19	183	249	58	64	217	58	147	17	58	170	82	183	235	215	154	89	146	12	244	202	
72	60	159	117	25	204	81	23	226	169	46	24	190	183	64	50	129	54	104	24	9	200	240	2	233	255	84	16	194	0	135	42	
178	201	86	188	21	192	228	103	197	4	250	3	34	171	36	65	232	163	6	192	122	187	2	253	177	226	154	3	113	8	244	14	
244	92	31	254	12	70	71	56	148	138	195	16	247	87	33	67	216	244	125	98	105	231	59	46	241	163	227	16	48	59	52	51	
11	204	134	189	20	151	232	183	86	65	82	215	241	40	182	224	125	175	62	157	255	220	87	255	172	110	190	192	61	140	248	28	
36	176	157	219	221	237	97	155	86	123	5	24	214	241	72	42	217	26	122	24	51	108	123	17	77	147	113	124	152	73	149	178	
119	76	102	196	214	162	234	224	189	194	250	131	72	238	181	112	127	229	127	183	164	183	13	206	58	46	143	192	231	247	114	85	
38	45	6	142	220	162	174	224	132	130	219	2	104	234	49	67	120	238	51	227	80	251	138	238	56	32	207	136	5	123	112	128	
138	151	116	158	186	145	156	63	142	25	92	231	173	239	188	193	198	51	191	133	246	8	6	221	110	115	186	203	30	140	173	25	
3	162	226	129	215	179	186	71	94	71	80	183	8	136	118	8	127	43	147	149	150	190	4	211	28	12	154	231	133	76	185	206	
24	5	6	169	20	34	74	114	36	1	223	2	91	43	48	64	120	134	29	185	24	153	1	156	250	229	170	196	182	139	48	0	
7	12	165	147	244	176	168	18	94	211	82	214	177	40	213	233	75	43	51	157	183	248	71	230	12	30	254	192	140	77	57	204	
7	188	183	83	245	244	185	82	94	219	81	114	188	252	244	44	173	59	51	153	183	252	51	246	13	30	190	194	140	5	113	245	
185	4	77	205	20	59	232	126	84	98	90	214	115	40	177	237	121	42	18	45	173	188	101	158	4	15	176	128	253	200	88	172	
35	135	66	141	244	162	234	119	20	13	218	199	225	226	182	196	94	170	6	173	223	186	69	223	36	60	170	192	61	142	248	141	
1	149	3	137	244	135	234	119	84	73	90	70	176	32	48	228	220	42	18	173	219	184	17	223	45	60	162	64	24	138	248	189	
45	133	25	235	180	175	67	57	6	49	93	48	215	81	152	96	91	26	31	56	27	184	105	21	237	205	163	116	180	138	213	160	
9	181	185	115	176	172	125	151	126	27	127	80	159	51	136	120	135	26	94	24	179	184	241	103	239	255	52	192	192	192	195	169	
2	28	162	155	23	227	186	67	30	71	81	179	172	206	50	64	251	59	147	145	50	156	0	255	41	22	154	203	148	14	181	210	
41	113	97	73	77	93	225	80	105	96	101	8	90	25	28	180	88	136	114	78	201	50	122	192	23	24	192	40	75	142	82	228	
40	165	57	233	213	233	179	103	6	5	125	3	181	159	106	0	121	154	131	144	18	186	104	151	111	133	130	109	241	10	245	234	
161	4	229	95	116	171	225	86	84	67	122	82	177	40	156	173	121	42	2	12	163	188	101	43	4	142	48	0	253	216	80	172	
82	106	222	249	106	225	57	70	174	23	242	179	173	135	224	88	103	187	239	128	2	207	166	241	212	161	58	139	177	208	39	235	
88	48	155	229	34	72	81	23	46	168	42	40	223	23	64	122	55	85	109	16	1	89	179	0	217	230	117	144	32	160	7	123	
72	48	151	229	163	110	117	19	47	171	99	96	222	23	128	254	167	23	124	8	3	209	145	66	213	254	48	2	170	66	131	51	
8	189	58	250	209	221	119	246	189	77	108	1	62	255	34	208	165	123	211	64	66	137	50	127	251	255	22	75	66	0	175	219	
1	203	16	137	52	145	78	239	95	13	88	2	167	130	178	196	216	42	6	76	78	56	96	191	166	156	54	104	18	154	136	140	
18	250	206	189	26	162	56	223	54	23	198	247	41	231	162	88	103	239	175	148	170	222	199	253	220	99	254	201	61	148	173	217	
25	23	102	172	62	131	75	120	197	76	223	231	123	73	187	197	126	160	93	239	236	161	69	157	240	233	161	144	127	174	48	81	
216	205	110	221	21	214	237	119	228	0	206	2	57	59	48	97	104	182	59	200	200	185	52	205	115	235	150	1	39	144	252	42	
54	79	73	254	66	195	31	232	21	134	240	163	105	103	161	89	126	249	135	194	104	3	46	252	240	135	239	187	181	247	37	169	
26	135	124	251	178	144	188	183	44	29	95	243	45	43	168	193	102	19	159	128	242	152	5	245	126	101	186	193	63	128	169	9	
236	160	185	64	205	95	65	152	115	182	164	8	82	125	84	53	153	220	114	122	42	118	251	25	95	155	69	61	82	41	86	226	
240	88	23	252	45	196	84	182	133	26	130	84	226	147	33	87	200	240	125	66	105	79	83	189	179	242	210	27	26	24	112	11	
104	49	181	76	77	77	67	10	99	176	228	8	18	21	64	54	136	212	98	74	11	114	251	49	87	152	5	60	66	137	86	98	
34	167	64	233	213	163	226	107	79	1	121	2	1	137	124	128	120	139	3	144	30	186	72	223	44	148	134	101	245	10	248	130	
252	112	190	118	169	110	85	216	179	190	182	25	95	255	73	123	183	213	253	114	40	71	251	32	211	235	101	191	226	241	70	51	
41	167	96	13	244	159	202	124	83	232	120	76	147	8	150	164	92	206	70	109	159	186	109	191	44	28	165	244	95	142	218	197	
28	6	79	239	54	226	107	112	4	136	223	226	113	71	161	96	126	180	31	234	9	145	37	14	240	165	162	128	52	171	52	48	
62	76	100	190	93	195	154	232	134	68	153	171	105	204	55	132	220	177	147	227	78	7	74	191	177	85	139	187	21	15	28	214	
179	34	98	129	100	16	234	64	141	4	147	135	8	136	118	2	104	128	159	231	204	55	133	192	148	24	138	133	5	14	121	212	
158	88	39	254	47	196	27	240	133	74	84	98	61	215	177	101	102	121	23	207	193	135	58	253	243	232	234	138	54	255	53	249	
210	157	123	222	159	212	151	239	206	1	204	2	60	252	36	102	102	115	187	193	83	43	182	253	121	32	158	27	29	24	165	62	
72	57	187	117	1	205	81	23	166	165	38	8	191	151	64	50	128	54	104	24	9	105	176	8	201	249	20	48	2	0	7	42	
169	49	113	65	245	95	99	24	115	232	108	72	18	17	196	180	24	220	82	120	219	178	248	31	47	220	5	52	74	138	66	176	
0	16	30	249	76	135	161	88	86	32	198	2	208	211	32	96	120	172	58	136	2	243	91	17	85	171	139	12	57	8	113	162	
165	176	157	219	204	237	161	152	94	59	5	24	212	209	72	40	217	26	122	24	51	100	123	17	77	147	211	124	152	73	85	162	
212	92	31	254	44	70	71	184	212	74	210	64	247	87	33	99	208	116	124	106	105	135	123	63	241	163	227	24	48	59	52	51	
178	133	103	156	146	194	13	99	165	192	203	163	97	230	178	245	120	187	158	165	93	139	38	141	176	48	138	203	53	6	182	116	
68	28	127	206	126	228	123	112	160	136	127	2	116	247	161	114	118	116	63	234	33	131	58	78	115	175	35	136	32	163	117	33	
130	4	130	153	212	163	168	79	22	3	90	18	8	138	40	72	121	42	34	144	50	254	1	194	12	6	158	196	149	72	177	128	
88	248	190	114	35	201	113	85	175	29	37	40	191	215	66	25	166	185	237	80	66	77	162	113	219	209	112	105	226	144	7	235	
88	52	59	225	34	72	81	95	40	15	122	40	159	151	0	80	167	23	125	0	1	25	179	0	213	165	48	1	32	0	135	123	
35	3	38	137	76	23	168	72	68	117	210	135	128	136	54	72	72	40	51	85	132	187	71	144	4	24	154	196	93	14	120	196	
181	105	227	67	132	207	227	80	84	224	247	74	211	17	213	44	120	172	22	122	201	244	125	8	69	136	37	4	231	251	80	228	
211	75	87	156	2	130	47	119	172	2	82	230	61	130	177	97	102	229	62	238	225	157	4	237	176	34	238	128	45	176	33	41	
139	232	39	153	236	157	172	247	94	83	82	214	188	136	244	237	239	43	62	29	215	252	119	241	12	90	190	192	28	12	249	189	
39	97	233	195	204	13	206	200	74	240	177	207	209	76	93	42	220	201	83	255	203	118	222	80	29	8	141	60	221	187	82	144	
34	193	0	158	108	133	136	238	142	25	216	10	164	200	56	64	200	10	87	65	74	42	66	181	36	16	154	184	80	24	16	136	
43	33	97	88	77	221	193	72	83	240	228	8	58	216	84	189	216	200	114	92	139	114	254	145	15	88	197	62	91	142	82	244	
161	204	249	95	100	169	233	151	122	27	125	80	177	227	188	45	31	10	2	8	163	180	102	115	70	190	114	164	215	216	195	161	
189	78	106	78	77	155	195	112	197	198	245	15	99	200	183	165	88	232	134	110	236	167	110	188	82	105	65	9	119	191	122	196	
134	8	130	153	68	163	170	192	22	0	81	18	0	202	105	73	120	40	34	210	18	246	10	224	16	2	154	192	149	41	48	128	
2	135	98	137	86	178	168	99	20	5	89	247	8	174	190	196	127	11	131	165	150	155	4	215	24	36	154	199	21	12	189	212	
228	132	91	250	224	137	121	183	57	26	117	88	151	195	232	89	183	137	6	26	115	94	2	119	206	155	114	236	48	128	195	161	
188	121	122	234	93	207	87	240	197	140	189	8	123	221	105	48	216	248	215	122	72	35	120	188	243	221	5	57	115	59	70	234	
85	4	237	165	162	106	125	25	32	246	143	145	213	39	27	91	55	213	125	175	56	212	225	0	197	227	251	132	164	243	37	112	
215	14	255	231	34	34	107	80	52	194	119	230	93	103	177	123	118	245	60	238	161	149	45	202	210	235	235	128	45	243	33	49	
9	77	107	79	116	144	239	246	76	64	124	66	185	8	181	228	110	106	22	204	195	184	36	237	38	45	162	128	95	154	113	236	
166	160	173	187	204	109	193	200	218	115	129	27	144	220	92	42	201	8	115	19	19	102	250	48	77	24	219	124	208	73	86	226	
33	0	194	81	69	159	160	64	92	81	114	70	8	136	246	237	232	8	2	221	135	250	85	192	6	24	210	64	93	140	120	132	
35	37	99	73	87	91	226	88	111	96	122	66	72	16	148	164	120	140	18	108	129	178	101	222	52	60	131	162	95	142	114	164	
0	20	142	253	92	135	163	120	22	160	198	2	241	243	32	97	120	252	59	168	32	243	91	95	117	175	203	0	57	40	49	162	
9	157	59	94	117	205	247	246	253	76	126	0	254	253	52	100	164	122	22	74	227	184	56	255	103	255	34	10	82	202	69	251	
129	168	243	89	244	207	233	215	127	89	118	80	176	181	180	44	91	58	18	24	179	252	119	247	13	30	22	64	215	136	196	237	
126	181	41	122	219	229	145	239	147	117	141	29	78	253	110	24	153	155	243	17	26	75	250	151	91	87	29	127	211	14	150	242	
58	201	98	238	28	144	206	248	197	64	244	2	107	201	61	96	88	224	23	234	200	163	46	189	50	233	130	136	55	191	112	140	
56	201	106	238	212	18	78	253	69	0	254	2	123	233	180	96	120	236	23	234	200	179	45	173	242	233	167	128	119	186	240	136	
66	146	156	153	122	137	184	11	158	61	81	245	172	134	104	72	135	27	171	21	18	88	202	213	140	50	122	239	144	4	133	145	
6	132	134	137	20	163	170	66	22	1	91	2	72	234	32	64	121	43	59	144	2	153	1	221	28	6	138	196	148	75	49	128	
198	170	188	179	139	224	57	130	190	55	2	177	236	255	74	74	167	127	233	145	2	84	139	243	205	215	95	239	128	64	5	75	
1	249	16	203	21	157	146	254	15	9	92	78	182	211	32	164	216	58	18	64	75	56	90	191	175	148	4	122	90	27	9	186	
200	176	190	112	233	253	113	83	235	187	36	24	158	151	64	63	129	59	253	16	18	111	178	16	223	217	85	127	194	0	199	179	
38	234	32	154	93	145	154	232	142	228	153	139	40	204	119	132	201	105	211	87	198	47	78	255	61	20	143	251	85	15	95	206	
45	149	25	203	244	183	162	249	86	105	125	102	80	97	188	196	89	10	130	186	147	178	89	151	108	13	171	100	223	139	248	177	
253	72	7	110	13	214	66	104	213	128	231	2	115	209	61	241	120	228	106	234	104	167	57	159	211	235	193	17	115	43	112	42	
0	142	27	189	16	226	33	39	60	5	74	16	180	35	32	80	193	59	10	128	50	156	1	95	197	166	154	66	128	0	165	42	
6	45	70	134	212	162	174	226	172	130	218	2	76	234	49	2	126	239	51	227	48	243	138	238	60	38	207	136	133	123	49	128	
36	45	2	158	204	163	174	226	148	130	90	2	96	234	33	65	120	238	51	226	80	251	138	237	56	32	207	8	5	123	48	128	
92	17	122	108	66	102	125	113	224	140	125	2	89	247	41	123	118	124	55	234	80	227	178	72	83	169	99	8	99	163	103	163	
62	12	6	174	29	227	154	72	133	132	217	171	111	206	51	129	200	177	159	227	12	3	74	157	177	209	139	155	53	47	60	82	
92	6	204	181	141	106	124	7	49	183	131	147	207	43	11	219	99	198	237	177	60	197	195	128	206	227	214	21	166	240	180	66	
165	176	157	219	108	109	129	152	206	123	5	92	212	210	72	42	201	8	122	26	19	100	251	16	205	152	115	124	152	9	81	160	
88	43	158	246	35	200	16	103	173	141	174	169	46	183	98	82	162	183	237	0	72	201	130	109	251	225	118	11	34	0	175	11	
250	75	111	252	74	192	157	101	132	132	214	163	97	207	165	99	126	181	187	160	72	143	166	141	114	225	175	153	55	186	164	187	
2	132	130	153	213	166	170	207	22	3	74	18	8	234	48	72	121	42	2	145	50	158	17	194	13	6	158	68	149	72	177	136	
161	49	80	65	244	31	226	124	123	232	124	76	146	16	148	180	156	76	70	108	167	184	245	30	46	220	37	36	75	136	74	173	
99	169	241	72	221	93	198	174	203	240	172	8	18	24	85	182	137	198	114	88	207	43	246	144	63	92	5	127	219	110	90	110	
88	59	249	229	50	200	59	22	43	172	126	237	191	183	192	80	38	255	109	64	0	24	225	106	252	165	44	128	32	128	7	123	
188	133	124	235	188	27	83	57	71	53	133	24	219	83	136	101	82	18	92	106	122	40	105	157	234	219	33	85	50	138	220	32	
54	64	98	172	87	194	218	96	129	196	209	171	75	207	53	65	122	185	151	227	72	131	4	140	178	225	138	155	55	175	52	210	
150	24	227	222	15	230	75	80	149	202	213	226	113	247	177	109	92	248	23	235	169	135	50	232	145	104	202	138	55	255	52	113	
42	163	112	139	239	89	176	205	15	125	21	187	140	24	94	143	203	19	215	17	86	32	207	209	78	81	155	255	22	14	157	199	
248	3	79	236	54	22	74	49	37	12	215	230	91	39	179	209	118	132	189	238	248	147	37	140	242	235	224	192	39	174	124	97	
118	68	102	196	214	162	234	96	189	192	250	131	72	238	53	64	127	245	95	181	160	183	13	206	62	46	143	128	165	119	115	209	
38	77	102	142	92	162	174	224	196	128	250	2	104	232	53	64	120	237	51	227	160	179	8	255	52	46	143	136	85	123	112	128	
182	78	203	252	10	193	31	236	148	134	240	227	97	231	161	81	126	249	135	226	104	7	38	254	240	135	239	153	53	241	36	249	
124	112	254	117	169	126	81	152	163	190	182	40	223	255	65	58	167	213	253	18	8	103	251	0	211	251	101	181	226	241	70	51	
249	19	102	172	62	23	74	120	69	72	150	239	91	73	178	229	126	164	92	237	237	163	69	156	178	234	161	144	127	174	120	21	
219	88	7	156	42	132	142	246	156	74	208	231	60	246	177	225	230	115	191	205	225	15	18	253	48	35	250	136	28	52	41	121	
9	245	57	115	180	204	117	183	255	25	126	0	254	247	8	48	149	26	94	24	211	184	56	119	239	255	54	64	192	210	195	41	
191	74	98	30	69	187	210	96	213	198	241	143	107	200	55	129	216	168	135	103	236	167	110	191	83	109	1	59	119	63	126	198	
2	14	162	154	23	227	186	71	30	71	90	179	44	204	50	64	251	59	147	149	22	188	4	255	41	6	154	195	149	14	181	222	
166	56	185	219	87	228	177	90	18	219	117	22	48	253	109	40	93	59	147	144	163	252	250	242	79	15	146	226	209	9	116	251	
35	135	2	137	116	179	235	51	92	77	91	199	225	96	182	68	93	42	6	189	158	184	69	223	44	60	170	192	156	142	248	204	
178	77	98	222	20	128	206	228	213	2	216	2	104	104	53	64	120	227	23	227	232	163	4	239	178	46	138	136	53	187	112	8	
7	184	183	155	117	181	185	90	94	89	81	118	156	220	244	172	197	57	51	145	183	252	59	245	13	30	187	194	156	5	49	245	
34	193	64	158	124	1	200	236	143	1	248	10	168	72	56	64	216	195	31	193	74	42	66	253	52	52	154	184	21	26	112	136	
80	19	211	229	178	74	57	23	47	13	90	224	61	55	128	84	54	159	237	144	17	152	161	76	253	164	54	194	166	128	165	123	
11	138	135	147	180	176	168	50	126	89	83	212	188	232	240	232	199	43	59	157	183	216	7	247	12	31	250	192	140	141	57	133	
240	195	20	255	44	13	84	61	221	27	163	120	230	83	136	87	198	18	109	34	122	109	75	157	162	250	80	94	18	136	192	11	
216	133	70	165	148	42	74	48	37	16	210	2	79	43	48	67	96	135	61	224	56	153	65	141	186	227	234	208	54	136	112	0	
216	129	68	253	166	26	108	49	53	48	214	18	223	35	144	83	102	135	61	234	120	152	97	221	254	235	234	192	54	128	160	0	
40	167	64	139	213	217	166	239	6	37	92	147	161	200	42	132	88	10	130	144	118	58	124	149	47	212	142	111	55	14	221	222	
35	14	34	138	22	179	186	71	70	69	90	167	104	200	182	0	127	43	147	149	150	184	12	255	40	4	138	195	213	78	249	206	
105	61	113	64	93	223	68	23	107	224	172	8	26	24	84	180	136	174	218	8	143	42	240	159	47	221	5	62	90	14	218	44	
229	97	145	162	172	13	70	200	203	250	177	92	215	72	93	191	217	192	108	127	109	103	202	176	152	216	69	62	216	123	82	133	
33	167	104	9	244	27	234	41	94	164	124	237	195	8	150	0	24	142	70	125	158	184	77	31	46	13	165	245	85	142	218	196	
231	112	133	242	205	109	198	200	203	250	177	88	210	89	93	47	201	196	125	123	235	103	218	178	157	154	205	62	216	121	82	130	
88	41	62	114	51	200	113	71	171	141	46	41	46	151	98	82	162	183	237	0	2	137	162	65	243	245	20	11	34	2	167	107	
18	202	206	189	26	162	104	87	182	23	214	247	169	163	178	88	111	175	175	148	174	220	199	245	212	99	250	128	189	212	169	216	
220	20	191	229	15	106	85	8	36	134	135	19	87	55	9	91	120	212	237	162	40	229	211	8	211	227	227	21	160	123	52	98	
92	251	62	250	43	205	85	81	171	29	165	41	47	215	106	27	166	187	237	82	66	67	154	113	211	209	112	43	34	18	175	243	
0	74	26	188	108	128	174	230	204	6	208	71	173	194	163	64	106	99	10	206	64	143	6	239	48	164	250	137	20	184	41	137	
172	96	126	65	244	207	225	81	116	174	119	16	83	17	249	40	57	60	6	56	168	180	49	14	79	143	37	68	231	186	84	160	
92	33	188	167	160	42	125	157	168	183	135	49	223	39	90	91	167	87	125	157	24	64	203	64	206	227	254	213	132	243	133	99	
145	72	78	95	36	180	106	146	253	66	118	196	57	218	181	249	102	232	52	206	165	188	22	233	2	249	226	128	111	245	104	13	
70	173	170	179	198	36	188	135	58	179	74	19	149	171	88	74	163	223	59	145	18	88	153	226	93	39	222	69	133	81	185	138	
185	12	68	221	149	59	232	55	84	99	94	214	123	40	178	237	121	142	182	141	189	188	69	174	78	111	242	193	191	204	216	12	
0	16	30	201	76	7	161	90	86	36	198	2	208	211	32	96	120	156	122	168	32	179	115	80	213	168	139	0	57	8	113	162	
24	157	58	250	219	213	55	246	191	77	108	0	62	255	34	80	167	123	147	66	66	11	58	255	251	255	22	75	82	2	47	251	
32	193	64	139	124	9	204	173	15	49	185	26	194	72	92	0	217	130	87	33	90	34	73	149	44	28	151	124	85	10	208	128	
50	205	96	204	92	3	198	232	197	0	248	2	98	72	61	0	88	224	23	227	232	35	12	191	50	44	128	156	117	187	112	136	
161	16	102	9	69	157	160	64	76	88	115	70	136	152	246	232	232	9	18	213	135	180	87	192	4	24	210	66	93	12	121	132	
242	131	111	140	130	210	141	103	164	68	199	178	97	164	182	117	122	182	159	161	121	139	38	77	176	32	234	139	37	36	182	124	
3	135	34	137	212	178	168	103	28	69	90	215	40	42	182	196	127	11	19	141	150	152	5	215	44	36	154	196	29	12	185	212	
234	251	181	216	109	221	148	206	203	31	48	88	174	156	102	175	137	27	226	81	198	107	242	241	31	80	92	59	82	92	223	143	
54	106	38	158	93	217	146	192	142	164	153	139	170	204	55	132	136	169	211	71	78	39	74	191	177	84	137	187	85	47	95	206	
129	136	247	89	180	223	225	151	126	91	114	80	184	16	180	173	91	42	50	24	179	252	119	247	13	30	22	64	223	136	193	172	
43	53	66	8	93	19	162	104	79	64	248	206	72	200	182	164	248	205	146	229	133	179	92	222	54	60	131	187	95	14	123	148	
203	17	237	225	162	54	109	151	41	115	86	246	157	47	208	107	39	23	61	188	145	216	181	192	206	235	254	196	174	196	161	120	
9	205	123	79	116	144	239	244	76	64	124	66	185	72	181	228	126	106	22	200	195	184	36	255	102	105	162	128	119	154	113	237	
134	8	138	153	68	163	170	64	150	130	83	2	17	202	113	72	120	40	2	211	2	246	8	98	20	5	171	128	149	41	48	128	
103	173	232	0	221	29	194	202	75	241	188	13	2	248	94	48	217	194	82	125	159	43	254	145	63	28	133	127	217	46	218	214	
169	4	101	91	181	187	225	22	84	3	122	82	251	33	156	173	59	42	134	24	179	188	101	175	4	238	50	0	255	204	80	172	
165	109	105	228	204	15	238	234	72	162	24	78	81	169	85	2	121	237	19	239	233	54	216	42	53	12	141	60	109	123	82	128	
2	178	30	187	104	141	184	81	190	29	81	245	140	198	168	72	166	25	187	21	18	73	10	213	132	48	58	238	28	0	129	145	
208	89	30	190	40	212	20	101	164	76	198	1	246	182	34	243	196	243	236	100	108	139	51	109	241	179	222	19	0	24	172	123	
216	201	110	220	87	212	236	103	228	0	78	2	57	187	48	225	96	179	51	136	96	153	54	237	115	105	222	1	39	16	229	42	
0	16	30	221	92	143	161	88	54	160	198	6	208	243	32	64	120	252	106	168	32	243	91	93	85	163	195	0	57	40	113	162	
141	196	219	123	224	169	109	147	122	19	117	80	157	227	232	56	51	8	6	8	51	220	10	115	68	158	114	236	212	192	195	161	
200	184	182	112	137	253	81	87	235	59	164	24	158	159	68	63	161	59	253	16	18	111	178	208	219	217	80	123	194	0	199	187	
208	89	62	190	64	212	52	229	160	78	198	3	119	214	35	81	224	179	172	194	108	143	178	47	243	227	254	9	0	16	172	90	
49	109	139	228	212	15	238	247	80	162	122	78	49	41	21	0	56	238	19	239	193	186	144	46	125	14	239	32	77	122	82	136	
97	167	128	190	220	45	204	175	88	163	168	93	242	40	28	19	221	202	2	37	249	106	218	47	44	30	212	56	217	120	210	152	
192	126	90	182	114	136	123	48	185	196	70	189	189	199	130	80	54	253	13	78	224	156	144	111	228	177	42	136	44	131	7	121	
53	109	139	228	212	15	230	230	80	162	104	74	51	185	113	0	56	238	19	111	65	186	152	46	125	140	141	32	73	123	82	168	
62	12	14	174	29	241	90	64	133	134	217	139	111	223	35	128	200	177	159	227	44	7	90	189	243	227	137	57	55	63	28	82	
124	21	126	206	74	102	95	121	128	132	237	2	81	243	43	91	126	252	51	170	0	131	186	72	83	169	227	8	179	227	102	163	
212	237	142	179	148	134	119	165	182	149	138	19	247	99	10	67	96	199	72	210	126	217	9	45	233	225	143	65	160	19	173	10	
210	219	83	229	114	202	63	183	57	68	98	229	189	7	128	80	38	127	5	204	99	156	177	111	229	164	46	128	38	128	167	121	
219	88	135	220	42	182	26	82	148	202	214	230	61	246	177	239	70	113	63	206	165	143	182	232	146	107	234	138	62	245	57	157	
148	8	138	185	4	163	171	80	22	130	82	2	17	203	49	72	120	104	23	211	8	150	2	42	192	135	171	132	181	105	49	128	
105	184	58	87	117	221	80	7	123	233	101	24	58	152	86	52	153	170	80	28	191	122	240	183	15	221	16	51	74	12	90	206	
129	255	30	5	52	31	228	119	124	168	114	124	182	24	150	177	166	12	70	108	229	252	69	14	38	219	36	210	72	136	203	141	
52	137	64	161	220	11	198	233	15	48	185	26	75	8	84	16	89	140	87	114	90	58	73	148	190	220	129	116	245	171	208	128	
113	188	232	70	21	223	80	7	123	225	172	12	34	184	86	52	153	174	80	29	143	58	240	154	11	92	21	63	203	12	90	94	
220	113	30	250	171	197	93	77	171	29	165	57	47	215	106	27	166	147	237	210	74	67	154	81	211	193	119	255	50	22	175	83	
120	180	115	82	19	249	82	64	251	1	109	56	46	215	108	180	179	186	204	0	19	175	186	231	147	253	16	123	66	3	230	38	
218	129	80	253	230	8	124	49	49	2	118	146	95	39	144	81	118	199	61	234	120	28	129	211	214	251	242	192	54	162	160	1	
92	2	133	183	173	104	101	135	171	191	163	177	207	35	72	219	131	199	237	17	56	76	203	160	140	242	118	85	130	213	197	66	
92	97	237	231	160	106	111	152	32	181	143	128	215	39	89	90	51	212	125	250	24	208	233	0	233	225	239	69	164	243	134	98	
253	101	149	164	172	47	70	184	73	250	176	92	223	104	89	155	153	196	108	110	109	103	201	138	186	219	101	188	202	249	90	1	
168	126	117	87	114	219	35	50	125	234	114	248	190	21	132	181	38	124	198	98	225	252	97	126	39	154	96	130	70	177	71	185	
210	129	70	180	132	10	76	49	53	2	210	18	207	43	32	81	98	133	61	226	120	159	65	223	154	250	210	192	54	168	240	0	
60	100	126	96	85	238	113	81	245	142	119	17	91	217	43	152	184	188	198	56	40	181	16	14	83	207	33	5	227	178	110	130	
90	177	114	78	123	232	83	109	169	13	173	40	46	247	168	116	50	179	239	0	18	11	170	229	211	245	16	91	98	130	166	43	
3	143	32	155	150	128	168	247	28	85	90	215	172	42	182	196	111	11	19	141	247	152	5	247	44	36	186	192	29	12	185	220	
174	162	120	161	239	121	153	73	143	61	157	187	142	28	206	143	235	145	223	49	86	50	233	209	214	81	171	255	215	78	157	199	
229	98	149	161	173	109	71	136	75	250	177	88	215	64	217	191	137	196	76	127	109	103	235	144	141	152	69	60	208	253	82	37	
106	182	112	202	237	89	212	173	203	127	181	57	142	60	222	134	143	3	215	33	246	35	202	211	126	93	157	255	214	206	223	71	
2	132	130	153	213	231	170	207	22	131	74	18	128	250	56	72	217	42	34	145	50	190	18	194	9	22	158	68	144	72	176	138	
190	92	231	156	79	246	171	82	148	194	210	198	49	245	177	239	108	244	179	207	169	135	54	170	147	98	202	136	39	255	52	252	
92	130	133	183	173	104	109	135	171	191	131	177	207	35	74	91	129	199	109	21	26	72	203	160	140	246	126	85	128	213	133	66	
188	14	106	62	13	251	214	96	213	198	241	11	107	200	55	136	216	225	135	103	172	167	110	190	83	237	0	27	117	63	124	194	
181	109	9	229	148	15	206	248	20	160	136	78	215	33	81	33	88	76	19	239	105	176	93	42	237	140	175	52	61	251	80	160	
154	5	108	225	182	163	121	51	132	81	30	131	221	15	146	65	38	147	31	253	186	136	5	220	238	201	170	196	182	204	145	65	
124	112	254	244	169	110	81	152	187	186	182	56	223	255	65	26	183	213	253	18	136	103	219	0	219	219	101	183	226	241	71	19	
151	74	238	61	6	172	234	146	245	198	86	199	35	200	151	75	102	232	53	207	172	188	22	232	70	107	226	128	109	245	120	88	
13	33	231	133	164	127	236	113	237	226	91	66	219	248	252	175	58	12	22	175	213	240	60	192	132	88	239	4	76	254	209	244	
0	56	30	201	78	143	161	91	70	36	198	6	144	147	32	72	104	188	106	136	0	187	83	80	213	160	211	20	57	8	113	170	
38	77	102	142	92	162	174	96	84	128	218	2	104	234	53	64	120	233	51	227	160	179	10	255	52	46	143	136	149	123	112	128	
86	68	102	196	214	162	234	96	189	194	90	131	72	238	53	64	127	245	55	183	160	183	12	206	62	46	143	128	133	119	113	208	
54	89	98	174	87	195	90	96	129	68	241	171	107	205	55	1	90	177	151	227	72	163	68	140	179	240	136	155	55	191	116	210	
24	157	58	250	219	213	55	246	191	69	108	1	60	255	34	80	231	251	147	192	70	11	58	255	251	255	22	75	51	2	175	219	
170	133	4	155	215	223	164	109	22	125	145	19	128	92	46	133	104	26	138	32	118	184	77	157	47	64	135	119	115	12	157	214	
59	55	98	8	93	147	186	104	223	192	216	207	104	200	182	164	248	233	146	101	135	163	28	223	58	92	139	187	95	14	123	134	
176	197	96	232	28	131	198	236	85	0	248	10	98	72	60	0	88	128	23	99	232	35	12	159	50	14	129	20	117	186	80	136	
4	77	2	158	220	162	174	226	148	130	218	2	96	234	49	65	120	110	51	227	96	251	10	239	48	38	207	8	21	123	48	136	
10	138	206	189	88	165	104	150	54	21	214	215	169	163	178	88	111	171	191	157	142	216	215	241	196	99	250	128	188	196	41	216	
151	16	195	197	22	2	107	80	52	194	211	230	81	194	169	236	126	172	30	170	169	149	53	202	144	174	171	132	173	163	49	52	
217	19	110	229	166	18	76	53	53	12	214	230	75	3	178	213	126	132	189	238	252	152	101	140	242	235	224	196	47	172	248	81	
9	136	206	179	53	186	104	18	126	81	87	214	185	202	250	236	67	42	186	157	151	216	71	245	78	123	250	193	174	141	89	132	
129	168	245	89	181	223	225	159	126	83	114	80	250	156	220	173	27	26	34	24	179	252	119	247	13	26	86	64	215	136	209	172	
25	136	196	187	149	187	248	54	85	99	86	214	235	40	154	236	121	142	178	157	188	248	69	167	78	127	210	193	191	141	88	12	
178	205	98	222	28	128	206	236	213	2	248	2	98	104	61	64	88	226	23	227	232	163	8	255	178	174	130	152	53	187	112	8	
191	7	78	163	132	39	110	81	4	242	159	199	65	98	251	83	124	172	31	191	221	146	93	128	214	73	239	164	45	238	120	208	
35	142	1	155	116	187	234	74	95	77	89	247	161	72	182	196	217	42	6	29	150	188	109	255	12	22	186	192	148	140	81	196	
3	188	155	201	213	247	178	202	94	73	88	70	148	152	100	164	217	27	18	25	147	184	80	215	13	28	26	102	221	74	121	182	
15	112	181	219	227	165	185	216	94	57	116	114	188	223	237	45	205	27	51	24	131	244	186	240	77	154	123	174	219	25	33	187	
163	66	34	136	109	157	146	72	204	12	209	135	136	136	55	1	200	168	155	103	196	39	70	148	20	16	138	187	85	15	113	198	
13	181	59	123	176	140	127	189	254	25	127	80	255	243	136	112	151	26	94	24	243	56	56	119	239	253	54	196	208	194	195	35	
2	28	130	154	23	227	186	67	30	7	89	179	108	222	32	64	251	59	147	145	50	156	16	255	41	6	154	195	148	14	181	218	
66	173	170	178	212	228	109	199	186	151	202	27	52	187	112	82	225	255	51	145	18	91	146	98	125	36	158	105	128	80	183	170	
92	120	249	101	41	125	115	148	107	254	182	40	155	63	193	58	167	213	253	90	137	101	248	96	219	217	101	181	226	241	70	115	
142	57	177	219	203	229	181	223	95	185	85	114	156	223	109	45	221	27	183	153	211	112	250	240	13	216	63	238	219	92	161	183	
220	241	119	106	139	248	87	200	227	81	173	8	94	215	107	254	178	208	232	82	79	7	186	177	211	249	0	79	98	19	175	38	
54	141	96	225	212	171	202	240	77	160	186	10	75	8	84	16	123	236	23	114	152	186	73	190	158	204	129	244	245	171	80	128	
220	241	31	106	139	220	87	140	227	81	175	8	94	215	107	254	178	208	232	90	67	5	186	49	243	225	0	95	162	19	175	38	
92	120	249	100	33	109	83	212	105	238	182	40	159	31	65	58	175	213	221	88	137	101	240	232	219	217	37	177	226	241	70	123	
13	181	57	123	244	142	127	189	126	89	127	80	223	243	200	112	151	26	94	58	243	184	57	55	239	223	37	196	192	195	195	161	
92	113	254	250	171	209	85	205	167	29	165	185	15	223	107	27	166	147	237	80	74	67	138	209	211	193	85	191	50	84	175	83	
4	205	2	158	212	163	174	226	148	128	88	2	96	234	49	65	120	106	34	227	96	186	10	255	48	38	135	8	21	123	48	136	
2	156	130	154	23	227	186	67	30	3	89	179	44	222	32	64	251	59	147	145	50	156	24	255	41	6	154	195	148	14	181	218	
129	160	181	91	165	253	224	143	126	115	114	80	184	152	220	237	203	26	42	25	183	252	127	215	13	90	86	70	221	76	209	172	
114	192	194	229	196	8	110	37	57	2	242	2	75	34	4	80	115	197	61	130	88	150	193	195	178	254	218	128	37	178	242	0	
105	56	145	244	237	79	68	23	91	250	178	72	158	57	85	187	137	252	117	17	201	122	211	128	143	219	85	62	202	124	82	10	
3	138	206	189	248	165	104	151	190	21	70	215	169	163	50	72	109	43	63	157	190	216	87	245	204	115	250	192	156	196	185	216	
59	175	34	170	93	151	154	232	223	196	216	143	110	200	62	132	248	235	151	103	206	163	14	255	186	84	143	187	95	14	123	198	
92	195	133	163	172	72	76	156	162	253	187	253	207	103	72	218	195	197	237	82	26	65	203	32	138	241	117	213	160	243	134	113	
24	157	58	250	219	213	54	246	191	85	236	1	60	255	34	208	231	251	147	192	86	11	58	255	251	247	30	107	115	0	175	219	
28	5	14	161	148	162	106	51	36	161	219	2	223	35	32	64	113	133	29	176	56	145	1	156	250	231	171	196	166	139	177	0	
124	112	254	241	169	111	89	216	171	186	182	40	223	255	65	26	175	213	253	80	136	227	219	128	219	219	101	183	194	241	6	51	
237	110	145	177	173	127	69	138	91	250	160	88	143	0	83	191	153	76	108	127	237	102	235	144	141	218	69	62	194	125	82	100	
188	76	104	62	13	249	210	96	212	6	240	11	35	205	51	129	200	225	135	67	108	167	66	63	211	231	96	25	119	127	94	202	
182	12	239	222	4	226	203	80	213	198	215	131	115	237	55	109	88	248	57	207	168	167	118	170	209	42	194	9	167	239	116	114	
126	47	120	160	231	123	251	64	9	174	181	187	15	13	199	142	175	149	207	243	28	51	101	226	222	85	169	247	231	239	95	199	
236	189	133	183	245	110	79	183	48	255	11	93	215	117	88	155	145	206	53	30	121	220	248	38	237	239	245	240	138	248	214	120	
173	113	58	74	205	253	119	216	235	80	109	24	90	209	111	188	176	74	210	90	87	39	186	51	119	217	0	111	218	27	202	134	
34	76	98	204	92	130	174	104	212	128	218	2	104	232	53	64	120	237	19	227	224	179	12	222	54	46	143	136	21	122	112	128	
173	113	123	82	69	253	243	212	227	117	109	29	58	217	94	56	136	42	82	94	135	182	186	33	71	89	0	105	74	159	210	214	
36	188	130	155	205	229	176	199	158	27	72	16	164	248	96	72	201	106	51	17	50	254	90	243	13	54	223	106	144	89	176	130	
244	28	127	78	94	230	195	80	192	134	237	2	80	247	37	103	72	244	19	234	40	135	58	78	115	168	195	8	179	227	100	162	
237	109	149	165	236	127	68	171	73	250	176	72	223	40	81	187	137	196	108	46	109	102	193	8	174	219	101	53	72	252	90	73	
4	31	87	71	34	235	182	48	109	194	123	224	255	119	133	180	54	53	230	34	129	176	37	76	4	190	98	2	78	243	7	181	
92	162	149	163	168	104	76	156	171	255	179	253	207	103	72	218	193	199	237	18	26	65	203	0	138	243	119	245	160	243	199	113	
139	161	199	161	164	127	108	253	124	250	27	70	221	184	248	171	50	76	62	47	213	209	181	192	156	88	127	164	12	236	209	213	
130	193	4	155	15	223	164	237	207	55	64	147	232	8	62	197	105	0	138	37	118	60	95	213	47	18	214	87	50	12	221	206	
80	209	8	190	14	212	20	45	20	14	198	35	229	222	42	64	248	147	175	131	78	14	83	151	243	231	254	11	48	26	188	90	
58	93	114	206	95	215	222	248	5	8	252	34	106	93	53	100	220	240	151	226	200	163	120	189	51	232	128	155	119	191	100	159	
217	135	108	193	54	50	107	48	36	12	94	230	89	35	154	97	118	134	63	254	184	152	37	204	126	235	226	196	39	130	120	121	
249	147	110	229	166	22	110	49	113	74	246	231	75	43	150	213	118	132	181	238	253	156	85	140	242	235	226	196	47	172	248	21	
220	101	184	162	143	93	87	204	194	246	141	8	94	216	75	34	177	81	249	115	78	103	186	178	251	193	5	63	34	127	159	66	
31	17	66	164	86	130	170	112	160	128	219	230	89	203	177	194	126	253	19	239	73	147	148	200	176	160	235	128	45	163	57	144	
128	54	31	117	226	47	61	119	60	238	119	181	20	39	130	25	39	23	71	34	176	220	49	78	85	162	112	128	232	208	135	243	
178	205	100	238	28	130	206	253	213	2	216	2	99	233	61	65	88	224	23	227	232	167	10	191	178	238	202	148	55	186	112	8	
67	108	107	188	114	194	123	48	184	198	78	129	245	199	35	81	54	125	21	238	96	149	176	77	224	168	42	128	36	162	39	112	
212	105	251	225	180	74	75	144	32	164	135	8	215	71	89	82	51	212	125	250	72	208	169	2	233	165	167	197	164	179	86	96	
170	152	192	155	85	241	168	206	31	113	64	183	168	142	54	204	89	139	147	149	63	156	87	243	6	86	154	67	158	13	28	222	
3	58	144	153	117	189	163	87	95	15	80	86	172	216	118	44	221	43	18	29	183	188	82	243	13	28	26	106	216	12	217	133	
0	57	28	201	78	143	33	81	230	37	230	6	178	147	0	64	104	188	106	8	0	187	211	16	85	164	18	16	56	10	32	170	
248	209	18	190	65	68	117	125	49	6	102	3	127	215	42	80	240	186	35	2	72	30	178	155	245	231	214	9	50	150	164	250	
188	32	254	94	84	206	243	81	244	142	119	16	82	209	63	24	56	56	66	58	112	165	58	74	83	171	33	1	227	186	110	162	
66	48	190	112	41	253	80	83	235	25	164	24	174	159	68	27	165	51	253	16	18	111	178	192	155	217	80	123	194	0	71	27	
185	77	106	238	84	146	239	240	68	64	255	2	113	233	183	96	122	236	23	238	233	179	45	191	114	237	163	128	55	187	112	232	
191	28	231	212	3	246	74	80	213	202	195	194	89	254	181	239	108	253	189	218	173	199	182	234	19	106	203	138	167	231	48	117	
124	3	170	228	165	114	69	93	97	140	247	114	83	185	184	106	248	132	44	184	24	179	161	128	211	233	230	133	131	104	252	35	
220	213	59	74	155	252	87	157	253	82	175	16	94	215	105	121	179	82	232	122	115	5	186	115	243	253	4	95	186	115	175	114	
251	218	236	229	36	22	92	49	97	74	246	231	75	43	150	215	126	197	181	238	205	148	197	200	182	251	226	132	47	164	250	21	
105	40	204	37	109	90	68	51	225	250	190	41	219	49	83	159	8	228	236	44	77	122	193	136	94	223	117	53	227	238	90	72	
6	77	2	158	84	131	174	226	148	130	90	2	96	234	49	65	120	106	2	227	96	186	10	255	48	38	143	136	21	122	48	128	
220	205	86	181	182	138	76	183	181	48	146	18	207	43	49	67	230	231	125	241	120	201	1	252	250	243	238	212	38	176	161	8	
233	41	216	103	109	28	112	53	235	233	55	93	250	57	84	150	136	100	117	12	129	126	209	128	79	249	85	48	74	174	90	139	
34	13	98	158	92	131	174	96	214	128	248	2	104	232	53	65	120	234	2	163	224	179	10	255	48	46	143	136	85	106	112	128	
60	45	98	225	212	43	226	244	85	160	186	10	107	41	117	16	59	174	23	243	184	186	1	174	190	205	133	240	231	155	80	136	
254	243	254	186	171	209	93	205	171	29	165	185	15	223	107	27	167	147	237	208	90	67	138	209	211	209	87	255	178	84	175	83	
20	91	255	39	226	78	63	244	36	108	119	165	84	55	131	80	38	213	87	238	80	153	41	104	245	170	100	128	161	179	167	243	
176	167	8	187	158	161	146	41	82	5	137	179	245	72	74	1	89	139	73	177	62	202	201	31	232	197	186	249	53	10	159	131	
13	181	121	107	244	143	127	185	127	105	127	88	215	115	152	48	151	90	86	58	243	184	41	31	239	159	37	196	208	162	195	161	
6	156	130	154	23	227	186	194	22	3	83	179	44	222	32	64	253	59	147	145	50	156	26	255	41	6	154	195	148	15	53	210	
114	196	194	231	196	8	110	103	57	2	250	18	75	42	4	80	123	205	53	130	88	150	129	227	182	236	202	128	37	242	242	0	
237	245	185	246	244	124	87	183	57	251	15	120	223	117	200	255	147	94	149	58	249	212	232	162	239	223	117	242	166	249	214	113	
133	160	181	91	237	253	160	143	254	123	115	80	152	156	220	237	201	26	106	24	183	252	255	209	13	218	87	102	208	72	193	164	
38	252	144	155	205	229	180	199	158	27	64	16	164	248	97	10	201	122	51	17	50	110	218	243	13	22	222	106	144	89	177	138	
240	12	181	94	125	228	131	210	204	142	244	2	48	247	165	110	200	114	6	202	41	47	98	239	81	190	34	154	83	121	100	173	
237	244	58	90	197	253	247	252	249	82	109	28	90	253	63	61	185	74	82	110	243	39	186	247	115	25	5	126	202	127	210	246	
24	157	58	254	91	213	55	246	191	76	236	3	60	255	34	80	239	123	147	194	66	11	58	255	123	239	6	75	83	18	173	251	
2	170	206	189	152	167	104	151	62	21	70	213	161	163	18	88	109	175	63	157	186	216	215	245	204	99	250	192	172	196	184	216	
92	112	254	224	40	110	89	220	171	186	182	41	223	191	65	26	175	213	253	80	136	231	219	192	219	219	37	190	194	241	7	51	
236	252	189	246	229	120	87	191	49	250	28	120	247	117	203	191	17	94	213	106	121	208	232	175	235	219	117	247	162	253	214	115	
24	189	58	250	219	213	54	247	191	93	236	1	60	255	34	208	231	251	147	192	86	11	58	255	251	247	30	107	18	20	175	219	
85	125	126	179	226	174	127	247	32	111	95	177	127	55	11	121	55	255	85	167	188	146	25	44	241	231	126	129	164	211	167	243	
105	41	204	165	108	91	68	43	11	250	188	9	147	41	211	158	9	196	228	12	76	122	195	136	78	223	245	53	195	236	90	72	
178	220	37	221	13	205	213	254	23	30	84	10	50	29	60	5	72	218	23	73	106	46	114	191	97	186	112	186	119	24	84	251	
232	153	115	248	197	196	119	123	21	4	96	19	8	151	32	84	72	154	179	194	82	26	114	247	117	126	146	78	18	140	244	242	
126	42	248	225	247	121	251	192	9	172	182	187	15	13	215	158	175	209	199	243	188	50	100	224	222	209	173	247	231	173	94	199	
216	114	153	164	42	46	88	24	43	188	147	125	143	27	64	210	167	197	253	52	32	69	137	2	218	193	47	246	32	33	3	67	
239	116	34	82	213	189	231	148	249	74	109	28	250	220	95	61	153	106	82	78	227	118	248	247	103	24	0	114	74	95	210	246	
220	242	145	161	45	12	64	152	43	253	131	109	207	7	193	210	167	69	109	117	131	69	155	194	152	244	47	126	136	38	5	113	
86	178	145	161	169	12	1	155	171	253	2	125	142	35	200	222	167	69	108	29	19	73	251	193	157	244	127	254	130	36	7	117	
18	192	66	137	15	221	182	239	79	36	74	3	108	136	62	196	121	1	171	1	70	57	31	215	181	70	26	23	119	30	189	206	
252	83	250	228	180	18	67	81	193	140	247	102	83	219	168	98	88	180	4	120	216	163	224	136	242	233	167	221	166	170	244	35	
147	177	245	129	135	126	173	223	123	243	6	82	28	28	222	47	55	207	122	207	243	93	181	225	149	10	94	38	37	84	133	108	
178	197	102	238	12	2	206	253	213	2	217	2	99	233	60	65	88	232	55	227	232	167	10	191	178	239	198	140	55	186	240	8	
189	13	106	238	84	146	207	112	84	64	255	2	115	233	179	97	120	236	23	238	233	179	44	191	114	239	163	128	55	187	112	224	
59	47	98	170	95	147	218	104	223	196	220	143	110	232	54	132	250	171	151	231	142	179	14	255	178	85	139	187	95	14	123	214	
191	28	227	222	133	246	203	64	145	194	195	2	81	254	53	239	92	252	57	219	169	199	246	170	17	106	203	130	165	103	116	116	
194	184	190	240	73	237	16	71	171	25	164	25	190	159	100	59	165	51	251	16	18	79	146	209	219	145	90	123	208	0	167	155	
187	205	114	206	52	151	222	252	85	72	124	2	105	77	188	100	222	50	23	235	230	169	45	191	98	255	162	130	119	154	113	141	
143	173	100	187	133	185	124	135	239	83	95	23	169	200	95	236	99	42	187	149	150	124	207	243	238	89	150	67	190	221	217	134	
128	113	94	75	10	201	51	4	230	33	239	16	179	147	2	64	72	56	106	90	67	188	83	51	69	160	0	80	120	139	0	170	
3	168	156	187	237	253	248	207	158	89	80	85	188	186	122	234	203	43	59	29	151	88	210	241	206	89	158	234	156	76	153	159	
5	181	125	99	244	143	111	185	126	232	127	96	215	115	136	48	23	94	86	122	243	184	41	30	239	159	37	196	192	227	194	161	
220	18	238	167	98	10	123	184	160	150	103	173	95	87	11	27	54	213	213	226	232	212	24	8	214	227	105	133	44	163	7	83	
194	176	177	145	58	236	57	27	234	241	2	253	156	151	72	110	135	87	121	16	147	77	251	82	205	20	27	126	136	128	135	113	
62	178	8	162	79	21	178	200	139	62	181	175	200	220	111	142	253	209	219	247	30	35	90	241	31	85	139	255	159	47	28	215	
224	36	232	86	124	123	209	39	91	231	191	184	243	61	214	18	8	228	108	12	56	126	229	10	94	249	213	49	69	232	86	106	
39	181	174	82	229	189	230	252	249	95	125	76	242	248	31	184	153	106	86	111	247	240	122	41	47	95	85	70	200	123	218	245	
28	151	238	165	226	14	125	187	160	20	78	165	221	119	11	82	54	219	213	225	216	144	22	13	239	231	239	133	172	242	175	83	
215	240	145	135	26	108	43	132	234	240	131	92	223	151	73	214	39	213	120	222	3	69	157	98	157	240	15	118	8	179	3	52	
3	168	142	191	152	175	105	151	62	21	70	149	161	163	18	88	77	175	63	157	186	216	211	245	204	123	250	192	188	196	248	216	
91	210	240	229	37	28	124	49	105	74	54	231	223	58	150	246	230	229	181	143	205	148	148	193	134	251	226	131	47	180	72	21	
116	189	252	116	164	30	84	191	187	178	44	40	87	117	205	59	151	86	85	32	248	73	186	13	235	223	85	126	128	240	214	43	
240	36	232	71	108	107	209	39	27	231	183	185	211	53	198	18	9	228	100	8	56	126	237	10	94	201	213	49	101	168	86	106	
116	253	188	212	180	14	86	175	187	146	172	8	86	117	77	59	151	214	93	98	120	75	186	45	251	222	85	126	128	240	198	43	
126	10	120	225	167	121	217	64	9	188	182	171	15	13	215	152	191	209	149	241	156	114	97	196	222	209	171	247	231	173	95	99	
39	249	46	90	229	157	246	252	233	89	108	12	242	248	63	61	153	74	83	111	215	99	58	61	59	91	69	126	200	123	219	182	
92	104	250	228	169	109	123	212	43	162	174	8	223	159	65	26	191	221	253	88	8	115	217	162	223	221	5	59	226	243	67	10	
162	214	53	217	44	201	133	254	23	63	52	106	242	29	188	37	143	18	119	73	234	60	107	151	37	218	112	182	87	24	212	233	
32	248	144	155	237	141	180	207	30	27	80	16	172	250	96	10	205	75	34	17	18	120	219	241	13	18	94	122	144	88	131	139	
176	139	12	169	28	7	74	186	22	25	132	81	215	105	26	64	217	0	125	45	126	12	75	23	201	199	239	93	80	136	216	2	
24	157	58	250	219	213	23	246	191	69	236	3	60	255	34	80	239	251	147	192	70	11	58	255	251	231	30	107	112	18	175	219	
58	175	34	186	95	147	154	232	159	4	220	175	110	232	54	132	251	235	135	231	206	43	14	255	186	85	143	187	87	14	63	198	
0	178	247	81	166	251	161	143	126	63	115	112	140	182	236	236	51	59	38	24	179	252	43	215	12	158	119	198	214	200	197	165	
16	153	10	184	197	197	119	103	135	12	78	11	54	156	34	64	233	187	3	1	94	59	18	247	249	150	158	107	16	8	188	202	
35	157	88	216	221	245	176	231	92	65	124	18	8	190	166	245	205	59	178	24	55	58	114	213	15	57	154	75	155	12	105	158	
118	204	226	231	212	10	110	247	121	3	250	18	75	42	28	80	123	207	53	130	248	158	137	235	182	254	158	128	37	243	242	128	
222	243	150	184	171	209	92	205	171	31	180	185	14	223	106	31	167	211	237	208	78	67	138	209	251	209	95	255	178	84	175	91	
60	13	98	227	212	43	238	246	85	162	250	10	107	41	21	0	121	238	23	243	168	186	73	174	62	207	165	192	231	219	112	136	
130	141	2	158	84	131	174	227	150	130	91	2	96	234	49	65	120	106	34	131	32	186	10	255	48	38	139	136	21	106	48	136	
6	220	130	155	23	227	186	192	22	3	89	179	172	222	33	64	221	59	147	211	18	156	90	255	45	6	154	203	148	31	53	146	
168	30	181	222	44	244	131	154	221	14	244	98	50	52	165	239	204	242	62	74	171	47	98	187	17	254	242	154	81	121	100	45	
93	220	180	88	131	124	85	250	127	90	108	8	94	243	109	253	183	218	220	58	243	67	58	249	187	254	69	78	154	245	226	39	
220	101	27	123	25	233	55	4	244	70	239	16	179	211	40	81	88	58	74	74	106	165	240	55	229	161	32	17	114	89	132	98	
34	12	98	156	92	131	170	106	214	0	89	2	104	232	52	64	120	40	2	161	160	179	2	223	48	46	139	136	85	42	112	128	
61	5	110	205	212	50	239	117	116	192	255	2	81	107	183	97	122	238	23	238	217	179	37	204	114	235	230	128	55	250	240	224	
192	184	190	184	74	237	177	71	170	17	160	25	180	159	96	27	165	51	123	16	18	79	146	81	221	145	90	123	208	0	167	154	
114	180	153	186	171	237	21	231	187	95	161	61	166	183	72	25	135	59	77	17	58	74	90	51	217	210	92	122	208	64	135	123	
224	100	171	116	212	104	199	7	120	167	163	25	243	249	92	27	153	254	97	2	56	246	224	34	117	186	85	49	65	121	214	226	
165	233	171	49	228	13	255	250	250	223	126	8	246	248	127	48	153	66	119	125	246	244	42	35	109	30	101	204	192	249	83	193	
93	97	26	180	193	6	78	164	32	226	138	8	119	243	73	251	176	239	120	254	77	210	208	44	249	235	71	40	40	115	170	16	
228	61	149	230	233	15	148	173	170	186	161	72	246	55	65	155	135	117	120	98	97	111	218	58	217	150	85	62	200	114	3	171	
72	145	159	237	80	14	120	59	33	128	110	5	53	55	0	82	36	149	121	172	89	136	19	77	207	173	133	4	40	160	42	186	
28	111	165	163	184	107	65	159	22	181	130	157	199	37	65	10	17	76	109	53	58	208	201	26	205	199	189	116	160	123	6	98	
213	36	155	182	129	100	72	0	176	242	131	88	215	211	73	251	177	141	124	191	41	214	208	2	153	233	223	40	168	97	42	48	
37	235	190	104	108	13	247	248	234	13	60	8	246	248	27	50	152	64	119	127	214	41	58	49	233	157	37	92	192	58	82	227	
101	163	254	72	224	30	117	189	235	29	44	8	122	249	223	114	182	66	124	120	146	41	170	81	111	255	101	77	192	242	202	97	
100	102	187	119	244	172	231	134	232	191	59	9	243	233	94	27	153	78	69	50	18	240	200	33	237	186	117	113	192	91	215	226	
220	80	238	229	72	46	123	24	161	214	39	157	89	71	11	91	52	213	121	238	40	197	155	72	195	171	193	4	42	179	38	114	
5	213	61	97	180	15	111	189	126	168	127	64	215	115	152	49	151	86	126	106	241	240	41	95	111	159	37	196	208	178	195	161	
44	123	217	101	106	15	114	250	171	160	44	109	63	55	65	18	6	81	102	112	1	184	82	8	79	157	33	52	232	161	10	147	
3	168	142	191	152	167	105	159	62	29	70	149	177	163	18	88	73	175	127	156	58	216	211	245	204	123	250	192	188	196	248	216	
232	206	12	187	60	175	67	188	22	63	131	29	215	33	66	65	209	6	109	30	42	108	89	55	237	147	245	84	24	139	16	10	
124	104	251	228	25	239	94	198	163	162	238	8	191	159	65	16	169	253	125	24	8	251	208	162	251	221	5	57	226	241	70	42	
105	193	12	174	29	14	71	188	7	60	133	13	247	35	26	83	216	196	109	110	72	2	91	61	225	243	225	28	56	187	80	10	
0	150	122	81	242	171	187	247	62	39	126	246	125	35	174	84	55	31	7	24	178	184	45	127	108	174	55	196	253	192	229	185	
182	204	226	247	212	2	110	247	121	3	250	18	107	42	60	80	123	207	23	194	248	158	137	239	190	238	158	192	165	251	242	136	
218	243	254	184	235	209	28	207	171	31	180	189	14	207	111	27	167	243	237	209	78	75	138	209	251	209	95	255	177	84	175	91	
24	157	58	254	219	197	23	230	151	69	236	3	60	255	34	80	239	251	147	192	110	11	58	255	251	199	30	107	50	18	167	219	
54	90	56	234	110	5	219	216	11	172	181	239	84	207	107	8	222	217	135	243	136	35	88	184	219	133	171	189	93	59	38	211	
134	216	146	155	151	197	190	192	30	3	81	34	236	222	41	72	253	123	147	211	98	150	26	255	45	6	159	139	148	27	53	155	
62	2	104	225	231	123	249	64	41	164	182	171	15	15	87	8	110	149	135	213	12	178	101	192	219	209	139	247	231	141	118	97	
75	80	146	148	101	60	248	70	233	75	48	69	172	186	54	254	230	165	218	133	133	37	144	192	23	121	90	42	30	116	11	158	
84	4	255	122	164	122	111	155	229	23	110	0	83	99	187	123	51	198	108	58	88	225	43	0	219	235	117	77	226	243	230	96	
162	64	102	157	84	162	168	64	84	1	83	18	104	202	52	72	120	169	51	161	160	183	2	223	20	46	154	192	21	41	113	128	
130	12	2	159	84	131	170	96	22	130	83	18	96	234	32	64	120	40	34	128	32	190	10	223	16	38	138	136	21	40	48	128	
3	176	152	187	237	249	184	207	222	89	80	115	188	154	250	232	227	11	63	21	151	88	194	241	142	89	190	235	156	76	137	143	
128	240	148	155	237	141	176	206	158	57	48	24	172	216	104	10	205	91	106	17	82	110	202	241	13	16	95	126	208	88	129	139	
