香奈儿可可小姐唇露	726 - 糖霜	https://i.chanel.cn/fnbv3/image/full/shades/rouge-coco-gloss--726--55g.0156726_S.jpg	https://i.chanel.cn/fnbv3/image/full/chanel__com_type1/skus_full/rouge-coco-gloss--726--55g.3145891567267.jpg
3	142	51	81	180	187	169	55	126	73	122	116	188	32	148	228	55	42	18	28	179	188	101	223	12	30	58	192	220	136	193	173	
2	133	98	201	214	163	170	103	92	1	90	2	40	42	52	96	123	11	19	145	146	184	5	223	60	12	154	192	149	12	241	204	
2	153	242	218	230	165	184	199	159	89	90	179	172	254	36	64	231	59	183	129	146	217	2	241	28	58	218	235	149	76	165	219	
32	141	2	154	148	163	166	231	22	1	88	2	96	232	48	64	89	106	2	81	18	186	8	255	40	4	135	96	149	74	176	136	
3	181	98	203	246	177	186	103	31	65	92	163	172	190	180	36	255	59	147	157	150	184	36	223	46	28	154	234	151	206	241	221	
34	185	50	200	245	197	186	239	15	73	120	43	44	156	118	0	220	59	151	145	150	58	18	245	63	28	158	235	213	14	183	219	
34	185	160	136	223	193	178	199	10	69	72	139	172	140	118	0	201	59	147	209	22	58	210	241	61	20	158	107	213	14	151	222	
27	159	67	143	86	178	239	244	53	192	90	230	121	110	182	228	126	239	23	239	197	153	45	255	52	46	170	128	63	230	49	253	
2	187	98	155	246	163	186	231	31	69	90	183	44	238	182	64	255	187	147	149	182	154	14	255	62	30	158	203	21	76	181	221	
130	159	178	220	245	228	188	230	191	78	88	53	172	190	37	64	231	123	191	193	242	155	18	255	45	54	158	139	144	84	165	219	
48	33	70	141	92	11	224	72	175	161	242	10	74	136	52	64	120	172	110	225	8	251	195	221	148	168	131	60	117	8	112	128	
59	1	114	225	116	153	248	80	109	65	254	138	143	13	180	100	238	153	95	217	142	187	101	192	214	249	170	210	103	142	113	197	
54	79	98	158	215	210	190	230	157	196	220	163	104	236	54	196	254	235	147	199	196	187	38	239	50	54	142	139	39	126	253	214	
194	205	150	157	240	169	60	167	62	19	90	16	172	162	0	64	231	59	59	128	114	220	67	247	44	54	94	192	4	80	161	137	
131	18	26	185	112	172	184	19	190	89	82	117	188	142	182	72	230	41	55	157	183	156	2	215	68	62	186	194	156	132	41	157	
179	134	206	189	86	2	104	127	52	195	210	215	49	35	146	64	125	172	63	173	189	218	197	207	220	46	250	128	173	164	120	216	
95	219	46	190	47	157	190	232	207	220	214	167	236	200	63	67	254	225	255	231	196	35	143	253	242	115	207	155	95	63	57	87	
127	83	46	172	47	23	222	104	205	204	222	175	238	200	55	66	254	229	255	231	204	35	143	220	242	115	203	155	31	63	57	87	
130	221	182	153	245	172	188	231	190	27	90	49	172	190	32	64	231	59	187	21	242	216	2	247	45	54	158	194	16	92	161	219	
122	1	98	232	126	19	248	113	101	64	255	139	15	143	180	100	110	141	95	237	216	171	37	196	210	249	170	220	39	142	112	65	
78	219	46	190	175	149	191	236	143	158	150	167	236	232	51	67	238	99	251	199	196	109	11	253	254	115	207	155	22	63	61	207	
61	93	99	207	84	31	238	248	117	232	126	70	91	121	189	244	120	236	22	238	201	178	125	238	54	108	167	128	127	191	112	164	
2	221	34	158	223	209	190	230	159	68	92	131	44	254	39	64	239	123	147	193	102	139	58	255	55	22	158	139	21	92	189	222	
130	141	150	157	244	171	44	39	62	51	90	16	172	42	0	64	227	47	59	128	114	216	65	215	44	54	222	192	132	64	161	136	
50	97	70	141	76	11	232	105	143	160	242	2	10	138	52	66	120	172	127	225	72	251	195	221	148	168	139	156	53	40	112	128	
3	136	193	185	116	154	232	23	126	65	82	215	189	8	144	232	106	44	54	157	167	188	69	215	132	62	186	192	156	140	89	156	
126	67	170	172	47	6	95	232	169	140	222	175	206	207	55	66	254	237	255	231	204	3	138	200	243	117	207	159	23	63	54	67	
47	207	98	158	119	147	190	232	87	196	124	167	104	232	183	132	122	234	131	231	198	179	44	255	54	60	143	171	119	190	120	196	
187	17	106	224	118	18	91	113	101	64	255	167	27	15	182	112	126	157	151	238	201	179	37	204	242	233	162	196	103	142	112	113	
2	221	50	155	245	213	188	231	158	89	88	51	172	190	38	96	231	59	179	17	246	152	50	247	45	22	30	235	144	92	165	223	
2	141	150	153	244	168	188	39	62	25	90	16	172	170	0	72	231	43	59	17	50	216	67	215	44	54	158	194	148	72	129	137	
122	65	98	232	126	19	88	113	37	96	244	138	11	15	180	116	110	149	223	236	200	163	101	204	242	249	170	152	55	142	114	208	
47	111	66	78	85	151	238	248	87	200	248	206	104	200	191	164	124	232	134	238	205	178	12	255	54	92	133	142	127	191	122	132	
1	128	245	89	116	155	233	23	126	105	114	80	187	8	148	236	107	46	38	24	179	188	101	223	12	190	50	64	212	136	81	173	
139	234	18	153	53	153	108	231	95	21	84	22	172	130	226	197	99	42	138	92	102	252	38	245	46	89	22	107	26	156	169	140	
61	117	67	76	84	23	103	120	85	232	251	78	115	209	181	244	120	236	22	110	201	178	125	158	54	44	165	44	127	191	114	164	
2	253	50	155	211	213	180	231	159	93	88	51	172	254	102	64	237	59	147	145	118	152	50	247	47	22	158	235	144	92	165	223	
185	81	106	228	118	18	95	113	69	64	247	174	27	13	191	112	126	157	151	239	201	183	37	142	242	233	160	128	103	174	112	241	
26	157	58	184	211	225	185	103	159	69	72	179	44	191	34	64	238	187	147	145	22	155	2	215	219	87	154	203	182	4	165	218	
60	113	123	100	119	91	87	216	97	224	255	42	91	223	73	48	122	252	213	242	73	179	184	140	243	205	37	165	111	187	102	243	
72	188	181	240	173	237	112	151	251	123	166	25	190	191	64	155	133	119	253	16	51	105	154	241	219	219	87	123	194	68	199	123	
10	148	50	155	61	247	24	74	95	79	119	49	172	206	38	204	215	59	143	5	54	156	99	247	7	127	26	75	18	13	109	215	
15	177	162	203	199	244	186	216	15	77	93	3	204	223	126	236	255	27	183	151	150	18	58	240	95	85	138	237	151	87	169	247	
174	56	48	219	87	253	178	192	31	15	85	51	140	220	47	236	221	57	147	19	54	180	122	247	7	87	18	103	222	13	61	215	
14	184	16	219	83	255	178	194	31	37	69	149	140	158	102	172	191	57	147	17	22	156	120	247	15	85	26	99	218	13	15	214	
174	122	242	146	229	249	178	192	31	247	117	183	140	204	111	140	251	121	131	83	38	54	42	242	31	84	11	111	211	127	15	247	
39	239	98	26	87	145	142	236	95	76	125	239	104	232	191	132	94	235	147	231	198	58	78	255	62	28	143	171	95	159	122	205	
1	203	107	79	86	211	239	252	68	68	84	230	113	69	186	96	90	40	18	239	193	176	109	61	100	9	170	128	125	154	112	248	
94	113	187	226	59	211	19	200	171	232	189	40	78	223	107	48	190	253	223	242	9	3	168	200	251	213	7	255	227	51	39	115	
60	113	123	226	55	95	83	216	101	224	189	42	91	221	107	48	250	221	215	114	73	179	56	156	251	221	1	127	111	187	102	115	
72	188	183	241	169	236	117	151	187	219	166	17	190	191	64	219	165	119	253	16	50	77	146	224	207	251	86	67	194	68	167	123	
3	159	111	156	178	144	189	119	172	73	94	231	61	166	178	100	102	59	31	141	247	153	36	239	48	38	186	192	60	132	177	125	
6	24	112	250	110	136	250	192	205	88	17	162	172	222	125	74	238	49	159	211	130	35	10	241	22	24	138	170	20	143	33	193	
19	159	103	141	54	146	173	55	44	73	90	230	57	46	180	100	102	39	31	141	245	153	37	207	36	46	186	128	45	196	177	125	
226	32	18	144	109	173	248	66	137	24	49	24	140	152	117	11	204	33	95	17	0	103	130	192	149	24	90	250	64	9	67	129	
2	138	6	153	48	171	56	39	62	1	66	245	172	162	34	64	231	43	163	133	54	156	67	215	12	54	154	195	152	4	41	154	
57	206	106	142	126	147	202	248	215	76	253	230	99	200	191	164	126	232	22	239	206	163	46	191	178	109	163	152	127	175	120	205	
72	29	31	244	97	204	117	55	169	136	110	8	191	183	32	115	132	55	245	0	81	137	144	13	227	249	112	9	10	192	198	187	
191	89	112	238	47	148	222	152	139	72	188	175	127	221	191	38	158	241	149	239	206	35	42	249	243	217	169	190	55	191	84	127	
179	74	107	206	70	131	235	112	196	64	245	198	113	197	181	101	126	232	23	238	201	183	44	253	112	40	162	128	63	187	112	253	
3	156	19	153	55	231	177	71	30	73	90	86	188	190	36	228	229	59	147	17	179	152	49	215	13	54	26	194	152	12	161	191	
190	74	106	254	118	211	203	240	149	68	212	167	115	205	183	64	126	232	23	207	204	167	46	191	114	109	162	137	55	159	124	216	
25	223	111	221	118	146	237	119	228	64	94	230	57	173	182	97	110	166	23	204	233	185	36	237	114	109	182	128	47	152	240	249	
186	88	174	253	73	253	112	82	165	78	214	35	58	157	35	74	236	253	255	66	12	253	178	162	87	227	240	131	227	61	54	219	
6	232	112	219	108	137	250	192	239	25	80	2	172	138	125	66	238	25	31	211	130	48	74	241	20	24	154	234	20	27	33	129	
165	106	249	65	100	15	197	150	66	234	182	78	147	17	213	42	76	236	22	92	201	244	241	8	103	137	37	52	233	184	80	169	
179	74	99	78	86	130	235	240	213	64	246	198	113	196	181	101	126	232	22	238	233	183	36	255	48	42	162	128	127	187	112	253	
2	140	2	156	20	162	42	99	52	1	91	18	104	226	32	64	120	42	34	128	48	152	0	223	32	38	138	128	20	74	176	136	
136	120	187	116	101	220	245	87	232	234	38	8	62	157	65	59	160	124	209	72	193	253	176	40	103	217	84	33	66	176	71	251	
137	159	107	108	176	215	223	253	81	76	92	236	123	93	182	164	22	48	213	110	245	171	60	191	106	221	37	220	126	134	198	125	
155	203	102	140	54	145	190	245	132	64	210	231	41	136	182	193	110	171	159	197	196	139	6	253	50	97	174	137	63	156	185	221	
76	76	250	180	79	248	243	194	232	198	238	3	173	203	115	75	107	101	235	202	0	103	182	226	87	227	218	9	167	117	109	194	
79	44	250	212	238	52	187	66	168	154	158	171	92	254	247	186	231	245	255	151	132	71	130	194	86	63	235	175	135	245	43	3	
210	88	54	248	45	140	144	82	137	26	176	24	46	159	37	27	196	49	223	67	2	39	18	225	147	248	18	26	82	9	35	11	
51	50	238	141	76	22	232	88	205	240	213	71	9	136	119	203	236	141	187	189	133	243	151	192	23	9	202	44	13	172	121	212	
31	76	106	207	86	18	235	120	84	66	95	134	121	109	183	100	126	236	23	239	237	180	45	207	118	111	171	128	55	183	112	244	
12	60	171	227	71	124	179	82	230	207	95	2	157	247	83	42	121	252	211	154	17	48	184	162	87	197	171	109	163	107	55	242	
131	50	236	177	100	181	184	82	30	113	82	215	157	10	118	201	231	9	179	149	151	220	87	192	14	91	218	194	140	140	57	212	
112	83	83	164	38	2	70	117	33	140	250	229	99	160	160	208	220	252	142	98	77	187	129	140	176	244	38	130	105	58	226	159	
53	0	107	65	84	11	235	88	84	96	119	66	81	1	189	36	120	140	22	170	137	180	37	14	84	12	160	132	101	171	112	224	
45	53	137	131	214	111	171	91	42	105	125	78	156	118	74	40	121	155	18	187	147	50	124	82	93	5	171	228	169	75	135	240	
53	73	67	76	68	18	234	112	69	192	243	70	81	200	181	229	120	236	22	238	205	179	36	204	48	40	163	132	111	191	112	164	
29	177	57	99	151	183	123	89	118	105	95	70	155	21	218	228	124	30	22	188	155	146	121	148	255	205	35	228	178	206	240	241	
112	211	83	173	182	2	100	117	45	12	242	231	102	130	164	80	254	174	46	224	77	187	5	205	176	176	174	130	41	58	240	157	
38	181	225	195	246	47	250	153	11	225	121	223	217	109	92	8	191	155	23	145	147	176	93	210	14	28	135	230	253	203	211	146	
29	77	107	231	86	18	239	112	84	194	95	130	113	109	179	96	126	236	23	239	233	177	37	238	114	175	162	128	37	251	112	248	
144	200	122	222	60	145	67	244	212	0	196	18	179	195	162	101	74	184	14	74	234	15	106	191	242	169	162	57	58	153	32	56	
18	149	46	156	223	208	149	103	148	69	200	179	40	190	38	69	233	187	155	129	126	139	54	223	57	38	154	75	53	12	181	254	
95	88	231	148	42	102	189	50	161	218	214	231	29	239	179	107	111	245	191	173	192	197	183	200	83	43	239	132	167	244	53	113	
179	92	111	252	100	199	221	102	221	206	240	3	49	60	55	105	232	161	23	165	236	239	52	206	115	106	234	128	117	124	116	207	
179	72	71	30	72	217	68	116	245	74	224	121	35	212	183	245	72	232	22	78	237	142	102	63	50	122	80	139	115	157	120	77	
188	64	106	228	68	2	107	80	64	160	247	2	83	3	177	81	122	140	23	234	200	182	37	12	210	169	161	132	37	187	112	160	
210	88	186	188	11	192	181	71	168	134	214	163	44	158	35	74	230	51	235	129	68	79	130	225	240	33	94	139	36	84	173	79	
82	143	70	156	18	128	188	103	164	4	218	167	45	174	182	192	102	163	175	133	68	139	6	237	176	38	186	137	53	132	173	76	
2	248	112	216	111	149	184	198	143	89	16	183	172	158	118	105	135	59	151	213	146	73	34	241	14	24	154	234	148	4	161	223	
2	128	86	153	118	160	248	71	13	17	82	18	140	10	52	72	110	139	23	145	18	188	1	212	28	56	154	192	149	8	241	129	
107	26	99	220	103	180	168	66	125	73	127	230	40	142	183	252	254	169	178	140	133	182	166	194	22	60	154	138	79	143	105	245	
2	240	240	216	239	165	184	199	155	89	16	187	140	158	116	42	143	27	151	149	146	110	2	241	15	24	158	234	149	12	129	223	
35	235	65	75	116	147	170	232	79	64	112	198	32	8	180	164	88	42	18	237	215	184	100	253	44	24	131	226	93	142	88	140	
22	50	66	137	118	187	178	80	60	44	113	227	13	142	162	128	126	57	135	209	134	180	4	214	20	4	170	199	117	143	13	213	
26	156	90	252	19	224	49	71	189	5	78	179	44	151	34	80	34	59	171	128	2	153	18	207	211	231	26	11	34	0	173	75	
47	105	225	128	237	117	191	200	203	252	29	139	72	252	127	170	223	205	243	247	150	35	254	208	95	93	207	255	215	127	95	215	
2	189	178	219	245	237	188	71	62	27	88	49	172	190	100	72	199	59	179	17	178	216	18	247	45	22	30	203	144	68	165	219	
34	97	64	200	92	137	234	104	137	160	184	10	8	10	52	16	122	161	87	225	74	35	64	221	54	24	139	188	117	138	114	128	
129	48	155	241	100	172	168	19	252	75	114	84	188	154	48	105	166	43	50	29	151	252	16	193	5	56	122	2	136	8	65	153	
60	56	182	253	41	247	80	82	23	171	254	33	94	159	33	120	157	125	181	18	8	214	243	184	195	255	113	179	210	109	36	19	
50	1	66	225	84	2	232	67	45	33	242	2	9	10	52	64	106	141	63	129	24	187	1	196	150	232	154	192	37	128	240	128	
127	127	232	4	251	55	223	250	3	228	156	175	75	236	215	20	30	228	245	247	204	19	244	200	122	93	141	191	239	247	94	85	
54	77	98	238	84	2	206	104	69	0	249	2	107	72	53	64	120	169	23	227	200	163	4	205	50	233	130	136	117	187	112	128	
154	219	118	188	2	144	60	247	133	4	214	231	45	143	166	197	102	243	143	193	228	143	6	253	242	227	254	139	55	148	173	91	
58	1	114	224	54	57	250	82	109	0	255	2	15	11	180	96	110	137	31	249	138	179	101	196	210	221	170	208	103	142	113	1	
34	143	98	158	215	210	190	230	157	196	216	163	104	236	54	192	250	235	147	199	228	155	46	239	50	54	142	139	23	62	61	222	
130	205	150	157	240	168	60	167	62	3	90	16	172	162	0	64	231	107	59	128	114	216	67	255	44	54	94	130	132	80	161	137	
3	148	19	185	83	244	184	83	188	73	90	84	188	158	32	232	231	59	19	145	183	156	50	215	13	54	26	194	152	4	161	223	
27	83	46	142	47	151	158	104	205	204	222	175	236	248	55	192	254	229	255	231	196	163	30	253	242	113	143	155	95	62	57	87	
59	5	106	225	118	50	219	82	117	224	255	134	27	13	183	240	126	140	23	189	169	178	37	142	242	205	162	132	231	142	112	241	
35	2	200	189	20	130	104	51	52	99	82	215	177	35	146	64	108	172	63	141	173	156	69	207	204	46	186	192	45	140	120	152	
2	157	50	158	223	213	190	231	158	76	88	131	172	254	38	64	239	123	147	193	102	139	58	255	61	54	158	171	21	92	181	223	
250	1	98	232	92	3	202	81	109	0	255	10	11	11	52	80	106	133	95	249	216	171	69	204	146	249	130	220	39	142	112	128	
43	221	67	206	85	23	238	248	85	72	126	70	120	249	188	228	120	236	22	238	201	178	61	254	54	124	135	128	127	190	120	164	
2	221	50	159	255	197	188	231	158	91	88	19	172	254	32	64	231	123	179	129	114	152	18	247	45	54	30	203	16	92	165	219	
2	148	59	217	87	228	177	103	254	73	78	18	188	190	36	100	231	59	19	16	179	152	50	215	77	62	26	74	152	0	165	187	
1	8	183	185	116	186	232	19	124	73	82	84	189	8	176	232	195	47	54	29	183	188	101	215	132	62	186	192	140	136	89	237	
2	141	22	153	244	172	188	167	62	27	90	16	172	186	32	64	199	59	51	1	114	216	3	247	44	54	158	194	144	72	129	137	
61	93	83	79	85	31	102	248	85	104	252	78	90	209	181	244	120	236	22	110	201	178	124	255	54	124	133	40	127	190	114	164	
2	221	50	155	245	197	188	231	158	27	88	17	172	190	32	64	231	59	179	17	242	152	18	247	45	54	30	203	144	92	165	219	
250	65	98	232	14	19	202	113	5	32	244	138	11	15	180	112	126	133	95	234	200	167	101	204	178	249	170	184	55	142	114	140	
129	138	115	89	116	173	233	51	124	9	118	80	188	3	148	108	195	42	6	24	179	188	97	215	12	190	50	64	192	136	65	169	
72	184	182	248	173	221	116	215	235	251	164	24	174	255	100	190	133	115	255	16	23	105	178	241	159	219	87	123	210	84	207	27	
2	249	112	216	238	129	184	135	143	89	16	179	172	158	124	10	167	27	151	149	210	8	6	241	14	24	158	234	21	148	145	217	
2	161	240	209	228	129	248	71	143	49	49	146	136	14	124	11	239	139	23	145	146	120	66	193	12	24	158	228	149	12	241	137	
2	253	50	155	211	197	190	239	30	69	72	179	172	254	38	64	239	123	147	145	118	24	26	255	45	22	158	107	21	92	165	222	
185	69	106	228	118	18	79	113	85	64	247	130	91	13	178	113	126	156	21	238	233	179	37	142	242	233	160	132	103	186	112	241	
147	203	78	188	62	145	188	103	140	68	218	231	45	138	178	192	110	43	159	197	198	137	6	253	176	33	186	139	61	156	185	221	
126	121	123	234	59	211	91	200	173	232	189	168	127	223	107	112	254	253	221	242	73	3	168	232	251	213	15	59	99	51	39	115	
60	117	123	100	118	87	87	112	65	224	253	46	91	95	185	48	126	252	151	234	201	179	56	140	243	205	37	1	111	187	102	243	
18	174	238	156	250	208	188	230	191	151	210	179	44	174	166	66	103	251	175	129	118	219	134	255	250	35	254	139	53	84	173	207	
41	253	99	78	93	159	70	252	83	232	248	76	122	240	189	180	88	236	22	110	203	178	252	255	54	60	5	60	123	191	82	164	
34	239	96	154	215	209	190	238	31	5	88	163	40	236	54	0	255	107	131	215	230	58	78	255	62	20	159	235	85	30	191	206	
74	188	183	242	137	252	52	231	191	155	38	17	172	191	96	255	161	119	251	16	51	201	178	225	143	242	94	75	130	68	175	127	
155	91	111	252	38	144	191	246	165	76	214	231	57	143	183	229	102	243	183	205	229	139	38	237	114	107	254	136	63	148	57	125	
130	234	102	152	109	217	244	231	223	85	100	151	168	138	54	197	235	43	138	68	102	125	54	245	54	80	86	43	86	28	237	222	
83	223	111	221	178	144	173	119	228	64	94	230	57	166	182	101	102	167	31	141	209	153	36	205	116	47	190	128	45	132	177	125	
131	221	109	199	102	18	239	181	84	98	94	230	113	38	150	101	54	70	23	239	225	156	45	127	100	43	239	128	45	178	241	253	
3	138	2	153	48	171	40	7	62	1	66	245	172	130	162	200	199	43	59	149	54	156	65	223	132	54	186	192	152	4	41	12	
80	120	155	240	33	237	113	70	169	234	34	8	190	151	97	56	160	57	72	16	1	221	16	8	217	213	22	34	192	80	7	58	
251	93	96	230	38	144	222	180	9	64	60	162	123	95	191	33	126	241	149	238	232	36	44	255	242	221	173	140	119	191	80	121	
124	76	98	238	28	147	74	120	197	0	253	10	123	201	181	80	120	168	31	234	200	167	44	159	242	237	161	184	119	171	114	0	
179	72	103	206	70	131	235	112	196	64	213	198	113	196	181	101	126	232	22	238	233	183	44	253	48	40	234	128	63	187	112	252	
2	157	63	216	147	227	177	103	140	69	78	162	188	183	32	96	230	59	155	129	19	153	48	255	109	38	154	67	148	8	165	122	
63	206	106	190	126	147	203	248	215	76	253	231	99	200	183	64	126	232	23	239	204	163	46	191	242	111	161	152	119	175	120	205	
188	74	106	254	126	147	203	112	149	68	213	231	113	205	183	64	126	168	151	239	204	167	46	191	82	237	162	137	55	191	124	240	
219	75	110	252	102	144	237	119	229	72	86	230	57	175	183	225	110	243	151	205	237	185	36	237	114	235	254	128	47	156	248	121	
6	201	112	218	108	137	250	196	205	16	176	10	172	202	125	66	238	225	95	195	194	35	74	241	22	24	138	168	21	155	113	137	
179	72	103	94	70	130	235	240	212	64	246	198	113	196	181	101	126	232	22	238	201	183	36	253	48	40	226	128	127	187	112	252	
60	56	59	241	245	239	113	146	203	232	46	8	30	157	97	56	161	125	17	80	1	57	48	56	207	221	17	114	192	121	69	186	
1	142	19	89	52	175	169	55	124	9	126	84	180	49	180	100	135	42	22	12	179	184	33	95	44	62	50	192	200	128	193	169	
131	186	193	27	114	169	170	158	30	107	80	247	172	4	150	140	55	43	22	21	183	156	77	243	12	22	58	226	220	140	9	221	
187	159	104	108	182	151	95	61	81	76	124	173	123	93	182	165	22	49	149	110	253	168	44	191	106	223	37	216	119	134	214	125	
155	219	78	188	6	144	174	244	132	64	210	231	41	200	182	193	110	225	159	199	204	143	6	253	178	97	170	136	61	156	57	221	
130	157	150	156	245	196	188	230	190	11	88	49	172	190	32	64	231	123	191	129	114	219	18	255	45	54	158	138	144	84	165	155	
50	5	98	204	84	35	202	104	73	160	249	10	11	9	53	0	120	161	23	227	200	163	64	220	50	204	139	148	119	170	114	128	
111	94	227	200	229	116	238	199	25	75	124	230	8	238	247	236	255	235	151	157	215	58	166	226	54	30	158	170	159	254	248	253	
29	4	106	239	86	50	235	112	84	194	95	130	81	109	191	96	126	172	23	175	169	180	37	142	114	111	171	128	55	235	112	240	
142	120	178	217	83	245	186	198	63	47	68	17	172	158	103	172	189	123	147	209	38	220	50	243	15	85	26	99	146	93	15	222	
60	5	106	236	84	18	238	112	69	128	255	2	83	105	189	97	122	229	21	235	200	179	37	140	242	237	162	128	37	251	112	0	
151	76	99	207	22	18	235	112	117	194	87	198	121	231	181	100	126	236	55	239	233	149	37	238	112	46	170	128	39	247	113	244	
46	120	242	208	207	249	182	194	143	214	116	175	172	220	119	140	239	121	131	83	6	114	18	240	31	87	95	43	215	125	127	222	
144	204	88	216	44	221	86	246	148	10	212	26	179	151	35	65	73	168	15	72	106	47	98	191	243	139	114	57	50	152	40	139	
151	149	83	139	18	158	186	240	60	65	67	215	93	70	62	197	54	9	18	239	247	148	29	255	52	42	10	64	61	135	169	212	
106	121	226	132	229	244	223	247	11	236	156	143	56	188	119	164	252	239	183	197	201	58	182	232	127	29	143	187	143	126	94	127	
96	8	114	208	100	173	248	66	201	26	120	24	174	136	53	27	202	33	6	3	128	38	66	224	134	152	82	56	196	217	83	129	
79	46	250	244	239	180	184	66	168	142	222	171	173	190	247	138	239	127	183	149	132	75	130	200	86	125	187	171	135	245	43	143	
25	211	75	143	38	18	173	117	108	76	247	230	245	6	170	224	126	142	14	110	205	152	37	77	244	33	190	128	44	154	161	249	
94	62	162	253	7	252	50	210	181	206	126	35	42	157	99	72	237	122	183	210	10	186	178	160	211	245	178	139	163	125	116	219	
76	124	234	244	71	240	243	210	170	198	124	7	173	255	99	74	105	121	163	146	0	51	178	226	87	229	138	43	163	117	103	218	
51	94	99	92	68	221	70	230	93	74	224	96	34	220	181	252	216	232	22	67	237	190	102	127	17	62	80	138	85	93	116	237	
30	75	242	129	166	203	190	195	76	164	90	227	141	46	183	72	110	123	151	243	212	176	12	224	44	4	175	199	181	255	189	193	
226	76	54	248	109	172	216	86	233	26	48	24	174	153	53	27	142	49	87	0	162	39	2	225	147	248	80	154	82	217	99	11	
188	65	106	229	68	2	111	80	112	128	247	2	81	3	177	89	122	172	23	234	200	182	32	8	118	169	160	128	39	187	96	160	
23	72	211	156	101	114	238	210	213	194	122	70	41	250	183	236	120	233	54	206	141	178	166	232	18	254	210	10	175	245	104	196	
18	89	235	165	214	198	237	23	43	237	94	131	29	191	87	108	238	239	53	157	145	152	181	192	61	126	158	196	165	244	181	249	
28	60	170	225	213	252	243	210	230	205	94	34	153	255	99	40	105	250	159	146	147	176	176	162	95	205	163	233	163	127	117	243	
7	57	225	225	214	175	234	208	79	233	121	199	153	29	85	0	63	201	23	245	147	176	29	212	12	156	175	230	237	139	81	149	
181	64	107	69	68	2	239	80	84	160	247	66	81	1	181	44	120	236	22	234	201	182	37	72	116	168	163	132	101	187	112	160	
13	61	43	193	215	255	171	211	110	233	125	70	157	119	234	164	125	154	150	186	147	176	56	212	125	141	171	228	171	75	151	241	
61	4	106	65	84	42	235	88	100	32	127	2	83	1	185	112	120	140	22	250	137	176	37	14	86	141	160	196	231	139	112	160	
3	160	189	177	53	253	184	2	126	83	82	17	157	30	80	232	195	11	187	149	23	220	81	209	141	223	154	64	156	12	25	212	
17	21	59	116	147	236	49	119	252	77	110	16	190	183	32	96	162	59	26	24	49	185	48	79	229	191	18	66	192	64	165	107	
18	193	82	129	70	128	232	71	45	17	242	18	12	10	52	64	106	141	31	145	18	184	1	193	148	168	154	192	37	0	241	136	
35	211	112	73	117	151	238	237	77	73	124	102	40	8	190	164	222	10	146	108	215	186	100	253	38	28	0	234	95	142	250	173	
35	231	96	73	85	153	170	103	78	97	120	207	40	8	190	164	250	10	146	125	214	186	68	221	38	28	130	227	95	14	219	140	
210	11	78	156	18	144	188	103	164	4	210	167	45	174	178	193	110	163	175	197	108	139	134	237	176	32	250	137	37	132	173	77	
35	235	65	9	85	155	170	229	78	97	112	198	168	8	180	164	216	42	18	245	199	184	100	253	44	24	138	226	95	14	209	220	
100	13	208	124	180	175	90	26	187	137	188	8	239	235	37	16	151	231	108	24	10	233	10	255	138	254	5	94	210	227	66	1	
210	203	70	156	82	128	188	103	172	4	210	231	45	174	182	193	102	231	191	197	228	139	134	237	176	32	250	136	45	148	169	93	
31	153	61	251	189	221	16	171	143	121	190	24	254	254	100	243	193	51	253	16	127	73	123	245	203	219	91	127	154	12	141	115	
180	65	2	172	12	3	226	64	165	0	241	2	99	194	33	64	120	160	14	226	72	167	2	200	176	224	138	24	49	59	48	128	
124	133	102	236	180	154	202	57	91	160	189	10	75	233	188	48	219	230	53	104	248	235	108	159	186	255	133	92	103	170	210	4	
18	193	66	129	196	0	232	71	45	17	250	18	8	10	60	64	106	139	31	145	90	187	1	192	148	168	154	196	37	8	241	136	
147	90	78	190	6	146	190	114	157	198	210	231	41	138	183	193	110	225	191	199	236	143	6	238	50	99	234	139	45	181	57	93	
123	83	42	174	63	151	158	104	205	204	220	175	238	216	55	64	254	229	255	231	204	35	28	253	242	117	143	155	95	62	57	87	
57	5	106	225	118	50	107	83	85	192	126	130	27	13	183	96	126	140	23	189	185	176	37	142	242	237	162	132	231	207	112	225	
1	142	75	181	52	170	104	55	124	67	90	213	177	34	144	96	66	46	31	141	189	156	69	79	132	62	186	192	172	128	89	88	
2	157	34	158	223	193	190	230	158	69	88	163	44	254	38	64	249	123	147	193	118	11	26	255	53	54	158	139	21	92	181	222	
242	1	98	232	92	3	202	113	77	0	248	10	11	11	52	80	106	133	95	224	216	171	65	204	178	248	130	216	119	138	114	128	
122	71	106	172	55	6	95	120	1	140	252	175	107	207	51	80	254	237	149	231	200	179	40	142	243	253	173	155	55	190	118	115	
43	143	98	206	117	151	238	248	93	72	124	70	104	232	182	228	120	232	150	239	197	186	44	255	54	60	135	138	95	174	120	141	
2	221	50	159	247	197	188	231	158	11	88	19	172	254	32	64	231	123	179	129	114	152	18	255	45	54	30	203	16	92	165	219	
1	158	59	217	52	172	185	55	252	73	94	80	188	179	180	100	167	59	30	9	179	184	48	215	13	190	50	194	136	0	225	169	
43	253	66	78	245	159	230	248	95	232	124	78	106	248	191	180	88	234	130	110	199	178	124	255	54	92	5	42	95	190	122	156	
34	239	98	159	223	209	190	239	94	69	88	163	168	236	54	0	219	107	131	199	198	58	110	255	62	20	159	235	85	30	253	206	
186	65	98	236	20	3	78	113	69	0	241	10	11	11	53	80	122	141	95	226	200	167	4	206	178	233	138	184	119	154	114	0	
1	158	59	121	48	172	249	55	252	9	126	84	188	179	32	96	167	58	6	8	179	184	48	95	79	191	50	64	216	128	225	171	
126	121	123	238	59	209	95	232	173	196	188	168	111	223	35	112	254	249	205	226	75	3	232	236	243	213	143	187	35	51	39	115	
2	229	112	195	238	128	252	151	203	113	24	147	173	14	92	34	175	147	151	149	210	8	6	209	46	88	158	236	23	148	129	205	
38	161	224	209	228	160	232	67	203	49	153	18	136	136	116	10	203	139	23	145	146	58	192	192	14	24	158	228	133	200	241	128	
146	14	206	189	242	146	190	246	150	134	90	231	173	174	183	192	111	239	183	133	228	216	4	239	44	39	190	129	45	244	57	221	
74	184	150	208	137	221	52	199	191	155	166	24	174	190	102	254	161	115	251	16	22	105	146	241	155	210	94	123	202	84	139	31	
34	239	96	155	215	209	190	239	30	69	88	163	168	236	54	0	219	123	147	213	118	58	110	255	47	22	159	235	85	30	189	222	
74	188	151	220	203	208	180	231	191	23	70	49	172	254	100	207	163	123	235	17	50	73	146	241	187	114	94	75	130	84	173	63	
219	91	110	220	98	144	125	247	181	76	86	230	57	143	183	225	102	243	183	205	225	153	36	239	114	107	254	128	47	148	185	121	
2	220	38	157	13	217	180	231	223	87	76	135	174	140	54	73	235	43	163	133	198	60	118	241	135	82	222	43	86	92	253	222	
3	142	18	189	48	174	40	39	60	73	74	117	172	34	176	192	199	43	26	13	183	156	1	95	132	54	58	192	152	4	41	13	
61	94	106	142	126	147	203	112	213	204	253	230	115	200	183	32	126	168	22	239	205	167	44	159	242	109	161	152	127	175	120	213	
195	159	69	143	50	50	174	191	60	99	90	231	253	38	148	229	55	71	63	173	245	152	45	255	44	46	250	192	45	196	33	93	
181	72	111	222	68	131	235	112	196	194	215	198	113	197	181	101	126	232	22	238	233	167	44	236	80	40	226	136	61	187	112	244	
18	157	127	220	146	192	61	103	172	65	78	162	60	183	160	97	102	51	155	128	83	153	36	221	113	165	154	195	53	0	165	123	
188	74	107	254	110	146	203	112	149	78	213	231	113	205	183	64	126	168	23	239	201	167	46	190	82	237	163	137	55	191	116	241	
27	90	99	220	70	148	239	242	133	202	214	231	57	222	181	100	110	225	23	207	201	135	38	237	50	104	234	136	63	183	49	253	
26	146	94	161	42	139	56	221	174	61	23	183	77	135	234	89	55	29	239	16	22	85	11	81	214	193	123	247	52	130	141	75	
187	205	96	231	38	18	94	181	81	194	252	130	123	79	149	37	126	249	21	238	232	182	44	255	242	221	173	128	119	254	112	89	
146	210	92	169	42	73	49	205	142	61	20	187	172	151	234	91	167	27	207	48	66	5	10	209	214	193	58	255	52	8	141	139	
137	157	109	73	182	147	251	61	84	68	94	230	249	109	178	97	22	58	151	238	181	152	37	191	110	79	33	192	127	134	209	249	
179	72	103	158	6	146	234	80	213	194	210	198	113	204	181	237	110	224	62	239	237	167	38	237	16	42	234	136	63	191	112	252	
50	5	98	236	84	35	202	104	69	0	249	10	75	8	61	0	120	129	23	227	136	163	0	220	50	204	128	148	117	170	114	128	
35	223	227	204	245	212	190	231	91	79	124	230	40	190	246	228	255	171	147	149	215	58	244	194	62	92	158	171	159	126	252	253	
159	76	227	158	2	178	170	80	181	194	83	198	121	230	181	237	118	237	55	239	165	213	36	234	16	110	234	128	47	247	49	245	
10	120	178	153	193	213	188	198	15	78	92	1	172	158	103	140	189	59	147	209	70	154	50	241	39	85	30	171	146	94	175	223	
60	5	106	236	84	2	207	121	64	128	255	2	81	107	185	65	122	228	23	235	232	179	5	140	114	233	226	132	37	234	112	0	
31	77	70	137	147	151	238	244	180	72	218	199	89	194	191	197	124	169	23	255	213	145	28	252	48	8	175	196	191	151	169	212	
42	121	178	141	199	221	180	199	15	196	92	139	172	190	103	132	238	59	147	209	70	186	178	232	55	85	30	43	215	126	47	222	
40	29	210	236	245	246	116	87	132	140	122	3	9	187	39	192	200	62	131	0	20	154	16	136	103	237	162	1	178	252	116	203	
25	211	73	143	52	22	239	125	36	76	247	230	247	70	186	96	126	140	14	238	217	178	109	93	244	41	170	132	61	138	161	241	
32	12	242	214	100	168	232	2	201	3	120	24	170	40	53	26	202	162	23	0	136	40	66	224	6	248	210	24	197	217	82	136	
32	92	243	92	100	166	167	214	76	14	248	100	50	168	181	124	76	122	6	9	129	163	116	127	21	62	34	8	85	121	118	189	
30	203	82	128	246	130	190	247	140	4	82	231	13	206	179	196	102	113	159	247	212	185	4	238	60	68	175	197	55	188	189	213	
58	124	178	189	43	229	16	214	63	78	222	39	46	191	99	72	237	251	183	129	138	154	210	225	147	245	26	139	146	93	37	219	
188	65	106	229	68	2	111	80	112	130	119	2	83	3	185	88	122	172	23	234	200	182	32	138	118	237	166	132	39	187	112	160	
33	27	227	141	228	246	236	67	79	200	122	66	57	190	181	232	232	235	54	133	141	186	164	200	7	108	178	8	149	120	112	205	
112	133	100	236	252	139	206	57	91	160	177	10	75	105	28	17	218	228	117	99	248	235	72	159	186	254	197	92	119	170	210	0	
29	153	43	129	244	159	235	241	78	233	254	102	153	22	178	228	124	168	22	252	147	184	61	220	125	13	175	196	159	143	225	241	
61	153	118	105	181	159	127	113	101	104	127	32	91	29	182	116	254	30	159	126	220	184	41	156	111	217	33	196	118	143	240	231	
26	63	226	188	85	240	248	70	143	196	92	135	173	175	115	72	234	107	163	145	4	26	178	232	215	245	154	43	183	124	45	222	
28	61	178	225	215	252	243	210	165	204	92	35	57	191	99	36	236	186	151	144	147	186	176	232	255	205	166	235	163	237	101	251	
189	5	110	97	20	58	235	48	101	32	119	18	91	9	156	101	122	132	22	234	184	176	101	12	70	233	160	196	103	171	112	160	
2	148	62	216	189	229	177	99	158	29	12	18	188	190	36	96	165	19	187	17	50	9	50	215	201	54	26	75	144	0	165	39	
45	215	113	205	116	91	111	185	85	104	255	234	219	117	156	244	126	220	54	234	201	178	109	159	103	237	165	132	119	186	196	177	
151	121	107	225	86	207	235	83	79	232	18	199	29	156	117	160	174	57	23	221	147	184	52	220	45	28	175	224	109	136	81	241	
96	45	210	220	120	171	90	138	187	161	184	8	238	234	5	16	150	231	108	80	50	107	8	255	184	254	3	122	208	97	67	9	
106	248	106	16	115	212	184	68	171	77	116	175	44	206	118	144	174	187	151	213	151	27	180	229	127	93	138	235	143	4	47	223	
128	140	150	147	182	138	172	167	190	19	82	18	236	98	8	67	115	67	42	16	114	220	75	239	172	54	223	68	132	40	161	136	
223	30	199	158	66	162	170	80	188	194	83	231	77	238	183	207	118	229	183	231	165	215	140	234	20	34	235	128	173	247	41	213	
88	153	62	250	189	253	16	239	239	121	182	56	254	255	98	123	231	179	255	17	63	107	58	245	219	219	91	123	152	8	141	27	
164	197	192	142	92	1	198	236	147	130	184	10	98	232	109	19	89	224	78	226	104	99	74	223	60	30	207	60	85	122	114	136	
147	121	115	65	114	219	186	87	109	224	126	231	12	156	246	36	174	57	151	85	199	184	52	236	38	88	24	226	79	140	135	223	
66	236	144	156	56	170	58	174	191	139	26	0	236	234	32	80	151	115	127	129	2	205	130	255	140	54	95	154	20	80	1	9	
114	68	230	236	92	2	206	236	83	162	184	10	107	107	53	19	122	229	53	227	232	227	76	206	178	254	207	184	103	250	114	8	
40	94	113	77	61	237	227	254	68	14	252	174	187	229	149	36	30	122	70	74	131	170	228	191	96	172	32	184	127	251	70	249	
105	216	184	254	108	204	117	255	251	75	252	13	254	251	2	112	209	239	127	9	214	42	250	51	247	255	246	56	88	40	194	219	
138	248	176	153	233	212	188	79	63	95	84	53	172	222	70	140	197	59	183	17	198	92	178	211	15	81	31	235	130	20	175	215	
130	169	180	153	254	130	188	175	158	145	16	18	236	234	112	73	183	59	63	145	178	104	138	247	12	22	223	206	148	0	161	137	
60	47	123	225	180	143	107	240	53	172	254	76	219	231	177	16	124	252	95	126	153	184	57	62	253	223	165	192	99	171	100	249	
185	5	106	237	70	18	79	113	85	66	247	130	91	13	187	117	126	140	23	238	233	178	37	142	242	233	160	132	103	186	112	224	
58	5	98	224	116	51	202	87	77	0	255	10	11	11	181	112	122	129	23	184	152	178	97	206	178	221	162	208	103	203	114	128	
151	4	235	197	198	50	173	89	124	226	87	214	81	44	191	108	126	140	55	175	177	180	37	202	20	46	234	132	173	240	113	245	
61	5	106	225	246	50	107	87	85	97	126	130	91	45	183	32	126	140	23	188	185	176	37	142	118	237	160	132	231	207	240	225	
208	89	63	244	19	204	53	119	236	192	78	6	180	179	32	115	162	55	57	8	97	185	48	13	243	235	86	2	40	16	165	43	
90	201	42	174	31	145	159	232	143	132	140	139	238	200	114	64	250	227	251	231	76	35	154	253	243	117	143	59	23	62	61	70	
58	87	106	172	119	151	95	120	5	196	252	143	107	237	50	80	254	233	151	231	204	179	60	159	243	253	137	155	119	190	118	114	
186	5	98	232	84	3	202	113	69	32	249	10	11	11	52	81	122	136	31	226	216	179	64	206	178	201	130	144	119	139	114	128	
56	15	107	237	118	210	127	112	20	196	126	163	121	239	178	112	126	252	151	234	200	178	36	143	119	237	160	129	119	186	116	243	
35	143	98	158	117	151	254	232	95	76	124	135	104	232	182	228	216	234	130	199	198	186	110	255	54	62	135	171	95	174	120	205	
2	157	34	158	223	193	190	230	30	69	88	163	172	254	38	64	255	123	147	193	102	154	26	255	61	54	158	139	21	92	181	222	
2	221	18	159	241	197	190	231	30	27	88	18	172	254	32	64	231	123	179	1	114	152	18	255	45	54	30	202	16	92	161	155	
210	74	78	188	74	128	190	246	152	134	214	231	45	175	179	67	110	225	191	199	228	143	6	237	240	99	250	137	45	181	57	217	
24	181	27	173	24	207	83	248	54	164	204	9	247	247	32	80	248	253	111	96	10	147	219	31	253	165	47	61	48	42	7	226	
34	239	96	155	215	209	190	238	30	69	88	163	168	236	54	0	219	107	131	197	86	186	110	255	46	22	159	235	85	30	157	222	
210	203	110	188	74	192	61	103	164	4	214	163	45	135	162	81	102	179	143	193	96	143	34	237	240	35	254	139	53	20	165	107	
60	125	123	238	83	211	87	224	33	192	236	42	127	223	33	48	254	249	213	226	73	179	56	189	243	205	5	59	123	51	102	242	
39	175	96	27	245	157	246	236	95	233	124	76	104	232	190	180	217	234	146	79	198	186	94	255	46	28	5	107	95	158	218	140	
185	5	110	229	68	18	239	113	85	66	247	130	91	45	182	97	126	132	23	238	249	178	37	142	114	235	224	132	103	170	240	224	
19	31	66	157	246	146	174	246	20	202	90	231	233	234	183	192	127	239	183	205	229	152	5	239	46	47	190	128	45	244	57	221	
90	184	215	156	203	208	180	103	191	151	82	179	44	190	228	198	39	123	235	145	38	219	166	249	30	34	94	139	167	68	173	223	
34	239	32	155	215	209	190	239	30	101	88	163	172	236	118	0	219	123	147	209	118	154	110	255	45	22	159	239	149	94	181	222	
27	91	106	220	98	144	173	118	181	78	94	231	57	143	183	228	102	251	151	205	193	139	38	239	114	109	190	136	47	148	41	249	
153	77	236	119	102	18	239	53	80	194	94	130	121	109	147	227	126	246	183	238	229	244	45	238	102	107	231	128	39	242	208	249	
67	158	69	159	186	186	40	51	189	67	90	247	237	110	132	199	39	103	124	133	181	200	199	239	164	54	122	194	44	228	137	93	
181	8	239	206	68	34	235	80	212	194	215	194	81	205	181	109	122	168	54	238	169	183	36	200	80	42	226	128	53	235	112	228	
218	90	78	188	6	128	79	246	149	6	214	231	41	171	179	67	110	225	189	207	232	143	6	237	242	99	234	137	61	181	56	89	
63	91	107	222	70	242	235	80	133	192	223	230	121	207	181	103	126	249	23	239	137	131	52	232	82	105	234	136	47	255	112	241	
72	40	187	120	37	232	113	67	246	29	246	48	182	215	96	121	192	56	110	16	26	111	162	17	211	249	112	75	192	0	102	99	
186	205	96	239	54	18	94	189	81	130	252	130	107	109	181	53	126	236	21	234	232	182	44	175	242	239	229	128	119	254	240	9	
3	158	199	153	58	178	56	23	159	91	90	245	236	230	164	204	199	35	175	21	183	140	71	223	140	118	58	194	156	140	137	93	
137	157	108	105	182	179	251	63	85	72	94	167	249	109	182	97	22	58	151	236	245	152	101	159	110	207	33	192	119	134	208	249	
151	4	235	133	150	50	237	85	117	227	95	214	89	38	190	108	127	140	23	189	177	212	37	202	92	46	191	196	167	228	177	245	
50	5	66	172	20	35	206	105	5	0	251	10	75	40	61	1	120	133	23	227	120	179	0	204	176	232	138	156	117	122	112	128	
151	4	231	197	214	34	235	81	116	194	223	210	81	110	189	100	126	228	23	175	177	145	37	206	48	46	171	132	165	227	240	116	
30	203	66	144	214	146	190	243	165	4	210	227	9	142	163	196	102	253	143	210	196	153	4	236	58	100	174	193	55	188	173	205	
25	209	107	201	52	150	107	240	100	108	214	230	89	71	178	96	126	140	30	238	217	145	37	221	246	105	171	196	63	172	121	241	
200	153	58	250	238	205	17	239	191	121	180	56	190	223	98	112	231	187	255	16	23	43	186	247	223	215	51	123	24	8	141	27	
41	27	163	172	245	182	165	87	70	73	88	102	185	188	177	228	78	58	150	73	131	186	100	137	53	109	42	128	255	252	112	253	
188	65	106	229	196	2	111	117	112	130	246	2	89	11	177	96	120	204	23	234	232	182	33	138	118	237	166	132	103	186	240	160	
26	153	82	229	87	210	120	102	172	164	82	35	45	159	32	192	102	189	147	192	68	153	16	237	58	205	174	195	39	4	45	139	
29	153	118	97	180	159	126	241	101	104	254	32	91	157	182	96	254	188	31	110	220	185	37	156	126	249	161	198	119	172	240	231	
118	137	118	236	188	139	222	49	93	160	243	10	75	201	52	16	218	229	117	99	248	187	77	253	186	254	1	212	119	171	210	1	
29	153	58	225	117	223	251	115	229	232	86	38	153	159	178	228	108	184	159	248	213	185	32	220	255	201	163	196	55	140	117	247	
11	121	123	208	119	211	185	71	236	196	86	130	60	156	54	160	46	59	151	221	193	185	52	236	113	9	58	195	71	140	45	249	
159	13	71	167	132	18	238	112	244	194	219	214	81	104	179	231	122	236	60	239	237	245	12	138	176	106	239	132	45	255	120	212	
26	59	114	249	181	212	112	87	181	200	124	35	58	191	33	36	236	187	151	144	154	186	48	236	251	221	134	203	227	140	100	223	
64	45	82	156	244	171	250	142	187	128	184	8	238	234	5	16	178	231	78	80	50	107	2	255	188	190	11	120	208	1	67	9	
171	120	98	154	115	212	184	69	169	77	117	167	40	206	118	180	238	185	151	149	198	31	182	213	119	89	138	235	31	6	126	223	
26	59	162	189	85	244	120	71	31	77	92	167	172	191	103	64	232	187	151	145	14	26	178	233	131	245	154	171	183	76	53	223	
162	4	240	243	100	40	232	6	89	3	121	26	171	40	93	10	235	131	23	17	170	36	64	194	134	252	146	136	229	218	82	136	
41	77	99	205	116	223	239	112	93	232	126	226	91	69	180	228	126	252	22	234	217	184	101	254	55	237	163	192	127	171	88	181	
43	146	242	204	117	213	187	119	91	77	124	174	40	188	246	164	255	187	147	137	151	58	180	215	63	28	146	235	223	142	252	253	
18	220	178	189	51	228	24	199	31	73	216	33	172	190	37	64	247	187	191	129	130	155	195	241	177	116	26	155	144	92	33	91	
66	236	146	156	120	171	60	175	191	1	154	0	236	226	32	80	183	99	127	129	2	73	131	255	172	54	31	154	20	80	129	9	
10	185	176	233	233	213	188	199	15	77	92	37	172	190	102	132	220	59	151	1	214	58	114	209	103	85	30	171	18	94	175	223	
10	251	176	153	233	220	188	79	63	127	84	37	172	158	198	204	231	27	183	17	214	92	226	209	47	85	30	235	146	84	143	223	
3	139	178	159	111	245	184	71	223	77	92	39	172	234	182	12	238	43	162	133	150	58	162	241	6	116	218	171	151	76	173	207	
2	152	162	157	109	249	188	71	159	71	88	135	172	172	118	64	235	43	171	5	6	58	54	241	135	86	154	43	148	76	53	222	
2	252	148	153	172	135	188	239	158	59	90	48	172	222	96	64	215	63	255	145	82	205	3	247	172	54	95	210	20	0	129	9	
38	173	98	209	228	160	236	39	201	49	155	18	136	42	116	2	203	163	23	145	218	58	68	194	46	28	158	224	133	200	240	128	
48	133	66	129	196	0	236	71	37	1	251	18	8	10	96	64	104	139	14	144	90	187	65	194	180	4	154	68	21	8	240	128	
18	133	96	225	214	160	236	103	9	51	153	18	9	10	92	0	111	131	23	145	250	26	64	215	190	220	158	228	165	204	241	128	
137	4	235	193	214	50	239	87	116	227	94	214	17	45	158	96	127	78	23	189	177	252	37	202	110	47	182	196	167	248	240	241	
3	182	229	145	178	42	173	159	62	115	90	247	156	46	222	175	39	79	23	157	183	220	37	226	140	22	254	198	141	196	129	253	
122	141	106	174	31	211	223	232	5	4	204	11	111	232	50	16	248	235	159	231	78	43	24	255	251	245	143	59	119	46	62	70	
184	5	110	225	214	50	107	87	85	97	126	18	91	41	180	96	126	142	23	184	184	184	37	142	114	239	160	196	231	219	240	160	
56	13	107	238	87	215	95	120	5	68	252	131	107	239	50	80	122	251	151	230	72	179	56	191	243	237	129	1	119	190	116	226	
35	142	98	158	125	145	190	226	95	76	88	167	104	232	182	64	217	171	131	135	166	186	110	255	54	62	139	171	85	14	125	206	
2	157	50	159	95	197	190	238	30	71	88	51	172	254	34	64	255	123	147	193	98	154	82	255	45	54	158	235	21	28	181	219	
184	5	98	236	212	3	206	117	85	0	252	10	11	41	48	81	122	140	23	235	248	179	0	142	242	237	160	144	119	170	242	128	
151	4	231	145	150	50	172	83	124	211	83	214	89	238	189	239	119	141	31	189	181	213	37	202	28	42	255	132	173	228	177	245	
74	56	214	156	75	209	176	71	191	149	210	179	44	190	38	198	163	59	235	129	6	203	134	245	30	50	94	139	7	4	173	159	
35	175	96	27	245	153	190	238	94	109	120	175	168	232	118	0	217	107	131	85	214	58	110	255	46	30	159	235	85	14	223	206	
34	173	32	155	215	209	190	239	30	101	88	163	172	236	118	0	219	123	147	145	118	26	110	247	45	22	159	235	149	92	149	222	
223	30	199	180	18	178	170	80	180	194	211	247	77	234	179	203	103	229	191	191	173	213	4	206	144	98	235	128	173	229	57	85	
61	93	123	110	87	215	87	240	69	192	236	10	123	221	33	48	120	249	23	234	72	179	56	61	243	205	5	9	115	187	98	234	
2	142	230	157	114	144	188	246	191	143	82	247	45	174	166	196	103	251	167	133	166	216	6	239	60	38	254	131	39	132	173	221	
146	142	194	157	242	130	174	246	53	143	218	247	41	174	182	68	127	239	167	133	228	218	5	239	60	38	190	128	167	244	185	221	
27	95	98	220	114	144	190	118	161	200	94	231	57	143	183	228	110	251	151	205	197	139	38	239	114	109	190	136	47	148	41	253	
181	4	239	204	132	50	233	81	84	194	215	82	81	233	191	111	122	172	63	191	185	183	37	202	82	43	227	132	165	234	112	224	
61	2	235	236	86	50	235	80	85	196	199	135	81	205	187	72	126	172	19	175	137	183	52	138	210	237	131	8	55	175	112	240	
63	27	235	206	102	210	235	80	133	196	215	230	81	207	183	108	126	236	23	239	137	147	36	200	82	105	235	136	47	175	116	240	
216	158	158	248	56	160	48	87	191	31	246	117	174	171	162	89	231	187	237	144	58	79	2	215	218	247	50	203	146	128	175	11	
67	159	15	157	178	162	169	55	188	93	90	245	244	166	166	103	71	103	126	13	245	152	167	79	172	54	122	192	12	196	161	125	
186	205	96	237	38	18	94	61	81	130	254	130	107	109	180	117	126	236	21	234	232	182	45	239	242	255	229	128	119	254	240	141	
11	159	111	153	178	182	169	55	124	93	94	244	253	38	182	97	87	54	62	45	177	152	101	127	76	47	122	192	156	196	177	125	
155	157	100	105	246	179	255	63	85	96	126	178	121	125	182	97	54	187	149	172	180	184	37	191	110	255	161	192	119	196	208	253	
147	132	239	193	150	34	237	215	116	227	86	146	81	47	190	109	119	206	31	189	177	220	37	206	124	46	190	196	165	192	240	248	
184	5	106	228	212	34	238	119	81	128	254	18	91	41	56	65	120	204	23	235	248	178	1	142	242	235	166	132	103	250	240	128	
153	5	110	197	214	34	239	127	116	226	126	18	81	43	188	97	127	198	55	172	241	252	37	206	126	47	230	196	165	224	240	160	
114	64	230	204	124	2	206	108	89	160	243	10	106	232	60	18	90	229	127	227	232	227	201	205	176	190	207	148	101	58	114	8	
3	31	106	197	114	50	185	55	12	233	94	230	157	38	180	100	102	63	23	141	145	152	101	204	102	61	186	128	36	196	5	253	
184	69	70	229	212	2	110	117	49	130	246	18	91	43	185	81	122	204	21	234	104	183	1	142	242	233	166	132	103	250	240	128	
25	216	114	237	37	158	121	114	101	104	94	38	25	31	182	100	230	172	159	236	197	185	37	221	247	249	162	134	55	172	113	255	
112	201	70	204	124	139	206	97	153	160	242	10	202	232	52	16	90	229	127	99	88	171	64	253	178	186	197	16	117	168	210	0	
40	157	58	234	246	237	115	247	95	73	252	42	62	255	98	112	255	187	151	0	18	59	58	247	255	221	50	107	18	202	167	251	
27	155	107	148	246	220	182	247	141	76	86	231	44	156	182	64	166	51	151	69	213	185	52	237	114	101	58	194	15	140	181	127	
10	89	107	240	103	209	191	119	236	68	86	162	61	157	182	164	46	51	151	203	195	187	54	253	115	89	186	131	87	140	173	249	
188	64	102	225	196	42	102	240	117	178	247	18	75	9	189	89	123	196	6	234	168	180	1	238	18	235	224	4	103	249	96	0	
221	76	252	71	166	58	239	158	124	242	22	18	89	41	215	111	39	198	60	250	161	244	173	234	126	75	231	132	167	241	81	104	
64	45	86	156	252	139	250	230	191	128	250	8	174	202	37	17	178	227	78	80	50	171	2	255	188	190	10	88	84	1	67	9	
42	250	98	250	123	149	191	87	173	76	116	167	41	223	54	5	238	187	151	199	198	11	38	253	119	89	138	203	87	20	255	223	
54	4	224	227	244	40	234	3	89	3	123	26	203	40	29	10	123	130	23	178	170	180	73	194	150	222	210	128	229	251	208	128	
41	77	99	207	116	159	239	116	85	232	254	10	123	120	181	228	92	238	22	238	205	186	101	254	54	221	161	128	127	186	88	172	
43	178	98	200	119	177	250	80	75	77	125	175	40	204	254	36	254	137	147	149	150	58	164	211	94	28	136	235	223	142	120	215	
43	154	226	138	119	145	187	90	75	77	121	175	40	236	246	164	255	11	179	149	150	58	174	241	92	92	154	235	223	142	117	223	
50	141	96	179	212	160	236	167	89	3	155	18	137	42	92	0	107	139	23	145	186	186	64	230	188	220	158	196	165	72	240	128	
141	141	236	243	246	50	255	183	116	227	94	146	249	45	150	109	119	222	23	189	243	252	45	239	110	207	182	192	167	213	241	233	
15	253	237	211	182	179	191	183	126	247	94	246	253	111	146	105	55	123	151	159	243	216	47	253	110	15	255	192	142	213	145	249	
56	175	42	174	93	211	87	226	135	12	252	43	107	249	42	16	248	251	135	195	74	171	8	191	251	213	165	251	115	14	126	235	
56	13	107	239	86	199	255	112	68	68	254	2	113	237	50	96	120	250	19	238	72	187	60	191	115	175	162	1	119	170	116	242	
2	157	50	159	95	197	190	238	30	75	88	51	172	254	32	64	253	123	179	129	34	154	90	255	61	54	158	235	16	12	165	219	
184	5	98	236	212	3	78	119	85	0	250	26	11	41	48	81	120	142	23	226	248	187	1	142	178	237	128	192	119	187	242	128	
34	142	98	159	125	153	186	230	95	77	88	135	168	236	54	0	217	43	131	5	166	186	110	255	46	30	154	171	85	14	125	206	
137	141	108	211	214	50	237	183	116	83	94	146	217	45	150	105	127	70	55	190	181	252	45	238	110	107	246	196	167	212	241	249	
34	173	32	155	245	201	190	238	30	69	88	163	172	236	54	0	217	123	147	145	54	186	78	255	45	22	159	235	85	12	213	222	
2	142	194	157	114	146	170	246	63	13	90	231	169	174	182	68	126	107	167	141	166	216	6	255	44	38	190	128	47	132	41	221	
43	188	81	88	217	221	114	206	63	1	108	72	40	214	228	180	217	250	194	24	3	58	250	255	63	92	5	107	91	140	106	188	
75	220	237	87	166	58	173	183	124	115	94	246	249	47	154	107	55	70	61	175	241	216	173	239	102	43	254	132	167	244	241	121	
40	205	123	78	213	207	71	246	196	8	252	0	115	245	48	48	88	234	22	106	74	171	42	63	115	141	36	9	115	250	230	234	
19	157	99	142	84	150	239	246	92	192	90	70	113	232	181	228	126	238	18	239	229	184	53	239	53	46	142	0	45	254	113	252	
27	91	99	206	82	144	206	244	161	200	222	231	57	142	183	228	110	251	149	207	205	155	36	236	50	109	170	136	47	183	56	221	
11	189	237	211	178	184	189	151	58	115	30	182	189	47	222	43	39	91	125	157	183	88	239	243	110	15	255	224	167	214	145	249	
56	73	43	126	77	213	195	232	199	76	244	10	50	221	51	33	200	234	22	203	74	35	42	189	211	217	160	187	83	31	116	234	
189	65	235	238	87	86	235	64	213	196	199	131	81	205	59	104	120	172	19	239	9	179	52	136	211	237	131	8	63	175	112	240	
201	157	239	93	242	18	189	55	60	79	94	180	253	167	146	99	70	118	191	141	241	220	165	111	102	43	126	192	14	164	161	121	
186	77	228	253	150	2	206	127	17	130	250	2	107	107	53	81	122	239	21	226	232	182	9	239	178	255	198	128	103	248	240	8	
139	159	47	153	176	246	185	55	190	95	94	244	252	166	162	97	103	55	190	29	179	156	39	119	76	43	250	192	158	196	161	125	
154	141	102	121	180	179	94	63	93	67	126	146	107	45	180	97	63	191	53	172	248	184	37	255	106	255	176	192	247	204	208	89	
188	197	70	229	148	2	110	247	17	34	254	18	75	41	48	65	120	206	21	235	120	191	1	142	242	235	230	132	39	248	240	136	
188	69	70	231	196	2	110	247	17	162	254	18	75	43	49	83	120	198	21	234	104	247	1	238	242	235	228	132	39	249	240	136	
112	201	70	156	124	139	198	99	157	160	242	10	238	232	52	16	106	229	110	67	72	171	66	253	176	186	195	24	117	40	82	8	
40	156	122	235	247	237	247	247	63	3	124	42	62	255	32	112	255	187	147	0	18	186	56	255	255	221	22	106	211	202	167	170	
27	91	99	188	103	208	185	119	141	76	212	167	44	220	183	228	230	177	151	133	197	171	38	205	115	97	170	139	55	188	61	125	
27	89	114	245	39	215	124	119	237	72	126	34	47	159	182	100	238	185	159	193	196	185	32	253	243	249	178	130	55	140	113	223	
188	76	230	231	196	42	230	208	117	178	243	18	75	41	53	27	121	196	38	226	232	246	9	234	18	235	212	4	231	251	114	128	
77	76	252	87	230	56	255	151	123	242	30	18	217	105	215	107	55	215	61	186	224	116	173	226	110	239	247	164	231	247	193	33	
26	218	98	248	111	213	189	247	141	76	212	167	41	207	54	4	238	59	151	197	198	11	34	245	115	89	154	139	119	148	189	223	
64	9	86	156	126	139	248	103	189	128	240	8	172	202	33	80	174	163	110	16	112	171	2	253	188	54	26	88	80	0	3	137	
41	13	98	207	213	251	207	111	85	192	238	2	251	232	54	228	88	170	18	238	77	186	117	191	55	127	132	9	119	206	248	236	
43	13	98	207	244	190	239	119	93	64	126	6	249	104	182	228	126	170	18	173	221	186	53	239	38	125	134	0	95	222	248	140	
162	250	98	152	119	209	184	198	219	76	84	175	40	220	246	164	238	185	151	149	198	63	38	241	22	88	154	235	95	28	127	223	
2	185	34	152	127	213	184	71	159	77	208	183	172	158	38	64	238	187	151	149	146	27	50	245	147	80	154	235	20	12	181	223	
66	173	146	157	124	130	184	39	190	1	90	16	172	226	32	64	231	47	123	128	18	25	131	255	44	54	154	202	148	0	161	9	
54	5	224	227	212	34	232	85	81	35	251	18	75	41	92	72	121	142	23	145	186	178	73	198	158	207	150	192	231	202	240	128	
15	249	236	95	182	146	255	189	222	209	94	162	249	125	158	101	23	123	183	223	211	216	111	253	110	95	255	192	167	246	209	249	
58	159	18	170	125	131	86	248	135	12	248	111	110	249	32	144	220	251	135	99	78	171	8	191	250	213	45	187	90	14	62	155	
51	141	43	218	85	199	235	226	86	72	92	2	48	221	180	100	120	186	23	201	139	186	44	255	113	62	170	128	87	10	116	252	
34	142	34	152	125	217	186	238	95	69	88	139	168	204	54	0	217	43	147	5	166	186	102	255	63	30	158	43	85	12	117	206	
2	157	18	155	223	197	190	238	30	9	88	51	172	254	32	64	221	123	179	129	50	152	90	255	45	54	158	235	16	12	165	155	
31	205	228	247	182	18	254	183	117	83	126	146	121	109	156	109	63	198	53	207	248	248	45	239	110	235	247	192	167	252	240	232	
40	159	122	126	116	195	87	246	133	12	252	32	114	251	160	32	216	122	135	66	74	171	72	63	107	237	164	217	115	138	228	171	
34	189	32	155	221	201	182	238	30	69	88	155	172	236	62	0	217	59	147	17	50	56	90	255	45	22	159	235	85	12	149	218	
3	159	66	157	80	134	174	246	61	65	74	199	185	234	54	196	126	107	51	205	135	152	20	239	36	62	154	128	29	132	57	220	
79	201	236	87	166	18	255	180	119	211	94	130	249	111	158	107	55	119	189	207	245	216	175	233	110	239	255	128	167	247	208	121	
40	143	121	78	244	201	215	246	69	12	124	96	178	241	164	52	88	122	6	72	82	170	106	63	111	159	36	203	83	218	198	171	
155	95	106	254	210	146	238	246	181	200	222	231	121	239	183	228	126	235	23	207	237	155	36	239	114	105	174	136	47	247	168	221	
23	249	237	195	178	24	175	191	58	113	28	182	221	110	222	38	55	207	125	221	147	88	239	243	236	15	191	228	165	215	147	245	
210	92	246	117	179	54	220	182	253	218	150	177	110	125	23	123	167	247	253	229	236	205	35	238	163	122	221	146	71	245	246	95	
30	197	230	227	214	50	238	215	117	51	127	18	89	43	220	107	127	206	55	152	184	248	45	226	126	239	254	196	167	214	240	128	
41	201	41	222	124	213	207	244	199	72	220	6	50	221	181	100	200	234	23	207	203	43	114	189	115	253	160	152	27	155	112	248	
178	77	214	189	134	2	78	111	153	146	178	18	111	106	52	19	106	231	29	163	104	239	1	238	176	250	222	144	101	248	240	8	
203	156	102	125	242	182	189	55	118	91	94	181	249	191	178	101	103	62	191	141	242	220	167	183	110	127	250	192	22	196	181	121	
186	141	118	253	182	163	120	55	93	1	126	146	107	47	52	65	127	183	53	169	184	184	5	255	174	255	208	192	247	204	208	137	
190	204	198	231	196	34	78	247	53	146	250	18	107	43	57	83	107	199	21	226	104	246	73	238	182	235	214	128	39	249	240	8	
96	73	70	156	124	139	160	98	156	128	242	10	174	136	33	80	106	228	110	64	64	171	192	237	180	50	203	24	85	56	83	136	
26	26	98	188	103	208	185	87	141	76	212	167	44	159	182	228	238	177	151	133	133	11	54	201	211	113	154	139	55	140	61	255	
19	89	114	252	55	148	124	118	237	72	246	35	44	159	182	96	238	187	159	193	204	185	32	237	179	248	154	130	23	148	101	95	
180	76	194	167	196	42	198	198	49	162	250	26	75	40	53	24	121	206	6	226	40	183	9	234	178	238	214	4	229	251	226	128	
92	109	240	247	198	58	238	151	115	178	62	18	121	105	221	106	55	239	53	155	240	240	173	234	110	239	247	132	231	243	192	136	
50	154	98	216	111	209	184	103	143	92	212	167	40	159	54	4	238	187	151	133	198	43	34	221	19	88	154	139	55	12	61	223	
2	217	50	152	127	197	184	71	159	89	208	35	172	158	36	64	238	187	159	149	210	139	18	245	183	16	154	203	20	12	165	219	
66	173	22	157	124	136	56	103	190	1	82	16	172	130	32	64	226	43	106	144	50	153	131	255	60	54	154	200	20	0	161	137	
54	141	226	227	212	42	238	211	85	163	251	18	67	41	93	8	121	206	23	179	186	240	73	162	62	239	132	196	231	251	240	128	
2	189	18	153	126	133	184	71	190	25	90	50	172	154	32	64	231	59	59	145	50	152	3	247	61	22	26	194	148	8	161	139	
15	249	236	215	190	153	255	188	206	208	94	162	249	237	222	102	6	123	255	223	210	216	239	253	110	95	239	192	55	182	209	249	
40	159	122	218	116	195	243	240	86	12	124	34	112	221	182	64	88	58	135	72	138	186	40	191	98	15	162	129	87	138	116	235	
2	156	18	155	95	197	186	239	30	73	88	51	172	254	40	64	221	59	179	129	34	154	90	255	45	22	158	235	17	12	165	219	
30	201	228	247	182	146	254	181	119	145	118	2	121	105	157	102	111	230	55	203	216	248	47	237	110	255	247	192	167	191	240	8	
40	159	90	110	114	139	86	246	21	12	124	231	107	235	160	16	94	122	135	98	194	170	72	191	110	253	36	203	127	138	76	155	
34	188	32	153	221	205	176	239	30	93	120	27	172	252	118	0	217	27	147	17	54	122	82	247	45	22	159	111	213	12	151	222	
3	143	130	157	16	134	174	246	174	69	74	199	169	170	54	196	108	107	59	205	199	152	22	253	36	60	154	128	29	6	185	220	
95	201	236	87	166	144	239	180	103	241	86	130	121	111	222	102	39	246	125	223	194	216	175	225	110	111	239	128	167	183	241	109	
40	159	120	79	242	153	151	246	93	12	124	238	43	97	164	4	30	122	134	66	242	184	97	63	110	253	36	219	119	218	196	169	
43	141	33	157	245	215	229	175	86	73	92	2	176	248	182	228	217	42	22	13	151	184	119	191	44	63	190	192	30	12	248	204	
27	95	102	222	150	178	143	247	181	202	222	231	121	110	183	229	110	227	23	239	237	139	39	239	34	110	238	136	63	244	184	221	
28	141	238	227	212	18	238	255	117	177	255	18	89	41	252	106	123	206	55	250	248	249	173	226	126	239	247	196	167	250	240	128	
198	92	182	212	235	118	188	167	185	222	2	49	236	62	23	91	167	119	251	129	100	205	179	226	23	50	223	131	132	116	167	95	
169	213	97	207	124	89	207	189	95	73	252	110	243	89	188	228	90	74	22	111	235	42	111	191	38	249	164	184	126	154	208	253	
91	237	237	215	178	152	239	188	126	113	30	130	253	39	223	102	39	195	127	207	195	88	175	119	238	15	254	160	37	147	3	121	
54	205	198	183	196	34	110	231	57	130	250	18	107	42	13	91	123	199	38	162	120	250	9	239	180	238	222	128	165	251	240	8	
96	73	86	156	116	138	232	102	173	128	242	10	174	136	53	64	106	165	110	65	64	187	128	237	180	58	26	24	69	24	115	136	
78	141	244	255	246	50	126	191	123	131	126	130	233	111	156	102	55	247	61	168	144	216	175	235	110	255	255	128	167	246	209	29	
26	16	98	220	111	208	184	71	141	77	212	179	44	158	54	100	238	187	151	133	134	15	50	201	19	120	154	139	23	12	53	223	
2	24	114	252	103	132	248	115	141	72	242	35	44	159	52	64	238	187	159	129	194	139	2	205	19	120	154	138	23	12	33	91	
94	173	224	247	214	58	238	183	115	163	126	2	105	105	221	2	123	239	55	219	216	248	173	234	126	239	247	128	231	243	240	136	
2	26	98	216	111	209	184	71	143	93	208	183	44	159	54	64	238	187	151	129	134	11	50	209	23	88	154	139	23	12	53	223	
0	200	86	157	124	137	168	103	188	1	114	0	172	130	32	64	226	43	110	0	66	153	2	253	52	54	26	8	20	0	161	137	
34	186	98	152	127	209	184	71	159	77	80	183	44	140	54	0	238	187	147	133	134	191	38	211	22	20	154	171	23	12	189	223	
2	152	54	152	127	133	184	199	159	25	80	163	172	158	36	64	238	59	151	145	194	11	18	245	53	16	154	202	20	12	165	219	
52	205	194	227	212	34	230	223	21	163	250	2	67	41	125	8	121	206	6	242	56	251	9	162	58	239	135	68	231	251	240	128	
2	141	22	153	122	141	184	103	190	25	82	18	172	194	32	64	231	43	51	144	50	152	3	255	44	54	26	194	20	8	161	137	
