香奈儿炫亮魅力唇膏	152 - 隐约	https://i.chanel.cn/fnbv3/image/full/shades/rouge-allure-_-152--35g.0160152_S.jpg	https://i.chanel.cn/fnbv3/image/full/chanel__com_type1/skus_full/rouge-allure-_-152--35g.3145891601527.jpg
137	182	147	253	48	174	105	51	116	138	122	116	183	179	128	96	22	62	20	8	177	152	193	11	196	174	50	128	8	224	35	169	
205	120	187	241	165	190	73	23	249	235	182	92	159	191	83	122	197	165	125	28	153	252	241	130	207	249	117	80	130	232	194	121	
47	150	227	77	247	51	234	250	93	203	124	230	72	104	189	164	127	78	146	173	181	176	45	206	46	62	213	134	223	238	120	181	
166	0	226	208	68	34	232	64	89	211	115	147	8	142	119	105	126	141	51	181	160	247	134	192	22	42	218	140	133	109	113	212	
109	21	253	103	52	110	99	24	97	234	255	108	211	117	153	58	20	212	124	106	169	240	249	42	199	255	97	148	224	251	70	113	
204	16	182	254	169	124	112	19	175	27	183	24	254	191	73	123	165	55	253	16	50	109	179	193	219	251	80	27	194	96	199	3	
38	45	249	229	252	43	238	248	75	160	184	74	211	105	85	2	250	205	87	107	232	243	233	200	126	156	165	180	69	251	82	192	
153	89	123	207	118	2	255	117	52	192	118	162	121	31	176	97	126	188	23	238	225	184	37	206	118	169	162	128	103	178	225	249	
129	168	179	91	65	173	233	71	127	23	100	20	184	135	116	45	201	58	2	28	147	252	50	241	13	152	82	72	218	8	229	252	
201	17	191	245	36	60	121	23	237	203	118	92	191	191	19	123	132	39	124	12	137	248	241	136	199	251	112	144	66	200	67	121	
25	53	19	229	52	143	97	55	116	169	90	100	183	51	128	224	54	62	28	8	209	152	17	14	237	207	52	0	42	200	129	41	
49	66	111	77	68	82	237	117	69	198	246	198	51	8	183	109	106	164	38	236	205	191	101	140	86	42	224	0	119	168	116	236	
89	184	26	176	139	204	81	83	178	101	166	29	31	147	66	80	167	183	108	16	23	73	146	16	219	161	48	120	40	0	131	83	
97	180	56	88	93	141	113	150	123	45	100	13	50	145	2	17	129	142	66	12	2	122	240	17	119	185	16	40	74	136	66	250	
53	42	57	82	172	157	80	80	235	188	180	72	19	136	84	48	137	184	68	24	156	121	248	48	155	217	37	117	192	8	78	167	
80	52	123	222	42	208	23	108	174	6	188	162	29	247	168	112	119	187	238	130	32	75	174	123	241	165	42	155	48	66	39	43	
72	35	88	36	32	10	94	16	33	12	116	173	143	3	131	144	150	205	205	110	76	208	128	8	226	241	32	129	106	150	10	19	
2	204	2	154	20	131	170	230	22	1	90	2	104	202	32	64	121	106	2	208	98	190	8	255	40	6	159	192	21	10	176	136	
94	50	83	240	227	200	48	80	185	168	102	249	12	215	192	208	54	245	238	144	21	81	130	192	222	177	39	195	162	132	175	3	
23	33	231	69	211	91	233	64	57	224	122	194	89	39	149	180	62	220	18	140	17	242	165	204	13	42	1	192	231	166	103	244	
35	52	100	71	84	15	175	112	85	162	111	198	81	117	156	37	92	212	83	174	161	240	125	206	45	26	197	0	207	234	90	180	
92	166	157	229	174	91	87	168	91	190	61	40	199	117	195	54	51	84	236	34	108	113	235	10	251	199	101	55	226	250	15	103	
252	94	94	126	32	46	86	188	53	14	246	237	115	67	161	89	84	244	36	106	104	246	73	63	242	235	97	17	58	249	108	11	
45	115	96	7	84	31	238	184	97	228	239	205	195	72	159	148	92	204	70	110	205	176	253	44	38	109	133	20	107	191	90	212	
191	255	229	31	182	63	190	252	86	234	91	230	211	124	157	160	127	95	182	103	253	242	109	62	174	79	239	134	237	255	185	149	
32	236	130	139	84	131	170	230	22	1	120	2	96	200	48	64	121	106	2	209	66	190	8	255	40	6	151	64	85	11	48	136	
85	161	153	65	178	70	43	157	42	224	14	192	213	246	197	116	54	85	124	252	145	24	189	98	188	172	47	196	136	163	129	48	
93	42	152	180	173	12	84	147	186	186	10	73	215	185	81	26	145	102	125	31	156	81	217	2	223	255	117	53	160	120	218	2	
98	106	237	84	200	104	93	135	170	182	162	137	179	166	69	26	137	246	105	0	8	95	226	32	95	162	221	49	128	112	86	106	
141	253	247	95	251	63	166	254	127	186	123	112	108	242	141	181	183	126	226	106	241	244	187	255	63	126	71	6	195	119	227	165	
246	252	246	94	219	241	150	239	251	215	253	186	104	254	238	63	239	255	234	130	191	111	238	243	58	126	87	63	247	117	238	223	
141	237	254	55	181	59	238	172	126	226	123	84	223	120	159	161	179	103	124	111	245	240	127	190	174	255	103	85	236	247	203	133	
38	61	114	80	211	245	186	67	169	205	252	39	44	158	103	20	236	251	151	209	150	139	178	236	59	84	142	235	195	7	167	215	
39	7	226	29	213	177	190	67	95	70	125	135	104	232	183	136	216	43	147	5	150	178	6	219	6	28	139	171	221	127	251	198	
141	237	215	87	178	122	174	172	126	242	123	240	217	98	157	245	51	110	238	106	245	244	175	255	46	255	103	68	207	243	203	165	
246	238	215	254	234	241	87	238	179	150	248	250	111	239	237	159	191	251	239	130	122	111	170	251	186	214	85	187	229	241	166	173	
230	239	132	190	248	167	79	254	187	190	248	253	232	231	15	21	221	239	239	230	248	79	203	255	248	182	207	188	202	245	166	209	
134	255	247	85	242	202	191	247	190	206	126	228	124	247	165	36	39	127	255	194	225	217	45	127	45	62	39	130	103	241	167	249	
69	161	189	99	40	30	107	184	102	245	39	0	247	71	218	114	16	68	104	126	139	64	255	17	207	201	37	116	32	162	64	96	
150	38	192	136	250	51	152	89	23	166	145	247	73	206	238	204	127	153	151	181	246	7	15	218	24	6	175	175	191	228	45	213	
69	177	145	203	188	12	70	140	74	185	137	68	210	114	200	98	209	70	108	94	19	64	219	49	172	172	175	124	152	51	209	32	
145	96	61	123	8	23	152	4	116	18	227	16	147	28	16	41	204	149	120	195	236	229	119	16	195	233	122	16	81	17	165	48	
149	74	127	125	44	26	237	184	228	82	243	198	243	72	189	235	122	196	110	239	233	165	47	61	128	235	227	132	125	185	113	32	
69	160	149	163	172	13	161	152	106	185	3	88	215	49	72	10	129	69	104	89	19	120	203	0	205	154	127	116	200	10	129	32	
13	228	156	186	173	189	50	152	222	59	61	88	222	211	105	140	151	27	202	30	54	100	90	243	207	223	17	126	218	89	137	131	
240	52	189	100	77	127	208	107	211	254	176	56	74	60	68	59	137	149	236	33	172	103	243	136	91	219	81	63	65	104	70	119	
108	186	149	214	237	92	97	190	187	185	34	124	234	119	204	246	193	214	236	24	11	72	251	241	31	154	213	126	130	224	198	61	
77	34	146	96	161	60	76	147	107	187	34	92	207	162	205	254	135	69	108	28	151	192	169	64	138	253	69	110	138	245	171	5	
96	6	211	69	82	14	111	48	121	134	106	196	89	39	133	117	118	204	2	108	161	208	181	78	45	174	134	0	98	163	102	240	
162	133	4	153	233	161	156	47	158	31	72	53	164	178	42	70	201	11	187	133	54	12	66	211	4	52	154	251	152	76	152	219	
48	184	218	50	106	201	49	192	234	240	160	40	54	220	110	50	163	243	66	16	7	107	154	113	25	129	5	59	65	8	15	131	
66	170	238	94	42	208	152	139	174	20	148	163	233	206	238	98	71	243	251	145	22	75	206	117	90	33	175	155	21	0	175	151	
64	48	57	101	48	205	49	16	32	108	36	108	22	23	0	22	132	60	196	16	3	152	176	0	197	128	32	114	64	0	6	243	
51	113	122	94	95	213	147	104	123	192	237	10	122	220	38	180	186	187	210	106	199	35	190	255	51	93	1	47	83	38	110	230	
41	48	147	88	73	221	144	75	198	97	228	8	186	208	36	172	200	50	234	1	7	111	250	16	19	89	17	59	219	12	107	190	
51	48	55	65	77	95	160	64	94	104	242	106	82	156	132	164	252	28	242	1	133	243	113	208	21	26	1	50	67	8	74	165	
3	50	125	69	82	14	41	21	60	100	119	229	81	7	132	84	54	92	115	140	129	208	37	76	68	42	34	128	111	128	35	241	
3	18	119	69	34	27	169	21	109	96	115	230	204	6	132	164	38	21	106	8	129	240	53	72	4	58	3	130	71	128	5	181	
50	34	91	120	106	209	16	72	171	12	176	170	15	223	164	148	174	177	198	128	8	103	138	80	147	208	1	187	101	128	38	39	
3	35	87	69	48	90	170	0	125	64	122	224	201	2	149	244	50	13	102	202	133	240	165	200	4	254	3	2	71	131	75	165	
21	97	76	33	53	27	226	0	109	96	251	69	207	8	147	160	186	13	108	127	141	240	213	204	166	253	3	17	109	7	75	6	
24	79	106	87	244	154	238	102	245	172	254	161	43	41	182	80	40	238	199	204	228	185	4	46	114	111	52	129	71	214	254	200	
218	188	182	186	139	224	52	71	191	83	224	49	44	255	108	91	167	179	251	144	50	79	146	243	155	247	94	75	146	68	167	91	
27	111	106	197	86	146	235	118	100	192	94	194	57	140	177	32	126	236	23	253	133	153	36	236	118	45	174	128	39	247	113	233	
134	0	130	156	68	162	168	64	22	130	81	18	104	202	49	72	120	41	19	131	32	182	2	202	0	38	155	136	149	105	48	128	
255	77	167	38	149	118	79	181	225	230	143	20	89	127	19	182	89	228	89	238	253	131	188	142	251	255	141	4	43	247	250	116	
64	189	191	178	147	228	49	135	186	81	10	17	188	183	96	74	167	119	57	145	19	73	146	99	217	166	94	74	128	64	165	123	
134	32	130	145	70	162	184	64	20	130	83	18	76	202	113	72	122	45	51	145	32	246	130	194	16	34	155	136	133	105	49	128	
164	193	77	185	204	3	237	248	30	178	241	82	209	195	121	73	127	205	55	251	97	118	75	86	28	42	239	204	29	185	241	160	
24	73	82	236	54	130	126	116	37	0	250	2	63	139	49	80	126	185	21	226	72	147	0	204	242	237	162	128	55	178	97	9	
133	176	159	179	54	143	169	152	190	153	19	242	213	211	249	104	183	17	127	89	179	205	11	84	140	134	59	196	140	137	33	33	
188	73	106	100	84	11	99	112	101	160	254	10	83	73	177	16	122	236	6	234	200	179	96	14	118	237	33	0	103	187	114	160	
164	245	103	74	213	143	239	252	228	80	101	199	80	205	60	53	124	216	19	254	243	163	62	125	107	8	133	76	91	155	246	240	
89	93	21	101	180	14	71	55	101	168	174	68	247	51	145	245	68	38	92	108	201	152	113	28	165	248	36	16	42	176	64	41	
130	140	2	159	84	162	170	99	180	130	91	18	104	234	48	64	120	47	19	161	112	186	2	239	56	38	139	128	21	106	49	128	
220	238	255	94	138	240	62	254	182	150	206	179	249	231	233	123	119	247	239	194	112	207	175	127	127	231	255	137	167	241	165	123	
130	190	242	146	235	245	184	231	187	127	145	191	140	254	126	9	175	59	247	145	178	79	186	211	31	22	223	239	133	68	167	215	
220	255	151	127	154	98	55	252	54	174	207	112	253	247	137	116	117	95	238	226	112	211	235	127	253	231	111	141	162	243	165	225	
236	223	215	87	211	126	111	188	123	162	111	212	105	103	141	244	119	94	34	234	241	240	189	238	47	190	71	4	227	243	230	164	
132	252	191	190	250	233	183	239	222	247	105	58	116	254	107	59	163	123	226	19	54	127	170	51	125	135	127	63	208	121	135	195	
4	120	223	255	110	0	168	216	62	145	81	226	149	255	249	74	118	89	63	221	131	225	139	112	12	46	251	172	157	177	33	177	
2	141	2	158	84	162	170	99	148	128	89	2	104	234	48	64	120	42	19	131	48	186	10	239	48	38	138	136	21	106	176	128	
252	205	199	94	209	110	111	252	53	194	111	92	91	231	41	213	117	246	34	238	121	215	57	47	63	174	197	4	171	251	228	112	
252	253	221	247	190	107	87	172	122	234	63	42	119	121	203	51	179	86	236	99	121	241	169	46	253	231	101	23	228	123	159	35	
214	233	246	183	174	0	254	237	171	178	146	146	237	110	77	75	167	215	127	195	242	93	139	225	188	218	223	198	37	176	161	9	
124	253	245	70	238	91	215	248	91	186	63	42	86	125	205	167	179	84	228	98	97	113	169	42	127	223	101	55	103	251	198	99	
10	223	18	159	255	153	182	238	31	5	88	227	172	254	166	196	247	123	167	65	70	184	71	255	46	86	30	195	22	92	141	143	
221	111	218	166	146	6	110	212	113	192	235	71	95	194	115	80	118	237	12	254	237	151	156	106	248	229	167	8	41	243	170	16	
220	253	185	99	170	123	86	236	91	250	61	40	215	117	203	59	179	86	108	98	100	117	169	58	255	195	101	55	240	123	133	99	
156	252	157	243	182	235	55	183	126	187	27	56	223	49	72	0	179	87	109	17	50	253	153	55	233	199	53	84	224	120	133	35	
169	191	26	186	242	189	190	247	58	73	120	253	61	255	98	144	191	43	151	85	247	26	152	63	252	197	46	232	89	68	171	155	
35	32	112	173	124	137	232	67	109	97	114	23	141	10	22	10	234	133	95	133	132	188	197	196	22	124	154	192	77	12	107	141	
18	74	78	181	34	146	184	86	172	4	82	231	45	142	182	72	38	45	191	197	132	153	5	200	150	97	186	128	37	132	41	221	
56	34	78	169	76	11	232	91	14	164	250	135	141	138	114	64	110	141	255	133	0	184	67	208	212	225	186	160	53	8	113	216	
236	237	17	254	237	68	71	188	145	138	173	8	242	243	73	247	209	246	124	106	73	70	250	47	255	255	229	59	2	243	214	42	
169	71	94	247	116	159	105	53	245	10	119	118	59	19	176	117	110	170	22	234	233	188	100	175	102	251	176	128	127	136	106	169	
11	136	131	153	36	242	248	23	126	89	82	119	188	158	182	236	227	43	63	157	151	220	7	241	140	126	250	194	158	4	185	93	
166	104	172	209	236	73	236	204	158	254	16	155	148	140	215	11	201	73	127	215	198	118	227	208	198	24	255	188	148	248	85	200	
124	223	131	150	197	79	103	160	131	254	175	15	66	225	99	214	49	228	232	66	77	17	184	56	185	166	69	55	59	123	92	86	
2	201	6	143	94	131	168	101	142	0	80	2	172	202	48	64	110	41	59	193	66	152	3	253	36	48	154	192	21	10	33	136	
220	151	149	97	184	127	87	187	229	191	175	124	215	51	128	87	35	150	76	58	121	97	105	30	250	223	101	84	234	248	192	33	
210	142	166	186	139	240	24	239	159	23	129	179	172	238	110	75	231	147	187	145	54	79	170	243	155	86	222	251	146	69	165	223	
160	88	57	222	108	141	209	156	207	25	180	8	182	153	61	43	200	128	95	73	138	38	242	177	199	152	112	56	80	9	80	171	
112	100	244	100	124	10	110	58	121	162	250	8	111	107	21	18	251	197	110	98	232	242	201	206	190	254	197	52	101	250	66	9	
3	140	2	157	209	244	168	103	28	73	74	23	168	170	54	196	233	43	147	133	55	152	18	255	47	62	154	195	153	68	185	158	
34	61	162	152	255	180	184	70	139	9	88	35	44	158	101	160	236	59	147	145	150	26	130	243	31	20	154	235	149	68	63	207	
2	44	98	155	214	163	174	67	94	66	89	3	40	200	53	32	127	43	19	135	162	182	12	255	52	14	155	168	21	95	49	204	
51	88	99	204	78	7	199	120	85	202	244	238	113	221	181	108	124	252	55	239	201	183	54	154	82	46	225	136	127	189	112	253	
6	132	98	158	86	162	170	96	60	67	91	147	72	238	60	64	127	173	19	165	176	151	12	239	28	46	154	192	133	15	49	128	
19	22	64	137	218	50	138	123	22	227	218	231	73	46	190	196	127	141	151	181	189	154	69	222	56	6	171	228	189	198	184	221	
66	217	162	158	79	208	156	134	143	85	128	175	172	204	118	66	224	115	251	213	70	11	150	241	189	48	222	187	20	28	189	94	
32	33	221	197	252	11	239	121	204	176	248	74	211	41	85	3	106	229	95	107	201	243	201	76	124	24	231	180	77	186	82	168	
41	217	105	229	52	159	239	180	77	104	94	70	187	29	182	228	94	108	21	111	193	184	101	189	102	125	164	144	94	190	80	249	
88	88	179	244	98	104	117	150	185	134	102	40	62	183	97	126	34	116	109	66	65	85	178	106	209	182	80	10	34	241	39	43	
49	74	107	79	68	74	237	116	69	102	255	198	115	41	182	100	122	172	38	142	201	186	101	200	86	47	240	0	111	170	116	248	
162	188	74	222	210	134	122	215	49	3	124	223	61	227	160	20	119	255	23	156	51	158	144	111	126	44	164	232	175	130	170	153	
88	186	123	176	170	216	48	19	54	65	226	249	95	222	192	240	55	191	237	145	30	91	167	114	222	229	63	203	36	128	167	19	
105	184	115	80	107	141	113	83	171	125	100	28	30	151	68	20	39	46	98	12	146	123	178	113	23	56	17	98	66	132	194	225	
82	50	91	160	98	80	56	80	169	128	226	233	77	199	224	240	38	157	235	128	4	211	130	64	158	225	11	139	35	128	47	149	
16	50	94	97	98	91	176	64	170	112	118	233	29	159	198	16	167	29	238	0	4	209	141	80	86	161	35	167	105	128	11	131	
19	32	79	73	90	83	170	72	116	192	242	226	89	158	180	160	122	221	114	137	5	243	167	66	54	175	139	131	101	0	107	132	
88	35	127	101	40	2	15	24	52	172	226	225	203	7	128	208	118	213	237	226	200	209	225	12	224	227	35	129	96	242	36	97	
47	32	37	69	29	31	202	136	118	160	226	68	203	8	28	164	220	76	122	239	173	240	125	156	7	251	203	20	75	47	90	164	
98	51	72	36	96	27	126	48	33	168	180	237	15	3	130	22	22	204	205	238	76	210	208	204	246	241	161	177	46	134	74	147	
125	94	94	174	160	46	87	184	49	142	234	109	87	119	35	89	212	231	36	102	141	147	88	44	240	239	97	16	248	251	2	113	
85	41	139	166	240	66	111	213	112	200	74	72	241	242	209	112	114	239	20	252	221	218	172	104	188	172	175	132	168	178	163	44	
84	166	251	100	226	75	118	248	115	162	58	234	87	245	201	48	55	220	100	98	100	115	173	10	250	134	101	37	228	251	7	35	
213	45	154	164	246	10	102	142	122	163	10	124	214	240	193	16	179	239	108	17	21	112	137	2	188	132	37	102	172	114	155	3	
69	247	117	71	170	11	167	184	108	178	10	232	215	96	201	35	55	84	104	99	193	228	109	63	172	130	103	116	76	242	3	33	
130	190	242	147	255	229	184	199	191	123	80	183	140	254	116	8	239	59	151	145	178	95	138	211	60	22	159	235	133	68	167	219	
252	116	173	55	141	124	85	150	160	119	166	29	147	101	75	59	129	194	232	10	109	101	243	32	195	211	85	61	194	121	222	114	
61	172	172	57	205	117	220	207	82	51	161	25	153	248	95	171	137	203	241	147	62	98	207	50	239	207	221	125	241	121	218	134	
236	146	157	46	40	76	87	184	131	254	161	109	215	119	75	91	149	212	108	98	105	71	219	8	217	179	101	60	216	242	6	83	
89	148	148	84	137	125	80	175	235	179	166	24	238	51	66	255	129	86	236	24	62	105	251	17	203	219	85	63	242	236	8	14	
12	172	152	179	237	253	117	154	223	127	44	28	223	225	107	26	147	10	110	26	54	116	122	179	207	223	85	125	218	217	13	194	
104	48	189	244	205	109	144	15	83	187	185	57	18	61	68	186	141	151	241	17	25	107	211	130	93	215	80	123	193	72	198	179	
103	168	220	82	233	156	48	166	235	177	38	88	18	182	196	254	197	118	104	24	23	123	250	224	31	58	85	127	194	224	202	12	
84	34	200	37	128	72	101	16	96	198	166	13	211	35	67	90	32	196	108	62	76	208	245	0	215	175	101	17	160	240	78	72	
99	65	143	92	73	148	226	8	241	64	234	68	114	242	36	246	216	124	234	202	77	227	246	65	35	190	194	10	88	34	106	148	
16	35	62	57	34	203	49	72	246	188	248	169	215	198	224	32	55	57	78	1	2	241	46	29	200	131	47	181	112	10	7	163	
82	34	14	124	8	134	152	75	166	149	192	213	193	206	118	66	204	127	233	129	142	75	131	17	211	161	187	157	0	0	191	82	
66	170	14	52	11	152	176	7	174	85	66	181	172	138	66	74	167	39	233	1	22	201	134	65	208	33	26	75	136	4	175	79	
51	245	58	92	91	149	150	232	223	4	236	10	120	216	127	48	249	185	210	99	198	35	186	223	123	93	3	47	81	39	107	167	
5	99	93	69	50	90	170	0	108	96	106	64	222	8	148	160	178	69	106	105	197	176	53	76	164	62	10	0	76	130	73	4	
114	98	73	104	104	1	88	72	131	52	176	169	35	207	196	16	206	145	229	128	78	67	202	81	146	144	169	191	113	130	110	224	
197	66	239	108	100	42	233	24	116	194	114	230	211	72	181	105	122	132	38	110	137	180	103	10	84	171	225	132	125	185	80	32	
3	32	119	65	2	95	169	1	44	97	242	210	217	134	148	228	46	149	122	140	129	241	37	192	21	58	3	128	67	132	161	116	
186	35	87	73	106	18	184	88	51	4	225	225	9	135	132	148	126	157	195	128	0	211	131	208	22	225	131	171	67	133	46	128	
130	132	128	153	249	161	60	47	30	23	72	177	172	38	10	192	195	11	171	5	50	24	67	215	12	54	154	235	144	68	141	219	
177	33	18	8	45	95	144	73	206	104	177	72	214	216	54	32	200	9	126	5	141	99	214	144	145	216	11	59	89	12	107	132	
99	185	176	60	13	157	209	202	203	92	164	13	174	216	94	148	137	35	200	13	150	107	218	177	145	88	81	62	90	12	11	70	
2	172	2	154	20	163	174	230	22	3	88	2	96	234	49	64	121	106	2	131	34	188	8	255	40	6	139	192	149	91	48	136	
109	20	253	103	52	78	107	24	97	234	127	72	211	117	153	50	22	212	124	106	169	240	249	42	199	255	97	148	98	251	70	113	
37	64	201	253	108	3	237	152	22	176	82	66	213	67	217	105	91	76	54	235	65	242	203	16	204	138	255	164	61	185	113	160	
51	34	104	168	44	31	209	88	67	36	145	239	131	8	158	0	90	136	93	45	140	39	69	152	208	89	33	188	125	174	122	198	
201	25	191	244	37	220	113	23	249	91	118	24	190	159	2	123	164	55	125	8	179	237	178	193	199	251	114	10	130	0	135	123	
222	16	182	122	169	252	80	19	171	27	183	24	158	255	76	127	165	23	253	16	26	111	178	192	219	251	82	122	194	64	35	3	
188	76	122	101	118	10	127	112	117	130	118	2	91	9	177	49	122	236	6	234	232	180	37	14	114	233	32	0	103	187	98	160	
154	85	122	239	118	18	127	117	53	66	119	163	121	95	184	97	126	185	151	238	232	148	44	207	118	235	170	128	39	182	228	249	
96	37	249	101	124	11	238	123	105	160	250	72	247	41	20	18	250	237	127	33	201	250	193	76	188	190	167	48	109	234	66	169	
107	91	99	204	111	145	142	121	197	72	88	238	104	204	181	228	94	168	183	239	197	51	166	221	22	62	203	170	95	174	120	157	
134	223	118	87	242	166	191	246	190	134	126	226	249	247	165	101	39	127	123	202	240	216	61	110	111	46	103	130	103	243	165	185	
230	238	204	220	216	161	79	239	187	183	188	221	161	230	70	27	207	247	239	150	58	79	202	115	62	183	223	249	245	240	174	248	
149	255	246	55	182	59	238	188	127	226	91	84	239	120	159	228	51	103	238	99	245	240	221	238	174	127	71	71	238	247	201	4	
182	236	253	95	202	241	191	239	254	214	248	187	105	254	205	187	127	255	239	131	126	111	239	123	63	231	255	251	197	113	167	254	
2	140	130	158	148	163	174	199	22	3	90	18	104	234	49	64	121	43	19	129	50	152	8	255	32	38	154	128	148	91	177	136	
133	255	255	95	246	63	182	254	254	251	123	114	237	248	189	167	191	127	238	107	245	253	175	255	62	255	103	70	197	115	235	133	
220	239	239	127	154	34	111	190	54	166	235	245	233	231	9	80	127	255	237	226	248	214	239	63	239	231	255	133	165	243	164	120	
28	223	239	103	186	6	127	188	55	174	239	165	65	103	137	84	119	222	237	234	232	208	105	46	238	239	231	132	163	243	164	113	
225	252	213	94	253	255	71	191	91	59	46	120	110	115	140	247	131	214	96	42	115	92	251	255	63	190	85	126	146	217	194	45	
38	140	2	158	84	163	170	226	148	1	91	18	104	232	48	64	120	42	19	129	48	186	8	255	56	38	138	200	149	11	48	128	
141	239	172	63	156	55	158	254	86	250	221	215	241	232	91	33	221	111	118	239	253	246	207	63	236	207	239	189	253	251	187	140	
47	235	96	78	248	147	207	252	83	236	252	237	99	237	159	180	94	232	151	238	223	186	236	191	62	92	165	184	127	191	254	253	
220	255	251	230	226	107	55	252	123	166	63	234	127	245	201	48	55	214	228	98	116	115	173	46	255	135	101	39	231	251	135	35	
156	255	190	191	178	107	55	252	118	182	249	187	255	230	235	32	55	123	238	115	242	241	47	63	232	199	111	53	244	123	133	163	
43	73	105	237	60	150	207	188	69	232	92	198	177	13	151	228	92	228	21	239	201	48	101	173	102	249	162	132	63	191	80	121	
124	247	245	71	238	91	183	248	75	174	191	106	79	125	205	182	191	212	228	98	193	115	169	168	123	207	101	55	103	251	199	165	
38	141	214	157	252	35	172	239	156	144	88	2	172	234	53	67	107	107	19	161	112	251	66	204	60	58	207	136	149	104	241	136	
3	61	178	216	255	180	184	86	139	73	124	35	44	190	247	32	206	59	151	145	134	43	162	239	63	92	154	234	215	84	99	223	
170	216	34	186	79	197	146	230	158	68	192	3	44	222	38	196	232	187	147	195	70	47	18	255	53	20	154	43	21	29	61	222	
94	95	140	166	58	18	30	56	164	172	154	231	237	106	3	66	246	229	253	231	236	193	205	174	250	231	175	145	44	247	57	83	
253	109	66	182	208	6	78	246	113	202	234	69	115	227	51	209	120	238	20	238	237	154	156	46	248	239	167	136	41	243	234	24	
92	223	80	238	170	9	23	184	11	166	15	239	111	101	137	214	55	215	236	98	64	49	139	63	252	231	101	55	102	251	141	49	
34	11	162	158	207	241	190	195	158	69	88	163	172	236	119	8	201	123	179	133	22	58	238	241	21	20	154	171	213	111	53	222	
255	93	231	118	149	118	79	183	113	202	142	20	123	125	23	183	217	230	157	174	253	206	249	174	235	255	133	154	175	246	250	118	
3	132	2	153	113	240	184	39	158	91	66	49	172	186	54	196	193	43	147	149	54	140	2	247	12	54	154	203	152	4	185	142	
210	188	150	186	139	224	52	231	191	23	161	49	172	254	108	91	167	179	251	145	50	79	154	243	153	246	94	75	144	64	167	155	
18	65	50	142	62	129	190	101	141	0	209	130	236	206	56	64	126	185	31	227	194	3	2	221	176	52	138	152	53	30	161	137	
130	223	86	159	127	153	182	239	31	5	88	231	172	238	36	196	230	123	131	65	102	184	7	255	190	116	30	195	22	28	173	141	
2	217	166	152	143	209	188	199	142	85	154	167	172	188	118	74	237	51	187	129	86	9	19	241	29	16	222	219	149	28	189	94	
239	205	199	95	217	118	230	238	243	219	235	80	106	246	189	255	217	254	226	234	253	247	251	239	43	254	215	14	203	119	234	188	
233	56	186	245	165	188	81	23	249	235	246	24	191	189	83	122	128	54	125	28	185	252	242	130	199	255	112	144	194	192	210	123	
194	232	214	148	106	0	188	239	171	178	146	130	236	238	113	67	167	245	127	225	66	77	131	209	188	18	223	172	4	52	161	9	
12	104	165	177	236	205	237	23	142	251	80	75	157	143	81	10	201	41	115	21	67	116	211	144	205	217	255	188	148	216	85	184	
34	141	246	157	252	35	188	103	89	162	120	2	172	40	52	3	239	63	23	129	240	250	64	206	60	62	222	162	213	104	177	137	
134	32	130	145	68	162	168	64	52	131	83	18	72	202	33	72	123	41	51	144	0	214	2	194	0	6	155	128	133	105	49	128	
134	0	130	156	68	162	168	64	22	131	81	18	96	202	33	72	120	41	2	144	32	182	2	202	0	38	155	136	149	107	48	128	
202	248	186	248	11	244	49	71	189	87	132	49	172	159	98	126	163	51	251	145	2	79	178	227	219	247	94	75	130	68	167	123	
158	185	44	186	143	211	150	232	135	254	149	143	207	220	123	139	153	209	253	243	254	103	63	190	219	211	207	255	119	63	61	86	
41	73	104	237	116	30	223	180	65	232	94	134	187	29	151	96	78	236	21	239	205	184	101	172	102	249	164	144	55	191	80	249	
66	192	150	149	110	2	188	111	174	178	210	2	172	170	112	67	239	37	63	129	64	93	131	193	188	50	223	140	4	48	161	137	
246	157	253	95	159	114	87	175	81	199	142	50	115	125	22	119	243	246	253	35	253	235	253	174	251	255	213	19	231	244	214	126	
115	9	105	228	116	11	206	117	77	160	186	202	83	9	148	48	254	164	95	239	201	171	69	204	182	188	162	144	101	138	114	41	
154	223	30	191	115	153	52	231	159	4	82	231	173	202	34	193	231	59	175	1	102	156	6	255	182	119	62	139	52	12	173	139	
33	107	93	229	108	11	239	57	204	160	122	74	213	1	208	2	106	228	126	107	193	186	195	12	108	136	175	164	76	170	81	169	
188	76	126	231	102	42	126	116	117	130	118	2	91	43	177	89	126	236	23	234	168	180	1	174	242	239	98	128	103	251	96	137	
130	134	84	153	58	136	56	47	30	23	72	245	172	34	130	64	199	11	163	5	118	28	67	215	12	54	186	195	148	68	157	139	
130	137	150	157	252	131	188	103	28	144	82	18	172	42	48	67	234	43	51	129	112	248	67	204	44	50	222	192	21	40	177	137	
195	254	144	147	58	152	58	174	63	127	18	245	172	6	198	199	167	71	237	87	231	76	207	247	172	80	63	250	14	5	11	93	
212	137	89	250	131	200	95	167	57	7	71	25	143	63	104	88	227	151	57	146	90	28	154	247	219	247	218	73	176	1	133	66	
51	91	99	79	70	151	231	116	69	72	123	230	112	156	180	228	124	188	54	207	201	186	100	237	52	44	162	128	127	143	240	253	
34	249	56	184	77	213	148	230	158	21	208	3	172	158	38	133	204	59	147	193	70	43	82	245	161	80	154	59	17	28	61	222	
71	91	133	135	44	22	174	40	204	232	155	198	205	108	213	230	70	229	125	239	205	193	255	192	164	124	207	146	12	127	25	85	
109	80	249	103	52	78	107	184	113	232	247	72	211	87	153	48	94	212	124	106	233	180	249	40	231	255	97	148	111	187	66	113	
49	48	29	73	41	95	144	72	206	96	178	72	214	152	20	36	200	21	106	1	205	235	243	16	145	184	11	59	88	8	75	134	
75	32	7	72	9	86	232	72	236	64	162	64	216	158	148	228	200	149	122	137	141	203	231	192	149	120	138	88	67	4	97	36	
225	6	249	77	100	42	105	26	117	226	126	246	147	33	145	120	123	172	38	12	169	244	229	10	68	174	112	132	253	233	80	33	
34	153	160	158	223	225	186	207	142	85	88	171	172	188	103	0	201	123	147	193	18	58	210	241	61	20	154	171	149	77	149	218	
35	50	72	169	106	13	184	72	42	36	100	143	149	130	2	16	238	13	115	12	4	210	208	16	212	165	187	40	12	0	27	152	
41	89	122	229	53	159	255	182	77	200	126	42	63	29	183	164	134	120	149	111	193	184	52	173	99	249	36	128	118	188	80	109	
81	119	2	160	85	14	99	112	117	0	202	79	79	136	51	84	248	141	106	229	204	179	149	206	176	52	3	2	105	166	112	14	
223	55	105	96	171	127	95	89	233	254	189	189	75	93	207	191	55	213	213	126	237	103	188	202	123	217	101	191	239	247	78	117	
33	168	122	80	107	157	177	66	235	49	116	26	28	211	164	180	39	62	82	12	18	251	178	113	23	40	17	106	67	0	99	161	
108	233	232	32	188	205	81	143	35	245	164	141	151	13	90	18	137	132	73	85	30	105	248	17	203	213	5	125	224	136	222	82	
64	2	76	101	96	6	111	48	53	164	102	197	197	7	0	80	86	221	107	238	200	208	241	72	229	179	139	0	32	162	36	112	
99	50	72	37	96	10	126	56	41	64	232	237	131	11	6	16	150	205	85	230	204	208	192	76	166	188	128	144	8	130	74	211	
74	162	46	188	9	132	89	91	166	141	194	1	230	207	50	66	204	37	105	133	14	75	211	17	209	179	155	25	0	4	52	82	
51	34	71	33	48	7	168	75	54	164	226	213	65	6	4	144	252	157	71	164	124	220	81	78	144	198	171	128	65	0	35	180	
163	173	90	67	242	166	170	246	56	136	122	86	113	227	180	16	62	107	19	172	33	154	16	111	108	142	175	192	9	194	227	152	
167	237	206	189	248	171	190	231	190	182	76	157	181	226	83	25	203	111	123	78	118	223	218	63	252	167	255	169	140	113	155	218	
12	233	51	122	253	221	247	238	251	21	40	9	46	204	116	176	137	123	195	81	66	107	186	245	123	93	23	107	210	28	119	234	
152	68	82	238	118	2	126	116	53	130	251	2	111	75	41	81	126	169	23	226	104	151	0	206	178	233	162	128	103	242	96	137	
0	34	53	185	42	139	1	88	55	180	234	232	199	199	128	4	63	185	110	128	10	240	79	93	204	130	1	36	118	138	37	32	
2	140	146	155	150	162	186	231	62	129	90	146	44	238	48	64	127	59	19	145	50	152	10	255	44	38	158	192	148	64	177	153	
19	50	215	37	18	14	42	64	60	172	226	228	205	6	132	208	54	85	108	165	161	208	37	78	132	230	43	128	41	32	35	181	
99	1	207	77	41	90	130	8	254	0	234	0	210	242	164	242	216	108	122	104	77	163	251	93	35	62	130	30	88	42	122	134	
213	253	174	30	221	190	118	238	247	251	255	23	114	248	95	97	249	230	110	247	254	255	159	127	254	62	87	69	233	243	250	6	
97	160	56	58	14	193	144	200	194	208	160	9	178	216	114	34	201	235	122	129	14	99	222	113	208	41	143	63	93	8	123	134	
61	109	67	38	244	134	78	246	113	202	254	68	115	115	179	244	121	238	20	238	237	154	76	46	242	239	167	128	46	247	250	217	
222	48	182	120	41	236	80	26	171	27	181	24	142	255	76	91	165	149	253	16	2	103	146	192	219	251	82	126	194	1	35	3	
124	251	241	70	246	91	183	248	107	168	191	234	95	124	221	166	62	221	228	99	193	179	173	168	58	205	37	182	103	187	199	165	
182	239	173	127	184	235	174	239	54	190	249	243	225	238	157	129	253	255	239	227	120	255	239	63	189	231	255	181	245	115	135	248	
112	49	136	101	0	78	65	49	96	196	166	13	211	35	66	82	80	196	104	12	8	80	241	0	215	165	68	16	104	162	70	82	
100	169	223	86	194	154	52	234	186	178	32	8	116	242	236	178	51	126	98	16	35	219	154	105	31	170	71	38	193	96	99	160	
104	56	184	112	237	109	145	23	91	59	189	56	158	61	68	42	141	159	245	17	27	122	211	130	95	223	80	123	202	72	138	163	
44	180	188	241	237	125	113	27	251	255	61	29	222	225	75	14	145	10	110	28	2	100	250	210	207	223	85	124	218	232	71	242	
60	86	149	237	36	43	71	184	86	170	184	104	211	49	137	24	89	212	4	42	169	178	73	26	225	134	225	20	240	251	86	33	
85	67	209	69	170	15	14	184	38	168	58	236	215	97	193	162	54	68	108	110	193	48	205	24	164	141	37	148	109	243	1	49	
55	4	165	101	60	95	192	168	79	232	146	12	210	56	148	166	216	68	124	45	173	225	113	158	129	254	201	150	72	40	80	100	
141	238	190	127	232	183	190	238	254	211	248	80	233	232	127	171	255	111	234	135	246	239	143	123	62	255	87	9	193	241	235	140	
253	89	223	174	176	14	87	188	33	236	234	101	87	115	35	82	246	228	44	102	25	147	57	40	242	237	101	16	169	179	96	115	
126	219	108	101	50	10	127	184	37	228	254	229	219	103	139	84	118	212	125	238	200	144	205	76	238	239	167	132	47	182	96	113	
157	107	123	103	48	198	111	244	96	168	86	96	241	83	144	112	50	236	20	250	201	146	172	46	249	173	175	128	32	178	230	41	
204	239	237	127	153	34	79	190	55	182	239	144	233	231	9	85	95	255	239	234	120	214	251	127	127	182	199	132	227	243	166	112	
181	173	210	163	214	11	102	206	58	160	40	93	87	226	65	16	51	110	0	60	115	216	140	46	188	4	5	100	168	250	210	136	
116	168	188	48	141	237	85	142	235	255	160	25	14	184	71	26	129	67	232	16	22	107	178	16	219	219	85	127	208	117	199	70	
116	102	243	85	114	75	183	104	123	162	98	234	71	241	197	54	55	252	96	98	32	242	141	78	60	38	69	38	101	186	71	164	
55	251	99	72	126	151	135	252	199	232	176	234	114	212	253	164	28	248	86	254	203	35	126	189	57	8	165	254	127	186	114	245	
15	221	110	95	178	134	175	246	60	138	126	198	249	227	181	68	127	127	51	206	225	152	27	111	110	174	239	128	15	243	225	176	
247	205	199	95	185	126	198	239	255	219	235	16	226	250	173	255	217	126	126	122	127	239	251	255	43	254	215	31	216	123	234	134	
3	132	2	154	21	244	186	234	30	73	73	83	104	254	62	228	249	43	147	149	55	140	10	247	9	54	154	195	145	7	185	198	
39	251	225	75	219	145	158	237	83	229	252	239	40	236	214	180	95	235	147	220	215	58	236	255	62	28	141	255	95	150	218	220	
244	253	247	86	214	123	183	238	123	178	127	58	106	241	237	55	51	254	98	122	112	247	174	110	59	174	69	47	227	251	231	165	
56	201	112	225	116	159	222	182	77	40	182	10	171	9	181	36	170	160	23	72	200	184	96	188	230	217	36	176	119	188	80	141	
214	188	150	186	219	228	158	233	191	23	161	145	236	254	108	91	231	243	251	147	50	79	154	243	153	214	95	123	144	71	167	18	
228	255	216	87	211	251	183	238	250	182	45	60	108	242	206	182	55	126	226	98	113	125	188	127	62	46	85	55	219	115	207	175	
197	64	235	119	36	60	233	16	124	90	119	84	211	5	153	107	102	36	54	14	161	244	109	34	196	251	114	128	236	249	81	97	
182	197	82	174	30	129	206	105	29	0	217	2	111	202	56	64	122	169	31	227	106	7	72	223	176	240	138	152	53	42	240	0	
74	188	178	254	11	252	48	7	191	23	110	16	188	191	100	122	167	51	251	16	18	77	178	227	219	247	90	75	130	64	167	27	
88	92	187	244	3	228	117	150	177	134	238	9	62	183	99	90	160	247	233	194	64	207	178	106	211	231	82	9	32	113	39	122	
140	81	61	235	236	77	181	216	206	56	48	8	182	151	105	27	164	89	91	67	67	37	186	49	69	137	114	60	80	27	7	171	
66	217	162	152	207	197	188	231	143	93	146	163	172	190	102	66	229	51	187	129	86	11	146	241	189	48	222	251	20	28	181	95	
66	153	146	156	233	196	60	7	139	89	154	37	172	190	96	66	198	55	191	129	82	11	146	241	181	52	158	251	144	4	165	91	
156	255	247	191	154	235	55	254	55	182	239	250	239	231	41	77	63	255	238	226	122	255	79	127	253	134	85	52	246	251	165	33	
214	188	150	186	203	228	54	233	191	27	177	48	236	254	108	91	229	243	255	146	50	79	154	243	153	246	94	251	144	67	167	147	
2	192	150	157	100	130	188	39	28	27	82	18	172	170	48	65	239	43	51	129	112	220	67	197	12	50	222	130	4	8	177	137	
5	148	255	213	182	6	239	186	122	202	95	228	221	127	185	96	23	125	53	173	161	216	61	79	108	46	239	132	172	226	81	121	
10	142	94	191	118	177	184	103	31	7	90	247	45	234	34	192	254	59	167	129	230	156	7	223	150	103	186	131	61	204	41	159	
43	31	99	206	247	177	174	101	77	72	121	238	104	200	180	228	94	170	146	239	213	186	36	255	54	60	130	138	95	223	248	181	
2	192	146	149	110	130	188	39	62	161	90	2	172	170	112	64	238	47	59	129	64	216	131	193	4	54	222	128	4	24	161	137	
2	172	146	155	214	162	186	231	62	1	90	146	44	238	48	64	127	59	19	145	50	156	0	255	44	38	158	192	149	64	177	137	
82	64	71	69	66	14	107	48	53	36	106	135	65	7	0	84	114	204	107	238	64	208	209	76	117	170	131	0	34	162	0	32	
34	234	104	155	126	153	154	194	158	20	80	171	164	204	55	0	143	43	131	71	70	46	78	191	4	20	26	187	85	29	31	205	
25	223	91	231	178	70	111	241	52	202	250	98	117	119	160	113	54	255	20	234	233	145	45	47	225	175	175	128	32	242	163	169	
48	168	94	88	74	160	176	78	170	145	224	18	32	211	68	18	43	191	98	136	2	235	146	97	22	40	19	104	73	128	107	136	
17	32	79	45	74	2	104	74	54	160	226	193	85	131	0	16	122	221	98	133	12	218	133	72	212	162	139	0	97	128	35	128	
34	177	176	136	223	197	184	207	11	73	88	43	172	190	108	0	205	27	147	145	146	58	210	241	61	20	158	235	213	14	151	219	
120	160	40	186	13	193	145	200	198	148	136	11	183	217	90	2	217	235	107	1	14	99	219	51	209	133	143	61	84	10	62	194	
80	66	53	69	46	75	194	36	108	168	187	104	214	56	132	34	18	84	124	33	137	240	77	12	132	174	97	18	68	58	85	37	
190	141	64	172	212	131	78	248	21	2	248	10	75	75	57	81	122	233	23	226	120	167	72	191	178	239	227	140	55	187	112	128	
1	49	1	161	112	15	235	16	40	232	106	77	213	23	80	16	148	13	91	111	193	144	241	12	229	156	43	32	8	2	3	240	
205	255	222	86	219	119	183	254	250	254	175	188	120	246	207	183	55	255	226	226	245	207	191	127	127	47	117	111	203	115	239	245	
113	5	107	228	52	11	202	97	77	32	250	202	115	9	148	16	122	140	29	239	201	186	69	140	176	172	162	16	109	138	114	40	
125	235	242	70	118	27	255	248	99	228	127	170	107	233	223	180	62	220	230	106	197	179	173	238	122	237	37	44	103	191	110	165	
28	253	222	119	147	123	183	238	114	186	251	10	123	248	205	177	59	255	228	242	121	243	187	47	185	239	101	37	233	115	239	160	
61	223	195	63	214	150	103	246	113	202	126	102	115	115	179	244	126	238	22	238	237	154	108	47	118	239	165	128	47	247	250	237	
9	107	17	229	108	9	239	48	100	168	122	64	247	3	208	99	74	108	110	110	193	176	197	8	228	169	163	160	12	186	81	168	
5	175	190	63	173	183	238	238	254	155	242	1	234	232	125	171	217	111	106	207	252	235	155	121	189	255	95	9	192	115	235	142	
137	207	194	95	240	150	239	247	116	138	126	198	121	227	181	196	127	106	54	206	225	184	15	111	110	174	183	128	111	240	233	185	
253	89	254	166	58	14	83	184	177	236	182	44	95	87	131	115	126	229	124	110	233	199	185	44	250	233	101	148	106	179	98	115	
127	51	99	77	16	22	75	56	39	164	238	196	91	71	157	212	118	156	125	236	201	146	245	14	254	237	167	148	111	162	96	48	
220	121	127	103	34	14	79	184	101	172	182	100	91	83	129	115	54	212	93	234	233	229	57	44	243	233	103	148	43	179	102	49	
102	168	231	95	248	2	111	184	55	180	230	160	97	231	141	85	95	252	107	234	88	210	203	253	126	254	199	132	166	178	102	48	
100	168	158	114	201	153	176	194	206	177	160	8	32	232	102	18	169	119	234	16	6	107	138	49	25	131	93	127	209	8	15	142	
101	236	166	158	253	142	246	236	255	251	250	13	114	248	127	91	249	231	122	135	254	235	155	255	124	62	199	14	200	127	242	70	
141	237	206	189	178	171	110	247	62	230	90	229	255	227	179	64	115	111	127	15	112	216	13	111	236	239	239	192	172	244	137	211	
36	38	213	69	82	15	174	56	48	178	162	200	211	33	17	19	63	84	74	106	32	240	93	76	108	130	101	20	105	242	67	160	
106	168	150	92	201	168	148	135	171	31	160	25	170	246	68	158	129	83	232	0	22	75	194	161	25	242	84	123	194	76	207	14	
95	73	129	166	36	20	78	48	41	224	155	206	207	236	209	230	214	237	124	239	205	16	253	138	176	124	175	152	44	247	17	84	
71	73	165	71	44	78	175	48	204	232	159	70	240	124	149	102	72	100	124	111	193	161	255	224	37	62	207	144	76	251	81	100	
72	149	27	97	177	236	117	55	41	73	110	20	158	183	96	112	166	63	21	16	19	152	176	68	239	253	54	66	200	64	133	59	
45	85	149	101	184	47	71	184	84	170	186	76	215	33	137	159	29	212	76	106	169	160	89	30	164	198	101	52	234	251	82	49	
53	111	80	37	242	10	70	63	112	162	104	232	87	33	129	112	86	204	4	46	233	146	69	14	180	166	37	148	108	250	66	161	
44	52	188	241	237	61	113	27	107	255	61	29	158	241	78	30	153	10	239	28	18	100	251	210	207	221	113	62	218	108	71	243	
105	181	152	243	237	125	149	23	75	191	189	24	158	57	78	46	143	31	238	17	18	122	243	130	79	221	20	123	202	72	139	131	
64	168	214	84	72	128	160	75	186	144	160	0	240	242	76	50	145	127	104	128	2	203	138	105	9	186	71	58	65	32	35	140	
57	89	114	228	36	159	254	182	73	200	118	42	59	25	183	36	174	224	21	75	204	184	32	173	227	249	36	144	119	188	80	109	
156	120	153	251	131	203	23	220	23	131	197	51	223	215	105	72	243	89	173	82	42	244	91	50	201	199	23	87	178	27	5	51	
3	159	16	189	56	172	24	55	30	75	88	245	164	162	160	192	199	43	143	5	247	136	66	223	172	54	58	202	24	196	153	29	
105	51	113	68	112	78	67	48	97	232	226	76	83	21	193	116	84	220	100	108	201	178	241	8	197	184	32	16	106	162	70	113	
88	4	70	161	22	34	72	16	37	32	215	2	223	11	57	72	118	133	61	169	40	149	1	142	210	239	170	132	39	128	32	0	
6	219	130	155	233	161	184	206	158	29	80	181	172	218	106	200	195	43	179	213	22	76	74	241	12	18	154	235	144	29	189	207	
151	16	231	197	38	34	233	89	33	226	83	246	93	39	185	111	62	149	55	174	161	148	165	200	148	40	235	132	47	227	49	177	
195	118	229	29	250	166	175	30	222	218	91	244	245	246	208	102	23	127	63	175	163	84	191	95	44	58	111	168	28	243	129	245	
81	48	23	40	111	201	144	75	79	32	242	42	134	152	4	36	170	189	106	1	5	123	215	208	148	48	27	58	121	8	3	15	
1	32	76	161	18	11	104	83	60	33	66	197	151	3	0	64	114	13	95	12	5	152	69	8	196	172	187	128	44	128	19	144	
42	233	104	94	93	209	82	232	131	0	236	138	42	205	38	20	72	186	211	66	78	43	218	183	115	213	128	59	115	143	126	142	
215	52	255	68	171	95	93	121	169	254	181	189	75	60	222	63	167	149	213	38	253	101	188	192	91	91	69	191	103	228	71	119	
96	185	105	96	84	79	65	51	34	228	172	9	19	29	82	16	8	156	81	56	74	122	240	4	207	141	5	117	97	128	86	250	
40	233	179	122	221	221	180	239	219	29	44	9	174	221	116	132	137	59	195	81	66	107	154	247	111	85	22	107	210	28	223	250	
113	0	83	77	58	90	130	105	110	32	234	96	210	210	164	112	242	28	106	32	69	163	199	94	16	44	3	27	85	10	105	4	
250	169	25	250	25	213	90	136	131	49	164	8	175	215	72	244	201	146	249	208	74	10	218	177	155	213	129	127	50	2	14	42	
17	10	5	37	16	7	104	103	52	161	98	213	211	34	0	0	252	141	36	173	169	216	81	28	148	166	186	0	105	0	32	8	
0	2	85	201	90	11	41	43	62	164	226	192	192	3	132	84	94	156	106	168	0	176	69	92	4	6	1	0	80	136	4	160	
99	32	14	156	13	208	192	72	207	144	128	8	226	216	52	226	200	177	122	65	14	99	206	81	149	48	139	59	80	10	122	6	
188	68	118	231	230	42	126	244	117	130	127	2	75	107	57	89	126	236	4	234	168	180	1	206	242	235	98	128	231	243	98	136	
93	89	62	110	170	79	95	188	228	200	158	40	255	127	187	115	118	245	125	227	237	3	61	44	242	235	111	153	60	243	41	91	
121	223	115	95	246	154	79	255	117	74	126	230	123	117	181	244	126	254	22	234	233	186	109	191	250	239	39	128	63	251	226	253	
3	134	2	157	117	183	168	103	31	11	90	247	172	234	188	228	255	43	151	141	183	152	5	223	132	118	154	194	156	76	185	157	
40	181	185	105	189	125	113	31	63	125	189	29	159	61	76	72	157	26	255	28	155	120	251	147	207	223	53	116	218	72	213	115	
140	239	198	181	246	138	111	247	191	238	94	231	109	227	179	212	51	238	63	78	245	216	13	255	254	103	103	129	46	244	189	201	
222	74	238	36	38	50	106	80	225	166	247	231	73	235	183	91	38	229	173	238	140	213	132	232	210	235	235	133	39	247	127	69	
16	32	22	124	11	143	160	74	238	176	234	11	3	200	100	130	169	109	106	1	4	227	142	16	17	224	3	63	81	8	75	134	
34	177	176	202	245	165	186	79	11	105	89	171	12	189	124	0	159	27	151	17	146	58	200	209	63	28	159	238	150	78	147	211	
248	168	24	120	25	221	80	106	131	48	160	8	187	211	64	177	200	185	200	128	78	14	210	31	211	217	129	61	50	0	74	10	
17	40	23	185	78	137	160	71	110	33	226	90	23	152	0	40	170	189	106	1	0	254	199	16	148	160	18	58	65	8	3	140	
50	32	2	136	9	129	232	73	167	36	136	11	130	195	32	148	120	172	75	172	8	3	130	80	145	176	139	58	113	10	50	162	
42	177	56	248	253	221	245	239	219	93	60	24	190	221	78	36	137	26	215	17	211	106	250	183	111	221	21	123	210	12	214	235	
66	178	253	19	234	109	185	75	58	247	49	189	188	60	94	27	167	27	243	21	150	124	247	64	93	24	124	174	197	68	135	251	
95	150	252	80	235	124	89	154	43	119	39	189	78	38	206	191	167	135	236	52	183	69	191	208	158	251	81	247	235	197	143	87	
156	121	144	251	131	77	87	220	23	178	228	2	31	211	97	109	119	218	157	90	74	241	155	160	243	208	69	62	50	251	160	35	
33	34	4	173	72	7	104	79	22	161	224	65	145	3	16	88	72	140	106	140	8	222	67	28	68	162	154	0	48	128	114	136	
1	14	209	69	54	10	226	23	124	161	122	240	243	33	128	64	114	46	44	8	177	184	69	15	36	174	50	64	236	160	81	169	
106	233	56	88	217	221	17	231	131	61	172	24	42	159	70	52	201	186	195	16	94	106	242	181	123	221	20	123	210	12	198	238	
248	225	184	40	153	200	81	205	99	21	165	25	6	209	74	16	145	138	200	112	90	107	202	19	251	209	21	125	194	2	206	66	
76	181	184	227	253	125	241	27	91	253	61	29	159	61	78	10	147	31	207	24	19	120	251	210	207	221	53	127	218	74	199	243	
98	178	252	18	235	249	181	15	219	95	53	189	174	252	78	26	135	27	226	20	150	106	242	97	78	18	84	123	192	76	207	223	
49	7	192	69	18	10	78	63	48	160	234	192	83	35	145	20	58	204	64	238	72	152	77	15	36	174	165	20	97	226	74	136	
109	85	149	101	169	78	71	184	97	250	42	76	214	53	1	255	17	212	108	122	121	240	249	12	173	250	69	20	202	251	66	49	
253	80	127	228	42	78	95	184	161	238	182	44	123	87	131	123	102	245	124	238	233	199	185	140	243	235	225	144	43	179	98	115	
41	101	64	101	81	7	106	120	51	160	248	202	83	3	16	148	92	204	6	236	8	178	193	30	116	140	129	36	107	166	114	160	
16	33	20	173	30	11	66	8	94	160	194	3	199	136	16	64	216	77	106	65	12	240	79	24	132	166	11	17	116	10	16	2	
114	168	18	90	73	149	64	207	171	148	160	9	42	195	100	150	233	163	234	128	10	107	138	113	19	144	151	63	81	4	106	142	
0	168	94	89	202	131	160	71	246	17	226	82	176	130	0	0	107	175	98	136	18	250	199	113	68	42	51	64	105	0	227	136	
217	85	127	231	34	94	95	180	36	174	222	100	219	119	129	115	54	244	125	234	233	145	57	44	243	235	231	144	46	243	39	57	
68	18	149	101	52	14	163	48	108	168	123	104	215	33	136	96	150	85	110	40	129	176	193	76	164	166	98	16	64	170	1	33	
114	96	70	65	0	10	106	96	61	32	226	129	65	3	4	84	112	140	107	236	8	209	193	92	180	170	131	0	33	130	99	160	
17	10	214	69	82	10	40	119	54	161	98	210	83	33	128	80	58	204	34	140	32	248	69	14	12	174	112	0	97	168	96	136	
170	88	20	190	79	197	146	194	159	22	192	147	172	222	33	201	200	115	155	195	98	15	82	251	145	50	154	59	16	61	61	26	
221	255	190	95	251	247	183	255	114	255	252	188	120	254	135	183	191	127	230	226	247	127	191	127	124	239	127	237	219	117	175	255	
102	227	207	79	88	75	107	232	46	164	111	128	97	199	140	80	122	252	107	234	64	210	203	61	62	237	167	133	33	179	102	176	
166	183	144	138	237	57	188	239	142	63	24	253	172	232	238	131	143	75	211	55	214	75	202	243	44	16	127	191	156	94	153	223	
2	132	34	137	20	163	170	99	84	1	91	18	72	136	56	64	121	43	19	177	146	186	1	223	44	36	154	192	149	74	176	128	
186	13	100	237	150	3	76	123	21	162	248	2	11	43	53	65	122	173	23	161	232	190	65	158	178	251	227	132	55	236	112	136	
95	77	163	166	53	94	78	48	65	224	219	74	251	252	209	228	208	236	60	239	205	176	253	170	176	108	175	184	44	191	80	116	
63	251	227	78	87	213	242	252	123	204	125	110	104	220	255	180	62	232	150	222	199	187	174	255	58	109	37	235	111	191	122	253	
28	249	222	103	23	91	215	248	119	164	255	130	219	104	155	160	59	253	236	226	73	240	125	60	232	231	101	21	239	50	47	50	
2	145	178	157	101	196	184	71	62	89	80	51	172	158	52	64	230	59	179	129	130	24	146	209	5	52	154	203	20	4	181	219	
163	251	98	154	79	208	188	230	25	69	84	167	40	206	118	197	238	251	147	199	198	10	182	241	54	16	222	171	23	29	189	222	
253	89	255	238	58	78	95	184	225	204	182	40	127	119	163	115	118	245	125	234	233	199	189	44	243	235	103	152	38	179	38	123	
125	253	254	191	223	203	183	238	254	246	250	47	246	248	27	195	123	111	106	115	231	251	223	63	252	39	103	31	237	125	251	203	
204	236	18	184	248	96	15	234	186	22	168	24	157	227	41	81	243	211	75	178	34	71	138	127	249	167	47	125	144	113	7	34	
29	233	190	63	159	75	246	232	126	244	251	7	238	248	27	193	251	111	110	103	141	241	219	61	188	231	111	7	249	51	105	135	
158	122	214	188	42	160	26	88	191	156	213	167	108	207	227	95	102	121	175	211	6	71	142	248	210	99	107	171	55	167	45	215	
97	65	65	229	124	11	111	53	68	160	186	202	147	1	144	112	122	164	78	106	73	179	69	12	244	168	162	48	109	186	80	168	
20	255	222	95	219	83	183	236	126	247	231	38	104	242	175	245	127	255	162	226	119	210	255	127	60	38	71	39	217	115	175	229	
188	68	246	228	198	34	110	120	117	130	247	18	91	107	57	89	122	204	6	170	168	183	1	138	242	235	230	132	231	249	98	128	
9	93	211	223	182	146	238	246	60	202	126	230	249	243	181	228	126	110	62	206	241	152	61	239	110	239	166	128	63	243	233	185	
90	4	82	165	22	42	104	19	37	1	250	2	15	35	0	88	114	133	61	160	24	147	1	206	146	237	178	128	167	192	96	0	
165	114	251	90	108	173	249	216	255	91	117	92	30	217	253	60	189	24	86	90	131	103	186	241	87	24	115	238	216	139	67	225	
58	126	142	182	134	175	156	134	26	171	218	235	54	61	1	25	237	255	255	129	44	219	65	45	216	39	254	145	141	121	27	11	
14	176	161	177	203	109	185	91	58	123	17	217	157	191	88	143	175	31	243	149	147	116	146	192	93	83	91	230	199	69	135	179	
87	52	239	80	203	126	121	27	171	255	175	157	72	62	95	59	167	149	253	182	188	71	191	64	91	58	85	246	225	245	230	119	
164	225	49	65	221	79	65	169	67	240	164	8	146	85	77	53	153	152	64	120	123	102	122	20	77	152	5	124	82	8	86	226	
120	40	16	56	29	233	80	107	163	20	160	9	46	217	65	148	136	168	201	0	14	35	194	157	209	208	1	59	82	12	86	10	
45	177	185	243	253	253	241	155	75	125	61	60	158	93	78	40	159	27	87	17	147	106	251	145	79	221	53	255	202	136	199	243	
32	40	4	141	72	139	96	79	6	177	96	64	48	3	16	88	72	44	98	28	2	220	67	28	4	34	144	0	16	136	82	136	
106	233	16	26	25	145	18	192	143	148	161	9	174	210	101	148	200	185	202	66	78	11	202	253	153	212	9	59	18	7	46	14	
109	177	249	227	252	125	113	153	123	253	61	60	223	61	74	58	159	159	94	56	147	112	249	194	207	221	53	124	204	203	199	243	
34	174	24	94	93	213	210	200	211	44	236	8	96	200	111	180	217	250	194	194	14	99	234	123	63	29	133	63	81	59	110	134	
73	38	196	5	56	10	99	32	52	160	226	64	209	35	128	214	120	196	104	234	40	209	197	12	132	175	227	16	65	163	91	32	
114	40	3	24	73	129	160	78	174	144	160	73	32	194	68	146	200	235	106	128	14	75	218	17	145	160	155	59	25	0	106	142	
89	23	87	103	50	14	111	48	100	136	126	228	255	115	128	245	54	116	92	110	193	144	5	45	164	239	97	128	46	242	3	49	
220	81	127	103	42	78	95	56	161	206	182	164	123	119	137	123	54	213	125	234	233	197	185	232	243	235	229	144	46	243	102	113	
253	80	127	230	42	78	95	184	177	254	182	170	95	87	131	123	118	245	125	234	233	199	169	232	211	235	231	144	37	179	102	115	
77	1	17	101	48	14	174	48	44	136	107	68	223	51	136	196	22	68	108	108	1	176	209	8	164	253	34	0	74	162	1	33	
40	249	57	90	253	221	213	239	207	125	172	8	170	28	70	176	137	27	195	17	222	42	114	181	111	221	20	123	211	12	198	238	
146	12	86	189	182	43	252	103	29	162	218	18	175	42	48	65	239	175	31	129	104	191	65	206	180	246	218	128	52	104	177	9	
232	28	117	230	95	250	163	186	49	163	190	56	249	117	25	182	59	247	241	235	33	102	249	191	93	255	155	16	231	231	87	184	
10	177	177	49	235	109	181	143	26	87	48	189	188	188	78	138	135	91	243	21	146	106	242	243	77	85	94	111	199	76	135	243	
41	181	189	227	188	127	113	31	63	121	61	24	151	61	74	56	151	159	127	24	155	120	249	21	207	223	53	245	240	202	205	243	
108	177	185	99	249	125	81	25	107	253	61	56	154	63	78	62	145	27	196	16	151	122	249	144	79	221	21	127	194	66	198	247	
38	182	144	152	248	41	186	234	138	63	16	253	172	238	234	2	207	91	199	53	54	78	202	243	12	22	255	255	148	76	13	223	
17	10	196	117	16	170	104	55	116	33	226	212	243	35	144	80	88	174	32	140	57	156	69	15	132	174	176	64	233	136	96	168	
38	164	224	195	246	185	250	90	11	225	125	139	136	236	220	40	191	27	23	157	146	58	236	210	14	28	155	238	215	207	83	213	
220	46	20	173	187	99	31	251	149	174	140	61	205	35	3	215	99	103	205	170	56	79	201	190	250	215	207	63	178	245	175	131	
194	180	150	152	233	229	184	111	191	155	152	181	140	254	96	91	199	59	255	144	50	79	130	211	157	54	219	255	144	68	167	211	
1	10	86	113	22	138	96	23	116	33	66	224	243	0	144	232	114	46	40	24	27	184	69	13	132	166	50	64	108	136	65	40	
252	90	255	254	40	78	95	248	249	254	182	104	95	223	139	123	246	245	253	234	233	71	251	40	211	235	227	156	36	179	38	115	
82	4	66	160	20	34	72	87	45	3	218	18	143	10	32	72	122	133	31	176	24	145	1	194	144	228	154	148	165	201	241	8	
46	28	134	158	79	240	184	64	141	134	201	163	204	206	33	206	203	57	171	131	4	131	82	200	149	118	202	11	150	127	61	150	
109	113	145	69	233	31	70	152	107	234	43	72	210	48	77	190	145	76	112	106	193	112	249	0	39	158	69	52	202	115	202	164	
3	134	66	155	118	179	168	67	31	1	83	243	172	202	178	200	255	43	163	133	54	158	7	223	6	54	154	193	157	140	169	132	
157	255	190	189	159	255	183	254	246	254	222	47	254	253	147	231	127	254	238	83	255	251	255	255	252	103	103	191	255	125	191	251	
209	221	31	237	180	206	77	55	164	8	202	64	183	51	32	115	100	54	61	104	105	137	49	45	225	171	98	16	40	144	161	41	
63	223	230	149	246	154	111	246	55	206	94	231	105	231	183	212	55	238	183	206	245	216	165	254	126	111	231	129	175	245	253	221	
156	228	148	199	191	60	86	254	65	190	252	58	111	115	200	183	127	222	196	106	120	127	170	171	187	221	69	47	98	254	174	173	
90	5	82	225	150	42	106	23	53	1	250	18	15	43	0	88	114	143	29	176	26	154	1	198	154	253	154	196	167	192	224	0	
34	221	34	154	207	212	188	231	155	85	88	183	44	222	126	65	239	59	147	129	214	26	178	245	55	48	158	235	21	28	183	223	
19	189	122	12	83	209	150	111	126	192	252	162	40	248	166	160	58	187	134	129	87	187	134	127	50	5	15	43	125	6	171	159	
55	255	106	78	124	151	238	249	82	76	253	238	105	204	183	176	220	234	150	230	207	178	108	255	54	77	165	173	95	183	250	213	
2	132	2	137	20	162	170	99	20	1	91	18	64	234	56	64	121	42	2	177	50	152	0	223	40	38	154	192	148	10	176	128	
60	127	78	111	153	95	239	252	39	172	255	132	251	199	139	208	120	252	238	226	73	179	251	63	255	237	167	149	107	179	238	240	
131	130	138	153	116	167	168	71	30	11	81	215	132	202	188	200	255	41	18	149	182	156	71	215	12	54	186	198	156	8	185	133	
205	81	95	69	34	78	111	48	105	234	54	236	223	55	129	127	54	212	124	106	225	212	181	72	230	251	101	128	42	179	67	49	
95	48	142	180	171	122	89	27	179	255	151	189	207	55	202	222	39	199	253	156	29	65	171	194	218	247	125	215	174	228	174	87	
120	96	82	44	85	91	66	72	117	36	234	8	74	129	0	148	120	204	226	226	8	178	209	218	180	244	1	43	107	62	106	6	
6	132	2	139	20	163	170	66	22	1	91	18	72	234	56	64	121	43	19	177	18	184	9	215	8	38	138	196	149	11	48	128	
73	3	16	37	48	26	106	48	101	8	111	100	199	35	129	244	18	68	108	110	129	144	193	76	164	252	34	128	10	163	75	1	
252	82	127	228	104	78	127	184	41	238	246	238	127	119	139	123	118	213	125	234	233	215	249	202	215	235	231	144	37	243	102	115	
131	250	136	146	252	41	184	206	158	253	17	253	140	170	210	10	135	75	211	21	166	77	138	243	12	22	127	254	156	141	139	221	
188	244	244	95	63	122	82	238	91	183	252	58	74	106	206	182	251	212	196	40	44	127	189	239	187	255	85	127	250	252	110	143	
48	42	6	29	9	203	161	78	118	164	202	4	224	130	2	208	104	110	106	0	9	217	199	48	148	38	155	1	25	0	126	136	
118	245	164	6	203	87	150	232	27	238	168	47	72	124	79	158	157	213	241	115	204	99	251	106	59	6	77	191	195	118	94	87	
109	52	249	97	241	127	115	24	107	251	61	56	222	63	207	62	151	93	212	58	145	112	249	192	79	221	33	246	202	227	71	247	
92	112	249	101	98	110	123	152	57	238	55	44	223	127	195	122	183	221	125	250	137	212	185	66	215	255	103	165	230	243	71	115	
45	177	113	227	253	109	241	25	91	121	61	60	222	93	222	44	159	26	87	57	147	112	249	214	79	220	37	246	206	142	215	243	
109	52	145	65	97	127	115	24	107	250	61	104	222	21	207	190	149	92	212	58	129	116	249	0	79	221	37	182	202	227	70	245	
88	25	134	45	27	91	34	8	54	228	198	142	67	96	2	212	48	236	234	224	45	209	93	29	253	35	69	21	106	46	44	112	
77	186	134	30	169	213	19	170	190	221	142	173	236	246	234	166	133	115	232	21	7	73	171	117	201	23	125	219	138	100	13	125	
222	63	21	151	171	225	95	231	133	238	142	183	238	167	195	215	231	231	236	166	125	95	233	238	186	214	197	179	178	245	132	125	
45	181	113	227	253	109	241	153	79	121	61	122	222	93	220	60	63	154	87	56	147	112	249	214	79	220	37	246	206	142	199	243	
197	28	247	215	236	36	175	52	233	187	119	118	252	247	221	111	231	126	54	138	225	252	170	226	36	58	119	168	142	243	225	165	
114	4	66	161	148	34	106	71	61	1	251	18	15	42	32	80	122	143	31	176	24	155	1	194	182	236	154	192	165	200	240	8	
110	25	146	142	79	208	146	65	143	132	201	131	172	254	99	206	202	185	187	211	4	3	218	232	147	116	138	27	150	47	61	150	
110	52	175	242	237	116	248	83	171	187	159	92	220	255	93	62	173	23	247	153	145	103	186	192	95	91	255	238	207	101	251	243	
2	156	178	150	246	136	188	103	189	11	82	178	172	190	32	65	231	51	159	129	240	153	0	239	180	54	222	130	132	76	161	137	
230	127	176	154	236	161	156	207	155	63	153	191	236	204	207	9	207	115	247	19	114	99	202	247	52	18	255	251	148	95	151	211	
34	157	34	155	207	213	188	239	30	85	88	147	172	252	126	65	255	27	147	129	214	26	58	245	45	16	158	235	21	76	181	222	
39	96	224	83	86	49	250	200	91	227	125	154	8	204	223	44	63	217	19	159	134	54	172	194	14	28	159	172	199	223	115	196	
66	190	150	154	235	165	184	207	191	59	209	49	140	182	96	91	199	31	255	144	50	75	202	243	157	54	222	254	144	68	167	155	
162	171	96	158	71	145	190	105	95	70	85	175	40	204	254	4	250	43	147	135	198	58	238	251	54	28	158	171	87	14	253	206	
1	135	65	203	52	162	234	51	84	1	91	246	241	34	184	224	94	42	22	141	157	184	69	159	140	46	186	192	189	138	121	141	
212	72	158	252	10	96	21	2	184	158	134	49	119	183	33	91	224	245	237	66	40	197	130	40	209	227	122	25	32	113	37	107	
2	141	2	154	149	167	174	231	22	1	74	2	104	234	48	64	121	107	19	145	50	152	24	255	41	38	158	64	16	74	176	136	
10	175	51	186	215	181	179	231	127	77	88	19	44	237	114	132	179	43	131	21	146	58	34	247	125	86	22	107	115	4	183	239	
167	98	115	90	108	13	232	216	239	26	113	92	218	200	253	175	158	72	86	126	195	118	206	240	20	24	99	236	221	187	83	165	
237	124	213	255	95	255	242	154	115	43	246	58	251	85	153	188	95	212	252	217	171	246	121	191	23	255	145	147	247	213	90	173	
33	233	66	141	116	198	110	244	65	232	94	78	113	81	178	116	120	238	23	239	205	186	212	189	118	44	164	128	63	190	122	140	
255	60	246	95	127	251	114	154	247	191	246	58	235	217	143	253	251	252	252	152	174	247	237	187	151	255	145	151	247	213	78	143	
155	132	110	65	212	58	233	247	116	99	94	18	25	41	158	100	123	142	55	189	177	188	37	199	126	47	178	196	231	204	240	236	
134	255	145	186	248	169	190	207	158	191	25	255	228	230	201	11	159	123	91	23	114	65	202	247	44	22	127	252	156	217	131	145	
118	141	194	227	212	34	106	71	57	1	251	18	11	42	36	80	123	143	23	144	58	154	1	230	186	236	158	192	165	203	240	0	
109	48	241	69	113	127	123	24	107	234	63	108	223	63	199	190	151	93	212	122	129	240	253	202	79	221	33	166	202	247	71	245	
134	238	141	155	232	169	46	190	30	51	89	245	245	226	232	64	23	75	51	159	179	92	79	115	108	6	191	228	156	195	129	185	
122	15	228	5	19	90	71	40	113	230	238	175	66	44	150	215	88	228	236	226	172	242	237	14	58	39	229	149	103	230	94	86	
73	7	86	69	52	26	110	48	125	174	126	228	203	32	150	213	50	68	108	110	236	176	101	14	166	255	101	128	110	230	74	5	
92	118	251	229	98	110	123	152	41	238	254	236	95	63	195	122	55	221	125	234	137	214	185	202	215	253	103	164	231	243	103	243	
106	191	90	90	121	221	18	234	155	28	172	45	46	220	230	148	137	186	194	0	6	107	234	181	58	81	1	59	90	12	78	223	
205	82	253	69	98	90	127	48	41	206	118	236	223	23	129	127	54	213	253	234	225	212	177	202	230	251	101	128	46	179	6	113	
4	12	2	138	20	163	170	64	20	1	91	18	64	202	40	64	121	40	2	176	50	180	8	223	40	38	138	64	148	11	48	128	
34	156	32	154	95	241	186	234	159	87	88	187	44	252	126	1	249	27	147	133	22	58	62	247	31	20	219	239	21	13	117	222	
1	134	2	153	116	167	170	83	94	11	90	86	148	130	184	224	221	43	18	157	183	156	69	87	12	46	186	196	156	8	57	137	
120	217	56	236	117	197	95	247	3	13	124	11	62	255	34	80	216	187	151	64	74	11	154	177	115	253	128	43	49	154	228	235	
180	66	64	187	94	163	202	72	86	37	65	179	193	192	186	200	122	168	2	223	46	182	79	181	148	6	154	65	53	139	56	128	
2	152	178	158	118	132	184	230	188	11	80	50	172	254	32	67	231	59	155	129	162	205	2	231	28	54	90	202	148	4	33	137	
3	156	19	201	212	231	171	67	94	73	90	66	180	146	176	224	127	27	18	153	147	184	17	223	45	4	186	64	156	74	33	184	
231	71	102	74	236	25	238	232	201	146	185	202	67	232	253	179	122	192	86	111	204	35	78	232	54	24	229	188	125	251	218	132	
153	133	98	99	214	58	235	183	117	67	127	18	27	41	148	96	127	142	23	152	188	184	37	230	126	239	182	196	231	192	240	168	
195	190	133	147	170	168	188	135	190	179	26	245	172	34	208	207	167	71	123	149	183	92	143	243	172	18	223	230	140	84	137	29	
246	252	213	92	251	211	22	231	187	255	176	253	42	254	199	247	231	253	238	134	253	79	250	238	59	126	85	251	219	52	238	95	
47	53	241	65	245	127	251	24	123	233	61	108	222	61	221	188	191	221	215	58	147	112	249	194	15	220	37	230	207	239	71	245	
215	126	247	150	187	217	95	247	189	206	222	191	108	230	167	215	231	231	239	134	253	221	238	238	190	54	221	211	134	245	134	125	
10	174	34	152	223	245	176	207	159	95	84	19	44	141	118	140	171	59	131	21	51	126	2	247	31	22	30	235	211	4	191	255	
33	201	67	141	118	202	231	244	65	72	94	98	112	209	182	116	122	236	22	111	197	186	68	189	116	44	164	128	111	186	90	141	
197	220	255	213	238	36	175	246	122	155	114	118	112	243	253	107	127	127	55	202	177	244	170	99	108	46	231	172	141	241	225	161	
74	178	236	144	170	48	124	159	171	255	158	253	140	174	222	62	167	215	253	145	150	73	167	194	222	119	252	247	134	212	143	95	
34	173	96	154	215	241	186	234	95	117	88	187	168	236	126	0	249	27	147	197	86	58	110	247	31	20	159	239	85	76	119	222	
184	5	110	236	212	19	206	127	85	162	255	26	83	105	188	32	120	172	23	40	248	179	37	142	114	239	161	132	119	234	240	160	
220	82	255	228	46	78	127	56	57	206	246	231	255	127	131	123	118	245	125	230	201	215	169	202	211	235	239	152	39	243	38	115	
