香奈儿可可小姐唇膏	424 - 伊迪丝	https://i.chanel.cn/fnbv3/image/full/shades/rouge-coco-_-424--35g.0172424_S.jpg	https://i.chanel.cn/fnbv3/image/full/chanel__com_type1/skus_full/rouge-coco-_-424--35g.3145891724240.jpg
216	93	63	244	32	204	117	55	248	138	102	16	255	183	0	115	166	119	125	8	97	253	179	47	227	251	118	1	64	176	135	59	
138	178	249	177	166	32	189	151	58	127	84	247	157	63	216	43	63	95	53	157	179	92	226	225	204	153	254	228	164	208	151	249	
40	56	83	229	112	206	123	18	59	168	114	104	188	151	64	52	134	125	55	8	129	156	144	226	69	252	33	162	10	129	7	179	
50	195	98	172	126	147	218	97	205	69	216	231	44	136	182	192	126	169	135	229	204	171	4	221	48	36	138	203	125	14	57	221	
112	113	185	100	28	79	83	40	96	164	174	8	215	23	64	48	144	212	108	106	73	32	249	13	241	173	33	53	96	50	70	34	
2	139	2	142	91	129	190	101	140	4	216	175	172	238	34	64	238	187	139	197	86	139	6	253	52	36	138	171	20	14	173	223	
35	155	99	141	116	147	168	119	76	65	120	230	169	142	180	228	78	168	18	205	199	186	100	221	36	56	170	192	95	140	113	253	
19	223	99	141	86	146	175	119	116	64	94	230	49	140	180	100	110	168	22	237	225	153	36	239	52	44	170	192	61	140	241	253	
129	155	43	217	116	141	105	119	92	73	84	70	180	149	176	96	206	42	22	12	195	184	112	221	103	29	178	192	30	136	241	249	
26	201	122	252	19	209	185	103	141	4	254	163	44	159	38	64	238	59	143	128	66	169	32	221	243	245	154	139	55	4	37	123	
64	48	153	228	8	204	81	19	170	72	34	8	182	151	64	50	128	53	120	72	67	72	242	1	197	160	48	56	64	0	7	42	
27	64	106	236	86	162	107	112	36	64	223	130	121	207	178	112	126	189	23	239	136	145	36	205	210	237	170	128	37	131	49	241	
20	28	30	255	220	199	103	248	86	2	198	18	113	243	34	64	121	126	42	170	104	243	91	63	253	167	247	0	57	120	248	162	
220	88	63	254	13	70	71	56	148	142	135	2	119	87	41	75	88	244	109	106	104	199	59	44	241	227	227	17	48	59	52	98	
184	221	52	255	189	149	85	191	197	9	220	64	247	115	34	101	200	34	157	104	122	137	83	189	227	249	164	217	18	140	248	43	
120	40	185	116	205	221	85	23	225	166	164	8	51	177	65	58	72	182	104	8	8	107	242	0	211	203	84	57	226	248	70	106	
88	9	74	236	20	130	106	113	165	128	223	2	123	203	48	64	122	173	61	235	72	187	128	205	242	237	162	128	37	170	112	8	
18	203	95	220	19	192	185	103	140	12	90	163	44	159	160	64	238	59	175	192	66	137	34	253	112	36	186	139	53	8	37	235	
80	56	159	245	42	76	117	57	46	234	162	72	215	247	64	114	167	117	124	8	1	65	155	0	201	163	101	52	8	96	7	51	
89	221	19	188	53	140	116	119	253	8	202	71	190	155	32	192	224	43	31	4	70	155	16	255	179	253	26	10	24	8	33	11	
19	13	99	157	86	147	170	118	92	64	90	198	57	172	180	228	110	171	23	141	237	185	36	239	48	46	170	128	63	140	49	252	
2	176	50	217	247	197	184	199	31	73	120	19	172	158	124	0	255	27	147	145	210	58	16	215	45	28	154	239	213	12	133	219	
26	28	26	252	117	132	120	119	189	8	94	66	61	155	32	80	228	171	23	12	200	154	16	239	243	253	186	128	26	128	105	171	
40	132	153	251	157	237	17	15	22	19	69	16	183	245	72	104	217	26	34	24	58	124	123	23	205	199	146	109	144	72	149	170	
27	158	202	189	178	186	186	247	62	71	90	247	237	238	178	192	119	111	191	149	182	157	5	255	190	103	62	195	188	196	169	93	
131	72	123	221	112	198	249	114	188	72	118	194	185	143	180	96	110	57	23	140	225	188	32	207	71	191	178	128	69	128	33	185	
94	241	188	236	169	68	95	216	171	188	156	41	223	255	75	90	151	213	253	115	10	67	187	209	219	251	111	191	144	243	39	115	
19	159	103	159	178	178	174	247	60	65	90	230	105	110	182	228	127	235	55	173	183	153	37	255	60	46	174	192	191	198	169	221	
16	205	18	156	87	196	164	231	148	4	200	3	36	130	34	196	104	170	130	192	70	171	18	255	49	36	158	11	17	24	189	142	
209	82	71	237	38	10	111	56	100	234	242	230	83	3	177	117	126	132	62	238	233	149	101	12	176	170	226	132	61	186	112	49	
168	176	157	251	221	237	161	11	22	115	69	16	148	241	72	105	217	26	50	24	51	124	123	23	205	135	218	124	144	72	149	162	
225	97	121	100	84	79	99	56	113	192	100	8	83	17	17	48	24	140	16	106	233	182	113	14	101	168	32	0	105	187	82	32	
10	186	191	249	235	233	57	71	190	31	70	177	172	167	98	72	227	59	171	16	18	216	34	245	207	243	94	195	144	64	165	235	
2	128	239	149	86	70	169	232	62	132	194	2	213	103	48	96	123	221	59	169	33	208	121	76	93	42	207	4	5	40	53	160	
104	161	185	96	93	77	83	216	115	164	164	8	155	23	64	48	25	220	80	24	9	114	248	0	223	253	5	117	99	170	70	226	
2	129	6	153	86	130	168	103	28	1	83	18	172	138	56	64	122	43	19	129	82	152	3	213	4	48	154	192	21	8	177	136	
8	188	253	227	180	163	123	151	14	59	30	178	189	23	128	106	103	19	31	156	179	156	33	227	204	143	190	196	180	208	161	121	
19	159	195	139	182	163	171	247	30	65	90	231	121	238	182	228	127	43	23	157	183	152	45	255	44	46	174	192	189	206	177	253	
36	201	2	154	204	131	174	228	20	128	218	2	72	202	121	65	120	106	51	227	64	179	10	224	52	32	206	8	21	123	240	136	
212	92	31	254	12	70	71	56	148	142	199	0	119	83	41	99	88	244	125	106	105	199	57	46	241	163	227	16	48	59	52	34	
45	181	145	65	240	15	98	184	123	168	120	76	222	115	192	180	150	92	86	120	129	176	217	94	175	156	37	164	74	226	66	161	
34	137	2	137	92	131	168	102	6	1	216	2	168	138	48	64	120	168	19	209	2	186	67	221	60	32	138	200	85	10	49	136	
18	129	50	157	50	129	188	103	173	1	211	147	172	142	56	64	230	179	159	133	210	153	2	197	180	48	154	130	21	4	161	153	
40	149	56	235	188	133	71	63	6	13	221	96	183	113	168	64	217	10	31	40	90	168	121	29	235	205	186	216	18	138	212	171	
64	56	157	245	32	110	113	23	40	235	98	24	150	55	0	122	128	55	120	8	1	216	241	0	197	171	114	0	136	96	135	58	
82	81	82	181	50	136	124	103	173	0	211	162	45	14	36	64	230	191	159	129	64	153	0	205	178	252	154	130	36	0	161	9	
34	184	50	219	117	141	184	198	94	9	112	2	172	154	116	0	236	59	19	81	130	184	18	245	13	28	26	234	208	8	115	139	
20	156	142	255	220	7	103	248	20	130	198	22	209	243	40	65	121	110	42	170	120	242	91	62	125	175	231	0	185	120	176	162	
40	173	2	137	215	247	162	103	70	5	120	2	32	136	34	132	120	42	130	144	22	186	16	255	45	4	130	99	211	14	252	142	
10	186	194	187	246	177	184	199	31	95	80	247	172	238	242	136	255	59	151	145	150	216	14	243	30	87	190	235	157	76	189	223	
138	176	16	153	109	253	176	207	159	61	80	27	140	158	110	141	207	27	131	17	22	126	82	209	15	16	26	111	146	12	141	159	
72	184	29	113	8	205	81	151	238	113	34	24	151	23	64	50	129	54	104	8	3	233	179	21	205	203	16	16	64	0	135	42	
108	32	184	96	205	125	87	200	99	183	164	8	147	245	73	58	153	220	72	26	26	99	250	18	203	221	5	61	194	251	198	34	
10	178	52	155	105	221	176	79	143	61	85	27	140	222	110	140	175	27	235	17	22	94	90	209	15	16	27	111	146	12	141	199	
41	249	121	97	244	143	111	53	109	105	126	72	243	17	148	48	156	30	86	104	209	184	97	13	103	221	32	192	67	154	194	169	
6	100	162	137	84	163	170	64	22	65	91	18	0	202	61	64	121	40	19	145	130	182	4	222	12	14	154	192	149	15	113	128	
128	72	130	158	76	160	170	66	148	128	80	2	40	202	49	73	104	104	51	195	0	191	2	232	16	32	138	8	21	41	48	136	
165	71	68	15	124	31	198	184	84	232	114	76	243	72	159	165	92	236	70	111	237	176	93	63	38	88	33	176	89	187	90	133	
90	176	144	184	155	228	16	74	175	29	129	49	140	158	100	90	231	19	253	145	18	79	146	209	155	209	26	255	144	68	37	19	
34	34	98	216	87	209	184	65	91	5	117	187	8	204	126	12	250	185	147	145	150	62	38	214	31	28	154	235	215	12	118	214	
29	79	74	239	54	131	107	112	4	8	223	230	113	199	177	96	126	253	31	238	201	145	45	63	240	239	171	128	61	171	56	49	
67	153	22	156	121	132	56	39	143	72	194	5	172	146	38	80	230	163	187	197	70	11	18	221	212	48	154	155	24	4	41	27	
25	77	106	238	86	146	255	113	117	64	254	130	121	15	182	96	126	184	23	239	201	187	36	239	114	237	162	128	55	134	112	233	
2	162	36	152	203	161	184	71	143	21	128	179	172	142	98	72	205	59	235	149	22	11	194	209	157	16	154	251	144	4	173	206	
2	184	18	155	117	141	176	103	30	9	120	2	172	154	36	0	236	59	19	17	18	184	16	247	13	28	26	98	80	8	129	139	
56	233	120	236	60	215	214	252	194	164	188	11	51	217	115	128	88	248	135	104	72	43	82	189	115	205	165	57	117	186	92	138	
59	31	66	140	119	147	174	103	221	64	216	231	105	232	180	196	126	171	150	165	199	187	4	255	50	126	142	130	127	142	249	157	
26	143	66	190	119	147	190	231	159	4	88	231	109	234	38	192	254	235	135	197	230	171	14	255	54	119	142	139	63	94	185	143	
92	220	190	254	173	76	127	168	175	158	150	19	255	255	107	75	231	215	253	243	90	69	155	241	235	243	239	31	148	115	173	67	
43	181	99	203	213	183	234	251	71	97	121	70	24	24	188	164	120	138	18	189	151	186	125	223	62	28	131	228	95	142	248	180	
125	207	78	238	54	147	78	248	133	72	223	230	123	227	179	225	126	226	189	238	205	139	45	189	242	233	175	144	63	191	120	29	
92	177	186	246	169	76	95	216	171	189	181	8	255	255	75	58	183	87	253	82	10	67	186	241	219	217	111	255	128	179	135	99	
6	12	66	159	212	131	174	234	182	130	90	2	104	234	49	64	121	107	19	163	98	187	8	255	52	38	143	128	21	122	49	136	
56	65	106	101	116	10	109	119	101	160	254	2	19	1	145	112	122	172	6	232	200	176	101	12	246	237	164	132	103	184	98	168	
192	32	156	181	108	137	185	18	174	185	83	16	181	139	64	75	166	45	127	17	2	220	195	81	196	163	122	224	132	136	1	137	
247	72	226	212	70	130	170	64	169	192	211	135	8	206	119	75	110	245	55	247	132	215	134	200	18	40	202	136	133	55	49	212	
62	5	98	236	87	46	234	120	85	160	251	2	75	169	60	80	120	205	23	227	136	179	17	206	179	236	131	4	103	171	114	128	
130	133	130	153	196	163	172	199	30	3	90	18	8	170	48	72	121	10	2	145	50	186	3	226	60	6	158	196	149	88	177	136	
10	140	10	152	125	213	184	231	159	29	84	21	172	191	54	196	201	59	147	133	54	62	18	247	79	119	154	235	146	12	61	222	
34	121	52	251	109	141	212	222	207	56	248	8	174	152	101	91	200	75	87	66	202	42	82	241	135	216	80	58	80	89	82	139	
95	113	230	198	205	85	252	248	201	244	157	15	72	190	127	47	174	205	243	239	205	83	190	224	87	89	207	175	7	247	55	246	
187	211	98	173	118	145	255	117	17	68	84	167	57	12	182	164	126	169	151	239	205	186	36	223	102	73	170	160	127	158	248	221	
18	201	98	204	86	128	248	100	141	0	216	130	40	206	52	65	110	169	23	225	194	139	2	221	50	40	138	136	53	140	113	136	
98	58	125	254	108	13	153	120	159	184	176	238	254	252	212	16	206	245	255	1	169	99	202	253	222	91	239	186	93	44	83	179	
2	24	62	156	7	199	185	103	156	68	86	3	52	159	34	65	236	51	179	129	100	153	18	223	85	39	218	131	21	8	61	251	
147	91	115	220	66	146	175	117	189	66	82	230	61	135	181	229	118	185	23	238	193	145	36	237	48	40	234	128	63	177	33	253	
34	136	98	201	86	131	234	96	93	1	113	2	8	200	60	0	126	169	23	225	146	186	0	253	28	28	138	192	85	11	113	128	
34	180	112	208	247	245	184	103	31	109	113	63	8	156	118	8	239	59	151	149	182	62	112	215	31	28	154	235	215	12	215	215	
6	196	112	233	236	9	252	103	45	2	251	18	141	10	52	64	239	129	31	163	208	63	65	214	182	248	158	196	21	138	241	129	
147	77	99	205	86	130	239	119	84	64	94	198	49	140	180	100	126	172	22	237	225	185	36	239	48	44	170	128	61	136	112	253	
162	65	70	137	76	128	232	66	13	16	112	2	8	138	116	73	106	169	55	145	2	182	2	208	20	40	138	200	21	8	113	128	
39	134	98	139	247	179	186	202	30	13	89	231	8	200	190	128	255	43	147	149	150	186	12	255	46	20	138	235	213	79	121	197	
76	4	92	225	182	170	121	151	36	17	94	146	223	7	160	81	103	146	63	184	58	152	65	28	238	207	34	196	180	192	161	41	
130	168	126	155	108	169	184	198	190	19	80	146	189	206	116	11	239	43	119	145	162	92	130	243	68	27	122	232	20	9	51	137	
43	175	224	201	213	145	170	239	79	193	88	198	104	232	252	164	217	106	146	221	151	58	12	255	46	28	143	238	223	14	251	140	
124	49	185	100	11	79	83	216	35	236	180	41	95	31	67	50	220	213	253	242	8	67	249	16	251	193	165	191	99	179	6	115	
10	147	122	232	242	208	185	51	172	77	93	183	156	159	170	96	38	27	151	5	211	136	34	197	71	105	58	203	54	132	165	243	
53	233	99	202	84	196	199	252	68	132	124	2	51	209	177	100	120	248	22	234	203	50	60	189	121	140	165	40	117	186	116	168	
173	73	105	111	60	15	79	184	71	232	253	8	211	9	145	112	88	236	95	106	201	50	105	62	231	221	161	180	117	187	82	33	
40	221	121	117	244	207	109	183	125	111	126	56	187	53	146	48	143	62	87	8	241	184	113	63	111	255	52	192	66	216	198	251	
37	99	123	69	116	11	103	184	113	224	126	232	83	65	145	48	122	204	22	110	201	178	109	14	102	172	33	128	111	186	82	161	
56	153	82	238	83	197	86	101	13	5	120	35	46	191	32	212	250	187	134	64	94	187	16	253	179	245	2	11	115	14	173	155	
41	201	67	73	85	157	226	117	79	65	124	206	32	136	244	180	120	168	2	92	215	58	116	245	62	28	128	104	127	142	242	172	
189	68	105	231	116	22	75	56	85	234	247	82	211	79	153	113	92	204	23	238	233	182	125	142	231	233	163	132	39	171	112	241	
90	49	190	172	42	87	31	120	7	236	148	173	223	255	82	115	214	213	253	103	204	67	251	140	251	219	109	191	36	238	7	115	
220	4	150	181	173	42	72	3	181	150	131	16	207	43	19	75	227	133	109	163	40	197	195	130	194	243	251	21	166	225	45	0	
167	207	237	205	124	6	207	185	86	123	221	214	209	44	152	97	94	204	63	239	233	20	237	159	100	46	239	132	61	251	240	244	
218	186	150	184	171	169	16	71	187	27	160	121	174	178	96	223	167	179	237	17	62	79	130	243	153	210	94	123	146	68	175	15	
162	64	102	252	108	37	200	80	81	10	241	26	10	9	53	25	200	168	23	227	168	182	66	192	23	154	210	136	87	249	114	128	
92	208	156	188	173	76	95	136	175	190	158	1	223	255	107	90	243	215	237	98	88	65	155	209	251	243	111	125	176	115	45	67	
1	0	143	197	70	6	169	88	62	144	194	66	212	115	16	98	121	221	123	136	1	208	251	76	221	42	207	4	5	32	33	160	
18	139	34	142	27	193	154	97	140	5	216	171	44	238	34	196	254	187	143	197	86	11	6	253	176	36	138	155	20	14	37	223	
173	205	237	205	124	18	79	184	84	106	92	198	209	45	147	101	94	204	53	239	233	48	237	190	102	111	231	148	63	251	208	240	
2	132	130	153	212	163	172	231	54	3	90	18	8	170	32	72	121	43	34	144	50	254	1	231	60	6	158	196	149	88	177	136	
138	184	248	179	166	40	189	151	26	115	20	183	189	63	210	42	167	95	53	149	178	252	232	227	204	203	254	228	165	208	151	251	
10	154	186	249	251	193	185	199	190	29	84	179	172	223	226	64	231	59	183	145	50	216	2	247	222	215	190	203	20	12	165	203	
19	159	103	143	150	178	174	247	116	64	218	230	121	110	182	228	127	239	31	173	245	153	45	255	56	46	174	192	191	198	177	125	
33	65	97	69	100	26	239	56	108	232	114	66	211	0	149	164	126	204	22	110	201	176	101	12	36	40	163	132	109	187	80	229	
170	184	34	152	109	213	176	70	159	29	212	21	172	156	118	205	200	59	147	145	6	46	82	241	71	89	154	235	82	12	125	222	
42	178	48	185	109	221	185	143	159	29	84	61	172	157	126	141	205	27	247	21	22	106	226	245	79	81	154	251	82	12	157	223	
105	97	185	69	85	93	99	80	123	224	100	8	26	21	84	52	152	220	82	72	73	178	240	192	111	152	5	32	66	136	70	226	
2	12	66	159	84	131	174	104	20	2	216	2	104	234	48	64	121	235	51	163	32	187	10	255	52	38	143	128	21	106	113	136	
12	60	51	217	115	239	179	82	189	104	122	96	28	215	37	180	182	61	23	72	1	184	48	206	117	188	34	130	202	67	39	179	
56	73	82	229	118	10	120	119	41	160	118	2	63	11	1	80	42	173	68	136	72	184	1	204	246	249	50	128	103	176	98	9	
2	208	32	154	111	132	184	199	142	89	80	183	172	158	62	64	238	27	159	133	198	9	2	241	5	48	154	138	20	28	181	223	
18	136	6	140	28	131	170	96	132	0	211	2	104	202	48	64	120	161	63	227	8	171	2	221	144	32	138	192	21	11	113	128	
18	203	94	188	18	192	61	103	180	4	82	163	45	167	160	64	102	187	175	192	64	153	38	253	240	167	250	131	53	132	37	235	
130	136	50	155	117	141	184	70	30	9	80	18	172	138	52	64	202	43	19	1	130	188	2	247	5	28	154	226	20	8	49	137	
90	1	114	174	22	130	106	112	165	0	211	2	109	203	48	64	122	173	31	227	136	131	0	205	146	229	170	136	39	131	48	0	
16	144	158	255	76	7	117	248	22	178	198	6	83	243	42	65	121	126	42	8	40	243	91	61	221	171	231	0	184	104	112	162	
165	176	157	251	204	237	161	152	94	115	1	24	212	209	72	105	209	26	122	24	19	102	251	17	77	155	83	124	152	73	149	162	
41	241	121	99	116	143	111	53	109	104	127	72	211	17	152	48	62	12	86	104	217	184	97	15	111	221	32	192	65	138	194	169	
30	12	106	236	86	162	107	80	36	64	223	130	89	207	177	120	118	189	23	238	129	147	36	206	82	233	170	128	37	243	32	241	
2	137	66	137	84	129	168	103	6	1	80	2	172	138	48	65	104	169	19	193	66	186	66	221	20	48	154	200	21	8	113	136	
173	68	105	239	116	46	75	56	85	234	247	80	211	77	153	121	88	236	22	238	233	246	105	14	199	251	225	148	119	251	80	225	
162	221	48	238	109	141	214	220	207	59	184	8	174	152	61	19	200	91	95	65	194	43	90	241	183	216	16	190	80	91	80	139	
229	112	149	131	236	45	193	152	78	249	177	92	214	208	73	47	137	64	126	127	131	103	251	80	141	152	105	124	216	59	83	161	
59	159	67	140	119	179	170	103	93	64	216	231	105	232	180	196	126	171	22	133	215	187	4	223	48	124	138	194	63	142	249	157	
220	4	159	245	143	106	84	10	176	182	135	19	215	39	9	91	97	212	233	162	40	197	209	0	211	227	209	21	160	121	116	66	
130	184	249	243	166	168	125	151	31	123	20	182	189	31	192	10	135	91	31	156	179	92	233	243	204	151	191	224	164	208	133	121	
72	56	151	119	129	206	113	23	160	177	38	24	190	183	64	122	129	54	104	8	49	200	243	0	201	243	84	16	130	64	135	42	
108	169	177	69	205	93	87	138	75	180	172	8	154	245	69	62	137	214	96	26	11	98	250	16	79	220	5	63	194	120	86	98	
4	205	2	158	204	131	174	228	148	128	216	2	96	234	57	65	120	106	19	227	64	243	10	232	52	32	207	12	21	123	240	136	
19	143	99	139	214	179	239	247	22	65	90	198	113	110	180	228	127	234	23	189	179	152	45	255	60	46	174	192	189	206	177	253	
88	40	63	246	11	204	17	71	174	21	174	24	190	151	32	80	160	51	105	0	0	9	178	17	209	231	80	27	32	0	135	106	
26	143	66	190	87	147	190	231	157	4	216	231	109	234	54	192	254	171	135	133	118	139	14	255	50	119	158	139	63	78	57	143	
10	158	222	185	178	130	57	199	190	13	86	179	172	231	162	64	231	59	175	16	50	216	2	247	254	119	62	195	180	68	173	219	
41	99	99	69	116	10	239	120	117	96	126	198	81	65	180	180	122	204	22	110	193	178	109	221	52	60	165	4	111	186	114	164	
8	157	58	121	240	205	125	183	253	77	126	16	190	183	34	112	135	59	87	8	242	184	50	127	111	255	54	66	194	208	207	251	
173	199	100	47	52	27	206	184	85	172	250	237	195	104	159	133	24	204	70	111	236	176	77	31	100	88	37	180	127	190	90	132	
72	56	27	112	9	205	81	7	160	1	166	8	182	151	64	58	128	52	104	24	11	105	178	1	193	225	16	56	0	0	7	42	
18	65	66	140	68	128	232	103	141	0	208	2	40	138	52	64	110	169	23	193	64	139	2	221	52	40	138	136	21	8	49	136	
66	176	18	184	203	225	176	71	175	29	128	177	172	158	96	88	231	19	235	145	18	75	146	213	153	208	26	123	144	4	167	219	
248	133	20	235	189	31	84	189	71	25	141	48	255	83	136	245	208	18	204	40	122	8	75	157	234	249	32	85	50	138	216	43	
5	175	82	65	112	191	106	178	125	168	126	108	191	50	132	180	22	108	70	124	133	184	65	110	46	156	37	164	74	226	75	133	
82	29	27	188	51	192	177	103	172	64	202	34	60	150	32	97	226	59	138	1	65	139	18	237	177	160	26	11	16	0	37	43	
34	176	50	155	245	133	184	199	31	9	113	51	140	158	108	0	255	27	147	145	242	188	18	215	45	28	158	234	212	12	161	147	
19	13	107	206	22	146	239	114	228	64	94	194	49	172	182	100	110	170	23	207	249	185	36	239	112	44	170	128	53	138	112	252	
134	64	6	153	20	131	168	64	150	19	211	146	72	206	57	73	126	41	19	145	34	213	1	220	4	2	154	192	149	13	49	128	
134	72	130	158	68	160	170	64	148	128	81	2	32	200	49	72	120	40	51	195	0	182	2	234	16	36	138	136	149	59	48	128	
146	11	110	188	114	129	184	103	140	4	214	167	45	142	162	64	110	187	143	197	68	139	6	253	240	97	186	139	53	132	45	219	
50	131	98	168	86	131	218	104	13	4	208	167	42	200	54	192	126	169	151	229	206	171	4	221	176	36	138	219	53	14	124	221	
134	72	34	155	84	131	170	64	22	1	81	18	8	202	49	72	120	41	19	145	162	150	0	218	0	4	154	192	149	9	48	128	
4	148	158	253	220	7	103	248	54	162	198	6	209	243	32	65	121	124	42	168	32	242	91	15	125	175	231	0	185	104	112	162	
34	8	102	201	84	131	232	64	77	1	240	2	8	136	53	72	122	169	19	161	146	179	0	221	20	8	138	192	85	9	113	128	
105	57	49	97	112	79	99	56	115	232	106	104	22	21	128	48	16	220	68	104	73	186	241	46	253	188	37	52	106	162	70	59	
80	53	155	101	50	74	17	23	34	169	234	40	215	55	128	112	54	53	108	16	9	153	177	8	249	229	36	144	32	226	135	51	
137	152	59	249	116	141	121	119	92	73	118	84	190	145	48	96	228	42	22	12	195	188	48	223	71	189	50	192	26	136	113	171	
216	124	190	244	3	236	117	22	185	134	38	24	190	191	65	27	163	119	237	0	96	205	178	106	211	235	86	3	226	112	39	43	
104	41	249	84	77	221	81	7	227	165	164	8	50	149	68	54	136	182	98	8	24	122	242	0	95	157	80	57	66	8	198	106	
19	12	107	207	86	146	235	114	116	64	94	198	49	142	180	100	110	172	23	207	225	185	36	239	84	44	170	128	61	131	113	252	
14	178	52	154	233	253	176	73	143	61	53	59	140	222	110	140	175	25	235	17	22	15	218	209	31	80	27	111	146	13	141	199	
10	176	48	152	237	253	176	77	143	61	53	59	140	158	110	143	207	25	195	17	22	103	218	209	31	16	91	127	210	12	141	215	
162	184	144	153	205	253	176	71	31	23	112	27	172	156	102	140	201	59	131	17	22	126	82	243	13	22	26	107	209	12	159	222	
34	157	18	152	217	196	180	103	156	13	104	17	172	182	34	196	200	59	130	1	86	171	18	247	169	52	26	75	16	12	173	222	
213	71	70	204	54	18	110	120	100	128	251	230	81	67	185	245	126	164	30	238	233	147	5	12	48	168	226	128	63	179	120	1	
35	56	114	211	230	181	184	87	77	121	117	179	40	156	246	40	238	59	151	149	150	190	36	240	14	24	154	226	215	140	241	215	
34	225	50	203	116	141	184	196	206	25	112	2	172	136	116	0	202	41	19	81	130	58	2	245	44	24	10	234	85	10	81	137	
65	80	249	229	36	46	105	16	96	74	114	228	211	55	145	122	102	228	60	110	137	148	245	8	196	168	98	128	44	241	64	113	
12	133	28	235	180	187	67	185	70	53	13	16	215	113	152	96	83	10	30	56	26	168	105	21	207	205	161	116	182	138	212	32	
2	192	50	153	102	128	188	103	172	17	83	147	172	142	56	64	238	27	31	133	210	9	3	213	180	48	154	138	20	4	161	217	
34	193	66	136	92	131	170	77	6	1	216	2	40	138	48	64	104	168	19	209	66	187	67	221	52	32	138	200	21	10	240	136	
2	129	6	153	84	130	168	103	28	17	83	18	140	138	48	64	106	11	51	145	82	152	67	213	4	50	154	192	20	8	177	128	
67	24	26	156	121	132	184	39	140	72	64	101	172	146	34	80	230	41	59	133	71	10	18	221	20	48	154	139	24	12	41	159	
35	139	99	141	94	147	168	119	68	64	88	198	177	136	180	228	110	168	18	205	215	186	101	221	36	40	170	192	125	140	121	156	
26	69	98	236	86	146	250	113	229	64	254	130	105	79	180	100	126	185	23	233	200	147	36	207	242	237	170	128	55	166	112	200	
162	64	66	137	76	32	232	71	141	16	113	18	136	138	116	75	106	137	23	147	48	182	66	192	20	24	218	232	21	25	241	136	
45	4	113	69	52	63	235	56	84	234	127	66	219	48	157	228	94	12	22	46	169	180	101	142	69	255	163	132	231	175	80	229	
128	172	159	187	108	169	169	210	62	27	81	82	181	203	113	73	239	43	55	153	34	220	202	115	196	133	250	168	148	65	33	169	
169	73	121	109	116	15	79	184	84	232	246	72	243	1	145	49	88	236	86	106	233	182	105	62	231	217	33	176	113	187	82	233	
124	112	121	228	58	95	91	88	35	236	180	41	95	31	67	48	220	213	221	226	72	82	249	152	243	201	37	183	99	163	6	115	
32	233	121	78	84	207	199	125	68	164	124	10	51	209	176	32	88	186	6	106	202	186	120	61	125	141	165	40	117	138	212	168	
39	55	194	139	245	183	170	202	95	233	121	198	8	200	255	164	121	10	146	61	151	178	92	222	62	28	139	230	223	207	120	148	
131	190	151	153	234	161	169	71	190	27	2	245	164	166	224	79	167	51	106	148	51	77	131	83	156	50	94	202	136	64	161	29	
199	156	156	179	168	60	188	135	186	155	131	84	156	58	64	235	167	87	120	17	55	77	155	98	141	51	94	66	136	80	137	15	
111	125	166	214	205	212	254	244	225	202	157	15	72	255	119	38	236	245	255	239	237	35	186	238	123	95	207	190	7	247	242	246	
163	253	98	74	117	149	222	252	73	72	245	47	40	220	190	36	222	153	151	239	199	39	60	255	51	92	138	190	87	159	115	255	
45	53	241	67	212	109	227	90	99	169	125	74	19	181	221	52	120	154	6	56	147	186	252	66	125	140	33	100	231	203	70	160	
60	241	121	96	241	207	83	253	99	41	37	8	19	151	72	48	152	152	85	120	91	58	248	21	255	205	37	124	98	130	198	178	
38	205	2	158	220	131	174	228	148	128	218	2	104	234	49	65	120	234	19	227	64	187	10	237	60	32	207	8	21	122	240	136	
208	91	121	229	50	200	59	54	32	44	110	237	183	39	128	80	38	247	109	64	64	152	161	47	228	229	46	128	36	128	7	123	
161	209	121	99	116	143	111	53	117	104	119	88	211	17	152	49	94	12	86	106	225	184	97	15	103	153	32	192	100	138	194	161	
248	129	84	235	188	27	80	41	93	49	167	24	199	67	136	85	210	6	108	106	122	40	75	149	234	250	64	85	50	138	200	0	
146	90	78	188	2	130	57	87	188	6	86	247	45	135	162	73	102	187	175	132	192	157	6	236	208	227	250	129	37	148	165	249	
105	40	49	64	93	221	65	67	235	97	172	8	42	145	84	180	136	188	218	24	11	43	240	149	23	220	16	123	194	14	70	46	
69	16	251	237	160	108	121	19	168	75	118	116	151	23	161	122	70	53	61	24	145	148	176	64	199	169	114	128	128	225	37	113	
29	104	137	225	132	79	231	200	86	224	69	10	211	209	121	40	121	76	2	122	11	116	185	48	205	133	133	52	241	59	80	160	
17	117	83	69	114	206	38	113	125	168	123	96	92	23	164	244	54	61	86	106	225	145	17	78	54	172	39	130	42	50	163	177	
178	193	66	136	92	131	202	101	5	0	209	2	40	8	48	64	104	137	23	225	74	175	64	221	52	0	138	248	21	10	240	136	
78	48	48	138	237	253	176	73	143	61	177	59	140	222	111	142	239	153	203	19	22	35	218	208	31	80	11	127	210	15	13	199	
134	64	134	153	20	131	168	64	22	131	83	18	72	202	57	73	121	41	19	177	34	247	1	222	4	2	154	128	149	9	48	128	
166	64	130	158	76	128	168	72	148	128	81	2	96	202	57	73	120	104	19	195	0	182	2	232	16	32	202	136	21	59	48	128	
245	97	145	162	173	13	70	200	203	250	177	92	214	72	221	159	153	196	76	127	109	103	202	176	152	216	101	62	200	59	90	5	
97	188	241	68	221	221	196	7	75	225	172	8	26	184	86	180	137	174	240	28	141	42	240	146	47	93	21	127	202	46	90	14	
60	173	108	41	223	75	198	234	22	164	138	139	3	44	18	0	120	236	195	231	124	186	77	63	127	7	133	117	117	190	84	192	
88	177	182	118	35	200	81	39	169	141	175	40	46	247	64	54	162	54	237	0	2	73	162	101	219	247	84	27	98	2	134	42	
229	98	145	129	172	77	67	136	203	250	177	88	214	80	201	191	137	64	126	126	11	103	235	16	140	152	101	124	216	59	83	37	
198	142	148	179	168	40	125	135	171	63	131	17	143	34	74	91	131	71	109	21	54	77	195	224	204	242	94	215	128	209	133	9	
169	57	81	69	114	75	103	54	121	232	114	104	30	17	132	180	50	92	70	104	97	184	241	110	45	184	37	34	106	128	66	185	
220	4	197	183	173	106	69	7	33	183	131	145	207	43	75	219	195	199	237	16	60	197	195	128	202	243	84	21	162	245	132	66	
88	32	62	114	43	232	17	7	163	21	167	57	46	151	66	94	162	183	237	16	26	13	162	65	211	245	16	91	162	0	39	107	
25	5	110	237	86	146	235	113	244	64	95	130	121	239	178	96	126	172	23	172	233	177	36	207	114	239	162	128	39	162	113	240	
251	19	110	236	62	18	74	120	229	72	215	230	91	75	179	225	126	164	253	238	237	131	37	140	242	233	234	144	63	174	120	85	
16	16	158	253	78	15	113	88	86	48	230	6	243	243	34	64	121	92	106	8	8	243	91	29	93	163	103	0	56	40	96	162	
210	1	66	172	20	130	232	97	5	0	211	2	13	138	48	64	122	165	31	161	8	135	0	205	144	224	138	136	53	40	49	0	
130	201	50	155	100	137	168	68	156	25	80	18	172	138	48	65	202	43	19	193	194	188	2	245	4	16	154	200	20	8	145	136	
66	178	18	152	203	229	184	71	175	29	128	177	172	158	96	88	197	27	235	145	18	75	146	209	157	48	154	251	144	4	167	219	
8	157	58	123	240	205	125	183	189	79	126	0	190	183	34	80	133	123	215	8	242	184	50	119	111	255	54	67	194	192	207	251	
19	141	99	203	150	146	239	247	84	65	218	198	121	238	180	100	127	234	23	253	179	153	45	255	60	46	175	192	189	202	241	252	
34	73	66	137	76	129	232	101	141	0	208	2	168	138	52	65	106	169	23	193	64	186	66	213	52	56	154	136	21	8	241	136	
80	16	158	221	76	143	161	122	150	180	198	6	208	243	32	66	121	116	106	136	40	243	91	61	93	162	199	0	24	40	48	162	
26	143	66	188	87	179	186	103	157	0	218	231	108	234	54	192	254	171	135	133	116	155	4	255	50	103	138	139	63	14	57	142	
40	217	122	202	86	209	187	240	4	4	116	34	56	221	55	96	126	56	147	210	66	178	60	253	103	9	162	105	119	139	124	186	
155	159	98	179	246	176	188	183	25	125	30	183	45	46	214	105	231	139	149	149	247	216	37	230	206	89	254	194	175	204	157	221	
42	242	48	200	109	221	153	15	207	29	180	57	172	157	126	134	204	27	215	17	198	42	98	209	71	89	154	251	22	12	221	255	
162	213	180	254	237	173	214	252	207	58	184	8	174	249	61	2	206	83	223	99	226	39	90	243	55	220	20	190	82	91	208	139	
38	65	102	206	204	0	174	65	128	194	217	131	72	206	127	75	126	245	19	231	192	211	134	200	48	40	206	136	5	118	49	208	
153	13	110	206	84	146	239	113	212	64	95	2	121	235	182	97	122	162	23	234	249	185	36	237	114	43	162	128	55	170	112	224	
2	128	50	155	244	129	184	71	94	25	81	18	140	158	124	8	255	27	19	145	210	188	2	213	12	28	154	226	20	12	177	129	
147	90	70	188	66	144	188	118	180	64	210	231	41	142	178	193	110	169	191	197	197	159	4	237	146	97	186	128	61	148	57	221	
162	176	180	152	109	253	176	79	139	61	49	27	140	156	126	143	141	27	243	17	22	126	210	209	31	16	90	111	215	12	159	223	
147	78	78	188	18	130	44	119	180	66	214	199	41	163	179	80	110	163	191	141	236	143	4	207	242	103	250	136	61	132	57	88	
210	88	95	244	98	192	61	103	172	11	82	178	44	151	160	123	230	179	159	129	96	157	0	202	240	163	250	131	37	16	165	171	
162	233	96	139	116	137	238	101	205	0	113	10	136	136	124	0	74	169	23	67	218	58	72	247	52	28	138	232	85	10	208	128	
2	148	144	185	121	237	176	15	31	31	120	57	172	158	102	204	205	27	131	16	54	44	83	215	15	86	26	123	210	76	141	223	
66	208	18	154	98	128	184	70	173	17	80	163	172	158	56	64	230	51	159	133	66	9	2	225	148	48	154	138	20	20	33	153	
2	128	6	153	20	131	168	39	28	17	83	18	172	10	32	65	106	11	51	128	82	152	67	213	4	50	154	192	20	8	177	136	
2	140	2	159	84	131	170	232	150	0	90	2	104	234	32	64	121	106	34	160	32	187	10	255	56	38	139	128	21	10	113	128	
24	156	123	252	83	228	49	103	237	65	110	34	60	159	32	96	230	59	147	128	3	185	48	221	211	237	18	3	51	8	37	187	
88	124	190	244	139	232	21	71	185	151	166	57	191	191	65	27	163	247	237	16	42	79	178	234	211	243	86	11	162	112	167	75	
66	178	164	153	233	225	184	3	142	95	144	183	140	142	98	74	199	27	255	145	146	77	210	208	141	16	154	255	148	76	149	83	
92	209	156	164	169	76	94	184	171	190	166	9	223	255	75	82	243	213	237	98	12	65	219	144	251	247	111	125	128	114	45	67	
13	157	121	219	242	168	123	183	122	1	126	48	185	119	192	112	23	58	55	152	179	152	232	119	110	175	54	192	182	194	195	169	
43	231	99	77	85	155	230	232	77	64	122	230	104	200	180	164	122	232	146	110	193	178	44	223	54	60	135	134	95	174	122	164	
34	25	118	211	230	145	184	71	205	81	112	179	140	157	116	40	238	27	151	149	146	188	38	240	14	24	154	194	215	140	241	221	
26	158	94	189	178	130	58	247	63	5	94	247	109	230	162	64	119	63	175	149	182	152	5	255	254	103	190	195	61	132	173	153	
130	140	138	153	212	163	170	231	30	3	90	18	32	170	48	64	121	107	19	145	50	222	1	255	60	6	158	192	149	72	177	136	
42	179	120	233	109	217	185	13	15	61	181	185	140	15	206	134	207	27	255	17	150	40	235	209	207	81	59	255	86	14	157	247	
247	109	235	196	212	15	206	230	80	162	184	79	82	40	85	3	185	228	83	239	232	119	208	46	61	14	197	52	77	121	82	136	
169	76	125	117	100	15	107	48	84	234	118	88	243	17	145	49	88	236	86	106	233	244	97	46	199	251	97	144	112	185	82	233	
26	73	82	229	118	136	120	86	169	128	114	2	47	11	33	80	166	185	21	192	64	184	0	236	150	249	50	130	103	144	67	9	
14	188	184	179	166	169	189	151	26	251	28	183	189	255	218	42	167	123	223	149	146	92	234	243	206	207	63	224	164	208	133	251	
10	158	94	187	114	129	184	215	30	5	84	247	173	207	162	64	127	59	151	129	182	152	6	247	254	71	186	195	61	132	173	219	
154	5	106	232	230	50	124	119	53	194	222	147	29	15	179	73	126	157	151	189	248	147	37	206	210	233	170	196	183	228	160	209	
255	93	98	222	253	244	222	254	217	202	188	15	104	253	55	38	220	242	223	207	253	171	242	238	123	127	142	155	215	127	246	127	
2	0	6	137	84	163	168	67	140	0	242	2	136	136	49	72	104	169	27	129	18	179	3	221	20	32	138	192	21	8	113	128	
88	49	56	228	44	79	91	48	37	172	158	9	223	31	82	80	182	213	253	227	200	67	241	140	243	205	171	185	38	162	13	83	
124	112	120	225	104	79	95	48	33	172	180	41	95	31	3	48	222	221	221	106	72	146	249	12	247	201	33	179	99	163	70	115	
173	77	237	207	244	26	239	180	84	234	94	198	209	37	151	229	94	236	63	239	233	148	237	174	102	111	239	148	47	255	80	253	
61	64	97	165	36	26	235	24	84	224	214	198	219	8	147	237	122	204	54	239	141	180	101	136	134	105	225	132	111	191	88	244	
57	65	97	69	100	27	239	57	100	224	122	66	211	0	149	164	122	204	22	238	201	176	101	12	36	168	163	4	109	186	112	164	
40	157	58	252	221	244	144	103	213	13	236	19	42	185	38	64	200	58	131	0	122	171	18	159	115	247	18	75	83	72	252	138	
97	34	121	189	108	137	249	24	190	168	176	236	255	203	208	16	223	253	127	13	139	115	239	81	220	217	47	184	76	136	3	177	
25	217	27	239	50	135	75	240	4	72	94	102	247	87	161	96	118	248	22	234	201	152	49	61	225	169	162	128	56	155	32	185	
2	12	6	159	84	131	170	98	22	0	90	2	96	234	32	64	120	106	34	128	34	187	10	255	48	38	139	136	21	42	48	128	
161	212	125	103	116	15	103	53	124	106	119	120	211	81	152	49	30	12	86	106	225	180	105	31	231	187	96	64	64	138	194	161	
173	28	61	119	100	47	113	50	124	250	119	88	247	49	145	59	133	116	126	42	161	244	113	46	199	251	112	16	64	249	66	233	
35	89	38	142	79	84	158	224	201	92	156	15	108	220	55	99	236	97	151	231	196	35	62	249	51	56	202	170	23	63	117	223	
90	60	190	246	139	224	20	71	187	159	166	57	175	191	67	91	167	243	237	144	58	75	130	224	219	243	94	27	162	84	167	91	
251	83	110	236	46	18	94	120	101	232	247	231	91	10	183	243	126	133	253	239	205	135	69	204	210	233	226	148	63	174	120	85	
210	1	82	172	150	2	236	71	45	0	210	18	13	138	48	64	106	141	31	161	88	159	1	198	176	224	154	192	53	0	177	0	
226	221	50	222	253	173	246	239	207	59	185	56	238	248	108	2	143	115	95	3	242	35	10	243	63	156	7	190	80	122	195	139	
254	149	178	254	255	127	214	255	219	123	189	58	78	253	44	52	191	211	247	35	250	47	58	223	59	223	69	255	211	126	231	23	
253	101	213	164	172	95	70	168	81	250	176	72	223	33	217	155	153	196	76	110	109	102	201	138	178	217	101	52	74	255	90	0	
92	162	149	179	172	104	109	143	171	191	131	49	207	35	74	91	131	199	109	21	26	73	203	224	140	242	126	87	128	213	133	64	
92	240	19	90	11	248	82	200	251	17	229	24	110	215	108	252	179	152	232	88	19	39	186	241	147	253	16	107	226	3	238	38	
35	143	67	141	118	163	170	119	93	65	218	230	113	232	180	228	126	170	22	173	159	186	5	255	60	60	170	192	61	142	241	172	
2	128	54	155	228	129	184	199	222	25	81	18	140	206	124	9	239	27	19	145	210	188	10	245	12	24	154	230	148	8	177	137	
173	79	70	37	52	139	238	33	124	164	107	137	195	72	147	1	18	44	74	111	228	176	13	30	228	62	5	1	100	190	88	64	
2	192	22	155	100	129	168	199	158	17	83	18	140	138	56	65	235	11	51	145	82	156	67	213	4	16	154	192	20	8	177	136	
105	168	232	83	69	221	81	23	115	229	101	29	34	152	86	52	152	174	80	28	159	122	240	144	79	93	16	123	203	12	90	222	
139	142	134	157	247	178	184	135	95	107	82	247	232	104	182	237	255	111	179	149	183	220	69	255	12	54	222	195	159	76	185	157	
208	127	87	69	82	74	47	50	56	160	98	228	61	7	129	117	38	253	69	234	225	156	53	110	101	160	32	128	35	177	7	185	
178	197	66	136	92	131	206	109	5	0	241	2	2	8	52	64	120	136	23	227	120	171	64	223	176	136	138	216	53	10	240	128	
164	65	2	142	76	1	142	72	148	16	209	2	96	200	57	73	88	104	19	227	66	35	74	153	16	32	202	12	21	123	48	128	
97	167	129	190	220	45	196	175	26	178	168	77	242	96	28	19	221	234	2	45	121	106	218	47	44	158	212	56	217	120	210	152	
36	205	2	158	221	135	174	236	20	128	88	2	96	232	49	65	248	106	51	227	64	187	26	255	57	52	143	8	17	122	176	136	
2	4	6	145	4	162	168	66	20	19	83	18	72	42	32	73	105	1	59	144	32	212	3	220	12	2	218	196	148	73	49	128	
253	101	213	164	172	91	70	136	65	250	177	72	223	73	217	155	153	196	76	110	109	103	201	10	178	217	101	60	106	255	90	0	
92	130	213	179	173	104	68	143	41	183	139	177	207	39	72	219	195	199	237	144	26	65	203	160	138	243	116	85	162	247	132	82	
121	49	51	66	65	221	80	64	225	65	109	8	62	215	8	180	176	56	192	74	67	49	178	129	147	217	0	43	98	7	78	38	
62	112	112	226	109	93	210	72	137	172	181	43	14	221	111	158	238	145	199	115	12	35	88	208	155	209	9	63	215	63	78	199	
32	126	127	117	98	235	49	48	41	174	127	232	247	71	129	25	22	60	70	42	224	244	32	12	69	178	97	128	66	163	71	241	
33	237	129	182	220	45	196	239	24	130	168	76	178	96	17	3	217	98	2	13	105	106	82	47	44	150	213	56	216	120	210	152	
41	49	104	99	101	157	83	16	97	236	109	13	187	24	86	180	152	172	80	78	205	58	244	152	71	217	1	49	75	142	90	222	
155	74	70	188	18	178	170	86	180	66	210	199	45	138	179	200	102	173	191	205	173	159	4	238	144	103	186	128	45	149	57	29	
82	72	82	150	34	136	120	70	173	0	114	130	172	142	33	80	166	179	31	192	2	169	2	233	148	176	26	138	4	0	35	137	
43	175	66	14	95	147	166	232	93	64	248	238	104	200	190	164	248	234	146	231	199	179	76	255	62	124	131	139	95	14	122	148	
124	112	152	224	41	79	90	24	43	172	188	9	223	31	67	18	147	221	253	114	72	67	217	152	251	253	37	61	98	163	78	3	
8	157	58	122	240	205	127	247	191	93	126	0	190	183	34	80	165	123	215	8	242	185	50	127	111	255	54	75	66	80	207	251	
0	24	158	221	78	15	33	91	118	164	230	6	208	179	34	66	120	108	106	8	0	249	83	29	93	171	87	0	56	40	96	170	
2	186	22	152	203	197	184	71	174	29	64	181	172	150	98	72	197	59	235	145	18	75	146	241	141	16	154	235	144	4	165	219	
213	105	233	167	50	74	123	144	32	228	2	137	215	103	83	82	54	229	125	223	72	212	253	42	237	237	175	144	164	179	7	112	
155	205	102	237	150	18	254	119	21	65	94	146	89	15	182	101	126	159	151	173	248	152	37	207	114	239	186	192	39	132	240	249	
30	27	218	186	146	160	58	82	172	5	94	231	45	239	163	64	38	59	191	213	146	153	6	233	210	229	170	136	173	197	41	153	
42	147	121	233	109	89	217	25	15	125	181	187	143	29	222	164	207	145	223	49	222	34	104	213	215	217	169	255	87	142	222	247	
12	157	120	243	246	169	122	151	63	1	126	178	253	103	72	80	55	187	23	152	178	152	9	255	238	207	167	192	182	194	129	185	
91	15	71	190	18	178	106	115	188	65	90	199	109	238	179	192	102	167	191	141	181	153	4	239	176	110	170	128	173	197	57	93	
19	141	107	207	150	147	239	247	84	65	222	194	113	238	180	100	126	234	31	237	251	187	45	255	120	46	175	192	61	202	240	252	
155	90	194	188	2	176	58	82	180	66	82	231	45	142	179	201	102	171	191	199	133	157	6	233	146	97	250	128	45	149	41	221	
27	158	90	189	178	130	58	247	60	65	94	247	109	231	162	192	119	239	191	133	166	153	5	255	250	103	190	192	61	132	169	217	
134	137	98	211	228	145	188	199	205	81	49	147	168	140	124	10	239	27	151	149	210	60	38	224	46	24	158	202	213	140	241	217	
27	13	71	188	22	178	106	118	180	192	218	199	57	174	179	225	110	231	63	141	173	155	4	239	176	110	186	128	45	229	56	92	
155	157	96	179	166	145	188	183	155	91	17	183	173	110	254	33	231	179	151	135	246	76	46	247	170	95	254	234	39	204	149	95	
141	157	124	91	242	186	255	191	62	73	124	48	253	119	180	112	23	123	23	24	179	152	43	255	110	159	39	224	150	194	193	185	
2	216	18	154	106	128	184	70	142	25	80	163	172	222	40	74	230	59	159	197	2	11	2	241	148	48	154	138	20	20	33	217	
198	188	146	186	249	172	62	142	187	27	185	56	172	254	105	90	199	247	255	147	50	79	138	243	191	244	31	250	144	83	163	3	
2	201	98	155	100	129	168	100	140	16	80	2	172	138	60	65	202	43	19	195	194	56	66	245	36	24	138	200	21	26	241	136	
137	205	125	95	244	154	239	183	124	66	126	80	251	97	146	101	22	106	62	110	225	188	101	239	102	63	102	128	102	250	209	233	
0	24	30	237	78	79	49	91	54	160	230	2	146	147	34	64	104	156	106	8	8	251	83	16	85	163	19	0	57	8	32	138	
66	178	164	153	233	229	184	3	142	93	16	183	140	190	98	74	199	27	255	21	150	73	130	209	141	18	154	235	148	76	181	219	
14	188	248	243	246	161	127	159	31	203	92	179	189	255	72	32	151	123	151	149	146	88	10	251	238	223	63	224	166	214	129	89	
16	140	138	187	148	163	170	247	22	3	218	18	49	170	32	64	121	43	6	144	58	156	1	63	232	167	190	192	181	72	177	136	
110	124	181	100	237	111	84	159	75	250	160	89	218	57	85	187	137	196	125	35	233	102	217	128	143	219	197	62	202	125	210	50	
26	158	90	187	114	130	186	214	63	5	94	247	45	207	162	64	127	59	183	133	166	153	4	255	246	231	186	131	61	132	169	153	
18	207	66	156	118	192	164	103	189	4	250	163	36	162	166	196	106	171	134	193	76	171	6	239	176	52	158	139	53	28	189	205	
57	65	107	77	116	27	239	120	68	224	254	66	83	8	148	228	122	132	22	239	205	176	101	12	52	41	160	128	127	186	120	172	
242	149	180	254	255	127	222	255	91	123	189	58	78	253	44	49	191	215	255	33	246	111	58	223	59	254	85	255	211	108	231	31	
237	28	189	119	172	110	117	19	236	250	55	24	255	57	17	123	133	118	125	10	177	244	243	8	199	251	112	16	192	233	66	35	
105	56	149	100	109	79	84	51	75	250	50	72	222	57	81	187	137	212	117	33	73	122	217	136	143	219	85	54	202	120	90	11	
76	163	149	176	173	76	73	143	171	189	170	93	143	35	72	222	129	71	109	21	26	73	203	192	137	244	127	252	128	68	135	105	
237	110	149	165	237	63	68	154	75	250	48	72	143	48	65	191	137	196	100	110	237	118	233	128	173	219	101	60	194	253	90	101	
237	113	105	67	221	253	243	148	225	101	109	29	186	205	94	182	136	46	82	94	151	54	248	34	103	89	0	104	74	159	214	242	
4	81	87	101	98	106	111	16	168	198	111	165	221	103	137	88	54	53	65	110	1	144	48	76	68	190	97	4	106	243	7	241	
102	162	212	67	13	43	146	136	91	51	179	255	194	104	76	142	223	213	232	18	154	102	203	211	14	22	81	119	223	239	204	5	
90	176	158	254	171	224	20	207	187	23	164	57	174	255	72	26	167	147	237	144	58	75	146	225	219	243	94	59	130	84	167	75	
165	244	125	115	32	14	111	49	124	58	119	112	215	83	136	49	22	4	94	106	241	244	105	46	231	187	97	196	64	163	194	161	
35	142	66	153	86	163	170	99	21	1	218	231	32	234	182	68	126	171	22	149	158	186	69	255	60	54	138	194	189	142	48	140	
210	110	69	149	10	19	142	170	148	178	146	226	237	2	145	199	98	245	253	235	105	205	77	191	144	226	235	148	39	177	25	44	
236	229	161	182	181	108	71	183	49	255	15	29	255	117	89	151	145	102	93	47	121	84	248	42	233	223	117	116	138	127	214	123	
3	159	103	79	244	182	175	183	92	73	90	230	240	108	180	228	127	110	18	173	177	184	37	239	44	62	174	192	141	238	241	253	
16	50	30	35	226	110	53	85	48	111	119	189	23	55	3	25	166	157	69	38	48	216	17	12	215	163	112	128	232	209	167	211	
37	127	99	67	117	159	103	180	121	108	111	76	226	0	158	52	152	168	70	110	201	176	124	45	39	92	0	0	74	159	210	244	
109	111	149	164	173	127	68	170	67	250	184	72	223	40	83	187	137	196	204	110	77	102	235	8	183	219	101	61	194	253	74	69	
76	163	149	179	168	72	76	141	171	189	186	105	207	103	73	218	131	199	237	84	27	72	203	32	141	244	127	253	128	214	135	113	
62	81	122	226	7	95	82	200	1	164	181	11	15	93	43	144	250	153	149	99	76	35	56	152	243	209	5	63	115	63	110	82	
2	13	2	159	84	131	170	96	22	0	90	2	104	234	48	64	120	106	51	161	32	179	10	255	52	38	139	128	21	42	113	128	
80	17	30	205	11	143	33	83	166	165	238	14	178	147	32	70	104	180	106	8	10	171	211	81	213	164	18	24	24	10	33	42	
137	205	124	95	244	154	239	191	124	66	126	16	251	105	150	101	55	110	62	110	241	188	45	239	102	255	102	128	102	254	209	233	
200	162	152	224	40	140	89	155	171	189	132	89	159	147	64	18	135	21	125	28	26	77	203	19	203	221	61	253	130	128	3	11	
2	4	134	153	4	162	168	2	62	51	83	18	204	34	48	73	99	15	59	145	48	220	3	212	12	38	218	192	148	72	33	128	
105	57	177	101	109	94	84	49	99	234	42	76	218	57	81	178	136	228	117	9	205	122	209	8	79	221	69	54	202	106	90	10	
62	131	120	225	39	89	217	89	15	125	189	187	143	13	222	160	255	153	223	49	158	50	105	213	214	221	43	247	119	142	223	243	
64	57	28	77	74	143	33	87	102	37	230	6	178	147	0	64	104	188	106	8	8	186	211	16	85	168	18	0	121	8	96	170	
38	4	0	142	76	1	134	232	134	18	217	2	96	232	57	67	88	72	19	227	66	35	10	185	16	32	203	172	85	107	48	128	
8	157	58	122	241	205	255	247	191	93	124	0	188	191	38	80	165	59	151	8	242	57	50	255	239	255	54	75	82	64	239	251	
2	216	50	154	108	132	184	204	142	25	80	163	172	222	57	75	238	25	159	197	130	7	10	241	4	48	154	170	20	23	33	219	
176	205	66	170	212	131	206	237	21	0	240	2	3	8	52	65	120	136	23	227	120	171	0	255	178	200	130	80	53	155	240	136	
230	213	154	254	252	173	254	239	143	59	184	56	252	248	108	3	175	99	95	35	114	43	138	251	61	159	47	190	80	122	195	139	
224	205	186	254	252	45	254	239	142	138	184	10	244	248	61	67	203	99	95	33	240	47	202	251	125	159	175	184	212	122	211	137	
2	184	22	155	107	197	184	71	174	93	80	181	172	158	98	72	197	59	251	145	18	9	18	241	13	16	154	235	16	4	165	219	
178	205	98	206	86	130	238	181	85	66	218	131	105	46	60	96	110	243	23	231	232	138	4	239	178	126	138	128	55	158	176	76	
17	141	111	206	148	146	239	246	212	64	222	66	113	233	180	100	120	234	31	238	249	187	45	255	120	47	167	192	53	170	240	232	
2	192	22	155	36	129	168	135	142	17	83	18	172	202	56	72	227	11	59	145	82	156	75	245	4	16	154	192	20	8	177	137	
153	133	110	236	212	18	239	125	212	66	214	18	89	235	180	97	126	228	55	234	248	191	37	207	114	235	226	192	55	186	240	168	
130	205	96	178	166	128	254	167	157	83	25	147	173	108	124	97	239	179	31	135	242	12	14	243	188	92	222	234	21	204	177	221	
141	157	124	251	242	179	127	191	62	9	124	178	253	127	168	117	55	123	151	90	242	152	43	255	110	207	39	192	182	210	193	185	
35	221	38	206	127	149	222	236	205	88	153	3	108	220	63	34	238	113	151	231	228	35	42	253	51	24	138	186	23	63	113	223	
162	205	98	138	108	129	238	229	141	16	216	2	172	202	60	65	234	163	23	195	194	43	66	245	52	56	138	136	21	26	241	136	
210	204	66	139	132	128	236	71	13	3	210	18	141	10	48	65	106	131	31	145	120	159	1	246	180	224	158	192	53	88	177	8	
59	175	98	10	95	147	154	232	95	64	252	239	106	200	190	164	250	235	150	231	206	171	12	255	58	92	139	251	95	14	122	134	
0	141	2	158	221	133	174	230	150	10	216	2	224	250	48	64	217	106	19	195	114	171	90	255	57	54	143	8	16	122	176	138	
251	83	106	236	38	26	95	120	97	110	247	239	91	11	182	241	126	133	189	239	204	183	197	204	210	233	226	148	63	174	120	85	
156	141	112	243	246	170	126	191	63	1	126	146	253	111	168	80	55	251	23	248	178	152	9	255	238	223	167	192	182	211	225	137	
126	121	50	170	25	221	22	200	171	132	169	9	174	222	111	144	184	185	223	83	78	3	154	240	179	213	15	63	18	23	47	86	
211	208	71	149	18	130	41	244	189	82	210	247	93	14	186	237	119	213	63	231	229	221	37	255	152	34	250	198	61	133	33	125	
45	144	105	97	244	123	219	16	79	125	55	186	155	29	222	40	23	24	149	63	149	176	109	148	78	217	161	245	247	143	92	241	
198	188	146	154	248	172	62	142	187	155	184	56	236	254	105	91	199	247	255	147	50	71	138	243	188	182	31	254	144	113	35	1	
24	141	14	175	148	163	106	247	36	1	218	2	255	107	32	64	121	235	29	160	58	185	9	191	232	231	174	192	180	74	177	8	
61	80	105	97	118	123	251	16	68	232	55	170	91	29	223	40	62	156	151	254	129	176	101	136	78	73	161	132	239	187	84	241	
77	16	189	255	172	108	113	27	234	219	183	16	222	117	73	122	133	23	125	24	145	97	251	0	207	251	119	92	192	225	197	51	
8	128	94	103	24	203	97	5	164	97	231	16	243	147	2	80	72	54	106	0	2	184	83	37	69	165	16	65	104	138	196	10	
65	185	149	145	169	140	49	159	170	253	0	124	172	179	192	86	131	71	108	28	19	73	218	81	141	16	127	254	138	0	131	123	
237	41	204	37	236	91	69	51	67	234	190	41	83	49	211	150	9	196	236	110	76	122	201	138	94	223	101	53	195	252	90	74	
47	245	35	66	245	157	231	252	233	72	109	12	218	252	31	180	152	74	82	110	211	176	184	165	39	92	4	54	202	127	210	246	
2	152	22	155	107	197	184	71	174	93	80	53	172	150	34	72	199	59	251	144	18	9	18	241	5	16	26	235	16	4	165	219	
92	176	248	176	34	8	21	144	32	95	20	173	31	23	74	27	38	145	221	85	154	82	144	0	211	193	120	173	172	48	7	115	
192	213	190	254	252	45	191	255	158	43	184	56	247	248	40	2	175	83	95	33	240	111	138	127	253	159	127	188	212	120	193	139	
36	64	64	140	92	3	130	232	134	32	176	10	64	200	61	0	88	224	66	99	64	39	74	157	16	14	131	60	85	59	112	128	
2	13	2	159	84	131	174	96	22	0	90	2	104	234	48	64	120	106	51	131	32	187	10	255	52	38	139	128	21	42	49	128	
32	157	144	158	253	133	182	230	158	9	216	0	164	250	48	64	201	106	51	65	50	42	90	255	45	22	158	122	144	8	177	139	
2	128	148	145	180	162	168	3	62	19	82	18	140	42	112	73	99	15	59	145	50	216	67	208	12	54	218	192	148	72	177	8	
246	253	187	246	165	124	87	190	185	218	140	56	86	245	201	63	145	218	93	122	123	71	170	170	187	219	101	191	130	249	214	115	
141	212	61	119	44	46	125	184	236	58	55	112	215	87	137	123	135	84	124	106	225	229	123	12	199	251	97	148	64	241	67	33	
60	121	122	234	121	221	86	244	33	140	188	9	47	223	99	16	152	249	213	98	76	35	24	189	243	221	5	59	115	55	110	203	
173	93	123	71	212	70	239	253	84	204	126	2	113	125	183	32	124	252	23	106	201	178	61	46	103	45	165	0	103	251	244	241	
131	76	7	151	13	150	238	180	212	130	130	70	224	64	21	135	200	100	104	238	105	229	91	175	160	250	222	16	10	25	120	28	
109	244	159	246	229	126	71	191	179	251	62	120	119	117	200	191	145	78	85	46	121	208	186	47	235	223	117	244	170	249	222	251	
17	141	111	206	148	146	239	247	212	64	222	2	113	233	180	100	120	238	31	238	249	187	44	255	122	47	167	192	53	170	240	104	
63	175	34	154	223	147	154	232	223	68	220	175	106	232	62	132	250	235	135	247	206	43	14	255	58	84	143	255	95	14	123	206	
120	176	188	254	137	252	84	79	163	31	165	25	175	255	72	26	137	147	237	144	26	75	250	193	219	243	86	123	226	64	167	91	
2	192	16	154	108	129	184	200	142	25	145	130	172	206	121	75	238	17	31	195	2	7	10	241	20	16	138	174	20	31	49	137	
182	141	102	234	84	3	206	250	85	2	250	18	67	41	60	65	120	136	23	227	248	191	9	191	186	202	128	192	119	202	112	136	
0	157	58	122	241	205	255	247	191	93	124	16	188	255	38	112	165	59	23	8	242	41	50	127	111	255	54	75	80	64	231	251	
3	159	103	143	182	182	174	183	93	73	90	230	232	104	180	228	254	111	50	189	149	184	37	253	44	62	142	194	159	78	177	253	
2	192	22	155	108	129	168	196	142	17	81	2	172	202	120	72	235	9	59	209	66	28	74	241	4	16	154	236	20	10	49	136	
216	52	122	177	34	104	53	51	48	95	70	189	31	55	11	57	55	155	221	165	184	220	144	2	215	231	122	129	172	96	7	123	
62	2	121	225	246	123	219	80	9	236	183	171	11	13	215	184	62	153	151	240	152	178	101	212	222	217	161	245	247	143	86	241	
186	140	110	255	68	50	238	250	85	2	215	18	89	43	180	65	121	198	55	171	232	191	37	175	114	239	234	128	55	232	112	136	
35	107	105	7	244	31	238	52	85	104	127	237	211	12	158	176	92	172	214	238	253	186	109	62	38	29	160	144	79	159	218	213	
108	41	204	69	237	91	69	43	67	230	190	41	67	49	215	22	25	228	228	44	72	122	205	136	126	222	69	53	239	254	90	74	
136	49	92	79	26	203	49	5	230	37	239	16	179	19	0	80	72	44	106	8	11	188	211	55	69	172	16	80	120	138	64	170	
35	142	67	137	86	163	170	79	30	1	218	231	160	8	180	64	123	139	3	149	30	186	69	255	20	38	186	192	181	12	48	140	
194	204	18	147	134	128	238	231	29	19	219	18	172	42	120	65	107	131	31	131	114	29	8	243	180	20	158	192	21	88	177	136	
162	205	64	138	124	129	238	229	141	16	25	2	172	200	60	64	74	131	23	227	98	43	72	255	52	28	138	200	85	26	241	136	
105	41	240	71	117	30	203	48	107	172	63	12	250	41	214	22	16	236	117	76	201	248	193	136	110	124	1	176	75	174	82	45	
220	187	145	161	184	12	96	153	171	249	136	109	143	6	200	150	165	69	236	92	3	77	203	83	157	212	47	254	136	38	7	121	
23	71	103	197	54	82	107	112	117	192	218	230	81	70	181	100	126	228	30	238	201	145	37	206	48	172	163	132	47	179	112	117	
35	184	179	217	117	173	161	87	95	75	120	86	188	152	116	172	221	43	18	29	147	186	50	211	13	28	146	106	216	8	209	175	
198	188	154	158	249	172	62	206	187	147	168	24	236	254	101	91	215	119	251	145	50	79	154	251	189	190	95	126	144	113	35	152	
2	184	182	153	249	165	184	7	158	89	82	177	172	158	96	72	199	59	187	149	146	88	131	209	13	18	222	234	148	4	129	219	
57	69	107	76	84	19	207	121	68	192	254	206	83	13	179	228	120	132	22	239	205	179	101	142	114	109	160	148	119	174	112	228	
218	137	22	188	174	10	92	53	189	18	146	18	239	106	32	67	98	231	125	226	120	205	3	237	176	243	206	144	36	48	161	9	
60	0	121	225	118	123	219	80	97	228	247	170	27	13	159	56	62	157	151	242	137	178	37	140	222	221	160	197	231	143	84	240	
144	189	156	191	188	47	183	255	142	171	188	24	247	255	40	66	231	87	127	33	112	43	219	63	249	239	47	124	80	122	133	155	
64	188	188	240	248	175	189	239	190	171	184	25	244	254	100	8	191	119	123	17	48	75	218	127	253	159	127	124	208	64	167	155	
76	48	189	113	169	108	85	27	234	251	183	16	222	119	72	122	133	23	125	24	147	97	251	64	203	251	119	92	194	96	197	51	
2	13	2	159	84	131	170	96	150	0	91	2	104	234	32	64	120	42	34	128	34	187	10	255	48	38	139	128	21	42	48	136	
197	84	189	117	40	46	125	152	236	186	183	80	215	119	137	123	135	85	124	42	225	229	123	0	199	251	97	148	64	241	67	35	
36	124	25	120	232	237	84	254	19	58	184	108	183	119	1	153	143	251	68	34	121	98	80	53	179	211	117	58	216	89	130	179	
220	116	27	91	153	237	35	132	244	103	231	24	243	211	8	85	80	62	104	90	59	181	249	55	229	169	34	80	64	25	132	98	
51	141	111	206	20	146	239	246	212	64	222	66	113	234	180	100	120	234	31	239	233	187	44	255	248	46	174	192	53	170	240	108	
116	189	189	84	202	79	20	239	171	186	168	40	86	125	69	27	133	215	73	34	104	99	154	9	251	130	69	62	128	112	6	59	
167	111	104	15	244	91	239	181	85	96	247	157	211	40	159	37	90	238	83	111	253	186	109	46	102	28	132	144	111	191	210	220	
109	173	252	119	166	30	85	191	121	147	46	24	223	115	77	59	23	86	116	58	120	216	251	37	239	251	85	86	162	240	210	160	
210	182	130	178	41	228	24	2	187	83	129	157	141	142	72	91	135	27	217	149	183	79	154	210	153	244	26	255	136	69	15	94	
33	141	123	79	244	239	239	183	84	200	126	2	243	117	181	100	88	106	18	106	241	184	125	47	101	46	165	0	85	250	244	232	
37	209	170	99	244	31	238	188	104	76	126	76	211	248	159	48	156	72	86	127	223	176	120	45	111	221	37	212	200	59	218	228	
240	44	232	87	124	107	195	38	123	230	183	56	243	57	214	51	9	228	100	10	104	126	237	42	126	249	117	49	69	170	86	106	
34	249	20	159	125	141	144	238	158	57	120	8	174	216	96	64	201	74	127	81	66	42	75	247	45	22	30	250	80	8	209	139	
3	155	39	141	181	150	170	167	79	73	90	198	232	104	180	228	254	103	186	253	151	152	53	253	44	60	142	194	159	14	177	93	
72	186	189	189	43	197	49	22	166	245	6	49	188	215	64	114	133	127	232	16	146	220	243	53	205	231	49	120	2	129	135	123	
178	132	70	189	4	34	206	99	21	2	218	18	107	104	52	65	121	166	23	163	104	182	65	207	146	239	218	128	53	232	112	128	
184	65	94	119	17	234	99	0	245	5	103	16	243	199	10	112	112	62	232	74	42	148	227	39	199	229	32	81	98	129	204	66	
90	182	154	176	34	236	88	55	49	83	66	189	191	63	2	89	167	155	221	145	190	92	146	67	219	247	122	233	168	196	15	27	
124	176	188	250	169	109	81	25	163	125	165	25	223	255	72	26	205	147	237	16	26	107	251	17	219	211	81	127	210	64	134	115	
195	253	145	165	58	108	49	151	170	241	138	124	157	151	64	214	39	119	121	213	115	77	157	114	189	240	15	118	8	49	131	117	
113	44	233	101	93	91	211	33	83	228	175	10	82	60	86	50	217	236	96	44	77	126	253	10	127	140	69	53	97	106	86	250	
220	70	26	122	177	172	119	154	253	10	103	80	254	211	47	125	181	86	108	106	242	229	155	39	243	251	0	66	226	209	201	35	
127	64	106	229	102	26	127	112	97	98	246	135	27	11	151	116	126	141	149	239	204	182	36	200	210	249	202	132	47	174	122	68	
170	130	193	169	95	131	168	79	22	1	208	247	169	138	48	200	90	139	131	149	14	186	71	211	4	4	154	237	189	12	56	152	
120	176	56	250	169	229	89	95	131	29	165	25	31	223	74	26	205	147	253	144	26	75	250	145	219	217	144	127	210	128	198	114	
40	189	253	120	232	203	84	247	161	63	124	109	55	63	1	155	143	179	215	0	88	250	82	29	239	203	116	183	240	248	198	155	
2	152	22	155	107	197	56	199	190	89	80	49	172	214	104	72	199	59	187	145	18	8	26	241	13	48	26	203	16	4	165	219	
109	197	123	67	244	190	102	180	121	73	110	72	219	97	157	244	16	78	86	110	145	176	172	111	39	125	36	0	194	211	210	228	
166	205	96	154	212	129	238	228	221	2	217	18	232	104	60	65	121	227	23	227	248	46	72	255	52	30	142	208	21	27	240	136	
194	204	0	155	196	128	174	231	156	19	155	18	172	106	120	65	107	163	31	131	98	13	74	243	188	22	158	136	148	88	177	136	
93	149	182	88	163	126	119	186	109	89	110	0	222	243	45	253	181	90	92	122	147	161	186	105	251	255	69	78	218	243	227	39	
192	255	27	184	202	233	20	199	170	23	136	189	182	134	97	88	161	51	203	17	102	15	146	115	241	1	30	123	144	80	175	122	
52	125	145	200	159	7	70	216	86	176	168	72	22	83	65	172	89	216	74	122	91	35	89	18	185	132	5	126	248	123	10	32	
37	233	235	99	244	203	239	180	98	101	126	8	243	205	223	48	24	204	87	127	219	176	252	40	111	12	165	192	101	187	214	224	
136	175	42	187	139	249	53	71	166	87	76	181	173	134	98	74	227	43	235	21	118	13	130	19	204	193	62	41	176	68	173	218	
200	232	188	241	139	228	57	151	166	53	134	17	189	151	64	122	167	55	249	148	18	77	179	19	207	199	58	89	160	0	133	122	
124	176	184	250	169	109	81	152	35	61	165	24	223	255	72	58	141	151	253	16	26	99	251	17	219	217	113	125	210	193	70	51	
108	39	185	103	180	45	231	5	66	173	185	9	243	233	88	2	152	110	69	114	24	240	200	40	237	156	37	49	64	123	214	226	
92	175	5	161	184	175	67	152	6	189	138	77	215	33	73	11	145	68	109	125	56	64	73	20	236	198	109	116	160	123	148	82	
76	16	188	117	40	110	113	152	232	186	183	24	223	119	9	123	133	84	124	42	161	229	187	0	199	251	97	20	192	225	67	35	
109	133	235	89	197	124	103	143	117	67	238	8	179	240	159	124	25	138	104	56	95	178	246	35	103	255	20	0	226	240	210	100	
252	1	174	68	141	126	197	131	226	187	166	24	211	176	85	254	1	196	104	24	24	225	163	2	219	239	197	21	195	121	246	38	
112	125	241	103	93	111	199	111	83	224	169	74	114	61	68	48	217	254	112	42	73	250	217	46	125	140	5	50	97	107	214	186	
84	203	254	72	164	124	117	175	237	29	110	8	83	241	191	122	177	70	108	40	146	161	171	1	251	255	100	77	240	242	230	96	
45	141	235	65	213	127	103	135	125	65	110	8	211	224	159	52	89	202	82	92	151	184	116	66	47	124	132	64	235	252	218	212	
186	163	64	169	95	131	128	79	22	49	212	151	137	139	98	201	104	137	131	149	31	62	65	145	148	65	186	125	61	12	56	154	
81	44	17	176	144	236	12	7	58	243	138	8	191	150	64	187	161	191	120	156	91	88	145	68	185	224	31	120	136	80	131	40	
69	137	250	72	228	92	119	157	107	141	110	0	87	241	247	112	176	70	116	120	211	56	163	1	123	253	37	77	192	178	230	97	
167	253	101	7	213	79	239	164	85	96	194	31	211	12	31	165	88	238	83	239	249	254	117	174	101	10	141	80	111	189	214	244	
0	12	2	158	84	131	170	99	150	0	91	2	104	234	32	64	120	42	2	128	34	154	2	255	48	38	139	0	21	42	48	128	
124	180	31	88	137	125	69	155	244	90	230	40	210	247	137	125	81	154	76	42	123	243	243	21	209	251	116	92	218	120	198	115	
86	160	161	178	11	229	25	200	187	87	129	25	156	254	72	91	165	145	89	151	59	71	186	241	217	210	219	254	128	3	39	114	
105	192	12	187	44	15	67	188	22	61	133	13	215	97	90	81	209	4	108	111	72	72	219	53	205	243	117	92	24	43	80	10	
82	172	149	184	17	228	89	39	191	83	202	25	190	62	80	89	165	187	93	149	27	74	146	197	153	246	218	106	128	68	167	90	
48	155	151	188	235	205	17	102	169	217	96	105	182	183	32	27	132	187	197	0	89	75	18	60	153	210	92	58	208	0	7	251	
51	141	111	206	20	130	239	246	213	64	222	66	113	234	180	100	120	234	31	239	233	155	37	255	240	46	174	192	53	170	240	108	
220	206	90	121	128	232	101	151	180	22	230	16	131	135	35	93	33	26	236	24	122	141	163	23	227	225	52	93	242	208	228	98	
92	176	185	96	169	108	85	31	106	251	183	24	223	183	72	122	133	23	125	24	155	105	243	0	219	249	119	124	192	96	135	51	
67	64	210	132	101	30	248	66	233	2	226	3	141	138	53	126	234	165	27	205	4	181	148	192	151	120	138	3	12	180	107	134	
152	207	14	187	139	248	117	199	183	22	206	181	175	131	99	88	227	43	237	20	110	157	3	50	230	225	54	65	178	84	173	74	
112	120	151	184	40	207	21	230	188	122	224	104	150	183	65	89	133	249	78	64	89	75	112	56	177	146	126	62	208	120	7	123	
60	65	107	229	86	90	251	80	69	224	247	130	91	29	191	40	122	156	151	234	137	179	53	136	83	201	161	133	103	187	116	226	
32	249	20	155	125	141	176	238	159	57	56	56	172	216	120	16	201	11	127	17	66	56	75	245	45	20	27	126	80	24	209	137	
