香奈儿可可小姐唇露	728 - 玫果色	https://i.chanel.cn/fnbv3/image/full/shades/rouge-coco-gloss--728--55g.0156728_S.jpg	https://i.chanel.cn/fnbv3/image/full/chanel__com_type1/skus_full/rouge-coco-gloss--728--55g.3145891567281.jpg
56	249	114	106	17	221	82	96	1	4	189	11	47	223	34	144	252	185	197	98	78	35	152	189	243	213	0	59	115	14	110	219	
2	133	98	201	214	163	170	103	92	65	90	2	40	42	52	96	127	11	19	145	146	184	5	223	60	12	154	192	149	12	241	204	
56	89	122	106	117	223	82	112	65	12	245	10	59	93	35	176	216	184	149	98	72	50	112	157	243	201	33	59	115	139	78	155	
210	120	187	180	3	200	53	70	189	134	194	43	172	151	35	75	162	115	235	1	96	207	178	232	241	241	30	11	0	84	39	107	
114	249	18	170	57	205	18	192	175	44	160	9	174	222	100	148	128	185	207	83	78	11	218	241	185	208	11	123	80	6	15	31	
34	185	50	200	247	213	186	231	15	73	120	43	44	156	118	32	220	59	151	145	150	58	50	245	63	28	158	235	213	14	183	223	
34	185	160	138	221	193	178	199	10	69	72	139	172	140	118	0	201	59	147	209	22	58	210	241	61	20	158	107	213	14	151	222	
11	22	240	241	231	124	249	23	109	95	126	183	157	63	150	108	231	155	151	157	151	188	37	194	71	249	250	195	167	196	245	255	
27	159	67	143	86	178	239	246	53	192	90	231	121	110	182	228	126	239	23	239	229	153	45	255	52	46	170	128	63	230	49	253	
72	188	183	241	169	236	116	151	187	219	166	17	190	191	64	219	165	119	253	16	51	77	146	224	207	251	86	67	194	68	167	91	
94	113	187	226	59	211	19	200	171	232	189	40	94	223	105	48	190	245	223	242	9	3	168	200	251	213	7	255	227	51	39	115	
39	239	98	26	119	145	142	236	95	68	124	239	104	232	191	132	94	235	131	231	198	58	78	255	62	28	143	171	95	159	122	204	
61	117	99	78	84	15	71	248	71	232	253	78	115	241	181	180	88	236	22	110	201	178	253	63	54	44	37	60	127	187	114	164	
60	113	123	100	119	91	87	216	97	224	255	42	91	223	73	48	122	252	213	242	73	179	184	140	243	205	37	165	111	187	102	243	
26	157	58	184	211	225	185	103	159	69	72	179	44	191	34	64	239	187	147	145	22	155	2	215	219	87	154	203	183	4	165	218	
1	130	245	89	116	187	233	23	126	105	114	80	187	8	148	236	107	46	6	24	177	188	101	223	12	190	114	64	212	136	81	173	
131	152	19	185	117	180	184	19	190	89	82	85	188	154	182	232	231	43	55	157	183	156	18	215	4	63	186	194	156	4	41	221	
179	134	202	173	20	2	104	127	52	195	210	215	49	35	146	64	125	172	63	173	173	218	197	207	220	46	250	128	173	164	120	216	
47	111	66	78	117	151	238	248	87	200	248	206	104	200	191	164	124	232	134	238	205	178	12	255	54	92	133	142	127	191	122	132	
127	83	46	172	47	23	222	104	205	204	222	175	206	200	55	66	254	229	255	231	204	35	143	220	242	115	207	159	31	63	57	87	
130	221	178	153	245	172	188	231	190	91	90	49	172	190	32	64	231	59	187	5	242	216	18	247	45	54	158	194	20	92	165	219	
123	1	98	232	126	19	250	113	101	64	255	138	11	143	182	116	110	133	95	237	220	171	101	196	210	249	170	220	39	142	112	65	
187	17	106	224	54	18	91	113	101	68	255	167	27	15	182	112	126	157	151	238	201	179	37	204	242	233	162	196	103	142	112	113	
34	221	98	158	223	209	190	230	159	68	92	163	40	236	55	196	234	123	147	195	102	171	62	255	55	22	158	171	23	95	61	222	
3	136	197	185	116	154	232	23	126	65	82	215	189	8	144	232	106	44	54	157	167	188	69	215	132	62	186	192	156	140	89	157	
147	75	115	109	50	143	186	96	61	168	112	233	50	156	180	48	190	253	87	231	232	185	0	124	48	56	41	162	85	51	3	163	
2	140	2	156	20	162	42	99	52	1	91	18	104	226	32	64	120	43	2	128	48	152	0	223	32	38	138	128	20	74	176	136	
13	35	150	151	161	180	108	27	127	157	93	116	140	227	203	206	113	78	166	156	150	216	139	224	142	245	119	239	138	231	171	133	
61	77	99	207	84	31	238	248	117	232	126	70	91	121	189	244	120	204	22	238	201	178	125	238	54	108	167	128	127	191	112	164	
137	186	255	249	228	189	125	159	127	123	118	116	157	247	248	105	215	95	63	28	179	220	235	211	206	223	119	228	158	216	161	249	
2	221	50	155	245	213	188	231	158	89	88	51	172	190	38	96	231	59	179	17	246	152	50	247	45	22	30	235	16	92	165	223	
194	108	215	117	34	170	238	130	185	130	114	192	189	171	149	59	166	119	125	218	32	220	128	234	4	190	126	128	204	241	67	137	
122	65	98	232	126	19	216	113	37	64	244	138	9	15	182	116	110	149	223	236	200	163	101	204	242	249	170	152	55	142	114	208	
95	219	46	190	47	157	190	232	207	220	150	167	236	200	63	67	254	225	255	231	196	35	159	253	242	115	207	155	95	63	57	87	
203	242	244	215	171	212	189	191	191	95	22	181	236	255	222	239	167	125	253	135	231	92	175	241	79	123	255	175	6	180	133	125	
77	48	177	228	112	44	123	16	43	169	126	108	159	55	193	120	150	221	21	24	139	16	160	64	197	252	34	164	170	243	3	49	
2	253	50	155	211	213	180	231	159	93	88	51	172	190	102	64	237	59	147	145	118	152	50	247	47	22	158	235	144	92	165	223	
185	81	106	228	102	18	95	113	69	68	247	174	27	13	191	112	126	157	151	239	201	183	37	142	242	233	160	128	103	174	116	113	
86	49	218	228	130	102	59	80	160	128	231	162	89	215	105	122	118	245	29	242	16	211	144	72	219	169	171	196	165	163	39	51	
130	221	54	156	249	228	188	231	191	95	88	39	172	190	39	65	231	123	179	193	242	137	18	255	45	54	158	139	148	92	165	219	
28	157	193	103	49	10	75	184	53	160	238	196	219	39	136	212	114	220	157	110	89	144	89	174	235	239	33	20	46	167	68	48	
38	180	225	195	246	47	250	152	27	225	121	215	217	109	92	8	191	27	23	145	147	176	221	210	14	156	135	230	253	203	211	151	
39	98	226	65	87	59	234	88	89	224	125	206	72	8	223	172	122	204	134	254	133	182	109	202	30	28	133	166	239	255	122	132	
194	205	150	157	240	169	188	167	62	19	90	16	172	170	0	64	231	59	59	128	114	216	67	247	44	54	94	194	4	80	161	137	
75	255	35	154	179	148	174	183	191	80	8	196	172	230	246	228	39	107	187	207	247	73	190	255	58	118	159	202	14	151	169	125	
59	1	114	225	52	153	248	80	109	65	254	138	143	13	180	96	238	153	95	217	142	187	101	192	214	249	170	210	119	142	113	229	
130	141	150	157	244	171	44	39	62	51	90	16	172	42	16	64	231	47	59	129	114	216	65	215	44	54	222	192	132	64	161	136	
137	186	159	249	236	189	249	223	126	91	84	116	189	211	242	44	231	43	54	156	183	220	163	243	206	219	63	232	154	200	161	249	
2	187	98	155	246	147	190	231	31	69	90	183	44	238	182	64	127	187	147	149	246	154	46	255	62	30	158	235	21	92	181	221	
201	94	155	181	116	56	99	150	112	206	126	228	181	163	131	235	98	110	46	78	161	212	164	42	228	231	226	128	170	241	105	249	
185	65	106	228	86	18	111	117	69	192	254	2	91	11	177	112	122	236	23	234	200	179	37	142	114	237	164	128	103	186	240	224	
186	0	98	237	100	58	216	83	69	64	246	146	11	13	180	124	126	157	151	172	136	183	101	204	210	249	178	128	103	140	112	209	
13	10	150	159	165	52	108	154	119	191	95	68	205	226	235	239	113	78	166	14	132	80	143	160	134	251	115	167	138	245	41	133	
79	60	250	212	238	180	186	66	168	170	158	171	92	254	247	186	167	245	251	151	132	71	130	194	86	127	235	175	135	247	43	3	
2	162	22	153	107	193	184	64	174	29	65	161	172	134	98	72	231	57	235	145	6	73	2	213	13	16	90	235	16	4	45	207	
32	141	2	154	148	163	166	231	22	1	88	2	96	232	48	64	89	106	2	81	18	186	8	255	40	4	135	96	149	74	176	136	
146	110	206	188	50	176	184	198	188	142	90	231	44	174	163	202	230	123	175	197	134	221	134	235	148	101	186	139	165	117	45	207	
23	5	103	205	214	50	239	113	116	192	91	198	81	108	180	100	126	172	22	175	241	144	37	206	60	46	170	192	45	226	240	245	
252	56	188	112	173	253	80	194	219	190	180	25	139	157	69	155	137	244	237	80	56	111	242	160	219	219	85	127	194	121	94	2	
121	87	107	77	118	31	109	121	85	232	254	238	115	33	149	116	126	172	118	172	201	178	101	14	118	239	161	148	111	168	114	57	
49	22	67	205	118	50	105	115	117	104	255	246	81	3	180	228	126	140	22	172	153	176	37	206	150	238	162	132	47	136	112	181	
3	150	35	153	55	178	168	39	92	65	90	246	172	40	180	228	247	43	18	133	183	152	37	223	44	54	154	194	156	12	177	221	
56	120	159	244	41	239	81	70	191	234	162	8	191	159	97	57	136	253	124	80	41	255	112	56	251	211	85	51	200	112	6	58	
58	65	98	236	20	3	78	125	69	128	248	10	11	9	53	80	120	165	31	227	200	163	0	140	178	233	162	152	119	186	242	0	
50	0	98	236	124	35	200	122	13	160	240	10	11	139	53	80	126	173	95	160	136	167	65	204	146	252	130	152	119	168	114	128	
234	177	113	98	251	141	158	237	171	185	177	121	28	222	76	144	174	155	215	113	211	43	216	213	61	24	15	254	73	6	195	179	
157	13	107	206	86	34	239	240	116	194	222	194	113	109	179	100	126	236	23	239	233	145	37	238	114	47	174	128	39	251	112	232	
155	94	198	149	66	178	174	118	188	194	82	247	125	174	183	239	103	239	183	207	229	221	7	234	16	39	254	128	175	245	41	157	
186	183	88	96	177	159	88	121	35	45	189	61	15	159	74	148	62	136	197	60	62	26	104	215	250	221	1	255	123	134	206	215	
180	49	126	165	124	78	254	105	40	172	182	11	87	94	10	83	248	221	95	227	92	243	217	12	255	137	175	85	1	43	111	194	
118	99	233	164	78	4	206	88	0	232	153	239	81	207	125	2	124	209	31	231	204	3	204	192	209	4	175	188	53	255	52	210	
142	108	100	109	25	222	91	186	119	100	182	128	155	15	147	181	22	84	221	248	236	148	117	158	231	251	129	213	118	165	70	118	
29	75	148	95	165	156	79	180	87	206	126	100	235	227	147	253	84	106	172	94	207	248	107	169	234	251	101	80	26	247	200	109	
134	216	146	155	228	173	184	200	190	25	80	48	172	222	105	72	230	27	51	83	18	212	2	241	4	48	26	202	148	25	161	131	
184	120	191	244	37	239	113	70	173	164	38	11	46	157	101	59	160	253	245	80	8	253	48	232	211	219	81	3	227	121	68	122	
172	161	16	146	221	217	36	237	207	53	45	31	142	194	106	132	105	138	194	80	86	59	58	213	191	209	7	111	50	14	143	198	
165	115	216	97	202	13	167	216	90	244	53	76	144	200	219	58	30	201	66	95	195	114	254	112	68	9	37	44	73	59	75	209	
6	248	178	154	253	229	184	198	158	93	80	31	172	222	118	8	205	123	147	213	146	94	26	243	29	20	158	107	144	29	181	219	
26	117	234	229	117	94	126	93	101	236	255	2	75	29	159	240	254	157	159	171	204	176	245	202	119	253	166	135	103	254	126	91	
50	97	102	141	76	11	232	105	207	160	242	2	10	138	52	66	120	172	127	225	200	251	195	221	148	168	139	156	53	40	112	128	
38	175	226	138	215	177	186	200	91	173	93	175	8	204	127	0	217	107	131	215	150	50	174	243	62	20	143	239	213	79	126	199	
53	65	107	230	68	2	111	112	65	128	247	2	83	195	177	113	120	236	22	234	201	183	44	12	112	169	161	132	101	187	112	160	
57	149	52	171	61	243	82	59	85	73	223	55	251	121	170	229	88	130	140	44	191	168	125	159	226	239	162	213	62	142	248	83	
219	220	39	188	9	84	92	182	181	66	130	19	172	63	48	231	196	243	189	205	237	205	51	239	163	250	222	154	50	84	161	126	
7	129	145	203	182	135	42	221	15	1	91	198	253	227	184	228	118	11	31	252	147	128	29	213	168	28	170	196	188	131	161	48	
151	126	107	70	48	210	175	84	252	236	95	224	89	199	183	100	54	108	85	254	225	181	44	110	112	45	175	128	69	178	231	241	
92	58	187	54	32	246	82	65	224	142	243	32	79	254	163	250	240	245	236	162	28	211	162	8	147	231	98	131	192	99	39	115	
130	48	146	145	229	173	176	67	190	27	113	16	140	154	108	11	237	27	19	17	18	116	146	208	5	24	90	110	144	72	163	131	
39	225	225	129	236	103	175	216	74	249	88	203	80	252	221	42	221	77	51	255	147	114	239	208	93	12	175	236	213	127	211	241	
20	181	24	163	150	107	147	217	6	57	185	38	151	95	72	0	127	155	6	176	26	176	89	20	252	133	43	244	249	139	129	147	
250	246	228	198	95	117	222	254	9	238	188	191	106	60	30	55	221	215	223	161	236	103	253	239	55	95	221	191	103	126	214	223	
141	167	201	163	244	107	231	185	126	247	59	220	215	96	216	160	27	132	110	62	113	112	109	18	236	135	103	116	204	234	201	160	
198	48	54	144	77	236	176	66	169	27	49	24	140	158	100	11	165	59	187	17	34	103	146	192	21	24	90	107	128	73	35	131	
186	88	174	189	73	253	112	82	165	206	214	35	58	157	99	74	232	252	255	67	12	221	178	162	215	227	240	131	227	61	116	219	
45	181	137	131	214	239	171	91	30	105	125	86	221	118	74	160	125	139	18	189	147	178	124	86	109	5	171	228	153	75	131	241	
76	108	234	180	79	240	251	194	232	134	110	3	173	203	115	75	107	101	235	202	4	103	182	226	87	231	218	9	167	245	109	194	
237	52	173	51	168	110	93	30	112	219	22	52	209	54	155	123	197	86	93	61	189	196	245	42	205	251	254	144	136	209	22	113	
194	88	54	248	109	164	144	66	169	26	176	24	46	159	37	27	228	49	223	67	98	39	146	227	147	248	82	26	82	25	35	11	
60	56	182	253	41	247	80	82	23	171	254	33	30	159	33	120	149	125	181	18	8	214	179	184	195	255	113	179	210	101	36	19	
214	62	214	150	234	160	184	66	185	150	211	247	12	238	231	219	231	119	239	211	36	199	130	226	156	50	122	139	164	101	47	151	
55	50	174	132	77	22	232	88	204	240	209	71	1	136	119	235	236	141	187	189	133	243	151	192	23	9	202	44	13	172	121	212	
12	60	171	227	71	252	179	82	230	207	95	2	153	215	115	42	121	252	219	154	19	48	186	162	95	197	171	109	163	107	55	242	
56	1	120	97	116	155	120	53	101	0	127	8	27	9	144	48	58	136	4	40	216	184	101	29	230	237	32	192	119	130	194	168	
252	56	190	112	173	253	80	194	251	190	180	24	14	157	69	191	137	118	253	80	40	111	178	160	219	219	85	59	194	125	78	35	
131	50	236	177	70	181	184	82	30	113	82	215	157	10	118	201	231	13	179	149	151	220	87	192	13	91	218	68	140	140	57	212	
29	181	59	107	245	183	123	91	118	105	223	84	25	149	250	228	124	14	30	60	155	146	121	22	255	205	35	228	178	198	240	241	
77	49	153	229	176	44	91	18	42	169	63	96	159	55	201	122	150	85	124	24	139	16	177	64	197	253	42	128	136	227	1	33	
8	57	21	173	93	199	171	120	10	192	80	226	253	215	1	160	14	125	243	225	65	120	210	191	237	231	47	168	12	41	51	185	
44	121	226	246	77	83	215	208	151	230	178	7	106	201	115	138	200	252	239	195	72	103	218	168	114	73	231	53	127	190	124	154	
204	124	173	115	168	108	85	191	123	219	22	48	215	53	203	59	133	86	253	16	185	204	251	34	237	215	116	198	130	113	214	123	
58	1	114	224	54	57	250	82	109	0	254	2	15	11	180	96	110	137	31	249	138	179	101	196	242	221	170	208	103	142	113	1	
190	185	2	146	221	221	182	225	143	253	189	63	142	220	110	133	232	187	206	80	127	107	58	245	191	81	7	127	219	12	143	215	
3	148	19	185	83	244	184	87	188	89	74	84	188	190	32	224	231	59	19	145	183	156	50	215	13	54	26	194	152	4	161	223	
27	83	46	142	47	151	158	104	205	204	222	175	236	216	55	192	254	101	255	231	196	35	30	253	242	113	143	155	95	62	57	87	
98	156	254	220	237	116	84	235	217	31	252	51	40	255	39	207	201	146	163	0	54	107	82	225	19	122	208	11	215	236	252	31	
35	130	200	189	20	130	104	51	52	99	82	215	177	34	146	64	124	172	63	141	173	156	69	207	204	46	186	192	173	140	120	152	
127	83	106	172	63	22	223	104	141	204	222	175	79	200	55	64	254	229	191	231	204	163	140	204	242	117	139	155	63	63	56	87	
2	157	50	158	223	213	190	231	158	76	88	3	172	254	38	64	239	123	147	193	102	139	58	255	61	54	158	171	21	92	181	223	
250	1	98	232	92	3	202	81	101	64	255	10	11	11	52	80	106	133	95	249	216	171	69	204	146	249	130	220	39	142	112	128	
61	151	85	233	158	47	67	249	6	125	185	102	87	23	168	65	127	146	14	250	59	48	121	29	252	136	37	116	187	203	128	113	
2	221	50	159	255	197	188	231	158	91	88	19	172	254	36	64	231	123	179	129	114	152	18	247	45	54	30	203	16	92	165	219	
2	148	59	217	87	228	177	103	254	73	78	18	188	190	36	100	231	59	19	16	179	152	50	215	77	190	26	74	152	0	165	187	
130	176	146	145	197	237	180	71	190	27	113	18	140	158	104	8	225	27	147	17	18	126	146	209	13	20	94	110	144	72	163	131	
76	60	170	254	77	244	243	210	176	206	220	3	189	255	99	72	105	251	163	146	0	35	178	234	87	231	154	41	163	117	103	250	
131	132	55	217	181	229	185	35	254	91	10	16	140	190	36	109	133	19	187	17	50	76	50	215	141	30	26	66	146	68	129	102	
129	138	115	89	52	173	233	51	124	9	118	80	188	3	180	108	195	42	6	24	179	188	97	215	12	190	50	64	208	136	65	169	
53	68	107	65	84	42	235	88	84	224	119	66	83	1	189	96	120	140	22	234	137	182	45	14	84	141	161	132	101	187	112	160	
141	53	43	225	215	255	163	81	118	249	125	22	221	119	234	165	125	154	150	184	179	176	124	158	237	205	175	228	163	79	151	241	
61	20	60	233	52	255	82	154	71	109	223	39	211	121	187	104	93	128	158	60	156	176	125	156	202	223	33	85	186	207	88	83	
53	77	107	206	196	2	111	112	193	128	255	66	83	193	177	117	120	236	22	234	201	179	44	108	112	168	165	128	101	251	112	160	
185	69	106	228	118	18	79	113	85	64	247	130	91	13	178	113	126	156	21	238	233	179	37	142	242	233	160	132	103	186	112	241	
147	203	74	188	62	145	188	103	140	68	218	231	44	138	178	192	110	43	159	197	198	137	6	253	176	97	186	139	61	156	185	221	
126	121	123	234	59	211	91	200	173	232	189	168	127	223	107	48	254	253	221	242	73	3	168	232	251	213	15	59	99	51	39	115	
60	117	123	100	118	71	87	112	65	224	253	46	91	95	185	48	126	252	151	234	201	179	56	140	243	205	37	1	111	187	102	243	
71	132	142	184	141	180	200	135	215	95	222	18	136	168	126	110	201	139	186	157	191	75	246	210	138	119	218	79	154	76	248	70	
201	222	218	255	37	60	125	182	117	74	126	196	191	167	163	231	102	106	174	204	237	156	247	171	231	255	118	136	58	244	41	249	
34	239	96	154	215	209	190	238	31	5	88	163	40	236	54	0	223	107	131	215	198	58	78	255	62	20	159	235	85	30	191	206	
74	188	151	178	137	252	52	199	191	219	38	16	172	191	96	223	161	119	251	16	51	201	146	225	143	242	94	75	130	84	175	63	
141	63	254	117	177	244	123	146	245	206	126	196	189	167	163	254	102	110	164	206	165	216	182	170	198	255	98	128	170	245	104	253	
58	0	114	233	102	42	248	87	109	35	250	146	15	15	52	88	238	157	23	129	152	191	65	194	150	253	154	194	231	204	113	129	
141	167	212	97	245	123	111	185	118	254	63	124	223	97	218	167	51	4	238	62	245	116	45	150	238	223	103	229	238	236	205	229	
114	246	244	230	255	87	158	252	27	239	149	191	72	61	158	43	223	215	223	165	172	103	233	223	63	94	221	191	199	254	214	95	
11	158	242	243	229	252	248	151	235	91	124	53	172	190	254	110	231	27	151	145	150	56	34	241	79	125	26	195	150	196	133	215	
40	249	120	105	116	207	99	244	68	12	116	10	51	25	176	48	28	184	6	106	200	186	112	61	103	141	32	32	115	154	86	169	
56	249	18	234	17	205	82	244	33	36	168	9	63	159	98	144	156	185	197	114	78	43	16	189	251	221	0	123	114	14	78	11	
151	30	71	135	146	146	174	113	60	194	91	247	73	234	182	196	126	173	55	191	181	149	5	206	60	46	175	192	175	166	185	149	
49	19	107	69	118	14	109	119	117	232	254	238	19	49	148	116	126	140	118	172	201	186	117	14	118	236	160	128	111	168	242	185	
17	19	67	193	246	50	105	23	117	105	126	246	153	34	148	236	110	142	22	188	153	184	101	198	6	236	178	196	175	128	240	181	
219	90	106	220	6	146	207	242	225	198	214	230	57	207	183	101	108	225	23	207	205	135	52	236	114	104	234	128	47	181	120	124	
212	60	191	240	179	233	49	66	172	166	166	41	172	183	97	91	162	119	235	80	48	221	176	110	217	199	91	115	128	33	39	235	
205	199	192	41	253	123	109	189	86	127	60	156	203	96	154	230	19	70	238	44	247	116	237	151	238	255	103	245	190	220	221	253	
52	117	120	238	60	71	95	89	0	140	255	11	83	93	11	80	220	221	95	227	76	162	249	12	241	173	161	29	97	186	102	211	
109	96	209	197	99	26	110	16	113	162	127	192	27	3	153	244	126	204	22	174	201	150	197	202	22	252	1	132	47	247	98	164	
25	205	107	195	246	18	239	246	84	97	94	130	25	45	182	96	126	206	23	254	241	184	37	239	126	77	166	196	39	138	240	249	
17	5	111	205	214	2	239	117	116	192	95	198	81	100	188	101	126	236	22	239	249	179	37	206	48	46	167	128	45	226	240	244	
130	157	150	156	245	196	188	230	190	11	90	49	172	190	32	64	231	123	191	129	114	219	18	255	45	54	158	138	144	84	165	219	
2	249	176	153	253	133	188	199	158	25	80	19	172	158	112	8	205	27	147	145	210	92	18	243	45	20	158	234	144	28	161	155	
86	28	190	240	227	235	179	67	173	182	54	59	12	191	96	90	163	53	239	18	48	221	32	230	217	215	107	227	128	41	165	227	
54	99	98	14	79	83	254	96	193	196	245	143	72	204	55	7	120	236	131	231	204	243	190	200	50	24	193	59	103	63	126	214	
175	163	82	98	251	143	186	233	187	184	177	122	12	219	92	149	190	155	215	241	114	107	200	222	60	88	143	254	67	6	171	133	
102	40	208	252	48	175	90	154	187	137	184	8	238	235	37	16	151	247	108	16	2	105	10	255	138	254	5	158	210	225	67	1	
38	110	226	26	127	177	186	200	27	173	89	175	104	204	127	0	223	123	131	215	134	50	174	251	62	20	143	239	213	95	62	215	
59	5	106	225	54	50	75	82	117	192	254	134	27	13	183	96	126	140	23	189	169	178	101	142	242	205	162	132	239	142	112	241	
76	56	187	62	40	224	82	16	160	204	227	33	255	255	33	250	196	181	236	3	157	227	178	40	211	245	34	25	192	227	38	83	
43	79	98	206	117	151	238	248	85	200	124	198	104	232	181	228	120	236	150	238	205	178	60	238	54	124	135	138	127	190	120	132	
33	177	113	73	244	223	235	113	77	104	121	66	48	20	180	164	62	8	22	120	211	184	116	221	45	28	36	224	95	138	210	173	
111	107	226	132	236	160	238	195	138	168	152	203	56	168	245	164	250	235	23	205	193	43	140	232	60	12	175	168	141	126	91	140	
75	44	186	252	109	48	185	66	168	134	220	139	44	171	119	218	239	245	243	157	4	3	178	202	86	127	222	169	135	245	59	202	
77	15	146	159	237	120	112	138	239	215	78	5	237	226	251	206	227	110	234	14	6	80	174	225	134	119	83	47	146	255	45	204	
134	185	109	225	182	143	186	217	95	241	17	215	209	93	84	9	191	25	87	117	179	240	29	212	15	152	171	244	221	137	81	147	
184	65	98	236	20	3	78	125	69	0	250	10	11	9	52	80	120	165	23	227	200	187	1	140	178	233	162	152	119	186	242	136	
134	56	146	154	203	228	176	66	136	27	97	16	140	158	101	11	229	59	179	17	34	103	146	192	21	16	90	43	144	73	39	147	
28	61	187	225	213	253	115	210	116	205	93	50	153	247	99	164	124	250	151	154	147	176	184	162	223	205	163	229	163	239	55	243	
250	65	98	232	14	19	74	113	5	0	244	139	11	15	180	112	126	133	95	238	200	167	101	204	178	249	170	152	55	142	114	204	
159	30	199	151	146	178	170	83	60	194	83	247	125	238	177	236	119	111	183	159	181	220	165	234	28	38	255	128	175	229	41	245	
166	121	226	30	79	209	150	64	219	196	213	143	104	204	119	4	216	233	147	199	196	99	190	248	51	16	207	59	87	63	126	214	
50	0	66	172	92	35	200	75	45	128	248	26	11	138	52	80	122	141	95	160	8	163	65	204	146	252	130	152	101	168	114	128	
83	128	164	252	13	84	88	61	133	81	198	0	236	127	58	247	196	149	61	141	78	73	243	197	147	250	218	27	50	132	56	78	
41	253	67	78	85	159	70	252	87	232	248	78	122	208	181	180	88	236	22	110	201	178	252	255	54	60	5	44	127	191	122	164	
185	69	106	236	84	18	111	117	85	192	254	2	83	9	185	97	122	236	23	234	233	179	37	142	114	237	166	132	103	186	240	224	
16	120	60	165	4	78	95	120	36	172	182	1	215	31	2	67	232	213	93	227	76	241	81	12	241	225	171	21	32	43	47	210	
173	113	168	35	74	15	175	216	66	252	117	14	145	197	219	43	60	72	82	254	195	114	255	0	101	137	103	172	105	187	67	241	
118	71	105	166	60	10	206	248	65	232	155	111	83	104	29	2	216	196	85	103	204	163	77	142	242	108	165	148	109	187	82	67	
151	54	195	147	242	162	169	81	60	195	91	247	205	230	182	236	119	47	55	149	181	212	172	194	28	38	175	192	173	230	161	213	
3	159	47	156	146	128	173	103	172	73	74	230	188	166	178	100	102	35	27	133	247	137	38	221	32	36	186	192	28	4	169	125	
2	253	50	155	211	197	182	239	30	69	72	179	172	254	38	64	239	123	147	145	118	24	26	255	45	22	158	107	21	92	165	222	
198	62	214	144	226	169	176	83	190	159	115	247	140	226	231	139	167	123	239	19	52	221	130	226	28	18	127	235	140	101	175	147	
189	181	116	99	181	223	115	121	117	105	247	48	91	29	158	245	252	158	157	58	255	184	121	159	235	217	33	198	115	142	240	103	
83	175	202	146	208	180	125	199	179	87	206	151	40	174	126	88	229	139	185	149	62	203	182	227	250	54	158	203	169	196	175	222	
52	13	106	238	212	34	239	113	85	194	223	130	115	109	177	96	122	230	23	235	232	179	45	142	114	175	163	128	101	251	112	224	
34	143	98	158	215	210	190	230	157	196	216	163	104	236	54	196	250	235	147	199	228	155	46	239	50	54	142	139	23	62	61	222	
31	12	227	207	150	162	239	115	116	194	95	198	121	239	183	100	127	238	55	175	185	145	45	206	112	46	175	128	167	231	49	244	
205	62	159	244	242	166	173	115	184	170	58	240	156	183	193	169	167	61	127	185	177	217	128	74	124	143	127	192	200	96	163	161	
198	186	182	240	239	233	176	195	187	191	177	57	142	252	100	27	163	51	239	17	50	109	138	224	155	210	119	255	196	105	135	131	
134	193	150	155	236	169	188	204	174	16	88	2	172	218	121	72	247	27	51	83	66	0	10	241	4	16	222	238	148	91	161	137	
224	197	118	196	252	14	222	125	217	168	177	24	78	105	60	19	217	197	76	33	248	111	137	207	186	254	197	126	71	170	210	1	
194	240	148	191	32	136	92	191	63	155	16	176	239	254	72	89	151	123	189	129	98	76	203	255	140	211	95	178	20	144	129	9	
75	248	244	221	47	52	188	159	143	251	22	181	236	255	214	110	135	93	253	133	198	76	171	241	71	122	223	174	150	244	133	127	
125	111	233	103	164	11	79	189	68	226	254	238	243	97	209	51	90	238	124	238	217	240	237	44	236	201	229	180	109	250	210	120	
104	82	168	190	77	116	245	94	146	207	252	39	188	255	107	74	249	187	167	129	6	35	242	195	87	231	190	171	147	126	117	251	
155	90	78	188	6	146	190	114	157	198	210	231	41	202	183	193	110	225	191	199	236	143	6	236	50	99	234	139	45	181	57	93	
123	81	42	174	63	151	158	104	205	204	222	175	238	216	55	64	254	229	255	231	204	35	28	253	242	117	143	155	95	62	57	87	
57	5	106	225	118	50	107	83	85	192	127	130	27	13	183	96	126	140	23	189	185	176	101	142	242	237	162	132	231	207	112	225	
1	142	75	181	52	170	104	55	124	67	90	213	177	34	144	96	66	46	31	141	189	156	69	79	132	62	186	192	44	128	89	88	
242	1	98	232	92	3	202	113	77	0	248	10	11	11	52	80	106	133	95	224	216	171	65	204	178	248	130	216	55	138	114	128	
156	61	186	241	213	244	241	210	181	204	92	35	185	255	99	45	236	250	151	144	179	251	178	174	223	205	162	235	163	109	101	251	
122	71	106	172	55	6	95	120	1	140	252	175	107	239	51	80	254	237	149	231	200	179	40	142	243	253	175	155	55	190	118	115	
156	129	116	99	166	26	122	184	101	18	55	18	91	73	152	123	122	128	21	106	248	244	109	148	198	235	96	196	119	171	192	32	
2	221	34	158	223	209	190	231	158	68	88	163	172	254	54	64	235	123	147	193	102	186	58	255	53	54	158	139	21	92	181	222	
2	221	50	159	247	197	188	231	158	11	88	19	172	254	32	64	231	123	179	129	114	152	18	255	45	54	30	203	16	92	165	219	
24	149	59	220	147	244	177	103	172	65	110	18	60	191	32	96	231	59	155	128	19	137	50	223	91	165	26	67	27	0	165	59	
34	239	98	158	223	209	190	239	94	69	88	163	40	236	54	0	219	107	131	199	230	58	110	255	62	20	159	235	85	30	253	206	
186	65	98	236	20	3	78	113	69	0	241	10	11	11	53	80	122	141	95	226	200	167	4	206	178	233	138	184	119	154	114	0	
1	158	59	89	48	172	249	55	252	9	126	84	188	179	32	96	165	58	6	8	179	184	48	95	79	191	50	64	216	128	225	171	
35	239	66	78	117	159	230	236	95	200	124	78	104	200	190	180	216	234	146	110	199	58	94	255	62	28	133	171	95	190	218	140	
182	79	74	188	214	162	143	246	148	134	218	231	33	235	177	73	110	231	7	231	168	143	4	46	112	38	174	136	165	249	48	216	
124	121	123	238	51	211	87	240	33	192	252	42	127	223	33	48	250	249	221	226	73	131	56	172	243	221	5	59	123	179	102	115	
61	93	123	110	86	87	87	240	69	192	252	38	123	93	51	48	126	248	23	234	201	178	56	174	115	205	37	0	111	187	98	243	
146	14	206	189	242	146	190	246	156	134	90	231	173	174	183	64	111	239	183	133	164	216	6	239	44	39	190	129	45	244	57	221	
74	184	150	208	137	221	48	231	191	153	166	24	174	190	102	254	161	115	251	16	22	105	146	241	155	210	86	123	202	68	139	31	
34	239	96	155	215	209	190	239	30	69	88	163	168	236	54	0	219	123	147	213	118	58	110	255	47	22	159	235	85	30	189	222	
74	188	151	220	203	208	180	231	191	23	70	49	172	254	100	207	163	123	235	16	50	73	178	241	187	114	94	75	130	84	173	127	
50	4	114	225	100	42	248	71	109	3	251	18	143	10	52	88	238	139	31	145	152	190	65	194	150	252	154	192	229	201	225	137	
141	148	118	225	7	95	125	255	87	123	87	22	223	119	186	229	119	16	158	168	245	60	61	151	207	223	103	197	62	140	141	247	
3	157	178	218	253	245	184	215	139	89	57	49	172	254	126	106	199	19	151	145	150	73	50	243	11	92	158	235	150	68	165	215	
39	55	98	11	117	183	234	88	79	225	89	199	8	72	190	164	216	42	146	125	151	178	92	223	46	28	139	230	223	207	120	148	
114	113	18	168	27	193	18	96	169	4	168	41	46	158	99	144	250	185	207	227	78	3	144	213	179	212	10	123	16	7	47	91	
19	199	103	133	150	178	238	117	116	192	218	214	89	110	188	228	127	229	62	173	245	145	37	206	56	46	174	196	47	230	177	245	
41	23	113	69	116	78	109	55	117	105	126	246	51	53	148	112	78	158	22	140	217	184	117	14	102	173	178	128	111	136	210	249	
9	159	121	209	244	252	233	55	125	89	126	246	153	23	148	100	102	138	22	156	147	184	117	199	70	253	178	192	191	136	193	185	
3	187	49	216	248	229	185	151	159	89	28	244	188	223	228	236	135	27	151	29	147	72	58	245	14	92	58	234	158	132	129	253	
212	170	222	177	162	235	49	67	190	63	87	179	13	183	226	91	39	61	239	18	48	221	128	80	216	227	111	199	164	96	165	195	
99	140	170	152	253	240	81	199	219	95	156	19	140	188	118	106	193	43	190	149	190	75	162	243	218	54	222	239	148	76	252	79	
137	28	252	255	57	116	121	31	117	78	126	132	189	119	179	239	70	74	190	140	167	220	247	171	199	255	242	136	174	244	104	253	
66	180	175	152	217	228	57	71	186	95	200	149	152	191	110	91	205	155	191	149	58	75	242	67	201	54	254	202	128	68	182	242	
154	146	222	177	226	171	184	245	190	55	82	247	205	174	234	201	55	31	175	181	182	213	4	209	222	67	122	231	172	196	173	153	
158	190	214	179	226	187	184	83	190	211	87	247	205	230	226	205	39	63	167	149	183	221	142	198	28	71	127	195	174	228	169	149	
142	186	158	179	234	169	176	195	190	191	115	255	140	238	226	138	167	59	239	17	50	221	138	210	156	151	127	231	196	76	173	147	
98	152	252	220	109	244	144	142	207	29	60	55	40	188	102	78	207	19	163	16	150	43	123	209	79	62	80	95	219	76	92	95	
42	73	130	138	207	249	166	199	71	71	76	139	40	200	119	140	121	42	130	81	70	58	54	240	55	20	20	43	243	94	252	222	
190	187	54	178	207	221	176	233	157	126	181	63	142	220	102	3	233	179	206	115	126	111	58	245	219	83	95	255	83	12	45	215	
138	190	127	83	99	253	185	86	190	127	54	191	40	156	54	41	175	51	215	17	166	253	54	247	79	27	112	243	197	76	71	219	
23	5	227	207	150	162	239	113	117	194	95	194	89	111	180	100	127	238	55	189	177	145	45	206	56	46	175	192	167	230	240	116	
132	186	158	177	236	233	177	195	190	63	49	56	142	189	224	11	139	27	238	17	50	125	202	209	220	211	127	255	208	72	141	131	
185	95	97	69	52	30	236	55	117	232	118	230	179	8	148	228	110	174	30	141	233	188	117	174	38	111	178	128	111	152	208	189	
247	245	244	198	254	55	222	253	27	251	185	187	72	60	158	43	255	213	247	163	252	99	233	223	58	94	205	246	231	254	210	87	
201	247	224	69	189	123	125	191	119	127	126	181	203	45	218	247	23	78	236	44	245	112	165	151	238	223	53	165	254	252	204	253	
189	149	118	99	165	159	86	49	117	123	255	50	91	93	190	117	245	156	189	170	252	188	41	215	251	251	101	198	115	134	240	103	
19	182	195	129	214	34	173	223	62	227	90	247	221	174	254	108	119	79	23	189	183	216	37	194	28	14	191	196	173	212	177	253	
127	67	66	68	69	22	110	120	113	138	247	78	74	128	191	244	120	204	134	238	205	182	164	202	22	124	129	134	111	191	106	132	
58	252	178	255	41	189	28	222	23	75	220	37	174	255	105	76	221	91	183	0	138	22	250	179	195	253	56	170	146	94	38	219	
224	228	118	198	124	11	222	109	217	170	185	24	206	104	28	18	219	197	110	35	232	103	201	207	186	190	197	60	68	170	210	1	
6	177	146	144	199	229	180	71	190	27	113	18	140	186	104	8	161	27	147	17	18	123	146	208	29	16	94	111	144	72	161	131	
29	81	232	193	12	31	79	88	71	236	159	14	211	85	219	44	92	136	62	94	201	176	125	144	199	221	37	180	62	187	80	113	
53	77	107	78	196	2	239	113	192	128	255	66	81	225	181	101	120	236	22	234	201	179	44	108	112	168	231	128	101	251	240	160	
34	249	176	154	207	197	190	198	158	209	64	11	172	222	119	0	203	123	147	195	66	106	154	241	61	16	159	43	21	29	55	218	
61	153	81	225	178	143	75	248	69	224	178	78	83	23	160	117	124	148	14	254	217	25	57	28	253	136	165	116	51	139	192	112	
2	249	176	153	205	133	188	199	158	25	80	18	172	158	120	8	237	27	147	209	210	120	18	241	45	16	158	234	144	92	129	155	
230	45	224	196	252	35	254	98	137	170	176	138	204	46	85	3	238	229	95	227	160	71	192	234	60	30	207	184	133	121	115	128	
38	107	98	30	77	209	182	96	217	204	245	171	104	204	183	36	248	232	131	231	196	51	174	233	54	56	193	171	87	63	126	214	
106	254	162	142	89	120	51	222	235	221	140	173	172	238	103	230	225	238	235	4	134	67	190	225	31	117	23	175	154	126	63	223	
50	5	82	137	244	42	232	71	45	33	250	18	142	10	20	72	106	143	95	129	24	187	65	194	148	188	154	192	229	72	241	128	
43	143	98	206	117	151	238	248	93	72	124	70	104	232	182	228	120	234	150	239	205	186	44	255	54	60	135	138	95	174	120	141	
113	208	113	79	74	12	71	156	97	8	236	72	115	83	137	112	126	220	116	110	203	34	251	57	245	168	32	28	123	146	66	57	
137	156	125	241	102	251	185	242	30	119	54	178	157	29	146	169	175	21	243	53	177	253	49	214	93	75	123	228	87	140	5	249	
228	109	132	140	236	33	174	238	138	178	184	10	168	234	97	3	73	232	110	226	96	103	202	234	60	16	207	60	149	123	114	136	
96	45	212	252	56	171	90	138	187	169	184	8	238	234	5	16	150	231	108	80	50	105	202	255	170	254	3	26	208	97	67	9	
174	52	118	82	123	175	248	96	189	186	177	249	8	95	12	157	175	145	215	179	178	231	24	220	31	90	65	246	207	5	74	151	
134	165	18	138	238	33	188	205	142	18	121	18	204	234	121	75	255	11	19	179	82	5	138	211	60	16	207	172	148	122	161	137	
162	114	234	82	113	148	121	85	185	95	116	181	56	159	222	59	237	155	151	149	174	222	180	226	95	25	176	235	135	132	238	223	
137	181	150	240	179	182	189	119	180	171	94	116	157	183	226	164	37	63	255	152	241	221	176	206	239	223	190	194	170	196	171	187	
66	224	212	191	32	136	124	175	63	51	19	16	239	234	72	88	183	239	61	128	66	92	203	247	140	246	223	246	20	144	129	9	
212	137	148	147	134	42	168	163	62	179	146	18	204	34	72	75	99	199	46	144	50	216	73	229	156	178	222	68	132	72	161	8	
198	169	244	147	182	168	184	134	191	177	26	146	237	110	93	75	167	119	63	145	146	120	139	245	140	218	223	194	132	65	1	137	
66	220	246	215	238	176	188	135	143	251	90	179	236	254	116	106	167	127	247	145	146	89	171	241	14	62	223	170	132	212	161	223	
151	6	235	197	198	50	173	89	124	226	87	214	81	44	191	108	126	140	55	175	177	180	37	202	20	46	234	132	173	240	113	245	
61	5	106	225	246	50	107	87	85	97	126	130	91	45	179	32	126	140	23	188	185	176	37	142	118	237	160	132	231	207	240	225	
208	89	63	244	19	204	53	119	236	192	78	6	52	179	32	115	162	55	57	0	97	185	48	13	243	235	86	2	40	16	165	43	
90	201	42	174	31	145	159	232	143	132	140	139	238	232	114	64	250	227	251	231	76	35	186	253	243	117	143	59	23	62	61	70	
58	87	106	172	119	151	95	120	5	196	252	143	107	237	50	80	254	237	151	231	204	179	60	159	243	253	137	155	119	190	118	82	
186	5	98	232	20	3	202	113	69	32	249	10	11	11	52	81	122	136	31	227	216	179	64	206	178	201	130	144	119	139	114	128	
226	250	162	28	123	221	178	214	187	221	148	191	172	252	231	118	229	123	255	85	166	75	190	241	63	116	31	187	146	60	63	223	
2	157	34	158	223	193	190	230	30	69	88	163	172	254	54	64	255	123	147	193	102	154	26	255	61	54	158	139	21	92	181	222	
2	221	18	159	241	197	190	231	30	27	88	18	172	254	32	64	231	123	179	1	114	152	18	255	45	54	30	202	16	92	161	155	
210	78	78	188	74	128	190	246	152	134	214	231	45	175	179	67	110	225	191	199	228	143	6	239	240	99	250	137	45	181	57	219	
103	67	98	78	117	146	238	104	193	132	255	174	72	200	191	244	120	236	130	238	204	179	46	204	54	56	129	11	119	191	122	196	
34	239	96	155	215	209	190	238	30	69	88	163	168	236	54	0	219	107	131	197	118	186	110	255	46	22	159	235	85	30	157	222	
210	203	110	188	90	192	61	103	164	4	214	163	45	135	162	81	102	179	143	193	96	143	34	237	240	35	254	139	53	20	165	107	
60	125	123	238	83	211	87	224	33	192	236	42	127	223	33	48	254	249	213	226	73	179	56	191	243	205	5	59	123	51	102	242	
39	175	96	27	245	157	246	236	95	233	124	76	104	232	190	180	217	234	146	79	198	186	94	255	46	28	5	107	95	158	218	140	
34	105	98	30	79	209	182	224	219	196	248	171	40	236	55	0	218	251	147	195	70	43	238	253	55	48	137	187	85	63	118	222	
147	31	66	157	246	146	174	246	20	202	90	231	233	234	183	192	127	239	183	205	229	152	5	239	44	47	190	128	45	244	57	221	
90	184	215	156	203	208	180	231	191	151	82	179	44	190	228	198	39	123	235	128	38	219	166	249	30	34	94	139	167	68	173	207	
34	239	32	155	215	209	190	239	30	101	88	163	172	236	118	0	219	123	147	209	118	154	110	255	45	22	159	239	149	94	181	222	
35	127	115	73	119	155	235	112	93	104	120	226	48	5	180	164	126	56	18	106	225	184	100	223	36	28	0	130	87	143	82	165	
130	12	240	219	244	168	248	7	45	19	123	18	140	42	28	72	239	139	31	17	146	184	65	227	12	60	26	194	197	72	241	129	
2	157	178	218	253	165	184	135	175	89	57	49	172	254	124	74	199	27	151	145	146	73	10	243	15	28	158	238	148	68	161	211	
162	235	96	154	207	209	188	206	159	85	208	171	40	204	126	0	203	251	147	211	70	107	238	241	62	16	159	251	21	31	158	222	
19	133	103	197	150	34	239	247	116	192	222	198	81	44	188	101	126	230	62	237	241	153	37	239	48	46	238	132	45	246	241	124	
169	31	115	85	116	206	109	55	117	73	118	116	179	53	144	116	110	190	86	12	249	184	117	47	103	254	176	192	103	136	198	249	
9	157	57	217	244	204	237	183	255	89	116	116	189	215	180	101	135	27	22	28	243	24	50	245	111	249	58	200	158	128	161	249	
11	217	59	216	250	197	189	255	159	89	20	116	188	159	228	101	135	59	23	17	211	11	50	213	107	217	190	234	18	0	165	251	
174	16	118	82	235	191	248	64	173	186	183	251	72	95	61	158	174	145	255	179	144	231	27	208	22	91	83	215	223	15	107	23	
88	146	222	181	178	170	57	215	62	55	118	247	237	163	170	89	55	31	175	16	178	221	5	87	222	231	126	199	164	192	173	91	
198	169	52	179	174	137	188	143	191	177	82	146	172	206	80	73	167	123	127	209	178	92	139	247	140	18	223	238	132	1	129	9	
178	5	82	129	244	42	232	71	61	33	250	18	142	10	20	72	106	143	95	145	56	187	65	198	148	188	154	192	197	72	241	136	
34	249	48	154	79	193	182	238	158	81	72	11	44	222	100	0	171	123	147	195	66	106	154	241	61	16	159	43	21	28	183	218	
154	146	222	185	178	186	60	223	63	39	82	247	173	174	162	200	55	143	175	149	182	216	5	247	158	103	62	194	189	196	169	29	
106	154	50	178	111	221	176	248	159	126	181	63	142	220	98	40	237	177	255	3	212	111	122	245	223	215	123	239	82	45	37	215	
223	16	240	66	47	125	216	24	223	255	183	63	74	220	254	239	183	149	191	19	156	101	191	194	27	89	65	255	215	173	69	119	
64	168	148	147	164	136	108	167	63	179	147	18	236	98	72	72	115	231	110	144	82	220	203	247	140	182	223	68	132	0	129	0	
125	137	67	72	64	31	78	248	97	96	240	76	83	0	180	244	88	140	4	110	217	51	60	20	49	172	33	116	123	163	226	164	
223	182	240	208	175	125	81	27	91	127	149	62	138	156	222	239	135	154	189	25	190	102	254	211	155	88	89	255	150	77	156	119	
2	181	146	154	205	229	180	199	158	27	89	18	140	254	104	10	229	59	147	17	18	122	154	209	29	16	94	110	144	72	165	131	
186	16	178	254	125	84	176	89	147	77	245	63	188	255	106	72	252	185	183	0	174	55	250	147	215	245	186	171	211	108	53	219	
192	45	84	158	188	171	218	174	187	128	186	8	238	106	5	17	146	231	110	112	50	107	202	255	172	190	27	122	208	1	67	9	
158	54	54	251	181	246	112	83	181	200	245	51	190	255	33	109	252	187	159	144	186	254	114	206	203	219	150	203	226	132	100	219	
213	69	239	229	150	2	111	188	116	226	150	70	83	0	153	103	54	196	28	239	233	245	45	42	240	138	231	148	45	243	112	100	
19	165	235	129	214	178	175	255	126	227	94	214	157	166	186	100	127	206	23	189	183	152	45	239	108	14	191	196	175	212	177	253	
246	245	244	196	254	43	222	239	91	251	184	187	76	124	92	3	255	213	247	165	248	119	205	222	62	94	207	246	133	252	211	81	
154	223	230	69	181	255	124	183	127	255	126	181	11	173	246	116	167	254	253	4	253	252	181	222	43	95	85	231	230	212	220	95	
146	182	222	179	242	187	184	215	62	55	119	247	205	238	234	77	55	59	167	21	182	221	14	211	158	215	127	231	188	196	173	151	
151	190	202	147	146	179	56	215	63	195	91	247	93	230	174	72	55	47	63	149	183	221	13	215	190	38	191	198	173	196	169	213	
138	189	7	240	241	244	189	247	183	95	222	181	188	183	98	164	205	27	255	145	51	203	50	247	239	215	190	203	138	68	175	251	
23	133	99	199	150	162	239	119	116	195	91	194	81	238	180	100	127	238	31	189	177	153	45	206	56	46	175	192	165	226	240	116	
226	45	230	198	252	42	206	238	89	170	184	10	104	44	21	27	222	231	127	225	168	239	193	238	182	62	223	152	197	125	115	136	
155	52	244	125	181	124	88	27	125	207	126	21	187	63	151	127	199	143	189	140	175	248	247	203	199	255	82	131	166	196	236	127	
26	255	98	154	223	209	182	231	222	21	92	55	40	248	118	228	235	123	130	209	246	59	174	247	126	87	158	235	151	92	253	207	
61	101	97	100	124	27	207	248	64	224	253	202	91	101	153	164	26	196	86	110	201	51	253	14	180	205	165	180	103	191	82	160	
181	69	107	70	212	2	239	117	80	130	255	2	81	227	181	97	120	236	22	234	249	179	44	46	112	169	231	128	101	250	240	160	
47	207	194	90	221	149	238	238	31	213	124	135	104	236	126	132	125	234	162	222	87	122	30	255	62	94	133	107	223	223	248	156	
251	212	118	125	37	31	92	183	127	123	254	50	74	191	62	117	253	157	189	32	236	181	49	215	179	255	65	198	115	236	224	87	
224	196	118	204	124	15	222	103	249	42	187	24	78	104	28	17	223	165	127	35	240	231	201	223	178	190	69	86	68	250	242	1	
154	148	118	241	5	255	120	242	127	123	126	18	143	191	38	101	231	157	191	168	180	188	49	214	219	223	211	199	50	204	100	127	
138	148	55	243	99	253	185	87	191	127	30	187	173	157	50	173	175	51	247	149	178	253	50	215	87	223	90	195	199	204	13	251	
120	161	184	250	217	205	85	47	163	241	173	25	63	191	66	18	129	187	217	24	26	75	210	53	251	221	20	121	162	0	206	74	
108	164	184	244	141	109	81	27	51	243	173	24	151	55	74	26	129	198	121	24	26	66	251	18	203	223	85	124	200	104	194	114	
194	122	38	152	123	221	184	214	175	221	212	175	172	220	103	43	238	121	223	209	166	79	178	253	31	90	222	235	151	29	55	223	
3	182	229	145	178	42	173	159	62	115	90	247	157	46	222	175	39	79	55	157	183	220	165	226	140	22	254	198	141	196	129	253	
122	141	106	174	31	211	223	232	5	4	204	11	111	236	50	16	248	235	159	231	78	43	24	255	251	245	143	59	119	46	118	70	
185	5	110	225	214	50	107	87	85	97	126	18	91	41	182	96	126	142	23	184	184	184	37	142	114	239	160	196	231	219	240	224	
56	13	107	238	87	215	95	120	5	68	252	131	123	239	50	80	122	251	151	230	72	179	56	191	243	237	129	1	119	190	116	242	
137	4	235	193	214	50	239	87	116	227	94	214	17	45	158	96	127	78	23	189	177	252	37	202	102	47	182	196	175	248	241	241	
2	157	50	159	95	197	190	238	30	71	88	51	172	254	34	64	255	123	147	193	34	154	82	255	45	54	158	235	21	12	181	219	
250	152	178	184	111	253	176	208	159	121	212	63	142	223	98	40	238	249	183	67	174	103	186	241	215	209	123	239	82	45	37	215	
151	22	231	145	150	50	172	83	125	211	83	246	89	238	189	239	119	141	31	189	181	213	37	202	28	42	255	132	173	228	177	213	
74	56	214	156	75	209	176	71	191	149	210	179	44	190	38	198	163	59	235	129	6	203	134	245	30	50	94	139	7	4	173	159	
34	173	32	155	215	209	190	239	30	101	88	163	172	236	118	0	219	123	147	145	118	26	110	247	45	22	159	235	149	92	149	222	
223	30	199	180	18	178	170	80	180	194	211	247	77	238	179	203	103	229	191	191	173	213	4	206	144	98	235	128	173	245	57	85	
61	93	123	110	87	215	87	240	69	192	236	10	123	221	35	48	120	249	23	234	72	179	56	61	243	205	5	9	115	187	98	234	
19	95	99	207	180	150	239	112	76	200	90	70	113	124	181	228	126	110	22	239	193	185	45	239	52	46	175	128	63	250	113	253	
2	142	230	157	114	144	188	246	191	143	82	247	45	174	166	196	103	251	167	133	166	216	6	239	60	38	254	131	39	132	173	221	
146	142	194	157	242	130	174	246	53	143	218	247	41	174	182	68	127	239	167	133	228	218	5	239	60	38	190	128	167	244	185	221	
130	189	178	154	249	229	184	207	139	89	25	49	172	254	108	10	135	27	151	17	178	75	26	243	27	28	31	239	144	68	165	219	
43	67	66	73	119	27	174	97	93	96	121	230	8	136	188	164	254	9	146	231	197	178	37	220	38	28	138	131	95	14	249	133	
38	229	96	154	223	209	150	232	139	117	141	171	104	236	126	0	217	251	211	195	70	35	254	247	63	20	157	127	87	95	222	222	
1	221	127	93	116	204	109	55	253	73	122	116	183	23	148	112	6	58	22	8	227	188	48	103	103	190	50	128	68	144	195	185	
137	216	59	248	252	196	189	247	255	93	116	116	188	151	164	100	135	59	23	8	243	13	50	247	111	255	62	202	18	144	165	249	
154	216	57	248	91	197	157	247	159	95	148	55	60	159	98	96	197	59	151	129	99	15	50	247	123	199	158	250	18	24	165	251	
238	52	252	208	239	125	120	91	217	255	21	191	72	188	223	191	167	149	255	55	180	87	190	194	95	91	209	255	166	237	94	215	
83	159	71	135	178	50	46	183	61	64	90	231	125	46	180	228	119	231	63	173	181	153	45	239	188	110	174	128	173	230	161	93	
83	141	111	199	150	34	239	247	116	64	222	198	113	38	180	101	118	198	63	239	241	153	45	239	116	46	238	128	45	242	241	124	
42	253	226	24	221	213	180	231	223	93	188	159	40	236	118	132	205	107	162	149	246	107	190	247	58	95	159	107	219	92	253	222	
57	141	110	231	214	146	239	247	85	64	126	2	121	105	176	96	122	206	23	234	248	184	45	191	126	239	166	192	119	202	240	232	
218	156	244	253	151	254	120	23	127	123	126	23	42	191	54	126	231	159	189	1	190	220	177	211	151	255	210	195	178	196	229	95	
26	191	178	184	159	213	181	247	223	95	156	183	172	236	118	196	231	59	167	17	246	107	178	247	251	87	30	235	150	92	189	223	
21	141	111	205	212	162	239	247	116	192	222	194	81	236	188	96	127	238	23	239	249	185	37	206	56	46	175	192	37	242	240	232	
19	132	239	129	146	178	174	247	62	195	90	214	81	238	188	224	119	239	31	189	181	157	37	95	60	46	191	196	173	208	177	253	
75	254	230	85	181	255	124	183	255	127	126	181	170	188	246	117	167	191	253	5	246	252	181	215	107	95	84	227	198	212	215	127	
43	255	228	93	181	255	124	183	127	111	126	189	170	188	150	117	167	127	253	5	246	248	181	255	111	127	84	179	214	220	214	95	
246	237	244	213	254	35	188	231	91	179	184	154	76	46	84	3	255	247	127	161	240	127	197	222	62	30	207	246	133	124	211	129	
55	73	98	78	93	159	214	232	199	4	237	15	106	200	55	244	88	232	130	110	204	35	126	253	51	124	129	59	115	191	124	196	
147	150	222	185	178	171	63	255	62	99	82	247	245	166	170	72	55	127	47	148	182	221	13	127	252	166	62	196	188	192	161	153	
254	90	122	240	111	209	218	192	221	222	182	191	42	205	119	139	234	241	239	211	172	39	54	226	83	217	193	155	119	189	124	95	
226	37	246	132	252	43	236	111	89	162	184	26	236	42	29	11	218	199	127	33	160	103	193	206	52	62	223	184	132	120	82	136	
65	141	123	103	180	238	111	183	124	105	122	64	247	115	24	112	49	110	30	44	49	184	57	63	237	174	39	64	232	226	195	168	
188	69	106	236	148	2	239	253	80	128	254	2	83	97	185	97	120	236	20	234	248	163	45	46	114	235	231	128	103	186	240	160	
34	253	96	30	95	209	190	236	139	85	232	139	40	220	62	32	201	251	211	195	70	43	186	245	63	20	158	123	85	30	215	222	
2	253	48	218	223	197	182	239	143	25	88	11	172	254	108	0	173	123	147	193	210	43	154	245	61	28	158	235	17	30	183	219	
19	158	71	191	178	146	58	55	63	67	90	247	237	110	176	196	55	171	191	149	183	157	13	255	188	102	190	192	191	134	169	93	
138	20	164	243	171	245	185	87	191	95	95	179	173	191	122	140	175	27	247	149	178	108	35	211	207	223	218	203	215	204	173	255	
252	72	102	103	4	58	78	216	101	178	183	18	91	73	157	95	122	196	108	234	168	247	105	168	210	235	225	20	103	251	96	0	
221	76	252	103	46	58	111	152	96	242	183	10	219	97	219	107	55	196	124	234	233	101	173	168	246	235	101	148	167	243	81	97	
174	164	228	123	233	117	185	75	191	95	181	179	141	191	94	143	239	19	247	149	178	69	106	211	71	95	218	239	215	68	255	247	
6	165	144	154	252	45	184	79	139	27	57	24	172	170	108	10	135	11	70	17	18	104	138	194	12	28	30	238	192	72	195	129	
98	190	240	80	235	253	148	135	219	127	60	189	168	173	70	142	135	123	239	20	182	109	226	243	46	28	20	251	215	220	206	95	
90	158	94	189	178	154	58	55	61	67	90	247	109	47	130	208	55	239	237	133	183	157	5	239	254	231	62	192	173	132	169	25	
64	236	150	147	180	138	174	175	190	147	26	16	236	226	72	64	243	111	110	16	114	205	203	247	172	54	159	68	132	64	129	1	
189	215	45	143	253	127	151	252	20	110	253	247	90	86	139	229	125	220	222	238	233	182	121	255	247	99	163	150	91	255	244	245	
141	141	236	243	246	50	255	183	116	227	94	146	249	45	150	109	119	222	23	189	243	252	45	239	110	207	182	192	167	213	241	233	
15	253	237	211	182	179	191	183	126	247	94	246	253	111	146	105	55	123	183	159	243	216	47	253	110	15	255	192	142	213	145	249	
56	175	42	174	93	211	87	226	135	12	252	43	107	249	42	16	216	251	135	195	74	171	8	191	251	213	165	251	115	14	126	235	
188	13	102	225	212	50	110	247	85	99	126	18	91	41	180	101	123	206	23	185	184	188	37	174	126	239	164	192	231	220	240	136	
56	13	107	239	86	199	255	112	68	68	254	2	113	253	50	96	120	250	19	238	73	187	60	191	115	175	162	1	119	170	116	242	
2	157	50	159	95	197	190	238	30	75	88	51	172	254	32	64	253	123	179	129	34	154	90	255	61	54	158	235	16	12	165	219	
184	5	98	236	212	3	206	119	85	0	250	26	11	41	48	81	120	142	23	226	248	187	1	142	178	237	128	192	119	187	242	128	
141	141	108	211	214	50	237	183	116	83	94	146	217	45	150	105	127	70	55	190	181	252	45	238	110	107	246	196	167	212	241	249	
34	173	32	155	245	217	190	238	30	69	88	163	172	236	54	0	217	123	147	145	54	186	110	255	45	22	159	107	85	12	213	222	
2	142	194	157	114	146	170	246	63	13	90	231	169	174	182	68	126	107	167	141	166	216	6	255	44	38	190	128	47	132	41	221	
43	189	81	88	217	221	114	206	63	1	108	8	40	214	228	180	217	250	194	24	3	58	250	255	63	92	5	107	91	140	106	188	
75	220	237	87	166	58	173	183	124	115	94	246	249	47	146	107	55	86	61	175	241	216	173	239	102	43	254	132	167	244	241	121	
40	205	123	78	213	207	71	246	196	8	252	0	115	245	48	48	88	234	22	106	74	171	42	63	115	141	36	9	115	250	230	234	
19	157	99	142	84	150	239	246	92	192	90	70	113	232	181	228	126	238	18	239	229	184	53	239	53	46	142	0	45	250	112	252	
35	45	98	152	95	145	186	105	223	64	221	167	40	200	183	132	254	41	146	231	196	163	14	223	54	84	139	43	95	15	121	134	
182	253	164	218	219	213	150	248	155	127	148	47	72	252	111	43	157	219	215	243	254	71	250	247	59	86	77	255	147	127	182	215	
8	221	23	124	113	204	111	246	189	8	106	64	188	247	33	244	164	123	22	72	227	169	18	111	229	255	50	8	74	17	35	185	
35	7	98	136	87	147	190	97	221	64	222	167	72	200	182	132	254	169	146	231	244	163	4	222	54	92	138	139	95	46	249	135	
211	159	79	175	50	162	46	119	61	194	90	247	245	102	144	241	54	231	125	237	181	157	165	111	188	46	170	192	45	224	33	93	
217	141	111	207	150	18	239	247	116	192	94	130	113	111	178	97	126	230	63	239	241	185	45	111	118	47	238	128	37	242	241	104	
27	173	104	235	246	179	251	251	87	65	125	130	121	237	190	32	127	59	23	189	150	184	44	255	110	205	171	192	247	206	240	225	
2	29	182	254	252	164	190	244	159	201	89	161	172	254	53	96	135	123	183	83	178	233	10	239	43	126	30	202	150	215	33	95	
143	94	110	127	225	127	191	252	21	238	215	181	219	125	187	109	255	86	255	110	225	247	109	190	119	127	103	151	94	255	189	243	
162	173	246	149	252	35	236	103	91	163	186	154	172	46	84	3	239	167	127	145	240	255	193	206	60	30	223	240	133	104	243	136	
19	158	79	191	178	163	190	247	62	99	90	247	253	110	176	64	119	123	63	149	183	156	45	127	252	39	190	192	189	210	161	217	
93	159	95	175	178	170	63	183	60	65	90	231	253	103	128	64	55	127	63	165	177	152	13	127	236	167	47	192	188	243	161	25	
10	253	246	216	187	213	28	231	159	93	92	179	172	255	102	100	199	59	191	144	247	73	50	247	235	95	158	235	150	196	173	95	
188	205	110	231	132	18	78	253	213	130	254	2	91	107	185	99	120	228	29	234	232	163	41	174	242	235	231	148	103	251	240	8	
224	165	214	156	252	43	164	99	184	163	248	24	204	232	16	19	219	103	110	33	48	239	194	207	52	54	91	56	196	104	211	137	
42	189	160	184	189	213	157	231	159	93	156	191	172	188	118	140	205	27	183	149	254	106	242	247	235	87	158	251	214	76	157	223	
146	148	246	251	213	244	120	87	127	123	255	19	40	191	110	120	231	159	191	145	186	217	179	211	159	254	218	195	147	68	229	95	
252	72	230	230	76	42	70	216	113	178	179	26	75	105	93	27	123	196	108	226	168	119	201	234	146	235	197	20	231	251	98	0	
221	108	252	103	174	58	127	152	115	242	183	10	91	105	223	63	55	212	125	234	232	116	237	170	214	235	229	180	231	247	66	33	
192	12	22	158	120	171	248	43	191	162	187	24	236	234	1	89	135	167	110	0	48	111	203	223	156	54	91	120	208	64	3	9	
174	54	246	240	239	113	184	67	219	255	53	187	12	252	119	159	175	149	247	147	180	119	170	194	95	91	219	175	199	109	127	215	
190	60	182	249	47	239	16	82	159	95	245	55	142	223	39	75	239	185	151	147	190	215	26	242	147	243	91	251	150	45	37	211	
4	165	208	147	252	41	248	137	27	17	57	26	206	104	92	10	155	11	87	17	18	104	203	211	12	28	30	124	196	74	211	129	
194	172	150	155	122	139	186	138	191	51	146	16	236	234	0	80	167	103	127	0	50	205	139	255	156	22	31	192	148	64	33	9	
47	181	48	122	253	181	222	221	95	121	189	57	74	124	94	48	159	155	215	21	158	106	234	247	47	92	29	254	215	142	210	215	
43	181	32	74	221	221	215	253	71	125	188	15	106	220	126	36	217	138	215	84	223	42	126	183	111	93	133	255	91	14	222	223	
254	90	98	184	111	245	184	210	159	222	244	191	44	222	103	11	239	249	247	211	164	103	178	226	87	81	218	171	87	29	111	223	
130	248	150	157	238	129	184	198	158	153	82	178	172	254	112	72	231	127	63	145	50	221	138	243	12	54	223	194	132	16	161	137	
130	232	150	159	126	128	184	198	190	155	82	18	172	202	113	72	231	107	59	145	34	205	131	247	12	54	158	202	148	16	33	137	
56	159	18	170	125	131	86	240	135	12	248	111	110	249	32	144	220	251	135	99	78	171	8	191	250	213	37	187	90	14	62	155	
32	141	107	94	84	195	227	246	86	13	252	34	112	253	180	100	89	186	23	200	42	187	40	255	115	47	162	137	87	10	116	235	
15	249	236	91	182	146	255	189	222	209	94	162	249	125	158	103	7	123	183	223	215	216	111	253	110	95	255	192	167	246	209	249	
2	157	18	155	223	197	190	238	30	9	88	19	172	254	32	64	221	123	179	129	34	152	90	255	45	54	158	235	16	12	165	155	
31	205	228	247	182	18	254	183	117	83	126	146	121	109	156	105	63	198	53	207	248	248	45	239	110	235	247	192	167	252	240	248	
40	159	122	126	116	195	87	246	133	12	252	32	114	251	160	32	216	122	135	66	74	171	72	63	107	237	164	217	115	138	228	171	
34	189	32	155	221	201	182	238	30	69	88	155	172	236	62	0	217	59	147	17	50	56	90	255	45	22	159	107	85	12	149	218	
3	159	66	159	80	134	174	246	60	65	74	199	177	226	54	68	126	107	51	205	135	152	20	239	36	46	154	128	29	132	57	220	
79	205	236	119	166	18	255	180	113	211	86	130	249	111	159	107	39	119	189	238	240	216	173	233	110	239	255	128	167	247	209	121	
40	143	123	78	244	201	215	246	196	12	124	104	178	241	164	48	88	122	6	74	90	170	106	63	107	159	36	201	115	218	230	171	
47	165	224	99	252	59	218	152	91	241	61	154	219	109	220	44	31	207	87	63	150	114	237	210	78	221	165	252	247	207	210	213	
63	245	180	216	251	213	156	251	155	250	156	47	108	253	255	55	159	249	245	49	238	67	250	219	59	95	77	255	215	124	54	215	
9	206	82	89	117	156	108	183	253	25	126	80	175	179	178	244	3	42	134	12	243	184	2	247	38	255	18	64	90	148	203	140	
62	29	51	190	27	193	31	97	148	4	200	131	125	247	33	196	104	187	147	195	88	11	50	191	241	230	138	25	54	39	53	242	
51	15	74	8	254	147	190	99	220	64	216	163	9	136	182	160	254	169	146	229	212	187	4	222	50	77	138	203	93	12	121	132	
217	156	111	255	178	34	175	55	60	194	86	178	253	102	146	113	55	231	61	175	241	220	37	111	228	43	234	128	37	240	161	121	
54	164	192	227	212	43	234	200	27	179	185	26	75	104	93	26	123	204	87	179	26	114	201	194	158	220	135	244	229	235	210	128	
34	173	246	149	252	171	236	103	95	163	186	26	172	42	84	1	239	175	127	129	240	251	193	207	60	30	223	224	132	72	243	137	
150	60	182	248	43	167	56	66	159	91	243	51	140	254	101	73	239	59	255	17	178	199	10	242	151	86	219	210	148	109	37	83	
93	205	110	239	150	18	111	189	36	224	222	130	123	103	153	99	118	230	125	238	249	153	45	237	242	235	239	128	39	179	241	96	
2	181	244	216	251	213	252	255	191	91	60	19	172	190	126	124	231	155	191	145	246	72	178	215	63	94	222	235	150	68	165	95	
252	77	70	230	140	2	78	253	177	130	246	2	123	107	185	83	120	228	125	234	104	243	9	172	242	235	231	148	103	251	240	8	
10	54	246	177	239	113	184	67	187	255	29	183	140	190	94	14	175	31	183	145	182	127	162	194	223	95	223	231	135	76	191	215	
42	191	34	30	93	213	150	231	223	77	220	47	40	252	54	132	201	43	199	5	254	43	42	255	59	86	158	251	83	12	255	207	
160	165	214	159	252	43	172	103	186	131	249	24	236	234	0	11	219	47	110	0	48	255	194	207	12	54	91	120	132	104	131	136	
10	181	164	249	189	245	152	207	159	125	156	187	172	191	86	12	207	27	191	145	182	74	226	215	207	87	158	251	150	76	157	255	
66	149	244	251	245	244	184	31	63	91	191	51	140	255	110	121	239	155	191	145	178	73	179	215	31	94	222	231	147	68	165	87	
244	72	198	166	76	42	70	200	49	178	179	10	75	232	93	27	121	196	108	226	40	247	201	234	146	238	197	20	229	251	98	128	
252	104	240	103	198	58	110	152	115	242	183	10	91	105	221	63	63	236	125	250	232	116	237	234	86	235	229	180	231	247	66	0	
30	182	180	209	191	113	184	79	159	127	29	179	140	191	126	14	175	27	191	145	54	88	162	210	159	87	223	239	150	76	157	215	
25	157	127	175	178	138	47	183	52	192	90	231	253	103	176	96	118	247	61	238	241	152	45	127	236	231	175	192	60	242	161	121	
89	223	87	109	176	10	103	182	117	136	126	100	255	115	128	245	54	126	76	106	249	184	41	47	236	239	39	192	106	178	227	41	
192	172	150	157	120	169	40	130	190	19	146	16	236	226	32	89	163	103	110	144	34	77	139	255	156	54	91	64	148	1	33	136	
10	191	224	17	227	249	188	199	59	127	124	255	172	188	214	158	167	27	179	149	183	122	166	227	46	94	94	235	207	84	143	223	
47	181	233	75	252	63	219	216	95	125	189	173	219	108	222	164	223	74	215	63	159	98	111	183	78	93	37	252	215	207	218	245	
32	165	214	151	252	169	172	103	190	51	250	18	172	170	80	65	235	47	110	17	114	251	195	199	44	22	222	64	132	72	241	137	
51	159	83	174	114	139	86	240	143	72	248	237	103	236	162	144	222	235	135	103	207	171	72	191	184	212	45	186	92	142	42	221	
40	159	122	218	116	195	243	242	86	12	124	98	112	221	182	64	88	58	135	72	138	186	40	191	98	15	162	129	87	138	116	235	
2	156	48	155	223	197	184	239	30	73	88	19	172	254	40	64	221	59	179	129	34	154	90	255	45	22	158	235	17	12	165	219	
30	201	228	247	182	18	254	180	119	145	118	130	107	109	157	103	119	230	53	203	248	248	111	237	110	255	255	192	167	191	240	9	
40	159	90	110	122	131	86	246	5	12	124	231	119	235	160	80	94	122	135	98	202	170	72	63	98	229	37	136	127	138	70	155	
34	188	32	153	221	205	176	239	158	125	120	27	172	220	118	0	201	27	147	17	54	122	210	247	45	22	159	111	209	12	215	222	
3	139	2	141	16	134	170	246	172	65	74	199	161	226	54	64	108	107	59	205	199	152	22	253	36	46	138	128	29	6	185	220	
95	201	228	247	62	18	126	188	243	208	22	130	249	111	157	102	55	245	125	223	194	192	175	233	110	255	239	128	167	183	81	89	
40	223	88	111	242	139	87	244	69	12	124	228	119	97	160	0	94	122	134	98	200	170	72	63	98	237	37	152	127	186	196	185	
33	141	33	159	116	211	231	167	86	73	90	66	176	120	176	224	217	106	22	13	167	184	103	191	44	46	190	192	28	72	240	172	
187	207	100	159	154	48	14	191	20	74	220	230	97	98	191	229	93	202	149	173	239	138	103	191	34	110	190	136	63	212	184	221	
107	181	244	126	120	21	216	121	155	248	157	169	237	253	222	54	151	57	253	37	230	67	234	223	74	95	109	190	86	166	3	215	
56	150	10	99	213	126	97	89	101	125	255	22	67	0	158	220	121	142	142	184	159	178	125	0	223	237	176	69	235	74	124	214	
61	0	200	227	213	122	233	25	103	53	183	86	195	73	92	236	121	136	6	184	30	240	125	208	79	205	179	69	239	202	120	132	
222	93	246	245	174	50	92	55	189	250	150	177	239	127	149	123	167	247	253	167	232	197	163	236	162	251	223	146	38	245	161	93	
184	141	102	239	148	178	110	247	85	2	254	18	123	105	180	65	123	230	63	171	248	188	45	191	242	239	231	128	55	232	240	128	
63	108	232	67	254	59	234	216	83	226	61	10	91	105	223	62	63	204	87	250	136	114	237	226	94	79	165	244	231	255	82	228	
15	249	236	215	190	153	255	188	206	208	94	162	249	237	222	102	38	123	255	223	210	216	239	253	110	95	239	192	55	182	209	249	
2	182	182	209	255	245	184	79	159	127	25	183	140	191	126	10	239	27	191	145	54	89	178	210	31	86	223	239	150	76	165	215	
221	205	110	239	134	18	127	189	37	224	214	130	123	111	145	115	118	244	125	234	232	217	45	236	242	235	231	128	39	178	240	40	
252	77	70	230	12	2	78	252	177	130	246	2	107	105	53	83	120	228	108	234	104	231	9	174	178	235	197	148	103	251	240	0	
252	104	226	103	198	26	110	220	113	162	182	10	91	105	221	62	58	228	117	234	232	247	173	234	118	239	229	164	231	243	98	0	
70	149	182	217	255	172	184	79	191	27	123	51	140	254	108	88	239	27	191	17	178	91	131	211	31	62	222	206	208	76	161	147	
109	127	242	71	100	27	230	184	105	238	126	236	235	104	151	182	30	236	230	110	205	242	237	168	54	126	101	176	111	255	90	157	
105	95	86	71	96	26	102	184	105	234	126	236	251	112	133	247	54	228	108	106	197	240	173	44	54	254	101	128	110	243	74	61	
244	108	194	230	76	42	70	200	49	162	243	10	75	232	109	26	121	236	110	98	72	247	137	234	176	238	199	28	225	123	98	128	
52	36	226	226	212	43	226	216	83	179	185	10	75	232	93	26	121	204	70	243	154	243	201	226	26	206	133	100	229	251	114	128	
2	182	242	145	247	241	184	71	159	255	31	183	140	174	126	10	175	31	183	149	182	249	162	194	31	86	223	239	135	76	189	215	
198	12	150	157	248	170	184	75	190	19	123	16	204	226	32	73	167	47	106	16	50	88	139	215	28	54	91	202	148	65	163	129	
2	180	240	209	255	253	184	79	159	125	28	191	172	190	118	12	175	27	191	145	22	72	242	215	31	94	158	251	150	12	133	223	
