香奈儿可可小姐唇露	738 - 甜点	https://i.chanel.cn/fnbv3/image/full/shades/rouge-coco-gloss--738--55g.0156738_S.jpg	https://i.chanel.cn/fnbv3/image/full/chanel__com_type1/skus_full/rouge-coco-gloss--738--55g.3145891567380.jpg
29	239	22	119	176	158	111	180	119	200	127	100	255	227	171	244	55	110	44	78	199	208	45	175	230	255	39	128	42	243	169	165	
2	133	98	201	214	163	170	103	92	65	90	2	40	42	52	96	123	11	19	145	146	184	5	223	60	12	154	192	149	12	241	204	
77	112	209	229	96	40	109	24	59	234	117	228	157	183	201	254	55	93	54	142	193	84	226	194	68	252	115	172	46	243	3	177	
2	157	114	218	246	133	188	199	159	89	90	179	172	254	36	64	231	59	151	129	242	153	2	247	60	62	158	235	21	76	165	219	
32	141	2	154	148	163	166	231	22	1	88	2	96	232	48	64	89	106	2	81	18	186	8	255	40	4	135	96	149	90	176	136	
3	181	98	203	246	177	186	103	31	73	92	163	172	158	180	36	223	59	147	149	150	184	36	223	46	28	154	234	151	206	241	221	
34	185	50	200	247	213	186	231	15	73	120	43	44	156	118	32	220	59	151	145	150	58	50	245	63	28	158	235	213	14	183	223	
34	185	160	138	223	193	178	199	10	69	72	139	172	140	118	0	201	59	147	209	22	58	210	241	61	20	158	107	213	14	151	222	
55	98	226	2	79	25	238	72	95	231	117	143	8	200	255	172	123	200	130	223	206	118	236	194	22	28	133	175	231	255	122	196	
27	159	67	143	86	178	239	118	53	192	90	231	121	110	182	228	126	239	23	239	197	153	45	255	52	46	170	128	63	230	177	253	
2	187	98	155	246	147	190	231	31	69	90	183	44	238	182	64	255	187	147	133	246	154	46	255	62	30	158	235	21	92	181	221	
48	33	70	141	92	11	224	72	175	161	242	10	74	136	52	64	120	172	110	225	8	251	195	221	156	168	131	60	117	8	112	128	
59	1	114	225	116	153	248	80	109	65	254	138	143	13	180	100	238	153	95	217	142	187	101	192	214	249	170	210	119	142	113	197	
130	157	54	156	249	196	188	231	191	91	88	55	172	190	38	65	231	123	179	193	242	137	18	255	45	54	158	139	144	92	165	219	
131	154	19	185	116	180	184	19	190	89	82	85	188	154	182	232	199	43	55	157	183	156	18	215	4	62	186	194	156	4	41	221	
179	134	206	189	20	2	104	127	52	195	210	215	49	35	146	64	125	172	63	173	173	218	197	207	220	46	250	128	173	164	120	216	
95	219	46	190	47	149	190	232	207	220	214	167	236	200	63	67	254	225	255	231	196	35	158	253	242	115	207	155	95	63	57	87	
130	221	178	153	245	172	188	167	190	27	90	49	172	190	32	64	231	59	179	1	242	216	18	247	45	54	158	194	16	92	161	155	
122	1	98	232	126	19	248	113	101	64	255	139	11	143	180	100	110	133	95	237	216	171	101	196	210	249	170	220	39	142	112	65	
77	64	209	229	32	40	109	24	123	162	115	224	223	35	201	126	119	220	60	138	193	212	229	194	196	252	115	132	46	243	3	33	
78	219	46	190	175	149	191	236	143	158	150	167	236	232	51	67	238	99	251	199	196	109	11	253	254	115	207	155	22	63	61	207	
126	83	42	172	47	22	223	104	141	140	222	175	206	200	55	66	254	229	255	231	204	35	138	200	242	113	207	155	23	63	60	71	
61	77	99	207	84	31	238	248	117	232	126	70	91	121	189	244	120	204	22	238	201	178	125	238	54	108	167	128	111	191	112	164	
34	221	98	158	223	209	190	230	159	68	92	163	40	236	55	196	234	123	147	195	118	171	62	255	55	22	158	171	23	95	61	222	
130	141	150	157	244	171	44	39	62	51	90	16	172	42	0	64	227	47	42	0	114	216	65	215	44	54	94	192	132	64	161	136	
3	136	197	185	116	154	232	23	126	65	82	215	189	8	144	232	106	44	54	157	167	188	69	215	132	62	186	192	156	140	89	156	
39	207	98	158	215	147	190	232	87	196	124	167	104	232	183	132	122	234	131	231	198	179	44	255	54	60	143	171	119	190	120	196	
187	17	106	224	118	18	91	113	101	64	255	166	27	15	182	112	126	157	151	238	201	179	37	204	242	233	162	196	103	142	112	113	
2	221	50	155	245	197	188	231	158	89	88	51	172	190	38	64	231	59	179	17	114	152	18	247	45	22	30	235	144	92	165	219	
2	141	150	153	244	172	188	39	62	27	90	16	172	170	0	72	231	43	59	17	50	216	67	215	44	54	158	194	148	72	129	139	
122	65	98	232	110	19	216	113	37	64	244	138	9	15	180	116	110	149	223	236	200	163	101	204	242	249	170	152	55	142	114	208	
47	111	66	78	85	151	238	248	87	200	248	206	104	200	191	164	124	232	134	238	205	178	12	255	54	28	133	142	127	191	122	132	
1	128	245	81	116	155	233	23	126	97	114	80	187	8	148	236	107	46	38	24	179	188	101	223	12	190	50	64	212	136	81	173	
56	92	146	174	213	71	86	231	81	14	248	47	106	251	39	212	249	249	166	130	72	175	80	187	177	247	148	27	123	126	254	139	
58	72	226	239	87	70	102	197	81	135	254	2	107	249	53	208	121	252	151	202	72	178	16	170	115	239	148	1	231	122	252	138	
2	253	50	155	211	213	180	231	159	93	88	51	172	254	102	64	237	59	147	145	118	152	50	247	45	22	158	235	144	92	165	223	
187	81	122	228	54	19	223	112	101	96	246	170	27	15	182	52	126	157	159	238	200	167	37	204	242	233	170	144	103	158	114	253	
26	157	58	184	211	225	185	103	159	69	72	179	44	191	34	64	239	187	147	145	22	155	2	215	219	87	154	203	183	4	165	218	
126	113	187	226	59	83	27	200	171	236	189	169	79	223	105	50	254	253	255	242	8	131	170	200	251	213	15	191	163	51	39	115	
60	117	123	100	119	91	87	216	97	224	255	42	91	223	73	48	122	252	213	242	73	179	184	140	243	205	37	165	111	187	102	243	
60	108	234	238	85	70	230	214	117	141	254	2	107	57	53	128	120	236	23	216	136	179	17	234	115	239	134	1	227	123	254	138	
52	63	26	172	181	247	83	94	133	204	252	45	98	253	39	4	216	250	134	114	12	179	48	174	243	213	161	147	219	123	124	215	
232	80	58	254	104	69	149	92	164	78	213	57	244	213	171	123	220	84	255	98	224	103	242	2	83	225	98	187	66	57	55	251	
61	117	67	78	84	15	71	248	71	224	253	78	115	241	181	180	88	236	22	110	201	178	253	63	54	44	37	60	127	187	114	164	
39	239	98	26	87	145	142	236	95	76	125	239	104	232	191	132	94	235	147	231	198	58	78	255	62	28	143	171	95	159	122	205	
72	188	183	241	169	236	116	151	187	219	166	17	190	191	64	91	165	119	253	16	50	109	146	224	207	251	86	67	194	68	167	91	
240	80	111	214	77	68	69	236	121	222	182	26	114	94	47	123	248	213	111	227	105	103	251	234	241	35	246	29	33	57	118	123	
194	92	54	216	73	236	144	66	169	26	176	25	174	158	37	27	237	177	223	19	98	111	146	226	147	248	90	27	80	73	35	155	
119	34	174	128	76	22	248	88	201	208	151	79	17	136	127	11	236	133	91	189	140	35	149	192	147	41	138	63	13	170	120	212	
39	199	97	73	117	151	238	248	93	96	120	198	72	72	180	164	120	8	18	239	229	178	125	222	36	30	135	134	95	158	120	148	
2	153	50	218	233	212	188	199	175	93	116	17	172	158	110	73	231	59	179	17	86	43	178	241	31	16	30	235	146	4	167	223	
66	56	190	180	75	224	49	66	190	151	70	179	172	191	99	75	163	127	235	145	2	221	130	224	221	51	90	171	132	85	37	75	
23	31	103	135	214	178	239	115	116	194	91	230	89	104	180	228	126	174	22	175	181	145	37	206	60	46	171	128	175	230	240	245	
185	69	106	236	214	18	111	117	101	192	255	130	83	205	186	112	126	236	23	238	201	179	37	142	114	233	164	128	103	186	240	224	
2	177	50	217	229	188	184	7	173	89	122	49	140	158	20	42	238	59	215	17	146	56	242	193	7	56	26	194	199	12	135	223	
35	177	99	9	212	151	234	81	69	65	91	198	16	8	180	164	120	170	18	253	151	186	117	221	46	28	138	192	127	142	248	148	
72	221	186	254	241	196	57	215	189	93	92	17	188	159	34	112	231	59	151	0	50	9	50	231	227	253	58	203	146	0	173	123	
120	125	88	96	112	205	87	80	33	172	188	9	31	151	67	16	156	185	85	122	74	35	208	24	243	205	37	57	98	146	78	59	
56	177	122	104	240	205	87	117	97	13	124	8	23	149	2	16	148	186	5	120	154	186	48	29	255	205	36	104	226	130	198	235	
40	61	123	117	244	206	125	55	121	204	126	44	191	55	146	48	4	62	85	8	209	184	241	46	231	253	48	128	200	128	198	249	
33	85	97	69	116	15	235	112	85	232	120	70	80	16	180	164	126	72	22	110	225	176	117	206	36	30	160	128	79	170	82	181	
70	56	155	240	137	237	49	66	175	181	160	25	142	151	97	26	225	55	235	16	18	75	178	240	221	209	27	127	144	65	7	34	
23	30	198	145	178	178	170	83	60	195	83	247	73	238	182	204	119	47	183	157	181	148	13	206	28	46	187	194	175	229	169	149	
34	33	112	193	108	139	184	71	77	41	250	26	140	14	20	2	238	63	95	1	208	186	193	192	20	24	154	162	4	8	145	137	
56	65	98	236	148	18	78	125	69	0	252	2	91	9	48	112	122	172	23	232	216	179	36	140	242	233	162	144	55	186	240	0	
44	60	171	243	79	124	179	82	224	254	223	26	153	247	67	43	105	252	219	154	17	118	248	160	85	193	251	45	163	105	55	242	
118	184	187	240	235	237	49	67	175	53	177	27	142	159	96	26	235	179	207	16	18	79	250	208	223	209	27	127	144	73	135	34	
70	176	250	176	239	233	177	67	139	61	149	187	140	159	110	10	175	19	223	17	18	109	138	208	223	81	27	255	196	13	135	195	
131	48	236	177	5	181	184	66	30	113	66	215	157	10	118	201	231	13	179	149	151	220	87	192	143	203	218	64	140	12	57	208	
181	0	107	67	84	3	235	88	84	96	247	66	81	0	189	36	120	140	22	238	137	182	45	14	20	12	160	132	101	171	112	228	
157	176	60	115	131	255	113	25	119	123	71	18	219	31	74	237	113	158	191	152	187	220	123	144	207	235	240	71	179	196	212	243	
53	73	67	78	68	146	238	112	197	192	249	70	81	200	181	228	120	236	22	239	205	179	44	236	48	40	163	128	127	191	120	148	
137	161	189	187	237	217	125	95	30	119	69	144	157	215	234	237	3	26	178	24	115	92	127	211	207	211	126	101	150	140	133	248	
154	78	102	156	70	146	236	231	212	6	214	179	41	168	183	205	107	234	167	135	236	207	6	239	114	99	254	137	55	252	252	204	
157	190	146	251	177	246	123	211	119	207	94	52	191	243	162	236	247	106	140	152	191	220	57	255	234	223	55	64	186	197	169	117	
117	39	117	69	246	27	214	248	113	236	254	110	107	105	157	53	62	204	70	110	236	242	109	142	62	254	37	19	103	174	66	197	
25	198	118	127	177	190	79	183	117	79	126	20	239	99	170	245	51	46	140	44	191	152	45	191	234	255	52	69	250	196	200	77	
2	140	2	156	20	162	42	99	52	1	91	18	104	226	32	64	120	43	2	128	48	152	0	223	32	38	138	128	20	74	176	136	
25	213	158	249	179	191	125	255	87	27	94	116	223	243	170	237	119	26	158	24	51	216	43	151	238	255	55	196	186	208	169	33	
151	12	231	159	70	162	175	80	52	194	87	198	121	238	183	108	126	237	55	239	165	213	47	234	20	46	235	128	61	247	49	245	
246	160	246	112	173	251	210	65	251	191	179	57	78	253	76	27	185	245	239	50	60	231	136	192	155	218	69	119	195	111	198	7	
214	62	198	150	226	50	186	81	185	198	211	247	76	238	167	223	246	253	255	183	181	215	140	202	156	50	235	131	173	103	41	213	
235	182	29	186	236	205	189	255	154	95	17	59	156	252	88	139	143	19	247	21	243	111	234	211	93	19	126	254	212	72	135	251	
74	59	90	88	58	153	56	78	171	1	188	168	174	223	228	144	166	51	206	64	2	43	130	245	210	145	18	59	82	0	15	27	
104	94	18	190	105	221	23	127	155	78	252	109	110	244	35	148	221	249	198	2	77	39	178	191	176	247	49	187	90	126	175	223	
33	209	121	69	116	206	235	112	81	72	124	104	81	21	148	52	30	156	22	106	225	176	48	95	103	46	32	128	99	138	66	249	
3	182	227	129	246	50	235	223	62	97	94	246	29	46	190	100	127	143	23	189	179	152	37	198	44	14	190	196	173	196	177	253	
254	127	228	196	207	119	222	255	129	238	188	175	106	60	87	50	205	247	221	227	236	99	252	238	59	94	205	191	103	127	214	95	
57	23	116	71	115	31	122	56	117	168	255	110	75	51	150	244	126	220	198	234	237	178	109	206	62	253	37	134	107	166	74	165	
104	188	150	113	173	60	116	151	187	187	182	28	158	189	64	219	133	86	253	24	59	109	211	224	207	251	116	86	194	204	203	11	
29	207	246	95	177	158	111	182	117	79	110	100	255	227	163	244	55	110	172	78	237	216	45	175	234	255	116	0	42	247	232	109	
215	72	253	247	15	66	93	172	57	150	178	130	111	79	31	127	54	197	125	239	236	68	255	232	147	250	220	130	39	241	102	108	
189	12	106	222	84	179	239	112	85	194	223	130	113	237	183	101	122	232	23	239	168	183	44	191	114	239	163	128	119	255	112	232	
198	62	199	157	106	178	186	210	190	194	82	231	236	238	165	207	38	125	239	215	165	213	142	234	20	34	107	130	172	245	41	157	
242	127	100	198	239	127	222	255	129	238	188	175	106	60	215	23	143	247	221	231	236	103	233	238	59	94	205	191	103	254	214	95	
127	117	99	206	83	87	63	248	49	192	92	239	120	247	191	244	126	253	151	238	193	147	188	238	119	60	143	174	47	183	38	245	
10	189	179	177	211	231	189	215	150	187	88	243	157	191	96	137	255	59	179	145	115	218	146	146	109	199	255	236	159	92	165	187	
189	76	227	222	86	162	239	242	84	194	94	194	113	237	179	100	127	236	23	239	233	151	44	239	112	46	235	128	39	255	112	248	
188	16	182	113	181	247	81	91	119	185	247	48	91	157	12	125	213	159	181	16	184	246	121	148	219	251	113	199	227	197	100	51	
90	129	142	190	137	116	116	7	165	215	199	19	104	182	34	222	225	231	234	145	29	203	179	224	155	99	222	75	138	100	188	94	
3	168	164	217	173	189	185	135	206	177	16	18	184	156	116	110	203	123	123	157	151	105	246	241	13	26	223	106	149	76	81	174	
29	81	3	175	142	34	110	248	4	128	219	230	81	99	169	192	126	221	62	235	73	147	11	88	176	166	175	140	61	115	33	48	
119	247	241	70	254	11	199	248	123	236	248	239	66	104	221	19	190	205	70	103	233	115	237	126	60	30	37	190	109	251	98	213	
118	81	235	238	94	66	95	248	5	164	218	163	89	255	57	96	126	253	55	231	200	147	189	238	251	237	175	132	37	251	52	114	
176	175	2	154	215	233	166	199	190	5	232	31	166	162	102	148	233	171	202	145	62	43	210	119	184	4	14	123	217	92	239	142	
188	112	190	125	41	119	89	88	151	186	118	48	127	223	97	122	151	125	245	18	136	215	187	176	195	251	113	171	210	233	36	187	
6	252	162	154	223	229	186	194	158	93	89	19	172	252	111	8	253	123	147	145	178	94	26	247	29	22	159	235	145	15	53	214	
79	189	245	211	186	212	185	151	175	253	30	181	253	255	222	230	167	115	255	157	151	72	239	241	110	91	255	206	134	212	141	125	
184	8	165	184	141	253	148	203	206	19	160	27	162	184	119	139	201	179	235	1	30	111	82	145	145	211	219	63	209	124	93	134	
58	1	114	225	54	57	250	82	109	0	254	2	15	11	180	96	110	137	31	249	138	179	101	196	210	221	170	208	103	142	113	1	
166	115	226	158	79	81	182	200	217	196	245	143	72	204	127	14	248	237	131	231	204	115	190	192	19	16	207	43	87	63	126	214	
125	64	211	69	71	26	110	120	113	162	119	74	75	131	221	252	122	204	182	238	201	182	165	194	22	252	193	4	47	183	106	164	
27	83	46	142	47	151	158	104	205	204	222	175	236	216	55	192	254	229	255	231	196	35	30	253	242	113	143	155	95	62	57	87	
59	5	106	225	118	50	91	82	117	224	255	134	27	13	183	116	126	140	23	189	169	178	101	142	242	205	162	132	103	142	112	241	
3	148	51	153	83	228	185	87	188	73	74	20	188	190	36	100	231	59	19	17	147	152	50	215	141	54	26	202	152	4	161	255	
35	2	200	189	20	130	104	51	52	99	82	215	177	34	146	64	124	172	63	141	173	156	69	207	204	46	186	192	173	140	120	152	
2	221	50	158	223	213	190	231	158	78	88	131	172	254	38	64	239	123	147	193	102	139	58	255	61	54	158	171	21	92	181	223	
250	1	98	232	92	3	202	81	101	0	255	10	11	11	52	80	106	133	95	249	216	171	69	204	146	249	130	220	39	142	112	128	
156	60	174	243	205	125	113	210	246	251	87	50	153	247	75	47	105	218	255	154	179	244	251	160	223	203	227	229	163	109	101	243	
126	83	106	172	63	6	95	104	137	140	222	175	79	239	51	80	254	229	223	231	204	131	168	204	242	245	143	155	55	63	62	87	
43	207	98	206	117	151	238	248	85	200	124	198	104	232	180	228	120	236	150	238	205	178	60	238	54	124	135	138	127	190	120	132	
2	221	50	159	255	197	188	231	158	91	88	19	172	254	36	64	231	123	179	129	114	152	18	247	45	54	30	203	16	92	165	219	
2	148	59	217	87	228	177	87	254	73	78	18	188	190	36	100	231	59	19	16	179	152	50	215	77	62	26	74	152	0	165	191	
1	8	179	185	116	186	232	19	124	73	82	84	189	8	176	232	195	47	54	29	183	188	101	215	132	62	186	192	140	136	89	237	
2	141	22	153	244	172	188	167	62	27	90	16	172	186	32	64	199	59	51	1	114	216	3	247	44	54	158	194	144	72	129	137	
250	65	98	232	14	19	202	113	69	0	244	138	11	15	180	112	126	133	95	234	200	167	101	204	178	249	170	152	55	142	114	140	
129	138	115	89	116	173	233	51	124	9	118	112	189	3	148	108	195	42	38	24	179	188	97	215	12	190	50	64	192	136	65	169	
156	176	244	115	135	255	117	29	119	123	103	16	219	223	78	125	53	158	191	144	191	244	121	147	207	219	87	71	178	204	196	243	
31	157	182	248	177	246	93	211	127	207	254	52	175	247	167	252	247	187	188	156	191	201	51	255	235	255	22	195	154	196	172	127	
45	253	67	78	85	159	102	252	87	224	248	78	122	208	181	180	88	232	22	110	201	178	252	255	54	60	5	44	127	191	122	164	
2	253	50	155	211	197	190	239	30	69	72	179	172	254	38	64	239	123	147	145	118	24	26	255	45	22	158	107	21	92	165	222	
53	247	117	103	244	15	198	248	121	232	251	239	83	40	148	16	254	205	70	103	205	242	77	44	62	174	37	148	109	171	98	149	
147	203	74	188	62	145	188	103	140	68	218	231	44	138	178	192	110	43	159	197	198	137	6	253	176	33	186	139	61	156	185	221	
126	121	123	234	59	211	91	200	173	232	189	168	127	223	107	112	254	253	221	242	73	3	168	232	251	213	15	59	99	51	39	115	
60	117	123	100	118	87	87	240	65	224	253	46	91	95	177	48	126	252	151	234	201	179	56	140	243	205	37	5	111	187	102	243	
18	174	238	188	250	208	188	230	190	151	210	179	44	174	166	66	103	251	175	129	118	219	134	255	248	35	254	203	53	84	173	207	
34	239	96	154	215	209	190	238	31	5	88	163	40	236	54	0	255	107	131	215	198	58	78	255	62	20	159	235	85	30	191	206	
18	207	206	188	242	178	188	230	158	143	218	247	45	174	167	193	111	251	167	133	182	219	6	255	56	103	255	131	181	244	173	223	
74	188	151	178	137	252	52	199	191	155	38	16	172	191	96	223	161	119	251	16	51	201	146	225	143	242	94	75	130	68	175	63	
43	199	71	73	85	23	174	104	95	104	88	198	72	104	180	164	120	40	146	239	229	178	125	222	46	30	139	166	95	174	121	148	
130	249	50	154	203	213	184	207	159	85	64	19	44	222	110	9	239	59	147	209	86	75	58	241	31	16	222	107	17	20	165	223	
23	133	103	205	214	178	239	113	116	192	95	198	81	108	180	100	126	238	22	173	241	187	37	206	60	46	175	192	45	234	240	244	
185	69	107	108	212	2	239	117	84	192	254	2	83	105	184	97	122	236	23	238	249	179	36	142	114	233	164	128	103	250	240	224	
2	189	50	219	245	172	184	39	173	25	122	49	172	158	84	2	239	59	215	17	146	56	194	241	13	56	26	202	212	12	129	155	
38	110	226	154	119	145	186	72	31	13	93	231	40	204	255	132	221	169	147	149	134	54	78	255	54	20	139	171	151	159	60	196	
26	221	58	250	219	196	17	246	191	93	204	19	60	223	34	80	229	123	155	208	86	11	50	247	251	245	26	75	146	16	173	251	
32	117	123	97	116	207	111	112	112	172	124	104	51	23	144	48	30	184	6	106	235	186	96	14	103	141	32	160	97	138	70	161	
33	33	121	73	244	207	235	81	99	13	125	0	19	21	148	52	90	154	6	88	147	184	116	28	111	140	32	96	231	138	198	225	
8	253	58	119	116	204	125	183	249	77	126	4	190	183	34	48	132	123	87	72	210	184	178	111	231	253	50	128	66	128	199	251	
43	19	66	13	125	23	170	96	93	224	90	198	72	136	182	164	254	12	146	239	197	178	85	220	54	92	139	130	95	14	121	149	
6	186	62	177	162	235	49	67	190	53	87	177	140	151	98	72	163	63	239	16	18	217	130	209	220	211	59	231	128	0	133	195	
2	161	114	137	236	137	184	71	108	33	250	26	140	10	16	66	238	47	127	129	208	186	193	196	20	16	154	232	4	8	129	137	
184	65	98	236	212	2	78	125	69	0	254	2	91	9	176	80	120	172	23	234	216	187	0	140	242	237	166	148	119	186	240	136	
6	178	30	177	234	233	177	71	190	61	85	179	140	159	234	72	167	59	175	17	18	89	10	209	220	209	63	231	148	12	141	195	
223	30	199	151	210	178	170	83	188	194	83	247	93	238	177	237	118	109	183	159	181	212	142	234	28	38	239	128	175	231	41	213	
159	12	227	159	150	178	235	80	116	194	87	214	121	230	183	108	126	236	55	175	177	213	45	238	80	46	235	128	175	231	49	245	
25	223	214	249	179	215	92	191	119	111	126	54	15	179	162	245	247	255	188	152	255	217	49	255	235	255	53	199	186	212	168	15	
26	221	150	249	147	215	62	247	23	49	78	130	189	183	32	228	111	123	151	208	107	216	49	183	235	215	158	195	62	220	169	187	
230	178	222	146	239	235	176	65	191	191	179	59	206	250	236	27	175	53	239	51	48	119	136	208	156	18	111	247	192	107	143	131	
198	182	246	192	239	107	176	65	187	191	179	59	78	248	76	11	171	149	239	51	50	119	136	208	31	18	127	247	197	106	199	131	
199	54	199	151	226	34	168	81	188	195	83	247	205	230	254	207	119	237	55	181	181	212	140	194	28	34	239	196	173	230	177	213	
56	219	154	236	253	215	87	253	23	77	252	109	42	253	38	208	220	255	134	64	205	187	80	187	50	247	52	155	91	62	238	219	
242	127	228	198	255	119	222	255	153	238	188	191	106	60	151	34	223	247	215	161	252	107	232	238	63	94	205	187	199	126	214	223	
90	169	90	184	11	216	56	207	171	21	168	129	173	206	78	82	34	163	249	132	6	73	150	213	159	209	27	121	0	4	175	206	
29	239	22	93	177	154	111	246	117	206	126	164	235	227	179	244	55	106	164	78	229	152	47	175	238	251	39	129	106	247	233	197	
252	80	175	214	77	124	181	220	56	222	181	63	122	223	235	123	249	212	255	226	169	103	187	226	215	39	254	157	193	123	119	251	
130	48	146	152	195	225	180	71	190	23	65	19	140	158	104	73	227	59	131	145	50	95	146	210	29	22	90	111	144	84	165	146	
138	149	62	220	203	245	181	231	156	19	68	19	60	191	38	107	225	51	187	129	114	77	18	213	115	51	94	75	18	68	165	170	
181	64	107	71	84	2	235	88	84	192	247	66	83	65	189	32	120	204	22	234	137	183	45	14	112	140	161	132	101	187	112	224	
53	77	99	78	196	178	238	240	196	192	251	66	115	232	181	229	120	232	22	238	205	179	44	172	48	40	163	136	109	251	112	164	
171	182	189	185	239	125	185	255	26	127	92	58	156	191	202	175	143	27	247	17	243	126	235	211	93	211	126	254	214	76	143	251	
53	79	127	103	118	31	246	248	117	232	250	102	75	40	148	112	126	204	102	238	204	178	109	236	126	255	37	129	111	187	98	133	
19	173	107	193	246	178	235	247	118	97	94	198	25	47	182	100	127	207	23	157	179	152	37	255	108	15	190	196	173	194	241	249	
226	189	100	198	239	63	190	247	137	238	185	191	104	124	30	51	143	247	223	167	252	111	232	239	63	62	205	186	71	254	214	223	
122	153	142	156	141	244	16	143	167	81	142	17	134	254	98	74	193	215	233	145	31	75	210	225	155	117	222	91	152	76	188	86	
118	64	237	247	15	70	77	57	105	254	183	2	107	111	31	91	122	197	125	234	72	84	255	201	147	250	195	149	37	242	84	102	
53	13	235	254	84	162	239	112	213	194	223	2	113	233	181	96	122	238	23	239	169	179	44	238	114	46	163	128	55	251	112	224	
52	95	62	174	188	231	87	254	133	204	252	45	118	253	167	0	220	242	134	114	188	171	48	172	250	245	36	155	216	123	100	91	
34	143	98	158	215	210	190	230	157	196	216	163	104	236	54	196	250	235	147	199	228	155	46	239	58	54	142	139	23	62	61	222	
185	69	106	228	118	18	79	113	85	64	247	130	91	13	178	113	126	156	21	238	233	179	37	142	242	233	160	132	103	186	112	241	
56	219	250	237	213	214	246	245	87	12	246	38	42	153	116	192	248	254	167	192	216	187	176	169	119	237	166	131	123	58	252	155	
56	251	170	108	181	214	247	213	86	140	246	38	59	217	183	96	248	252	151	216	202	187	33	168	115	237	166	129	99	58	252	171	
110	207	227	222	255	144	238	236	87	8	124	98	104	251	253	228	123	250	183	202	66	50	142	255	62	60	135	171	23	190	244	165	
38	248	162	154	95	213	186	200	158	199	81	171	44	220	119	8	253	123	147	211	70	118	58	243	29	20	159	171	149	31	55	222	
53	77	99	78	212	162	239	240	197	194	254	66	115	225	181	101	120	226	22	234	201	179	44	174	48	172	167	128	119	251	112	160	
53	119	5	167	190	75	143	248	6	226	152	238	215	101	217	160	127	76	94	111	201	179	109	60	188	134	175	180	117	251	17	241	
221	64	85	229	6	14	109	56	117	162	83	82	223	3	153	237	114	196	62	234	73	148	65	194	213	235	242	4	46	179	97	32	
125	87	210	174	246	7	78	248	6	136	248	230	81	227	169	192	94	204	6	238	73	18	88	121	244	165	167	172	189	251	40	145	
2	248	146	153	215	237	180	199	62	19	64	18	140	190	104	72	163	27	147	17	50	220	18	243	13	22	30	107	144	88	165	154	
8	138	182	153	141	251	177	199	206	55	230	17	174	168	103	206	201	50	234	17	22	233	98	208	141	118	86	83	210	92	157	206	
35	173	106	222	219	149	190	236	159	64	124	142	104	238	182	180	255	235	179	207	199	27	190	255	62	31	143	171	31	246	235	220	
18	158	87	229	118	139	178	247	29	171	90	242	237	55	164	196	119	119	23	33	176	188	1	223	44	38	63	194	183	172	133	169	
203	189	244	211	190	144	184	191	175	217	22	183	236	254	214	102	167	119	255	221	215	76	175	243	110	95	159	238	134	164	129	125	
137	191	10	152	219	249	165	231	190	93	180	159	174	230	226	149	105	170	202	20	119	107	182	255	190	1	30	123	91	76	175	222	
228	160	156	250	237	109	144	205	155	63	177	25	206	248	108	27	201	21	239	49	58	103	202	209	157	146	87	127	208	72	215	131	
130	157	150	156	245	196	188	231	190	11	90	49	172	190	32	64	231	123	191	129	114	219	18	255	45	54	158	138	144	84	165	155	
6	248	178	155	215	229	186	198	158	17	64	19	172	222	97	8	197	123	147	145	18	92	26	243	13	22	158	107	144	29	165	154	
26	253	167	177	151	215	61	231	23	225	78	151	173	191	112	132	111	123	147	145	107	216	49	191	233	215	158	195	166	92	181	250	
18	159	122	173	118	170	186	119	60	68	90	231	117	44	182	64	62	63	7	165	213	184	21	127	124	38	42	192	109	202	165	217	
158	182	214	179	226	187	184	81	62	243	87	247	205	230	234	205	55	61	167	149	181	213	142	194	156	67	127	230	174	228	169	149	
147	90	78	188	6	146	190	114	157	198	210	231	41	202	183	193	110	225	191	199	236	143	6	238	178	99	234	139	45	181	57	93	
8	253	58	118	113	204	127	182	253	77	126	0	190	255	34	48	164	123	85	72	194	185	50	111	231	253	48	1	64	144	207	251	
39	116	194	9	117	63	226	90	95	73	121	206	8	200	191	164	120	136	146	61	135	178	92	218	54	28	131	166	223	255	122	148	
1	142	75	181	52	170	104	55	124	67	90	213	177	34	144	96	66	46	63	141	189	156	69	79	132	62	186	192	172	128	89	88	
19	135	103	133	150	178	238	119	124	65	219	214	89	230	188	228	127	167	62	173	245	153	37	206	56	46	175	196	175	230	177	245	
122	71	106	172	55	6	95	120	1	140	252	175	107	207	51	80	254	237	149	231	200	179	40	142	243	253	175	155	55	190	118	115	
74	188	150	220	203	208	180	231	191	23	70	49	172	254	100	206	163	123	235	16	50	73	146	241	187	114	94	75	130	84	173	63	
2	221	34	158	223	209	190	231	158	68	88	163	172	254	54	64	235	123	147	193	102	154	58	255	61	54	158	139	21	92	181	222	
34	239	96	155	215	209	190	239	30	69	88	163	168	236	54	0	219	123	147	213	118	58	110	255	47	22	159	235	85	30	189	222	
1	158	59	217	52	172	185	55	252	73	94	80	188	178	180	100	167	59	30	9	179	184	48	215	13	190	50	194	136	0	225	169	
34	239	98	159	223	209	190	239	94	69	88	163	168	236	54	0	219	107	131	199	230	58	110	255	62	20	159	235	85	30	189	206	
1	158	59	89	48	172	249	55	252	9	126	84	188	179	32	96	165	58	6	8	179	184	48	95	79	191	50	64	216	128	225	171	
146	14	206	189	242	146	190	246	156	134	90	231	173	174	183	64	111	239	183	133	164	216	7	239	44	39	190	129	45	244	57	221	
35	239	66	94	117	159	230	236	95	200	124	78	104	200	190	180	216	234	146	110	199	58	94	255	62	28	133	171	95	190	218	140	
61	93	123	110	86	87	87	240	69	192	252	38	123	221	51	48	126	248	23	234	201	178	56	174	115	205	37	0	111	187	98	243	
124	121	123	238	51	211	87	240	33	192	252	42	127	223	33	48	250	249	221	226	73	131	56	172	243	221	5	59	123	179	102	115	
11	187	42	24	219	221	183	247	175	77	220	175	168	254	166	228	109	170	206	212	215	11	54	255	127	87	62	235	90	12	175	223	
67	189	244	213	254	145	254	191	175	249	28	163	172	255	214	102	167	127	255	157	214	76	174	247	46	94	159	238	6	134	209	221	
74	184	150	208	137	221	48	199	191	153	166	24	174	190	102	254	161	115	251	16	22	105	146	241	155	210	86	123	202	68	143	31	
2	221	50	159	247	197	188	231	158	11	88	19	172	254	32	64	231	123	179	129	114	152	18	255	45	54	30	203	16	92	165	219	
43	143	98	206	117	151	238	248	93	72	124	70	104	232	182	228	120	234	150	239	197	186	44	255	54	60	135	138	95	174	120	141	
185	69	106	108	212	18	207	117	84	194	254	2	83	201	185	97	120	236	22	234	233	179	36	14	114	233	165	128	103	186	240	160	
2	157	18	155	229	172	184	7	172	25	120	48	172	158	104	72	231	59	147	17	18	56	2	241	13	16	26	202	212	8	129	139	
130	249	50	154	203	197	188	239	158	85	64	19	44	222	102	1	237	59	147	209	86	75	26	241	61	16	222	107	17	28	165	223	
33	111	115	65	116	75	235	112	125	232	124	98	80	21	148	180	126	168	18	104	225	176	100	222	36	30	161	128	111	138	82	165	
242	1	98	232	92	3	202	113	77	0	248	10	11	11	52	80	106	133	95	224	216	171	65	204	178	248	130	216	55	138	114	128	
57	5	106	225	118	50	107	83	85	192	126	130	27	13	183	96	126	140	23	189	185	176	37	142	242	237	162	132	231	207	112	225	
123	81	42	174	63	151	158	104	205	204	222	175	238	216	55	64	254	229	255	231	204	35	28	253	242	117	143	155	95	62	57	87	
26	221	114	186	91	209	26	226	151	84	204	163	44	223	35	208	234	251	155	195	78	11	58	255	243	229	138	59	51	6	44	218	
58	79	34	186	31	145	154	104	143	4	220	175	108	204	55	196	254	171	143	199	78	3	78	255	178	85	139	187	23	46	60	198	
26	162	94	177	178	234	57	71	190	61	87	179	205	135	170	72	55	63	175	16	50	220	137	87	220	231	126	199	180	128	173	75	
130	141	18	145	228	137	188	103	44	25	122	18	172	10	16	64	207	43	23	129	82	184	64	199	36	48	26	194	4	8	161	137	
56	197	98	236	212	2	78	253	69	0	254	2	91	9	176	80	120	206	23	234	248	187	4	174	250	237	164	196	119	186	240	136	
138	186	208	185	242	153	184	223	30	53	80	247	173	142	234	136	183	27	151	149	150	92	7	243	158	71	62	231	189	140	137	157	
27	141	107	195	214	179	235	247	118	97	94	198	49	47	182	96	127	202	23	253	179	184	45	255	126	15	190	196	167	138	241	249	
6	121	50	154	239	133	190	226	142	152	88	163	172	222	101	65	206	123	147	199	194	11	10	249	53	24	143	170	20	127	33	219	
38	121	34	158	79	213	190	224	137	196	217	143	104	252	119	3	204	249	147	199	196	99	186	232	55	16	207	171	85	63	118	214	
255	67	66	68	77	18	110	120	113	168	247	110	72	138	191	253	120	204	166	238	205	183	164	200	22	120	195	143	111	183	122	133	
166	99	98	30	77	83	182	104	217	204	245	171	72	204	255	21	248	236	163	231	196	243	174	200	18	56	193	171	71	63	126	214	
27	223	118	93	177	216	127	182	119	206	126	165	171	174	183	244	247	106	172	78	239	248	39	255	174	255	4	131	118	212	108	93	
253	83	67	196	69	30	102	120	117	234	247	78	75	3	185	253	120	196	174	234	201	183	213	206	22	249	193	6	43	191	120	36	
151	132	235	209	214	50	233	87	116	195	87	214	81	238	190	108	127	236	55	189	177	212	37	194	124	47	191	196	173	228	177	244	
226	253	228	214	254	31	158	230	153	234	184	191	104	124	31	34	223	247	215	229	248	235	232	239	63	62	223	179	197	124	214	223	
142	182	214	177	234	169	176	221	190	63	115	255	204	234	234	139	183	29	239	49	54	117	138	210	28	19	127	231	206	76	141	147	
94	237	244	179	182	136	254	167	239	49	26	130	237	110	92	66	47	199	127	209	210	120	143	225	172	253	175	196	165	82	241	136	
27	221	114	217	147	215	94	246	55	109	254	6	42	191	38	244	229	251	190	200	239	153	49	255	187	255	20	195	58	212	172	95	
140	178	156	187	239	251	177	205	158	63	117	49	204	255	234	203	195	31	238	48	50	117	202	209	220	211	127	247	144	72	141	131	
162	237	180	133	236	37	190	231	139	186	152	26	172	174	84	3	237	239	87	163	240	91	202	234	61	28	207	184	5	126	179	137	
151	12	227	222	150	178	239	115	117	194	219	210	89	236	181	228	127	238	55	175	185	149	44	238	56	46	175	128	175	231	240	116	
53	87	115	103	118	15	238	248	101	104	250	231	83	72	157	112	126	204	54	239	205	176	77	46	54	236	37	128	109	186	80	145	
59	173	98	191	223	213	190	239	222	68	124	3	41	234	54	160	249	107	147	199	198	58	62	255	107	95	143	43	87	6	251	206	
26	253	162	251	149	215	93	231	23	77	206	23	174	191	34	132	237	251	159	129	123	217	50	247	235	215	158	195	50	92	188	254	
166	121	178	154	111	193	190	192	158	198	81	171	44	220	103	8	202	123	147	211	66	78	154	243	21	20	159	171	21	63	55	218	
53	101	97	39	116	15	207	248	108	224	250	206	83	108	156	48	126	205	118	239	201	178	125	44	52	174	39	144	101	187	98	240	
42	175	98	222	119	209	254	232	95	0	124	170	104	232	252	228	251	250	147	194	102	58	142	255	62	95	135	43	23	142	124	140	
52	95	63	236	60	71	83	252	205	220	246	45	118	253	167	83	204	244	205	98	232	235	49	172	251	251	229	210	72	187	116	123	
26	189	180	217	181	245	93	15	95	95	220	48	174	255	166	108	215	59	157	16	191	200	115	215	203	223	22	83	146	204	173	127	
53	13	99	78	212	162	239	240	196	194	255	66	115	225	181	101	120	226	22	234	233	187	44	46	48	46	167	128	117	251	112	164	
53	231	193	167	52	15	207	248	70	224	219	206	215	100	145	164	126	204	94	110	201	178	125	60	188	134	165	180	125	251	16	176	
19	159	91	205	114	42	175	119	28	136	90	230	117	39	160	68	118	247	23	232	241	152	5	111	52	38	174	128	45	234	161	185	
154	180	176	249	165	121	89	159	95	119	76	16	175	191	106	237	147	27	181	24	58	92	251	211	207	223	91	111	150	204	133	255	
218	148	240	121	149	254	84	159	127	123	190	16	202	125	28	124	245	159	253	17	190	252	121	211	155	255	148	215	243	84	196	95	
90	185	2	176	25	205	80	67	171	81	168	9	174	159	66	82	232	179	233	145	78	75	146	245	219	213	154	123	2	4	39	90	
106	184	186	184	153	212	16	135	171	17	136	9	142	158	102	114	193	183	249	17	30	75	210	145	219	245	30	123	144	12	189	78	
2	248	146	153	211	193	180	199	30	19	64	18	172	190	104	72	227	91	147	145	50	220	18	243	45	22	30	111	144	80	165	154	
149	79	79	167	132	2	238	241	52	194	91	199	81	97	185	67	124	236	21	239	249	145	13	42	240	169	239	132	173	251	184	144	
188	0	84	115	36	10	76	57	57	18	183	24	203	75	28	27	187	129	76	170	120	228	73	199	130	251	80	84	103	131	194	0	
156	52	188	243	205	124	113	216	247	255	151	51	219	127	75	47	237	212	255	144	179	116	251	130	223	219	247	239	227	109	117	243	
236	88	190	254	104	29	31	248	189	218	245	185	223	223	233	123	199	117	255	106	224	71	234	162	247	251	127	188	22	189	39	243	
252	90	190	246	109	70	247	248	168	254	183	47	94	255	235	123	236	213	255	227	201	103	187	224	211	163	231	151	3	59	118	115	
226	165	150	198	252	45	190	111	137	171	184	24	238	56	92	2	207	71	110	33	48	111	201	207	189	62	95	190	192	122	211	139	
134	237	18	138	238	33	190	206	142	18	88	2	140	234	113	67	239	91	19	115	82	3	138	242	60	16	207	172	148	123	161	137	
17	221	107	173	146	70	175	117	36	72	90	199	117	47	178	32	62	239	23	239	201	152	53	45	245	237	170	128	45	162	161	249	
134	173	132	140	236	41	172	207	142	186	152	2	172	234	113	3	201	107	106	211	82	123	202	240	60	16	207	172	20	120	177	136	
43	187	34	136	251	221	191	245	175	77	220	175	172	220	166	244	238	187	223	213	215	11	118	245	63	85	30	235	31	14	175	255	
151	6	235	197	198	50	173	89	124	226	87	214	81	44	191	108	126	12	55	175	177	180	37	202	20	46	234	132	173	240	113	245	
57	5	106	225	246	50	107	87	85	97	126	130	91	45	179	32	126	140	23	188	185	176	37	142	118	237	160	132	231	207	240	225	
208	89	63	244	19	204	53	119	236	192	78	6	180	179	32	115	162	55	57	8	97	185	48	13	243	235	86	2	40	16	165	43	
90	201	42	174	31	145	159	232	143	132	140	139	238	232	114	64	250	227	251	231	76	35	154	253	243	117	143	59	23	62	61	198	
58	87	106	172	119	151	95	120	5	196	252	143	107	237	50	80	254	233	151	231	204	179	60	159	243	253	137	155	119	190	118	82	
186	5	98	232	84	3	202	113	69	32	248	10	11	11	52	81	122	136	31	226	216	179	64	206	178	201	130	144	119	139	114	128	
66	173	228	215	254	128	254	175	175	129	26	130	236	239	84	66	239	255	63	145	210	88	142	247	46	62	159	232	135	198	161	137	
34	157	34	158	223	193	190	230	30	69	88	163	172	254	38	64	255	123	147	193	102	154	26	255	61	54	158	139	21	92	181	222	
2	221	18	159	241	197	190	231	30	27	88	18	172	254	32	64	231	123	179	1	114	152	18	255	45	54	30	202	16	92	161	155	
210	94	78	188	74	128	190	246	152	134	214	231	45	175	179	67	110	225	191	199	228	143	6	239	240	99	250	137	45	181	57	219	
34	125	34	158	95	197	190	224	137	200	216	15	44	252	55	0	204	123	147	199	196	43	154	253	55	16	142	187	21	63	55	223	
34	239	96	155	215	209	190	238	30	69	88	163	168	236	54	0	219	107	131	197	86	186	110	255	46	22	159	235	85	30	157	222	
210	203	110	188	74	192	61	103	164	4	214	163	45	135	162	81	102	179	143	193	96	143	38	237	240	35	254	139	53	20	165	107	
60	125	123	238	83	211	87	224	33	192	236	42	127	223	35	48	254	249	213	226	73	179	56	191	243	205	5	59	123	51	102	242	
39	175	96	27	245	157	246	238	95	233	124	76	104	232	190	180	217	234	146	79	198	186	94	255	46	28	5	107	95	158	218	140	
103	67	98	76	77	18	254	104	209	132	245	142	72	200	191	245	124	236	162	238	204	51	254	204	54	56	193	15	119	191	122	196	
19	31	66	157	246	146	174	246	20	202	90	231	233	234	183	192	127	239	183	205	229	152	5	239	44	47	190	128	45	244	57	221	
90	184	215	156	203	208	180	231	191	151	82	179	44	190	228	198	39	123	235	144	38	219	166	253	30	34	94	139	167	68	173	207	
34	239	32	155	215	209	190	239	30	101	88	163	172	236	118	0	219	123	147	209	86	154	110	255	45	22	159	239	149	94	181	222	
2	189	18	155	229	173	184	199	174	25	88	48	172	158	104	73	199	59	147	17	18	24	2	241	13	16	30	202	144	0	161	155	
2	249	50	154	203	197	180	239	158	93	88	19	172	222	110	1	237	27	147	145	82	75	26	245	61	16	30	239	16	20	165	219	
90	150	94	181	50	170	60	247	60	39	94	247	109	163	170	80	55	191	239	165	182	157	5	95	254	231	58	197	173	132	173	89	
19	133	103	133	150	146	239	247	116	65	218	198	81	230	188	229	127	230	62	237	245	153	37	239	56	46	174	196	45	246	241	124	
39	98	98	30	109	147	254	200	95	142	93	207	104	200	255	132	217	104	147	71	198	182	78	251	54	28	137	171	95	63	122	197	
58	207	34	190	91	209	158	232	151	68	221	171	108	206	35	196	254	187	143	195	78	11	10	255	179	85	139	187	55	14	61	214	
43	97	67	77	119	27	162	104	93	104	120	102	200	24	180	164	250	8	146	239	197	178	101	220	36	28	131	130	95	14	123	141	
38	105	98	30	79	209	182	224	137	196	249	171	104	236	55	1	218	249	147	67	68	35	238	233	55	48	203	171	85	63	118	214	
16	221	58	254	91	196	119	246	189	76	108	1	62	255	35	80	164	123	211	66	66	11	58	111	243	253	2	11	80	19	47	251	
2	141	18	155	228	136	188	39	172	25	122	18	172	138	48	64	239	43	19	129	82	152	66	247	36	52	154	194	20	8	161	137	
184	205	98	236	212	146	78	245	85	0	254	2	91	41	176	81	120	206	23	234	248	187	37	175	250	237	164	196	119	154	240	136	
26	158	210	187	178	177	186	223	62	67	82	247	173	142	162	192	55	27	191	149	182	152	5	255	190	71	58	194	188	132	169	157	
118	93	34	158	219	212	158	226	153	204	156	167	40	252	39	112	236	243	219	195	236	11	50	239	51	126	142	155	23	119	55	95	
218	233	116	181	190	137	254	189	191	144	18	130	237	238	81	67	39	103	125	195	226	72	139	253	174	249	239	236	37	176	147	9	
25	159	43	173	148	70	111	117	36	72	94	102	115	55	178	96	120	230	23	239	217	152	37	47	241	237	170	128	61	178	181	121	
27	223	102	93	181	222	126	247	127	206	126	37	42	172	183	116	231	235	191	76	238	249	55	255	123	127	20	131	87	212	252	95	
147	164	235	209	214	50	239	215	118	195	94	150	89	239	190	108	127	206	55	189	179	156	37	206	124	46	191	196	167	196	177	252	
151	180	203	145	146	178	168	215	63	227	83	247	93	230	248	236	127	175	151	189	183	212	173	198	156	14	191	196	173	196	161	245	
146	182	222	177	226	185	184	215	62	55	118	247	205	174	234	73	55	31	175	21	182	244	14	211	158	210	127	231	188	200	173	157	
27	157	50	218	145	213	92	247	191	77	254	19	42	190	38	228	237	251	191	128	255	153	50	247	187	223	148	195	50	92	172	95	
98	173	164	148	253	173	190	231	153	171	184	27	172	254	20	2	205	247	95	133	240	107	192	239	61	30	223	186	69	124	147	137	
23	12	227	223	150	178	239	115	116	195	219	214	81	230	180	228	127	236	63	157	185	157	45	206	56	46	175	192	165	226	240	100	
53	101	65	45	116	11	207	248	102	160	250	202	83	1	153	176	122	204	54	239	201	178	77	30	52	172	165	4	101	186	82	160	
53	13	111	78	148	2	239	113	212	192	255	66	115	225	181	97	120	238	22	234	249	179	44	46	120	175	231	128	101	250	240	160	
49	159	73	103	212	14	111	183	116	162	250	206	243	97	144	112	125	238	86	238	249	184	93	46	236	174	165	128	109	250	210	168	
47	237	194	158	223	145	238	236	31	4	105	139	104	224	126	132	121	234	162	222	70	58	158	255	62	92	133	107	83	191	250	140	
98	148	244	121	149	254	80	159	127	123	190	25	174	63	12	121	245	159	255	17	178	236	113	215	143	254	86	215	210	76	197	95	
226	180	180	212	253	46	248	239	251	43	187	56	206	120	28	26	159	71	255	49	178	111	201	223	61	62	95	254	192	72	195	139	
154	188	244	209	165	253	88	31	95	119	46	17	142	191	70	124	131	27	189	16	62	220	115	211	203	223	82	103	146	76	133	127	
10	180	180	241	233	253	177	7	187	127	28	57	172	191	66	142	141	27	247	17	182	124	242	211	207	215	90	235	210	76	143	255	
213	77	237	231	134	10	79	156	100	226	150	66	83	1	153	99	54	196	92	239	233	245	45	42	240	138	231	148	45	243	112	104	
252	0	116	115	46	10	74	152	113	50	183	26	75	73	93	91	59	196	108	234	248	100	75	160	210	203	225	84	103	171	66	1	
156	54	180	243	173	124	112	91	55	251	247	51	222	255	73	111	253	157	253	144	186	116	251	194	219	219	119	231	226	228	100	243	
196	36	212	222	188	43	218	138	187	163	179	24	206	234	13	25	147	231	108	50	48	101	203	254	140	190	91	126	208	97	67	1	
239	176	252	83	41	124	89	11	187	127	181	57	222	31	206	59	135	149	253	50	182	69	251	192	211	91	123	255	194	229	7	115	
157	95	95	229	34	10	47	52	32	226	22	228	247	7	129	99	54	116	12	106	233	208	181	12	224	235	103	128	44	179	1	57	
252	90	190	244	109	86	49	240	168	254	183	61	94	255	227	123	236	245	255	98	232	103	170	160	211	249	235	159	66	189	38	115	
204	88	182	252	41	31	60	216	189	250	183	57	223	255	225	91	198	117	255	102	224	199	234	160	211	251	115	190	2	253	39	211	
130	249	146	154	207	197	180	199	158	17	64	18	172	158	104	8	233	91	179	145	82	90	154	243	45	20	30	111	144	88	165	155	
54	233	27	250	89	205	83	224	143	4	233	9	62	223	39	16	216	185	83	66	78	35	90	253	179	220	1	59	80	43	6	194	
2	42	22	153	107	129	184	71	174	21	66	33	172	130	32	72	226	41	107	133	6	153	2	209	132	48	26	195	20	0	37	142	
38	249	178	158	79	193	190	228	158	196	64	171	44	220	103	0	234	123	147	195	66	90	154	243	53	20	143	43	21	63	23	218	
54	4	226	236	212	50	206	127	85	131	254	2	75	169	188	64	121	174	23	168	152	187	37	142	50	239	150	132	247	250	240	128	
223	88	254	180	43	126	93	144	177	254	151	189	95	31	195	127	167	245	253	230	173	197	171	168	211	251	125	151	166	245	47	119	
3	182	229	145	178	42	173	159	62	115	90	247	156	46	222	175	39	79	23	157	183	220	37	226	140	22	254	198	141	196	129	253	
122	141	106	174	31	211	223	232	5	4	204	11	111	236	50	16	248	235	159	231	78	43	24	255	251	245	143	59	119	46	118	70	
185	5	110	225	214	50	107	87	85	97	126	18	91	41	182	96	126	142	23	185	184	184	37	142	114	239	160	196	231	218	240	160	
56	13	107	238	87	215	95	120	5	68	252	131	123	239	50	80	122	251	151	230	72	179	56	191	243	237	129	1	119	190	116	242	
2	181	244	217	189	253	88	15	95	123	188	17	174	190	70	124	131	155	191	16	54	88	115	211	143	94	30	115	146	76	197	95	
2	157	50	159	95	197	190	238	30	71	88	51	172	254	34	64	255	123	147	129	34	154	82	255	45	54	158	235	21	12	181	219	
34	93	50	222	95	133	190	230	139	72	88	11	44	254	53	0	236	123	147	195	194	43	18	253	53	28	142	170	21	31	49	219	
151	6	231	145	150	50	172	83	125	211	83	214	89	238	189	239	119	141	31	189	181	213	37	202	28	42	255	132	173	228	177	213	
74	56	214	156	75	209	176	71	191	149	210	179	44	190	38	198	163	59	235	129	6	203	134	245	30	50	94	139	7	4	173	159	
35	175	96	27	245	153	190	238	94	109	120	175	168	232	118	0	217	107	131	87	214	58	110	255	46	30	159	235	85	78	223	206	
34	173	32	155	215	209	190	239	30	101	88	163	172	236	118	0	219	123	147	145	118	26	110	247	45	22	159	235	149	92	149	222	
223	30	199	180	18	178	170	80	180	194	211	247	77	238	179	203	103	229	191	191	173	213	4	206	144	98	235	128	173	245	57	85	
61	93	123	110	87	215	87	240	69	192	236	10	123	221	35	48	120	249	23	234	72	179	56	61	243	205	5	9	115	187	98	234	
19	95	99	207	180	150	239	112	76	200	90	70	113	124	181	100	126	110	22	239	193	185	45	239	52	46	175	128	63	250	113	253	
18	142	230	157	114	144	188	246	191	143	82	247	45	174	166	196	103	251	167	133	166	216	6	239	60	38	254	131	39	132	173	221	
146	142	194	157	242	130	174	246	53	143	218	247	41	174	182	68	127	239	167	133	228	218	5	239	60	38	190	128	167	244	185	221	
42	173	130	26	221	213	150	230	159	29	236	11	40	232	102	148	201	235	162	209	94	107	138	247	59	87	157	123	211	12	254	206	
2	249	48	154	203	197	180	239	158	93	72	19	44	222	110	1	237	27	147	145	82	75	26	245	61	16	222	107	16	30	165	219	
166	235	96	158	109	145	190	232	31	68	81	171	104	236	127	1	217	235	131	199	198	114	110	247	54	20	207	171	85	31	94	206	
24	253	59	254	91	196	55	246	188	76	104	1	62	255	33	80	166	251	91	66	66	139	58	127	241	165	2	10	112	18	39	251	
50	143	106	190	91	209	30	232	151	68	221	171	109	239	34	64	234	187	143	195	78	11	10	255	179	85	139	187	53	14	61	214	
43	99	66	73	127	27	174	105	77	96	122	230	72	136	180	164	254	9	146	231	197	178	101	220	54	28	139	131	95	14	121	133	
103	75	98	78	93	151	222	96	197	196	237	15	106	200	55	116	120	224	130	231	204	163	124	253	51	60	131	11	119	191	124	198	
26	158	90	191	50	170	58	247	60	5	126	247	109	163	162	80	55	255	175	132	182	157	5	127	254	231	58	193	189	132	169	25	
91	159	71	175	18	178	46	247	61	67	90	231	125	46	178	224	119	231	191	237	245	153	5	255	184	110	170	192	47	198	169	93	
83	141	103	207	150	146	239	247	116	64	218	198	113	38	180	101	126	230	62	239	249	153	37	255	56	46	174	192	45	198	177	124	
61	5	106	236	148	2	207	117	80	128	255	2	83	225	184	97	120	230	20	234	248	179	37	14	122	175	167	128	101	250	240	160	
57	141	110	207	212	146	239	247	84	64	254	2	113	43	182	97	122	198	23	238	249	187	45	255	126	175	166	192	55	202	240	232	
56	205	110	238	212	146	78	245	85	0	254	2	91	41	176	65	120	238	23	234	248	187	44	191	122	239	166	196	119	154	240	136	
27	158	67	187	50	179	170	247	63	65	90	231	173	206	178	196	119	171	159	149	167	156	13	255	188	102	186	192	189	132	169	221	
43	237	66	72	85	147	238	232	95	128	232	10	104	201	52	148	120	232	130	238	70	179	94	223	62	92	133	43	87	46	122	132	
99	205	98	94	93	149	214	232	199	4	236	11	106	204	55	84	200	226	194	70	206	43	126	253	51	28	129	59	83	63	126	206	
137	4	235	193	214	50	239	87	116	227	94	214	17	45	158	96	127	78	23	189	177	252	37	202	102	47	182	196	175	248	240	249	
34	253	34	30	93	209	158	238	139	68	232	139	40	252	55	0	200	251	211	195	70	43	186	253	55	20	143	59	81	31	118	222	
17	132	234	201	212	162	239	247	84	195	222	18	81	233	190	96	123	238	23	189	152	189	37	206	122	47	183	196	165	202	240	232	
226	237	166	148	252	143	190	231	155	171	216	27	172	188	20	2	239	247	215	133	240	251	192	239	61	62	223	186	197	92	147	137	
34	253	50	154	79	197	182	238	142	80	72	11	44	254	100	0	236	123	147	195	66	43	154	245	53	16	158	43	17	31	183	218	
19	132	235	145	146	162	170	215	62	99	90	214	81	238	184	96	119	175	31	189	181	157	37	94	60	47	191	196	173	192	177	249	
128	150	218	185	178	171	57	223	62	55	82	247	181	166	168	72	183	27	47	16	178	220	5	119	204	166	62	192	188	200	165	153	
21	133	111	205	148	162	239	247	116	195	218	194	81	236	188	96	127	238	23	189	185	185	37	14	56	174	175	196	165	226	240	224	
226	165	148	149	252	45	188	239	154	171	88	26	172	58	16	3	205	79	95	1	112	122	194	255	60	22	222	234	196	72	147	137	
10	180	176	251	233	253	185	15	187	95	29	57	140	191	78	14	135	27	247	17	54	104	226	211	207	215	94	239	210	76	143	255	
210	233	84	191	46	136	124	172	191	176	210	2	237	234	81	67	38	231	127	195	106	88	139	253	188	242	223	136	36	48	161	8	
130	205	20	155	228	141	188	167	174	25	90	16	172	186	56	64	199	59	51	1	82	24	2	247	44	16	158	202	20	72	129	137	
252	24	182	244	109	124	121	80	177	250	183	63	223	223	195	127	238	245	255	66	168	103	234	162	215	251	115	171	66	173	39	243	
217	91	31	245	34	70	31	180	176	222	150	229	255	23	131	203	38	117	253	238	233	197	177	44	226	227	110	144	46	177	37	121	
158	52	180	243	165	127	80	91	63	251	247	49	206	255	76	127	245	159	255	16	186	244	251	194	155	223	83	230	194	68	36	87	
11	221	50	222	145	213	124	247	159	77	252	7	40	254	38	116	237	251	191	192	255	139	50	255	59	94	150	139	18	84	236	95	
252	72	102	103	12	58	78	216	117	178	183	26	91	9	217	91	122	196	108	234	232	119	41	168	210	235	229	20	103	251	96	0	
221	72	252	103	46	26	79	152	96	242	183	10	219	97	219	123	54	196	124	234	233	101	237	40	246	235	101	148	39	243	80	97	
2	233	118	221	254	129	190	239	191	145	90	130	172	238	116	65	230	127	127	193	242	201	130	253	44	56	143	234	5	4	161	137	
34	220	114	220	117	156	252	230	191	75	250	23	172	188	54	96	239	251	255	5	226	251	50	255	63	62	158	138	85	92	245	223	
15	253	237	211	182	179	191	183	126	247	94	246	253	111	146	233	55	123	151	159	243	216	47	253	110	15	255	192	142	213	145	249	
56	175	42	174	93	211	87	226	135	12	252	43	107	249	42	16	248	251	135	195	74	171	8	191	251	213	165	251	115	14	126	235	
56	13	107	239	86	199	255	112	68	68	254	2	113	253	50	96	120	250	19	238	72	187	60	191	115	175	162	1	119	170	116	242	
2	157	50	159	95	197	190	238	30	75	88	51	172	254	32	64	253	123	179	129	34	154	90	255	61	54	158	235	16	12	165	219	
2	205	50	222	124	133	190	230	142	8	88	2	172	254	53	64	206	123	23	193	194	11	2	255	53	60	158	170	21	26	33	137	
141	141	108	211	214	50	237	183	116	83	94	146	217	45	150	105	127	70	55	190	181	252	45	238	110	107	246	196	167	212	241	249	
34	173	32	155	245	201	190	238	30	69	88	131	172	236	54	0	217	123	147	145	54	186	78	255	45	22	159	107	85	12	213	222	
2	142	194	157	114	146	170	246	63	13	90	231	169	174	182	68	126	107	167	141	166	216	6	255	44	38	190	128	47	132	41	221	
43	213	96	90	221	221	215	255	71	85	188	13	171	221	62	164	217	138	146	76	223	42	126	183	43	93	149	127	83	142	220	222	
75	220	237	87	166	58	173	183	124	115	94	246	249	47	150	107	55	70	61	175	241	216	173	111	102	43	254	132	167	240	241	121	
32	205	123	78	212	207	71	246	196	8	252	0	115	245	48	48	88	234	22	106	74	171	42	63	115	141	36	9	113	250	230	234	
19	157	99	142	84	150	239	246	92	192	90	70	113	232	181	228	126	238	18	239	229	184	53	239	53	46	142	0	45	250	112	252	
6	245	48	154	203	197	182	237	158	121	89	19	236	254	104	1	253	27	147	147	82	90	26	245	61	16	159	239	145	30	165	219	
114	207	42	186	30	193	158	232	158	4	141	139	229	206	54	64	234	187	139	195	78	11	42	255	251	5	143	187	20	14	61	82	
38	245	100	152	223	81	150	234	139	117	184	171	72	252	126	0	217	211	211	243	126	99	126	247	59	22	141	127	85	125	214	214	
43	103	98	12	95	19	190	104	77	72	220	231	72	200	182	164	254	137	218	231	197	179	5	222	54	92	139	139	95	14	121	149	
43	181	48	74	253	221	212	191	95	121	189	57	234	125	94	52	157	155	215	21	222	42	123	247	47	92	21	254	211	14	210	223	
211	141	79	175	18	178	110	247	53	64	218	198	117	110	176	240	118	231	63	239	245	153	45	255	176	46	170	128	45	226	161	125	
24	93	51	238	19	194	23	104	181	132	232	34	127	215	33	84	122	249	155	226	73	131	58	239	241	228	15	11	51	51	39	242	
19	159	67	191	50	179	170	242	31	65	90	231	125	110	176	228	118	171	31	149	183	152	45	255	188	102	170	192	191	134	33	93	
222	54	230	148	171	112	56	3	187	255	151	191	204	110	95	223	167	149	253	149	180	69	175	192	155	115	219	151	134	101	47	87	
100	165	144	131	252	41	248	141	27	25	57	24	204	104	92	8	155	139	70	49	18	106	202	215	12	30	31	124	212	74	195	129	
25	172	234	233	212	178	239	215	86	67	222	2	81	171	188	96	123	206	23	189	154	186	45	238	126	175	182	196	167	202	240	232	
141	141	236	243	246	50	255	183	116	227	94	146	249	45	150	109	119	222	23	189	243	252	45	239	110	207	182	192	167	213	241	233	
130	237	146	157	252	141	188	231	158	139	216	26	172	170	20	0	239	123	119	129	112	250	194	255	61	62	222	232	197	88	147	137	
34	252	50	218	253	213	156	231	159	93	252	51	172	254	38	100	205	59	191	129	246	11	50	247	59	94	158	235	18	12	228	223	
17	141	111	231	150	34	111	255	116	97	222	194	113	39	176	96	119	199	29	237	249	153	45	63	248	175	175	196	37	194	241	120	
25	159	93	175	178	170	47	191	60	65	90	231	253	103	128	64	55	127	31	140	179	152	13	63	236	231	46	192	188	194	129	57	
248	197	110	228	148	18	79	253	100	128	254	2	83	107	184	99	120	230	93	234	248	163	33	46	242	235	231	148	103	186	240	40	
222	90	182	244	43	108	56	82	185	218	247	55	206	159	99	107	239	245	255	131	172	119	146	226	215	243	91	139	130	117	37	215	
42	237	34	26	93	209	146	230	223	12	252	11	42	200	102	148	217	235	194	65	78	43	10	255	59	93	149	123	83	14	126	206	
224	165	148	148	252	43	188	111	58	59	249	24	204	42	88	3	155	15	106	49	50	123	195	215	60	54	95	126	196	72	195	137	
42	189	176	184	249	221	144	231	159	93	188	57	174	188	102	132	201	59	195	17	62	107	242	247	107	87	30	123	210	12	143	223	
2	181	244	211	253	253	120	31	63	123	61	25	174	190	76	120	135	27	255	17	178	88	243	211	143	222	22	255	210	76	197	95	
252	72	244	231	14	42	70	216	113	178	183	26	75	105	89	27	123	196	108	234	168	119	201	170	210	235	229	52	231	251	66	0	
253	104	252	119	238	58	95	152	115	242	183	10	219	105	219	63	55	244	125	106	232	116	239	170	214	235	229	180	231	243	66	33	
78	176	180	241	235	125	184	79	187	127	61	57	140	191	78	30	167	27	255	17	22	79	234	210	223	215	95	255	194	68	143	215	
130	249	102	216	127	149	188	245	173	88	208	163	172	222	54	97	238	59	223	197	230	143	34	253	63	88	142	202	23	12	181	223	
196	36	150	150	248	43	248	11	191	179	187	24	204	234	73	91	151	167	110	16	48	103	203	206	156	54	91	92	192	97	3	129	
66	93	50	158	251	196	190	228	153	202	217	35	108	254	45	64	236	115	151	195	226	11	26	239	51	62	158	139	16	119	39	219	
130	233	118	157	60	131	188	231	190	16	82	18	172	202	52	65	230	107	63	193	226	221	2	253	172	58	223	226	20	16	161	137	
194	232	214	159	44	138	104	170	191	178	178	16	236	234	65	91	163	237	127	194	96	197	139	251	148	50	219	144	4	49	33	8	
45	165	49	67	253	61	193	153	67	57	173	88	210	25	92	180	153	10	66	56	155	114	249	23	15	156	21	124	218	10	210	164	
89	157	87	175	178	138	111	183	36	64	94	230	255	119	128	112	54	247	61	238	217	152	45	127	236	239	46	192	62	178	161	121	
56	159	18	170	125	131	86	240	135	12	248	111	110	249	32	144	220	251	135	99	78	171	8	191	250	213	37	187	90	14	62	155	
2	157	18	155	223	197	190	238	30	9	88	19	172	254	32	64	221	123	179	129	50	152	90	255	45	54	158	235	16	12	165	155	
31	205	228	247	182	18	254	183	117	83	126	146	121	109	156	105	63	198	53	207	248	248	45	239	110	235	247	192	167	252	240	232	
40	159	122	126	116	195	87	246	132	12	252	32	114	251	160	32	216	122	135	66	74	171	72	63	107	237	164	217	113	138	228	171	
34	189	32	155	221	201	182	238	30	69	72	155	172	236	62	0	217	59	147	17	50	56	90	247	45	22	159	107	213	12	149	218	
3	159	74	157	80	134	238	246	60	65	74	199	177	226	54	64	126	107	19	205	133	152	20	239	36	46	154	128	29	132	57	220	
95	205	228	119	182	26	254	188	59	211	22	130	249	111	159	107	55	119	61	239	244	200	175	233	110	255	253	128	167	247	209	113	
32	223	123	110	252	203	199	246	196	12	124	96	115	241	160	48	88	122	6	106	74	170	106	63	99	141	36	137	81	250	230	171	
33	141	43	222	84	199	239	230	84	73	90	66	176	248	180	96	89	106	18	205	239	186	52	63	45	46	190	0	93	72	240	188	
18	71	42	172	30	131	159	104	134	132	202	131	229	206	50	64	250	105	27	231	76	131	14	159	240	37	139	57	52	62	61	66	
34	245	96	200	223	87	148	239	27	254	184	139	10	188	119	32	221	155	211	177	254	107	123	223	59	22	157	255	215	124	214	223	
19	79	106	12	94	147	190	98	77	64	218	230	8	136	182	160	254	169	218	231	196	187	5	222	54	29	139	139	93	46	121	132	
34	197	96	218	124	129	238	237	95	1	120	2	168	234	60	64	222	139	23	193	210	42	74	247	46	60	158	232	21	154	240	136	
81	141	111	191	18	130	111	113	52	194	90	198	117	102	176	113	118	231	61	239	241	217	45	109	244	171	239	128	45	242	33	121	
26	93	83	238	91	194	31	104	181	128	233	162	108	247	33	212	122	249	155	226	73	131	24	255	177	244	11	11	51	182	38	114	
19	159	79	191	50	130	110	112	60	64	90	231	117	102	176	97	118	235	31	239	245	153	45	125	188	174	234	192	61	162	33	117	
56	141	110	239	212	147	238	253	84	0	254	2	121	105	176	96	120	230	55	234	248	187	45	191	122	239	167	128	119	186	240	136	
46	165	224	99	252	59	218	152	95	241	61	154	219	109	220	60	159	204	87	63	154	114	239	146	78	221	165	252	247	207	210	213	
34	220	114	220	125	221	252	231	255	91	248	19	172	188	52	96	207	59	183	5	226	234	114	247	47	62	158	202	84	28	241	223	
52	36	192	227	252	43	202	200	27	177	185	26	75	104	93	26	123	204	87	178	26	114	201	210	30	220	133	116	229	235	210	128	
15	249	236	95	182	146	255	189	222	209	94	162	249	125	158	103	7	123	183	223	215	216	111	253	110	95	255	192	167	246	209	249	
248	205	102	230	140	2	78	253	229	130	246	2	123	107	177	83	122	196	125	234	232	225	9	173	242	235	231	148	103	178	240	8	
217	205	110	239	162	10	111	181	101	224	158	130	123	103	144	115	54	230	125	234	233	153	45	109	242	235	231	128	39	178	224	105	
70	60	182	241	235	236	184	66	191	219	211	183	140	191	103	91	231	125	255	19	176	213	154	194	159	246	219	163	130	101	37	83	
2	181	244	209	253	253	248	159	31	121	53	57	140	190	76	56	167	27	255	17	178	120	251	211	15	94	30	255	210	76	197	223	
78	50	182	176	235	116	184	67	187	255	31	191	140	190	78	14	167	31	253	145	150	71	170	194	223	87	223	239	134	100	175	215	
42	190	50	26	93	209	150	231	223	13	252	41	42	216	102	132	201	43	195	1	78	43	10	255	59	85	17	59	83	12	254	207	
244	104	198	166	76	42	70	200	49	178	178	10	75	232	89	26	121	196	108	226	40	247	201	170	146	238	197	52	229	251	98	0	
252	104	240	103	238	58	110	152	115	226	183	10	91	105	213	63	63	236	125	234	200	118	237	170	86	235	229	180	231	247	66	0	
14	182	180	241	235	125	184	79	187	255	61	57	140	191	78	30	167	31	255	17	54	89	186	210	143	87	95	255	134	68	143	215	
42	185	176	216	253	221	144	239	159	125	52	57	174	157	70	140	143	27	215	17	118	106	242	247	47	87	28	251	210	12	143	223	
47	181	104	75	252	63	219	217	95	125	189	190	219	124	222	172	95	138	215	63	159	34	109	151	78	93	37	252	215	143	216	245	
2	237	144	157	252	137	188	231	31	11	250	26	172	170	20	0	239	107	127	129	114	250	195	255	44	62	158	200	148	88	209	137	
74	182	230	144	235	112	184	7	187	255	31	191	140	174	94	143	167	23	255	149	182	95	130	194	30	87	223	239	143	100	175	215	
192	108	150	157	104	170	56	130	190	178	210	16	236	226	65	91	167	229	110	130	32	197	131	234	148	54	91	0	132	113	33	8	
2	157	180	217	253	141	188	231	159	89	80	19	172	190	52	64	207	59	183	5	242	106	82	247	47	62	158	234	84	28	161	219	
51	159	83	174	114	139	86	240	143	76	248	237	103	236	162	144	222	235	135	103	207	171	72	191	184	212	45	186	92	142	42	221	
32	159	122	218	116	195	243	240	86	12	124	34	112	221	182	64	88	58	7	72	138	186	40	191	98	15	162	129	85	138	116	235	
2	156	16	155	223	197	184	239	30	9	88	19	172	254	40	64	221	59	179	129	34	154	90	255	45	22	158	235	16	12	165	219	
30	201	228	247	182	18	254	180	119	147	54	130	105	111	157	99	119	231	61	203	248	248	109	237	238	255	239	196	167	191	240	9	
32	159	90	110	114	131	86	244	4	12	120	229	119	235	160	80	222	122	7	98	200	170	72	63	106	229	36	136	125	170	102	155	
34	188	32	153	221	205	176	207	158	125	80	27	172	220	118	0	201	27	243	17	54	122	210	247	45	22	159	111	209	12	151	222	
3	139	10	141	16	134	174	246	172	65	74	199	176	162	48	64	124	107	59	205	195	152	23	125	36	46	170	128	29	2	49	152	
222	216	244	246	62	18	94	184	187	210	183	163	239	127	157	123	183	117	253	239	232	69	175	236	234	251	239	146	167	183	65	81	
188	219	91	110	54	139	87	240	132	136	248	237	119	211	161	16	94	240	68	98	201	163	72	63	224	229	37	152	121	186	102	187	
33	141	43	255	116	194	231	182	84	72	90	98	241	112	176	96	88	106	22	73	225	184	101	63	44	46	174	128	28	74	240	169	
34	181	160	80	253	87	148	111	27	251	184	63	40	188	70	32	141	159	247	145	250	107	243	222	59	30	29	255	209	76	150	223	
19	79	10	173	30	147	174	98	68	32	218	131	161	136	54	96	234	237	90	199	204	187	69	188	176	101	139	17	93	62	57	140	
93	76	102	229	38	18	94	60	245	194	214	130	251	111	145	103	118	245	125	238	232	197	165	140	226	235	239	144	39	247	97	105	
11	221	18	94	91	149	86	246	223	9	236	0	44	242	38	244	233	123	146	192	103	43	26	255	59	255	18	43	91	20	107	143	
19	217	111	173	50	2	175	112	44	64	94	230	213	102	178	96	118	237	63	239	217	152	37	77	252	175	234	192	61	162	49	113	
152	141	102	239	20	146	239	241	84	0	254	2	121	105	176	97	120	230	63	234	248	187	45	191	242	239	167	128	55	174	240	168	
63	108	232	67	254	59	235	216	91	226	61	138	91	77	223	62	63	204	87	255	137	118	237	234	94	77	165	180	231	255	82	229	
52	44	224	227	220	43	194	216	83	177	185	10	75	105	93	24	121	204	70	242	154	115	201	226	30	206	133	116	231	251	82	128	
24	141	110	239	148	130	206	245	117	0	222	2	123	107	176	64	122	230	31	235	248	185	13	191	250	239	167	192	55	154	240	8	
15	249	236	215	190	145	255	188	206	208	94	162	249	237	222	98	6	123	255	223	210	216	239	253	110	95	239	192	55	182	209	249	
2	183	178	209	251	253	184	79	187	255	29	187	140	191	78	10	167	27	255	145	54	89	178	210	31	86	95	239	134	68	135	215	
217	205	126	239	134	26	127	189	101	192	222	130	123	103	144	115	118	244	125	234	232	153	45	237	242	235	231	128	39	178	240	104	
252	104	226	103	70	26	110	220	113	162	182	10	91	105	221	58	62	228	117	234	200	247	173	170	118	239	229	160	103	243	66	32	
2	177	48	217	253	221	184	239	31	121	48	57	172	190	108	104	207	27	191	17	242	104	114	215	15	30	30	255	212	12	133	223	
252	201	70	230	12	2	78	252	177	130	246	2	107	107	57	83	120	228	125	234	104	247	137	172	242	235	229	144	103	179	240	8	
109	123	230	71	100	26	230	180	105	234	254	236	235	104	151	183	30	228	100	110	205	242	237	40	38	123	101	144	111	255	90	221	
70	60	182	145	235	228	184	66	191	223	91	183	140	254	103	74	231	127	255	145	178	213	146	194	157	54	219	139	132	101	37	211	
34	177	176	209	251	221	184	207	159	125	52	59	172	158	70	12	143	27	247	17	54	106	242	211	31	86	30	255	150	12	135	223	
217	221	95	239	178	10	111	181	37	64	222	230	127	103	144	117	54	247	125	238	233	153	45	253	246	235	39	128	46	178	161	121	
47	124	225	67	254	59	203	216	83	242	61	238	91	76	223	172	31	204	87	255	143	118	237	186	14	93	165	244	255	255	82	245	
