香奈儿可可小姐唇露	762 - 心跳	https://i.chanel.cn/fnbv3/image/full/shades/rouge-coco-gloss--762--55g.0156762_S.jpg	https://i.chanel.cn/fnbv3/image/full/chanel__com_type1/skus_full/rouge-coco-gloss--762--55g.3145891567625.jpg
29	207	242	95	177	158	111	182	117	76	126	68	111	227	178	244	119	110	172	78	253	152	45	175	234	255	36	64	170	245	232	109	
2	133	98	201	214	163	170	103	92	65	90	2	40	42	52	96	123	11	19	145	146	184	5	223	60	12	154	192	149	12	241	204	
77	112	209	197	98	8	109	24	121	226	117	240	221	23	201	254	55	220	54	142	193	84	228	194	70	252	242	172	46	243	67	177	
2	157	114	218	246	133	188	199	159	89	90	179	172	254	36	64	231	59	151	129	242	153	2	247	60	62	158	235	21	76	165	219	
32	141	2	154	148	163	166	231	22	1	88	2	96	232	48	64	89	106	2	81	18	186	8	255	40	4	135	96	149	90	176	136	
3	181	98	203	246	177	186	103	31	73	92	163	172	158	180	36	223	59	147	149	150	184	36	223	46	28	154	234	151	206	241	221	
34	185	50	200	247	213	186	231	15	73	120	43	44	156	118	32	220	59	151	145	150	58	50	245	63	28	158	235	213	14	183	223	
34	185	160	138	223	193	178	199	10	69	72	139	172	140	118	0	201	59	147	209	22	58	210	241	61	20	158	107	213	14	151	222	
55	98	226	130	79	27	238	72	91	230	245	175	8	200	255	172	122	200	130	255	204	246	236	194	22	28	133	47	231	191	122	196	
27	159	67	143	86	178	239	118	53	192	90	231	121	110	182	228	126	239	23	239	197	153	45	255	52	46	170	128	63	230	177	253	
2	187	98	155	246	147	190	231	31	69	90	183	44	238	182	64	255	187	147	133	246	154	46	255	62	30	158	235	21	92	181	221	
48	33	70	141	92	11	224	72	175	161	242	10	74	136	52	64	120	172	110	225	8	251	195	221	156	168	131	60	117	8	112	128	
59	1	114	225	116	153	248	80	109	65	254	138	143	13	180	100	238	153	95	217	142	187	101	192	214	249	170	210	119	142	113	197	
130	157	54	156	249	196	188	231	191	91	88	55	172	190	38	65	231	123	179	193	242	137	18	255	45	54	158	139	144	92	165	219	
131	154	19	185	116	180	184	19	190	89	82	85	188	154	182	232	199	43	55	157	183	156	18	215	4	62	186	194	156	4	41	221	
179	134	206	189	20	2	104	127	52	195	210	215	49	35	146	64	125	172	63	173	173	218	197	207	220	46	250	128	173	164	120	216	
95	219	46	190	47	149	190	232	207	220	214	167	236	200	63	67	254	225	255	231	196	35	158	253	242	115	207	155	95	63	57	87	
130	221	178	153	245	172	188	167	190	27	90	49	172	190	32	64	231	59	179	1	242	216	18	247	45	54	158	194	16	92	161	155	
122	1	98	232	126	19	248	113	101	64	255	139	11	143	180	100	110	133	95	237	216	171	101	196	210	249	170	220	39	142	112	65	
77	64	209	229	98	8	109	24	51	162	115	208	223	3	201	254	55	221	60	142	193	212	229	192	196	232	115	132	46	241	35	33	
78	219	46	190	175	149	191	236	143	158	150	167	236	232	51	67	238	99	251	199	196	109	11	253	254	115	207	155	22	63	61	207	
126	83	42	172	47	22	223	104	141	140	222	175	206	200	55	66	254	229	255	231	204	35	138	200	242	113	207	155	23	63	60	71	
61	77	99	207	84	31	238	248	117	232	126	70	91	121	189	244	120	204	22	238	201	178	125	238	54	108	167	128	111	191	112	164	
34	221	98	158	223	209	190	230	159	68	92	163	40	236	55	196	234	123	147	195	118	171	62	255	55	22	158	171	23	95	61	222	
130	141	150	157	244	171	44	39	62	51	90	16	172	42	0	64	227	47	42	0	114	216	65	215	44	54	94	192	132	64	161	136	
3	136	197	185	116	154	232	23	126	65	82	215	189	8	144	232	106	44	54	157	167	188	69	215	132	62	186	192	156	140	89	156	
39	207	98	158	215	147	190	232	87	196	124	167	104	232	183	132	122	234	131	231	198	179	44	255	54	60	143	171	119	190	120	196	
187	17	106	224	118	18	91	113	101	64	255	166	27	15	182	112	126	157	151	238	201	179	37	204	242	233	162	196	103	142	112	113	
2	221	50	155	245	197	188	231	158	89	88	51	172	190	38	64	231	59	179	17	114	152	18	247	45	22	30	235	144	92	165	219	
2	141	150	153	244	172	188	39	62	27	90	16	172	170	0	72	231	43	59	17	50	216	67	215	44	54	158	194	148	72	129	139	
122	65	98	232	110	19	216	113	37	64	244	138	9	15	180	116	110	149	223	236	200	163	101	204	242	249	170	152	55	142	114	208	
47	111	66	78	85	151	238	248	87	200	248	206	104	200	191	164	124	232	134	238	205	178	12	255	54	28	133	142	127	191	122	132	
1	128	245	81	116	155	233	23	126	97	114	80	187	8	148	236	107	46	38	24	179	188	101	223	12	190	50	64	212	136	81	173	
38	96	226	154	95	241	186	200	95	245	81	143	72	204	127	8	249	169	131	151	134	55	62	210	31	20	143	111	213	95	126	214	
56	222	26	188	121	221	22	255	155	78	244	109	110	212	34	148	221	251	134	34	109	47	10	191	176	247	33	187	90	62	174	223	
2	253	50	155	211	213	180	231	159	93	88	51	172	254	102	64	237	59	147	145	118	152	50	247	45	22	158	235	144	92	165	223	
187	81	122	228	54	19	223	112	101	96	246	170	27	15	182	52	126	157	159	238	200	167	37	204	242	233	170	144	103	158	114	253	
26	157	58	184	211	225	185	103	159	69	72	179	44	191	34	64	239	187	147	145	22	155	2	215	219	87	154	203	183	4	165	218	
126	113	187	226	59	83	27	200	171	236	189	169	79	223	105	50	254	253	255	242	8	131	170	200	251	213	15	191	163	51	39	115	
60	117	123	100	119	91	87	216	97	224	255	42	91	223	73	48	122	252	213	242	73	179	184	140	243	205	37	165	111	187	102	243	
56	217	234	236	197	86	246	245	85	14	254	2	107	185	53	208	120	252	183	202	72	186	49	235	115	239	150	3	115	58	252	138	
56	72	226	109	85	86	230	213	113	139	254	2	121	185	53	96	120	236	23	234	136	179	48	234	115	237	166	1	227	122	254	170	
52	127	154	236	53	231	87	118	197	204	252	45	98	253	39	20	216	250	134	98	12	163	32	174	243	245	37	155	219	123	126	219	
61	117	67	78	84	15	71	248	71	224	253	78	115	241	181	180	88	236	22	110	201	178	253	63	54	44	37	60	127	187	114	164	
39	239	98	26	87	145	142	236	95	76	125	239	104	232	191	132	94	235	147	231	198	58	78	255	62	28	143	171	95	159	122	205	
72	188	183	241	169	236	116	151	187	219	166	17	190	191	64	91	165	119	253	16	50	109	146	224	207	251	86	67	194	68	167	91	
7	183	2	139	247	183	190	201	14	73	89	231	204	236	62	132	223	75	147	247	151	146	12	247	44	20	143	239	157	79	185	149	
236	80	62	238	104	69	149	124	132	94	213	56	220	213	171	123	220	84	255	106	224	103	250	10	83	225	98	189	82	59	55	243	
244	80	111	198	77	70	69	236	121	94	183	30	82	30	47	123	248	212	238	227	105	103	251	202	241	162	230	29	33	57	118	123	
33	101	97	73	116	207	239	120	84	104	124	66	19	17	181	52	90	136	22	110	233	178	124	30	100	12	165	132	127	218	80	233	
66	56	190	180	75	224	49	66	190	151	70	179	172	191	99	74	163	127	235	145	2	221	130	224	221	51	90	171	132	85	37	75	
23	15	103	135	214	178	238	115	116	194	91	198	121	104	181	228	126	238	22	175	181	145	36	206	56	46	171	128	175	230	112	245	
185	69	106	236	214	18	239	117	100	192	255	2	83	105	186	96	126	236	23	238	201	179	37	142	114	237	164	128	103	186	240	224	
2	185	50	217	229	252	184	7	173	89	120	49	172	158	118	43	238	59	215	17	146	56	242	193	15	56	26	202	196	12	135	223	
130	249	50	154	203	213	188	198	159	85	68	51	44	222	102	13	239	59	147	209	70	75	178	241	31	16	222	107	19	20	175	223	
43	55	98	137	212	183	234	88	71	105	90	198	1	136	182	164	124	170	18	253	151	186	85	222	62	28	138	224	255	143	120	148	
72	157	186	250	243	196	57	215	189	93	76	17	60	159	34	80	229	59	159	16	18	9	50	231	243	247	58	75	146	0	173	123	
56	125	120	96	112	205	83	80	97	172	124	8	63	151	67	16	158	184	85	122	202	50	240	26	243	205	37	57	96	146	78	59	
40	177	122	105	244	207	119	117	97	13	125	8	19	21	130	48	28	186	5	120	154	186	112	29	239	205	32	96	226	130	198	163	
72	125	122	117	244	206	125	55	121	204	126	4	191	55	130	48	134	62	85	8	209	248	241	46	231	253	52	128	194	128	199	251	
33	85	97	69	116	15	235	116	93	232	112	70	112	48	180	164	126	104	18	238	225	184	117	206	36	30	160	128	79	170	82	189	
70	56	155	240	137	237	49	66	175	181	160	25	142	151	97	58	225	55	235	16	18	75	178	240	221	145	27	127	144	73	7	34	
23	30	198	147	178	178	170	83	60	195	83	247	73	234	182	204	119	47	151	157	181	216	5	206	28	46	187	194	175	229	169	149	
34	33	116	141	108	139	184	67	15	161	248	138	140	142	84	0	238	45	127	17	208	187	195	208	20	24	154	168	20	8	129	137	
56	1	98	236	148	2	78	125	69	0	254	2	91	201	176	80	122	172	23	232	216	179	0	140	242	233	162	128	119	186	240	0	
194	92	54	248	73	236	144	66	169	26	176	25	174	158	37	27	237	177	223	19	34	103	146	226	147	248	90	27	80	73	35	27	
246	184	187	240	239	237	49	67	175	53	181	27	142	159	100	24	235	179	207	16	18	79	122	208	223	209	27	127	144	73	135	162	
198	176	58	176	239	233	177	67	139	61	21	59	140	159	110	10	171	19	223	17	18	109	138	208	223	209	27	255	196	13	135	195	
119	34	174	128	76	22	248	88	201	208	151	71	0	136	127	42	236	133	91	189	140	35	149	192	147	41	202	61	13	42	120	196	
236	52	171	243	79	124	163	82	226	254	223	26	153	247	67	43	105	220	219	155	33	118	248	160	85	193	251	41	163	105	55	242	
181	0	107	67	84	3	235	88	84	224	247	66	81	0	189	36	120	140	22	238	137	182	109	78	20	12	162	132	101	171	112	228	
131	148	149	185	53	189	184	2	62	83	2	215	141	30	86	237	231	11	155	149	183	220	83	215	140	247	218	66	156	4	25	212	
53	77	67	14	68	146	238	112	197	192	249	198	113	200	181	228	120	232	22	239	205	163	44	236	48	40	163	136	127	191	120	148	
153	144	116	123	131	254	113	31	119	123	71	16	219	31	26	253	53	158	189	152	191	220	117	151	207	251	208	71	243	132	212	126	
137	160	189	251	236	249	61	159	30	87	69	144	157	247	234	239	7	27	178	24	115	92	127	147	207	211	126	101	150	204	141	249	
29	207	22	127	179	158	111	180	117	72	127	100	255	227	171	244	55	110	44	110	231	144	41	175	238	255	39	128	42	247	169	165	
157	188	147	251	177	247	122	147	127	207	94	52	175	243	162	244	247	43	140	152	191	220	57	255	235	223	55	194	186	197	169	117	
2	140	2	156	20	162	42	99	52	1	91	18	104	226	32	64	120	43	2	128	48	152	0	223	32	38	138	128	20	74	176	136	
126	127	228	198	207	119	222	231	129	238	188	175	106	124	87	50	205	247	245	227	236	99	252	238	59	94	205	187	103	127	214	223	
215	62	198	150	226	50	186	81	185	198	83	247	76	238	231	207	230	253	255	183	180	215	140	202	28	50	239	130	173	231	41	213	
246	176	246	226	229	123	112	73	235	191	183	59	78	253	76	31	187	149	239	50	60	119	137	208	219	218	69	247	195	111	206	7	
246	62	214	160	235	106	50	65	185	190	179	57	78	222	71	27	175	245	239	50	52	231	136	192	154	146	111	231	192	103	47	135	
57	183	116	69	243	31	126	49	117	168	126	98	75	19	150	244	126	188	230	232	253	184	101	206	62	253	37	194	107	166	202	165	
25	223	150	253	179	191	127	190	87	11	126	84	255	243	170	229	119	90	188	88	243	216	35	191	238	239	118	192	186	209	169	41	
25	135	118	127	177	190	94	191	125	79	110	20	111	99	170	245	51	230	172	44	191	184	61	191	234	255	52	69	250	196	232	77	
151	12	231	159	70	162	171	80	52	194	87	198	121	238	183	108	126	237	55	239	165	213	47	234	84	46	235	128	189	245	49	245	
25	213	150	249	179	183	124	190	23	27	94	114	253	243	170	237	119	91	182	56	51	216	49	191	235	239	55	198	186	216	169	169	
3	168	164	217	173	189	185	134	206	241	16	2	184	156	116	110	203	123	123	157	151	105	246	241	13	26	223	106	149	12	81	174	
215	64	237	247	15	66	77	172	57	214	178	147	107	79	29	127	122	197	125	234	108	68	255	232	147	250	213	133	39	241	100	110	
33	208	115	69	116	206	235	112	81	72	116	96	81	21	148	52	30	188	22	106	225	184	48	79	103	46	32	192	103	138	66	241	
114	255	100	198	239	95	222	255	129	238	188	175	106	60	215	51	206	247	253	231	236	107	244	234	50	94	205	187	111	254	214	223	
199	62	199	157	98	162	186	18	190	194	82	231	236	238	229	207	38	109	255	215	165	213	142	234	28	34	235	130	172	245	41	213	
189	12	106	222	84	179	239	112	85	194	223	130	113	237	183	101	120	232	23	239	168	183	45	191	114	239	163	128	119	255	112	224	
63	125	227	206	83	82	63	252	55	224	92	239	120	247	183	244	126	253	151	238	201	146	188	238	119	60	143	170	47	183	38	253	
10	253	179	177	211	231	189	215	22	115	88	243	157	191	96	136	255	59	147	145	115	218	18	147	253	199	255	236	151	92	167	251	
189	76	227	222	86	162	239	242	84	194	94	194	113	237	179	100	127	236	23	239	169	151	44	239	112	46	235	128	39	255	112	248	
3	182	227	129	246	50	239	215	62	97	94	246	29	46	190	100	127	143	23	189	179	152	37	198	44	14	190	196	173	196	177	253	
74	59	90	88	42	153	56	76	171	4	180	168	174	223	228	144	166	49	206	64	2	43	130	213	210	209	18	187	82	0	15	27	
79	189	245	211	187	176	187	151	175	93	30	246	253	255	222	230	167	115	255	157	151	72	175	241	110	95	255	238	142	196	141	125	
235	182	189	184	237	205	189	255	154	95	16	127	188	253	72	139	143	19	255	21	243	111	234	211	93	19	126	254	212	72	135	251	
118	89	235	238	94	66	95	248	7	164	218	163	89	255	49	96	126	253	55	227	200	147	189	238	123	239	175	132	37	251	52	114	
54	103	101	237	124	11	214	236	91	236	248	239	67	104	157	1	250	204	87	103	236	243	77	158	58	94	229	183	117	190	214	199	
13	239	22	119	176	159	111	180	119	8	127	68	255	227	139	229	54	110	38	110	229	144	45	63	238	255	103	128	42	179	137	133	
119	247	241	68	252	11	199	249	123	236	248	239	66	104	212	17	191	205	70	103	249	115	237	126	60	30	37	190	77	251	226	213	
21	81	19	174	142	2	110	248	4	128	219	230	81	99	169	192	126	221	62	235	73	147	11	120	176	164	175	132	61	115	33	16	
74	16	134	190	141	244	20	7	135	87	203	19	108	254	42	238	201	247	234	129	31	203	243	129	147	119	218	27	146	108	188	86	
130	176	146	145	197	237	176	67	190	27	65	16	140	158	104	11	229	27	179	17	50	124	146	195	5	18	90	106	144	72	161	147	
104	188	150	113	173	60	116	151	187	187	182	28	158	189	64	219	133	86	253	24	59	109	211	224	207	251	116	86	194	204	203	11	
176	175	2	154	215	249	166	199	190	5	232	31	166	226	102	148	232	171	202	145	62	43	212	119	188	4	6	123	217	76	239	142	
58	1	114	225	54	57	250	82	109	0	254	2	15	11	180	96	110	137	31	249	138	179	101	196	210	221	170	208	103	142	113	1	
156	61	174	243	205	125	113	211	246	255	87	50	153	247	75	47	105	154	255	146	179	116	251	128	223	203	243	229	163	109	101	243	
159	157	179	248	177	247	94	183	127	207	254	52	46	246	166	253	245	187	156	156	191	201	49	255	235	255	22	195	154	196	173	127	
27	83	46	142	47	151	158	104	205	204	222	175	236	216	55	192	254	229	255	231	196	35	30	253	242	113	143	155	95	62	57	87	
59	5	106	225	118	50	91	82	117	224	255	134	27	13	183	116	126	140	23	189	169	178	101	142	242	205	162	132	103	142	112	241	
3	148	51	153	83	228	185	87	188	73	74	20	188	190	36	100	231	59	19	17	147	152	50	215	141	54	26	202	152	4	161	255	
35	2	200	189	20	130	104	51	52	99	82	215	177	34	146	64	124	172	63	141	173	156	69	207	204	46	186	192	173	140	120	152	
2	221	50	158	223	213	190	231	158	78	88	131	172	254	38	64	239	123	147	193	102	139	58	255	61	54	158	171	21	92	181	223	
250	1	98	232	92	3	202	81	101	0	255	10	11	11	52	80	106	133	95	249	216	171	69	204	146	249	130	220	39	142	112	128	
49	247	117	101	244	15	198	121	125	232	250	239	83	40	148	17	254	205	102	103	221	242	77	28	62	174	37	144	109	170	226	149	
126	83	106	172	63	6	95	104	137	140	222	175	79	239	51	80	254	229	223	231	204	131	168	204	242	245	143	155	55	63	62	87	
43	207	98	206	117	151	238	248	85	200	124	198	104	232	180	228	120	236	150	238	205	178	60	238	54	124	135	138	127	190	120	132	
2	221	50	159	255	197	188	231	158	91	88	19	172	254	36	64	231	123	179	129	114	152	18	247	45	54	30	203	16	92	165	219	
2	148	59	217	87	228	177	87	254	73	78	18	188	190	36	100	231	59	19	16	179	152	50	215	77	62	26	74	152	0	165	191	
1	8	179	185	116	186	232	19	124	73	82	84	189	8	176	232	195	47	54	29	183	188	101	215	132	62	186	192	140	136	89	237	
2	141	22	153	244	172	188	167	62	27	90	16	172	186	32	64	199	59	51	1	114	216	3	247	44	54	158	194	144	72	129	137	
250	65	98	232	14	19	202	113	69	0	244	138	11	15	180	112	126	133	95	234	200	167	101	204	178	249	170	152	55	142	114	140	
129	138	115	89	116	173	233	51	124	9	118	112	189	3	148	108	195	42	38	24	179	188	97	215	12	190	50	64	192	136	65	169	
159	12	227	223	150	178	235	81	116	194	95	214	121	230	183	108	126	236	55	143	177	213	45	238	88	46	171	128	175	231	49	245	
166	115	226	142	79	81	182	72	217	228	245	143	72	204	127	15	248	237	131	231	204	115	190	200	19	16	207	43	71	63	126	214	
45	253	67	78	85	159	102	252	87	224	248	78	122	208	181	180	88	232	22	110	201	178	252	255	54	60	5	44	127	191	122	164	
2	253	50	155	211	197	190	239	30	69	72	179	172	254	38	64	239	123	147	145	118	24	26	255	45	22	158	107	21	92	165	222	
27	221	86	217	179	247	94	190	119	111	254	54	47	179	166	244	247	255	188	216	255	153	49	255	171	255	20	215	186	212	168	95	
147	203	74	188	62	145	188	103	140	68	218	231	44	138	178	192	110	43	159	197	198	137	6	253	176	33	186	139	61	156	185	221	
126	121	123	234	59	211	91	200	173	232	189	168	127	223	107	112	254	253	221	242	73	3	168	232	251	213	15	59	99	51	39	115	
60	117	123	100	118	87	87	240	65	224	253	46	91	95	177	48	126	252	151	234	201	179	56	140	243	205	37	5	111	187	102	243	
18	174	238	188	250	208	188	230	190	151	210	179	44	174	166	66	103	251	175	129	118	219	134	255	248	35	254	203	53	84	173	207	
34	239	96	154	215	209	190	238	31	5	88	163	40	236	54	0	255	107	131	215	198	58	78	255	62	20	159	235	85	30	191	206	
18	207	206	188	242	178	188	230	158	143	218	247	45	174	167	193	111	251	167	133	182	219	6	255	56	103	255	131	181	244	173	223	
74	188	151	178	137	252	52	199	191	155	38	16	172	191	96	223	161	119	251	16	51	201	146	225	143	242	94	75	130	68	175	63	
43	199	71	73	85	23	174	232	95	104	88	198	72	104	180	165	120	40	146	239	229	178	125	222	38	30	139	166	95	174	121	156	
130	249	50	154	203	213	180	239	159	85	64	51	44	222	102	9	239	59	147	209	86	79	58	241	31	16	222	107	17	20	165	223	
23	133	103	207	214	178	239	113	116	194	95	198	81	108	180	100	126	238	22	173	241	187	37	206	56	46	175	192	47	234	240	244	
185	5	107	108	212	2	239	117	84	192	254	2	81	233	184	97	122	236	22	238	249	179	36	14	114	173	164	128	103	186	240	224	
2	189	50	219	229	172	184	39	173	25	120	49	172	158	116	0	239	59	215	17	146	56	194	241	15	56	26	202	212	12	129	155	
38	110	226	154	119	145	186	72	31	15	93	167	40	204	255	132	221	169	147	133	134	54	78	255	54	20	139	171	151	159	60	212	
90	221	58	250	155	212	17	230	191	85	204	19	44	223	34	208	231	123	155	209	86	11	50	247	243	245	30	75	146	4	173	91	
32	245	123	97	116	79	111	112	112	172	124	104	19	23	144	48	62	152	6	106	235	186	96	15	103	141	32	160	97	138	70	169	
33	49	241	73	244	239	227	81	99	45	125	64	19	21	157	52	90	154	6	88	147	186	116	92	109	156	32	64	231	139	70	160	
43	65	71	13	117	159	170	104	93	232	90	198	200	8	182	164	250	44	146	239	197	184	85	220	38	28	139	130	95	14	121	148	
6	186	190	177	162	235	49	67	190	61	87	49	140	151	98	73	163	63	239	16	18	221	2	208	220	211	123	199	128	0	135	195	
23	150	67	147	150	178	174	119	60	193	91	247	93	238	188	228	127	175	23	189	181	156	45	206	60	46	191	196	175	198	185	213	
2	161	118	137	236	137	184	103	76	33	250	18	172	138	84	66	238	43	127	1	210	186	65	192	20	24	154	226	20	8	129	137	
56	1	98	236	212	2	78	125	69	0	254	2	91	137	176	80	120	172	23	234	216	187	4	142	242	237	166	132	119	186	240	136	
6	178	26	177	235	233	177	67	174	61	21	179	140	159	234	74	167	59	239	17	18	89	10	209	222	209	63	231	148	12	133	195	
26	221	150	249	147	215	62	246	23	35	78	130	191	183	33	228	127	123	191	208	107	152	49	191	235	215	158	195	62	220	173	59	
230	178	150	144	238	235	176	65	191	63	51	59	206	250	236	11	175	29	239	51	48	119	138	208	28	18	111	231	192	106	135	131	
253	64	194	69	71	26	110	120	113	162	247	66	75	3	221	254	122	204	182	238	201	182	229	194	22	249	195	4	47	183	106	164	
214	178	246	226	239	107	176	73	187	63	179	59	78	248	108	11	187	21	239	49	50	119	136	208	30	18	127	247	197	78	199	131	
215	54	195	145	226	34	168	81	60	199	83	247	205	230	254	207	119	45	55	189	181	212	140	194	28	34	239	196	173	230	177	213	
226	127	228	198	255	119	222	255	137	238	188	175	106	60	151	35	207	247	215	225	236	107	232	238	63	126	221	187	199	126	214	223	
29	239	22	95	177	154	111	244	119	204	126	36	235	227	179	244	55	110	164	78	229	144	47	255	238	255	39	129	42	247	233	197	
2	252	146	153	215	237	180	199	62	19	64	18	172	190	96	72	163	27	147	17	50	92	18	243	13	22	30	107	144	88	165	154	
38	248	162	154	95	213	186	200	158	198	81	171	44	220	119	8	221	121	147	211	70	118	58	243	61	20	143	171	149	63	55	222	
236	114	126	126	104	205	31	121	158	122	149	184	221	223	169	123	214	117	255	106	224	71	234	18	99	249	109	188	86	185	135	115	
56	155	186	236	229	214	215	245	71	12	252	38	58	185	180	64	248	254	167	192	216	187	176	161	115	237	166	137	123	58	252	155	
56	219	154	236	237	215	86	253	23	76	244	109	42	253	38	208	220	250	134	64	221	187	96	187	115	247	52	155	91	62	236	219	
18	158	87	245	54	131	178	103	29	171	82	242	108	59	160	196	127	127	151	33	49	188	1	255	60	102	127	194	167	140	129	169	
252	82	191	214	108	68	213	220	48	254	181	58	90	87	235	123	253	212	255	227	233	103	249	194	209	35	255	157	65	123	118	123	
130	52	146	152	195	225	180	71	190	23	64	19	140	158	104	72	227	27	131	145	50	92	18	210	29	22	94	111	144	84	165	146	
224	160	156	250	237	105	144	77	159	63	177	57	206	248	108	11	201	151	239	49	58	103	202	209	157	146	223	127	208	72	215	131	
19	175	107	193	214	130	235	247	116	97	94	198	25	46	190	100	127	207	23	189	147	152	37	255	108	15	190	196	173	192	177	253	
185	69	106	228	118	18	79	113	85	64	247	130	91	13	178	113	126	156	21	238	233	179	37	142	242	233	160	132	103	186	112	241	
98	191	100	198	253	31	254	231	137	238	184	175	104	124	22	51	143	247	255	167	236	43	248	239	63	30	205	186	71	254	214	223	
203	189	244	211	190	144	185	191	175	249	30	183	237	255	214	102	167	119	255	221	151	72	175	247	110	95	191	238	134	132	129	125	
53	13	235	254	212	162	239	112	213	194	223	2	113	233	181	96	122	238	23	175	169	179	44	238	114	46	163	128	55	251	112	224	
49	87	117	69	244	31	246	53	117	232	250	102	75	40	148	240	126	172	102	238	220	186	101	204	110	255	37	192	111	138	226	133	
35	237	106	222	219	149	190	233	31	64	124	142	104	238	182	180	255	235	147	207	231	11	190	255	62	127	143	171	31	166	234	212	
90	169	90	184	11	217	56	203	171	21	168	137	173	206	70	82	34	163	249	196	6	73	158	213	159	209	27	57	2	4	47	206	
154	149	62	220	203	213	180	103	156	19	68	19	44	191	38	75	227	51	187	129	114	205	18	223	115	115	94	11	18	68	173	186	
56	251	170	236	245	86	247	245	84	140	254	98	56	153	182	96	248	254	151	202	216	187	33	169	115	237	166	129	107	58	252	171	
181	64	107	71	84	2	239	88	84	192	247	66	83	65	189	32	120	204	22	234	137	182	45	14	112	12	161	132	117	187	112	224	
34	143	98	158	215	210	190	230	157	196	216	163	104	236	54	196	250	235	147	199	228	155	46	239	58	54	142	139	23	62	61	222	
53	77	99	78	196	178	238	240	196	192	250	66	115	232	181	229	120	232	22	238	201	179	44	44	48	40	163	136	125	251	112	164	
110	239	243	206	255	144	110	237	87	136	124	98	104	251	253	228	123	250	183	234	194	50	142	255	62	60	135	171	55	190	244	165	
90	33	90	232	42	153	152	72	175	4	180	169	174	206	38	16	166	57	206	64	6	43	130	213	210	209	10	59	82	128	11	10	
117	255	193	5	252	15	239	249	90	236	248	206	83	100	213	49	63	204	86	111	225	115	253	94	60	14	45	188	69	122	119	241	
53	77	99	78	212	162	239	240	197	194	254	66	115	225	181	101	120	226	22	234	201	179	44	174	48	172	167	128	119	251	112	160	
53	247	5	165	188	75	143	252	6	226	152	238	215	101	153	160	127	204	94	111	201	179	109	60	188	134	175	180	116	251	17	241	
138	228	177	249	165	121	125	159	95	119	68	144	175	183	106	237	147	27	191	24	114	92	123	211	207	223	94	101	150	204	133	254	
138	182	189	185	239	125	177	255	30	127	20	58	156	191	202	175	143	27	247	1	243	126	235	211	207	211	126	238	210	76	143	251	
52	95	58	236	60	239	87	244	141	204	252	45	230	253	163	0	220	120	132	98	140	163	96	174	227	245	37	155	216	251	100	255	
125	215	210	174	246	7	78	248	6	136	248	230	113	227	169	192	126	236	6	238	73	18	88	125	252	165	167	172	189	251	40	145	
26	253	163	179	151	211	191	231	23	103	78	147	173	191	48	132	127	123	147	209	123	152	17	191	235	215	158	227	55	92	189	250	
169	191	2	152	219	249	166	231	190	77	252	191	172	230	98	148	105	170	202	17	55	43	246	247	188	5	30	123	219	76	175	222	
221	64	87	229	4	14	109	56	117	162	243	66	219	3	153	253	114	196	46	234	73	148	81	142	213	234	242	4	42	179	96	32	
79	253	240	211	190	152	190	183	235	115	28	165	189	223	222	98	167	123	253	215	214	76	174	243	174	93	191	238	6	134	131	93	
10	138	150	153	141	251	177	199	206	53	230	17	174	168	102	206	201	34	234	17	22	233	2	240	13	114	86	83	210	76	221	206	
25	207	246	93	181	158	95	190	119	77	126	4	235	233	183	244	119	110	172	76	239	248	39	255	234	255	20	131	122	213	236	109	
130	157	150	156	245	196	188	231	190	11	90	49	172	190	32	64	231	123	191	129	114	219	18	255	45	54	158	138	144	84	165	155	
26	221	210	255	147	215	94	247	23	69	206	2	46	191	38	228	231	251	159	192	111	153	57	255	251	255	148	131	58	220	172	126	
147	90	78	188	6	146	190	114	157	198	210	231	41	202	183	193	110	225	191	199	236	143	6	238	178	99	234	139	45	181	57	93	
123	81	42	174	63	151	158	104	205	204	222	175	238	216	55	64	254	229	255	231	204	35	28	253	242	117	143	155	95	62	57	87	
57	5	106	225	118	50	107	83	85	192	126	130	27	13	183	96	126	140	23	189	185	176	37	142	242	237	162	132	231	207	112	225	
1	142	75	181	52	170	104	55	124	67	90	213	177	34	144	96	66	46	63	141	189	156	69	79	132	62	186	192	172	128	89	88	
242	1	98	232	92	3	202	113	77	0	248	10	11	11	52	80	106	133	95	224	216	171	65	204	178	248	130	216	55	138	114	128	
122	71	106	172	55	6	95	120	1	140	252	175	107	207	51	80	254	237	149	231	200	179	40	142	243	253	175	155	55	190	118	115	
38	121	34	158	79	213	190	224	137	196	217	143	104	252	119	3	204	249	147	231	196	163	186	232	51	16	207	171	85	63	118	214	
2	221	34	158	223	209	190	231	158	68	88	163	172	254	54	64	235	123	147	193	102	154	58	255	61	54	158	139	21	92	181	222	
2	221	50	159	247	197	188	231	158	11	88	19	172	254	32	64	231	123	179	129	114	152	18	255	45	54	30	203	16	92	165	219	
1	158	59	217	52	172	185	55	252	73	94	80	188	178	180	100	167	59	30	9	179	184	48	215	13	190	50	194	136	0	225	169	
34	239	98	159	223	209	190	239	94	69	88	163	168	236	54	0	219	107	131	199	230	58	110	255	62	20	159	235	85	30	189	206	
1	158	59	89	48	172	249	55	252	9	126	84	188	179	32	96	165	58	6	8	179	184	48	95	79	191	50	64	216	128	225	171	
255	67	66	68	77	18	110	120	113	172	247	110	72	138	191	245	120	204	166	238	205	179	164	204	22	120	195	143	111	191	122	132	
35	239	66	94	117	159	230	236	95	200	124	78	104	200	190	180	216	234	146	110	199	58	94	255	62	28	133	171	95	190	218	140	
49	229	65	37	116	15	207	125	108	232	250	206	83	44	148	48	126	205	118	239	201	178	125	12	52	174	39	148	101	186	226	240	
124	121	123	238	51	211	87	240	33	192	252	42	127	223	33	48	250	249	221	226	73	131	56	172	243	221	5	59	123	179	102	115	
61	93	123	110	86	87	87	240	69	192	252	38	123	221	51	48	126	248	23	234	201	178	56	174	115	205	37	0	111	187	98	243	
146	14	206	189	242	146	190	246	156	134	90	231	173	174	183	64	111	239	183	133	164	216	7	239	44	39	190	129	45	244	57	221	
159	182	195	147	210	178	168	81	60	227	83	247	205	230	234	205	119	45	183	149	181	212	140	194	156	70	255	198	175	228	171	213	
34	239	96	155	215	209	190	239	30	69	88	163	168	236	54	0	219	123	147	213	118	58	110	255	47	22	159	235	85	30	189	222	
74	188	150	220	203	208	180	231	191	23	70	49	172	254	100	206	163	123	235	16	50	73	146	241	187	114	94	75	130	84	173	63	
142	182	214	177	234	169	176	221	190	63	115	255	204	234	234	139	191	31	231	17	54	117	138	208	28	19	127	231	206	76	141	147	
2	189	18	155	229	172	184	7	174	25	120	48	172	158	108	64	231	59	147	17	18	56	2	241	13	24	26	202	208	8	129	155	
226	253	228	214	254	63	158	230	153	234	184	191	104	124	23	34	223	247	215	225	248	107	224	239	63	62	159	187	197	124	214	223	
33	103	115	65	116	91	235	112	125	232	124	98	80	21	148	180	122	136	18	104	225	184	101	223	36	30	161	192	111	138	82	165	
19	135	103	133	150	178	238	119	124	195	219	214	89	238	188	228	127	167	62	173	245	153	37	206	60	46	175	196	47	230	177	213	
39	116	226	9	85	63	226	88	79	73	121	206	8	200	191	164	120	136	146	63	135	178	92	218	54	28	131	166	223	255	122	148	
72	253	58	246	113	220	119	246	185	77	110	1	190	255	34	80	164	123	221	66	66	169	50	111	227	253	52	11	66	0	111	219	
58	157	114	186	27	209	26	226	135	4	204	163	44	223	39	192	235	187	155	195	78	11	42	255	243	245	138	187	55	6	45	94	
58	7	34	190	95	145	154	104	143	4	221	175	108	204	54	196	254	169	143	231	206	3	14	255	178	84	139	187	23	14	61	199	
146	162	94	185	178	234	49	71	190	61	87	179	205	151	170	72	55	63	175	16	18	216	137	85	222	227	127	199	180	128	173	75	
130	141	18	153	244	137	188	39	172	25	122	18	172	138	16	64	239	43	19	129	82	152	66	199	36	48	154	194	4	8	161	137	
57	133	106	233	212	18	239	247	84	64	254	2	81	43	178	96	122	206	23	234	249	187	37	175	122	237	166	196	39	154	240	232	
194	182	246	177	238	41	184	207	191	63	113	255	140	190	236	139	175	31	231	49	182	117	138	209	28	18	127	231	213	76	143	155	
10	178	210	185	226	185	184	223	30	55	80	247	173	142	234	200	183	27	183	133	150	92	7	243	158	71	126	231	189	140	169	157	
151	132	235	145	214	178	237	87	116	195	87	214	81	238	254	108	127	236	55	189	177	212	37	206	124	47	191	196	173	244	177	244	
11	187	42	24	219	221	183	247	175	77	220	167	168	254	166	228	108	170	206	148	215	11	54	255	255	87	62	251	91	12	175	223	
31	207	118	93	177	218	127	246	127	206	126	165	43	172	183	244	231	234	172	206	239	248	39	255	170	255	52	131	114	244	236	93	
134	237	18	138	238	33	190	206	142	18	88	2	172	234	113	67	239	91	51	115	82	3	138	242	60	16	207	174	148	123	161	137	
19	141	107	193	214	179	235	255	118	97	94	198	49	47	182	96	127	206	23	253	179	152	45	255	126	15	190	196	165	130	241	248	
56	197	98	236	212	2	78	255	69	0	254	2	91	41	176	80	120	206	23	234	248	187	5	142	250	237	164	196	119	154	240	136	
130	249	50	154	203	197	188	239	159	85	64	51	44	222	102	9	239	59	147	209	86	75	154	241	31	16	222	107	17	28	165	223	
185	69	106	108	212	18	207	117	84	194	254	2	115	201	177	97	120	236	22	234	233	179	36	14	114	233	165	128	103	186	240	160	
74	184	150	208	137	221	48	199	191	153	166	24	174	190	102	254	161	115	251	16	22	105	146	241	155	210	86	123	202	68	143	31	
127	67	70	68	71	18	238	120	97	168	255	78	72	138	191	245	122	196	182	238	205	179	165	204	54	120	195	135	111	183	106	132	
27	221	114	89	179	214	94	183	127	109	254	21	42	190	38	244	247	255	190	208	239	137	49	255	59	255	20	211	186	212	236	95	
136	178	156	187	239	251	177	207	158	63	117	49	204	247	234	75	211	31	238	16	50	117	202	209	220	211	127	247	144	72	141	131	
162	237	180	135	237	37	190	231	137	186	184	10	172	174	84	3	237	111	87	163	224	91	202	234	61	24	207	184	5	126	147	153	
53	13	235	206	212	162	239	115	85	194	255	66	113	233	181	96	120	230	23	170	185	179	44	238	114	46	163	128	229	235	112	160	
49	215	113	103	116	15	238	53	101	104	250	231	211	40	148	112	126	204	38	239	221	186	85	78	38	236	33	128	109	170	240	145	
59	173	34	190	87	145	190	225	94	68	125	3	105	250	54	160	251	107	147	199	230	186	62	255	107	95	159	43	87	30	251	206	
26	253	162	251	149	215	95	247	23	69	206	19	174	191	34	196	233	251	159	193	123	153	50	247	171	215	158	195	50	92	188	254	
43	143	98	206	117	151	238	248	93	72	124	70	104	232	182	228	120	234	150	239	197	186	44	255	54	60	135	138	95	174	120	141	
253	67	67	204	69	30	102	120	101	232	247	78	75	3	177	253	120	196	174	234	201	183	117	206	22	251	194	134	43	191	120	36	
26	189	176	249	181	247	93	15	31	95	252	48	174	254	230	124	215	59	189	16	62	200	115	219	235	223	22	211	146	204	172	127	
53	13	99	78	212	162	239	240	196	194	255	66	115	224	181	100	120	226	22	234	233	187	44	46	48	46	167	128	117	251	112	164	
53	231	193	165	52	11	79	252	70	224	218	206	215	100	145	164	126	204	94	110	201	178	125	30	188	134	165	180	53	250	16	168	
94	237	244	179	182	136	254	167	235	49	26	2	237	104	88	66	111	199	127	211	210	248	143	225	188	255	175	196	37	86	177	8	
154	180	176	249	165	249	89	159	95	119	76	16	175	191	110	237	135	27	189	24	54	92	251	211	203	223	82	103	146	204	133	254	
218	148	244	121	149	254	80	159	127	123	190	24	238	61	12	124	245	151	253	17	186	236	113	215	139	254	150	215	242	68	196	95	
166	121	178	154	111	193	182	192	158	198	80	171	44	220	103	8	202	123	147	195	66	78	154	243	53	20	159	171	21	63	55	218	
130	248	144	155	223	197	190	198	30	17	64	2	172	222	97	8	195	123	147	211	66	92	26	243	45	22	159	107	144	25	161	154	
18	159	83	197	118	42	175	119	28	40	90	230	117	35	164	68	118	247	23	168	241	152	5	79	60	38	42	192	45	234	161	57	
157	71	79	167	132	2	238	245	52	226	91	199	81	97	185	65	124	236	21	239	253	145	13	8	240	169	239	132	45	251	240	144	
188	128	84	243	36	10	76	57	57	18	183	24	203	75	28	27	187	129	76	170	120	228	73	215	130	251	80	84	103	131	194	0	
156	48	188	243	205	124	113	216	247	255	151	51	219	127	75	47	237	212	255	144	187	116	251	130	223	219	247	231	227	109	117	243	
90	185	2	176	25	205	112	194	175	81	160	9	174	223	66	82	168	179	233	193	78	75	210	245	219	209	139	123	3	4	39	90	
122	185	186	184	153	212	16	135	171	17	136	9	174	158	98	114	193	55	233	17	30	75	210	145	219	245	30	123	144	12	188	90	
252	90	191	230	109	86	215	248	168	254	183	46	90	127	175	123	252	213	255	226	201	231	249	232	211	171	227	148	3	59	118	115	
236	112	62	254	104	31	31	248	157	218	245	184	223	223	169	123	215	117	255	106	224	71	234	186	247	251	111	188	22	189	7	243	
2	248	146	153	211	193	180	199	30	19	64	18	172	190	105	72	243	91	147	17	50	220	18	243	45	22	30	111	144	80	165	154	
54	141	198	211	212	34	236	231	61	19	122	18	72	42	61	75	107	195	55	144	56	250	9	226	60	46	222	192	165	120	241	136	
25	141	43	173	150	6	239	119	36	72	90	199	117	47	178	96	126	239	23	239	209	152	53	45	245	237	170	128	45	162	161	249	
116	91	127	236	44	71	87	244	197	220	182	45	86	253	167	115	204	244	253	98	201	227	33	172	251	187	229	150	64	187	116	123	
59	187	34	152	243	221	187	247	191	77	220	175	44	156	166	244	254	187	159	213	223	11	54	245	251	85	62	251	31	14	175	255	
151	6	235	197	198	50	173	89	124	226	87	214	81	44	191	108	126	12	55	175	177	180	37	202	20	46	234	132	173	240	113	245	
57	5	106	225	246	50	107	87	85	97	126	130	91	45	179	32	126	140	23	188	185	176	37	142	118	237	160	132	231	207	240	225	
208	89	63	244	19	204	53	119	236	192	78	6	180	179	32	115	162	55	57	8	97	185	48	13	243	235	86	2	40	16	165	43	
90	201	42	174	31	145	159	232	143	132	140	139	238	232	114	64	250	227	251	231	76	35	154	253	243	117	143	59	23	62	61	198	
58	87	106	172	119	151	95	120	5	196	252	143	107	237	50	80	254	233	151	231	204	179	60	159	243	253	137	155	119	190	118	82	
186	5	98	232	84	3	202	113	69	32	248	10	11	11	52	81	122	136	31	226	216	179	64	206	178	201	130	144	119	139	114	128	
2	205	18	153	254	129	190	230	142	0	120	2	172	234	49	64	234	107	19	195	66	8	2	251	52	20	142	136	20	89	33	137	
34	157	34	158	223	193	190	230	30	69	88	163	172	254	38	64	255	123	147	193	102	154	26	255	61	54	158	139	21	92	181	222	
2	221	18	159	241	197	190	231	30	27	88	18	172	254	32	64	231	123	179	1	114	152	18	255	45	54	30	202	16	92	161	155	
210	94	78	188	74	128	190	246	152	134	214	231	45	175	179	67	110	225	191	199	228	143	6	239	240	99	250	137	45	181	57	219	
66	173	242	213	254	128	254	175	175	129	90	130	172	238	84	66	239	127	63	145	210	88	142	255	46	60	159	232	133	134	225	137	
34	239	96	155	215	209	190	238	30	69	88	163	168	236	54	0	219	107	131	197	86	186	110	255	46	22	159	235	85	30	157	222	
210	203	110	188	74	192	61	103	164	4	214	163	45	135	162	81	102	179	143	193	96	143	38	237	240	35	254	139	53	20	165	107	
60	125	123	238	83	211	87	224	33	192	236	42	127	223	35	48	254	249	213	226	73	179	56	191	243	205	5	59	123	51	102	242	
39	175	96	27	245	157	246	238	95	233	124	76	104	232	190	180	217	234	146	79	198	186	94	255	46	28	5	107	95	158	218	140	
34	125	34	158	95	197	190	226	137	200	216	15	44	252	55	0	204	123	147	199	196	43	154	253	55	16	142	187	21	63	55	223	
19	31	66	157	246	146	174	246	20	202	90	231	233	234	183	192	127	239	183	205	229	152	5	239	44	47	190	128	45	244	57	221	
90	184	215	156	203	208	180	231	191	151	82	179	44	190	228	198	39	123	235	144	38	219	166	253	30	34	94	139	167	68	173	207	
34	239	32	155	215	209	190	239	30	101	88	163	172	236	118	0	219	123	147	209	86	154	110	255	45	22	159	239	149	94	181	222	
43	113	103	73	119	27	162	104	95	224	120	230	72	88	180	164	122	8	146	111	229	250	109	220	46	30	131	166	95	174	123	173	
2	189	18	155	229	173	188	231	190	25	88	16	172	222	104	65	199	59	147	17	18	24	2	241	13	16	30	202	144	4	161	155	
2	249	50	154	203	197	180	239	158	93	88	19	172	222	110	65	237	27	147	145	82	75	26	241	61	16	222	239	16	4	165	219	
19	133	103	133	150	178	239	247	116	65	218	198	89	238	188	228	127	230	62	173	245	153	37	207	56	46	174	196	45	246	241	124	
39	107	98	30	109	147	254	200	95	142	125	207	104	200	247	132	216	232	147	71	198	182	78	251	54	28	137	171	95	63	122	197	
122	143	34	190	59	209	154	232	159	4	157	171	109	206	54	196	234	187	143	195	78	3	42	255	179	117	139	187	55	14	60	86	
43	33	103	73	119	27	162	104	93	104	120	102	200	24	180	164	122	8	146	239	197	176	101	220	36	28	131	130	95	14	123	165	
103	67	98	76	77	146	254	120	209	132	253	142	72	202	191	245	124	236	162	238	204	179	118	204	54	56	193	15	119	191	122	196	
16	221	58	254	91	196	54	240	189	68	236	1	62	223	34	80	162	123	211	66	70	11	58	239	243	237	2	11	112	35	47	219	
130	205	18	155	228	137	188	39	172	25	90	18	172	138	56	64	239	59	19	1	82	152	66	245	36	48	154	194	20	8	129	137	
56	197	106	236	212	18	78	245	85	0	254	2	91	41	176	65	120	206	23	234	248	187	36	174	250	237	166	196	119	154	240	136	
26	158	210	185	178	145	186	223	62	37	82	247	173	142	162	192	119	27	151	149	182	156	7	247	174	103	58	194	189	132	169	157	
118	93	38	158	219	212	158	226	153	204	220	167	40	252	39	64	236	243	219	195	236	139	50	238	51	126	142	155	23	117	53	95	
38	105	98	30	79	209	182	96	137	196	249	171	104	236	55	1	218	249	147	195	68	35	238	233	55	48	203	171	85	63	118	214	
218	233	116	183	62	136	254	189	175	176	18	130	237	239	80	67	38	231	125	227	226	88	143	253	190	249	175	164	39	180	147	9	
34	249	50	158	79	193	190	228	158	196	64	171	44	220	103	0	234	123	147	195	66	90	154	243	53	20	143	43	21	63	23	218	
134	237	144	143	238	1	190	238	142	178	216	2	172	234	113	66	239	123	19	243	112	95	138	250	60	20	143	172	149	122	161	137	
19	164	235	209	214	50	239	215	118	195	94	150	89	239	190	100	127	206	23	189	179	156	37	198	124	46	191	196	167	196	177	252	
98	253	230	212	255	142	190	230	153	235	184	187	236	124	20	2	239	247	215	197	240	107	192	239	63	62	223	186	69	124	211	217	
146	178	222	177	226	185	184	215	62	55	118	247	141	174	234	73	55	31	175	149	182	252	14	211	158	210	127	231	188	200	173	157	
147	180	203	145	146	178	168	215	62	195	83	247	93	230	252	224	119	175	55	157	181	212	44	198	62	14	191	196	173	196	169	213	
26	157	50	222	145	213	94	231	151	77	222	3	40	255	38	228	237	251	159	192	255	137	50	255	187	223	148	211	18	92	172	95	
34	237	180	149	253	173	190	231	153	171	248	27	172	254	20	2	205	247	87	133	240	122	194	239	61	30	223	234	69	124	211	139	
23	12	227	223	150	178	239	115	116	195	219	214	81	230	180	228	127	238	63	157	185	157	45	206	56	46	175	192	165	226	240	100	
58	173	114	158	159	209	150	235	223	4	237	3	40	248	126	132	249	123	131	195	86	171	30	255	59	87	159	123	87	14	255	206	
53	13	111	78	148	2	239	113	212	192	255	66	115	225	181	97	120	238	22	234	249	179	44	46	120	175	231	128	101	250	240	160	
49	143	73	101	212	14	111	191	116	162	250	206	243	97	144	112	127	238	86	174	249	184	77	46	236	174	165	128	109	250	210	168	
47	173	194	158	223	145	238	233	31	32	108	139	104	224	126	148	121	234	162	222	86	58	142	255	62	30	133	107	83	46	248	132	
98	148	244	217	149	254	80	159	127	123	190	25	174	62	12	120	245	151	253	17	186	104	113	215	159	254	86	87	210	76	197	95	
226	180	148	212	253	44	184	239	187	43	186	56	206	120	28	27	221	87	255	49	48	111	193	223	61	62	95	254	192	72	131	11	
10	180	180	249	181	253	88	15	31	119	44	17	142	191	70	125	131	27	191	16	62	216	243	211	203	223	90	119	146	76	133	126	
74	180	180	241	233	253	177	7	187	127	28	57	172	191	70	142	141	27	247	17	182	110	242	211	207	215	90	235	210	76	143	255	
252	0	116	115	174	10	74	152	113	50	183	26	75	73	93	91	59	196	108	234	248	100	75	160	210	203	225	84	103	187	66	1	
222	54	180	243	173	124	112	27	55	251	247	49	222	255	73	111	237	157	253	144	186	116	251	194	223	219	87	231	162	228	100	247	
196	36	212	222	184	43	218	138	187	179	179	24	206	106	13	25	147	231	108	50	48	101	203	222	140	190	91	126	192	97	67	1	
238	48	252	114	41	120	153	8	187	247	167	185	222	31	94	59	135	149	253	55	182	69	251	192	211	123	91	255	198	197	7	115	
17	95	95	101	50	10	47	53	32	234	122	228	247	35	129	99	54	116	28	106	225	144	101	12	228	171	103	128	44	178	129	57	
252	90	190	244	109	86	27	240	168	254	182	61	94	255	227	123	206	245	255	98	232	103	235	168	211	249	99	159	66	189	38	115	
204	88	182	252	40	31	61	248	173	218	182	185	223	223	225	91	198	117	255	102	224	71	234	168	210	251	111	190	6	253	39	83	
130	249	146	155	207	197	180	199	158	17	64	18	172	158	104	8	225	91	179	209	82	90	154	241	45	22	30	111	144	88	165	154	
17	221	75	237	18	70	111	53	36	200	94	230	113	39	176	97	54	236	21	238	233	152	53	44	244	169	166	128	45	178	161	249	
2	40	62	185	105	129	56	67	174	29	66	1	172	130	96	72	226	41	107	145	6	153	130	241	149	48	154	203	16	0	37	138	
54	105	27	190	89	205	83	104	175	4	169	9	110	223	99	16	216	185	211	66	78	35	122	253	179	212	1	59	80	43	6	194	
118	93	34	158	219	212	190	230	153	206	216	39	104	254	39	64	236	243	211	195	228	11	58	239	51	54	142	139	23	119	55	223	
3	182	229	145	178	42	173	159	62	115	90	247	156	46	222	175	39	79	23	157	183	220	37	226	140	22	254	198	141	196	129	253	
122	141	106	174	31	211	223	232	5	4	204	11	111	236	50	16	248	235	159	231	78	43	24	255	251	245	143	59	119	46	118	70	
185	5	110	225	214	50	107	87	85	97	126	18	91	41	182	96	126	142	23	185	184	184	37	142	114	239	160	196	231	218	240	160	
56	13	107	238	87	215	95	120	5	68	252	131	123	239	50	80	122	251	151	230	72	179	56	191	243	237	129	1	119	190	116	242	
2	233	118	221	254	131	190	239	159	129	90	130	172	238	116	65	230	127	127	193	242	217	130	253	46	56	143	234	4	4	161	137	
2	157	50	159	95	197	190	238	30	71	88	51	172	254	34	64	255	123	147	129	34	154	82	255	45	54	158	235	21	12	181	219	
210	233	86	181	46	136	108	172	191	176	210	2	237	202	84	67	102	239	127	227	106	88	139	253	188	250	207	168	36	48	161	8	
151	6	231	145	150	50	172	83	125	211	83	214	89	238	189	239	119	141	31	189	181	213	37	202	28	42	255	132	173	228	177	213	
74	56	214	156	75	209	176	71	191	149	210	179	44	190	38	198	163	59	235	129	6	203	134	245	30	50	94	139	7	4	173	159	
35	175	96	27	245	153	190	238	94	109	120	175	168	232	118	0	217	107	131	87	214	58	110	255	46	30	159	235	85	78	223	206	
34	173	32	155	215	209	190	239	30	101	88	163	172	236	118	0	219	123	147	145	118	26	110	247	45	22	159	235	149	92	149	222	
223	30	199	180	18	178	170	80	180	194	211	247	77	238	179	203	103	229	191	191	173	213	4	206	144	98	235	128	173	245	57	85	
61	93	123	110	87	215	87	240	69	192	236	10	123	221	35	48	120	249	23	234	72	179	56	61	243	205	5	9	115	187	98	234	
19	95	99	207	180	150	239	112	76	200	90	70	113	124	181	100	126	110	22	239	193	185	45	239	52	46	175	128	63	250	113	253	
18	142	230	157	114	144	188	246	191	143	82	247	45	174	166	196	103	251	167	133	166	216	6	239	60	38	254	131	39	132	173	221	
146	142	194	157	242	130	174	246	53	143	218	247	41	174	182	68	127	239	167	133	228	218	5	239	60	38	190	128	167	244	185	221	
2	189	18	155	237	141	188	231	158	25	88	16	172	222	104	65	231	27	179	17	82	88	26	245	45	16	30	238	144	4	161	155	
2	253	48	154	203	197	180	239	158	93	72	19	172	222	110	1	237	59	147	145	82	90	26	245	61	16	222	107	17	30	165	219	
162	235	96	154	109	153	190	236	31	44	81	171	104	204	127	0	217	235	131	199	198	50	206	247	62	20	157	171	85	31	94	207	
16	253	59	254	91	196	23	224	188	68	233	1	62	223	35	80	182	251	89	67	66	11	58	127	241	229	2	10	16	50	39	123	
114	143	42	190	27	209	154	232	159	4	221	171	109	206	38	64	250	187	143	195	78	3	42	255	179	245	139	187	53	46	60	86	
43	35	66	73	127	27	170	104	77	96	122	230	72	136	180	164	254	9	210	231	197	178	101	220	54	28	139	131	95	14	121	133	
99	77	98	94	93	149	214	232	199	4	237	11	106	204	55	84	200	224	194	70	206	43	122	253	51	28	128	59	83	63	126	206	
26	158	90	191	50	138	58	246	60	5	126	231	109	163	162	80	55	255	175	132	182	157	5	127	254	231	58	193	191	132	169	25	
91	159	71	173	18	178	46	247	61	65	218	231	125	46	178	240	119	231	191	237	181	153	5	255	184	110	186	192	47	134	169	93	
83	141	103	141	150	146	239	247	116	65	218	198	113	46	188	100	127	230	62	239	249	153	37	255	56	46	174	196	45	198	177	124	
2	221	22	155	228	141	188	167	174	27	88	48	172	186	40	65	199	59	51	1	82	24	2	245	44	16	158	202	20	8	129	137	
56	141	110	238	212	147	78	255	85	0	254	2	91	41	176	97	120	238	23	234	248	187	44	191	122	239	166	196	119	154	240	136	
27	158	67	187	50	147	186	254	63	65	90	231	45	206	178	196	119	43	159	149	183	156	13	255	188	103	186	194	191	132	41	221	
34	253	50	158	95	197	182	238	142	80	72	11	44	254	101	0	204	123	147	195	66	43	154	245	53	20	158	43	17	31	55	218	
137	4	235	193	214	50	239	87	116	227	94	214	17	45	158	96	127	78	23	189	177	252	37	202	102	47	182	196	175	248	240	249	
216	91	95	229	34	66	31	52	164	196	134	228	255	39	129	67	38	117	125	238	233	193	49	44	224	227	110	144	44	176	37	121	
17	132	234	201	212	162	239	255	84	195	222	18	81	233	190	96	123	238	23	189	154	185	37	238	122	47	183	196	165	218	240	232	
98	253	226	148	253	173	188	231	155	171	216	59	172	188	20	3	239	247	215	133	240	235	192	239	61	62	222	186	69	92	147	137	
43	157	50	218	29	213	94	230	159	79	254	19	40	254	38	244	237	251	191	128	238	139	50	255	59	126	158	139	18	76	236	95	
19	132	235	145	146	162	170	215	62	99	90	214	81	238	184	96	119	175	31	189	183	157	37	95	60	47	191	196	173	192	177	249	
144	146	219	185	178	171	57	223	62	55	82	247	181	163	168	72	247	31	47	16	178	220	5	119	204	166	62	196	188	200	165	153	
21	133	111	205	148	162	239	247	116	195	218	194	81	236	188	96	127	238	23	189	185	185	37	14	56	174	175	196	165	226	240	224	
98	173	144	149	252	45	188	239	154	171	248	26	172	58	80	3	205	75	91	1	50	122	194	239	60	22	222	234	192	72	147	137	
222	88	182	252	40	13	88	208	189	250	246	185	239	255	97	91	198	117	253	70	224	71	195	232	210	251	123	154	6	189	35	211	
47	37	66	76	213	159	238	232	95	160	232	10	104	201	53	148	120	232	146	238	22	179	76	223	62	92	129	107	87	143	122	132	
61	5	106	236	148	2	207	117	80	128	255	2	83	225	184	97	120	230	20	234	248	179	37	14	250	175	167	128	101	250	240	160	
226	165	148	149	252	45	188	239	186	59	248	24	236	40	28	10	143	71	110	17	48	123	195	215	61	62	95	254	196	72	195	137	
42	173	130	26	221	245	146	238	159	13	236	11	40	232	102	148	217	235	130	211	22	107	138	247	59	85	157	123	211	15	254	206	
2	181	176	217	189	253	88	7	95	119	174	25	174	62	70	124	131	155	255	16	54	72	115	215	143	94	94	115	146	76	197	95	
10	180	176	249	233	253	177	15	187	31	28	57	142	191	78	14	135	27	247	17	54	106	242	211	207	215	94	235	210	76	143	255	
252	72	102	103	12	58	78	216	117	178	183	26	91	9	217	91	122	196	108	234	232	119	41	168	210	235	229	20	103	251	96	0	
221	72	252	103	46	26	79	152	96	242	183	10	219	97	219	123	54	196	124	234	233	101	237	40	246	235	101	148	39	243	80	97	
158	52	180	243	165	127	80	27	63	251	187	49	142	255	76	91	245	159	253	16	186	244	251	194	139	222	83	246	130	68	5	83	
223	88	254	244	43	126	93	16	177	254	151	185	95	63	131	127	166	245	253	230	173	197	163	168	211	251	121	147	162	245	47	119	
252	88	182	244	109	92	112	80	177	250	183	61	223	223	195	127	238	245	255	66	168	103	226	160	215	251	115	155	2	189	39	243	
15	253	237	211	182	179	191	183	126	247	94	246	253	111	146	233	55	123	151	159	243	216	47	253	110	15	255	192	142	213	145	249	
17	141	111	231	150	162	111	255	116	97	222	194	113	39	184	96	126	231	31	237	249	153	45	63	248	239	175	196	37	226	241	120	
56	175	42	174	93	211	87	226	135	12	252	43	107	249	42	16	248	251	135	195	74	171	8	191	251	213	165	251	115	14	126	235	
56	13	107	239	86	199	255	112	68	68	254	2	113	253	50	96	120	250	19	238	72	187	60	191	115	175	162	1	119	170	116	242	
2	157	50	159	95	197	190	238	30	75	88	51	172	254	32	64	253	123	179	129	34	154	90	255	61	54	158	235	16	12	165	219	
24	133	234	201	212	162	239	255	84	193	222	2	81	233	188	96	123	238	23	185	186	187	37	174	126	175	166	196	181	202	240	168	
141	141	108	211	214	50	237	183	116	83	94	146	217	45	150	105	127	70	55	190	181	252	45	238	110	107	246	196	167	208	241	249	
34	173	32	155	245	201	190	238	30	69	88	131	172	236	54	0	217	123	147	145	54	186	78	255	45	22	159	107	85	12	213	222	
2	142	194	157	114	146	170	246	63	13	90	231	169	174	182	68	126	107	167	141	166	216	6	255	44	38	190	128	47	132	41	221	
19	158	67	191	50	179	42	242	63	65	90	231	125	238	176	192	119	171	31	149	183	152	13	255	188	102	170	192	63	134	41	93	
75	220	237	87	162	58	173	183	124	115	94	246	249	47	150	107	55	70	61	175	241	216	173	111	102	43	254	132	167	240	241	121	
32	205	123	78	212	207	71	246	196	8	252	0	115	245	48	48	88	234	22	106	74	171	42	63	115	141	36	9	113	250	230	234	
19	157	99	142	84	150	239	246	92	192	90	70	113	232	181	228	126	238	18	239	229	184	53	239	53	46	142	0	45	250	112	252	
28	85	115	172	27	194	23	104	181	132	233	163	95	247	33	80	122	249	159	226	72	131	8	207	241	228	11	11	51	50	39	242	
114	143	42	186	30	193	158	232	158	4	140	171	228	206	54	64	255	251	139	199	78	11	10	255	251	5	143	187	20	46	61	66	
38	245	96	152	223	209	150	234	139	117	184	139	40	236	126	0	217	219	211	243	118	99	254	247	63	22	141	127	85	93	214	214	
11	103	66	9	127	27	174	105	205	96	218	230	200	136	182	164	254	13	218	231	197	179	5	222	54	28	139	131	95	14	249	133	
211	141	79	175	18	130	110	247	52	64	218	199	117	110	176	112	118	231	63	239	245	153	45	255	176	46	170	128	45	226	161	93	
130	249	54	216	127	149	188	245	173	88	208	179	172	158	54	97	238	59	223	197	246	139	38	253	55	88	142	202	23	12	181	223	
130	233	118	157	124	129	252	231	191	17	82	18	172	202	52	65	238	107	63	193	242	221	130	253	188	56	158	200	20	0	161	137	
34	205	50	158	125	133	190	230	142	8	88	2	172	254	53	64	206	123	23	193	194	11	2	255	53	60	158	170	21	26	33	137	
218	90	118	188	47	212	188	116	157	94	182	183	44	158	167	67	238	241	255	231	229	231	50	253	243	251	234	155	31	60	61	95	
42	217	96	90	93	221	215	255	71	93	188	13	170	221	62	36	217	138	146	12	223	42	126	183	107	221	149	127	83	158	220	222	
34	181	48	202	253	133	220	255	31	121	189	57	170	125	92	16	157	155	215	17	218	42	91	247	47	92	157	254	211	14	210	219	
162	157	114	220	245	156	252	230	255	75	250	23	172	188	54	96	239	251	183	133	226	235	50	255	63	62	158	138	85	76	245	223	
194	104	214	157	44	138	104	172	191	178	178	16	236	202	65	91	35	229	127	194	96	197	139	251	132	50	219	144	4	49	33	8	
162	237	146	157	253	141	188	231	158	11	88	26	172	190	48	0	237	123	119	129	114	250	194	255	61	54	222	234	197	88	147	137	
34	157	50	216	253	245	156	231	159	93	252	19	44	254	38	100	205	251	191	129	166	11	50	247	59	94	158	235	18	12	236	223	
141	141	236	243	246	50	255	183	116	227	94	146	249	45	150	109	119	222	23	189	243	252	45	239	110	207	182	192	167	213	241	233	
25	159	91	175	178	170	47	191	60	65	90	231	253	103	128	64	55	127	63	141	179	152	13	127	236	167	62	192	188	194	129	57	
248	197	110	228	148	18	79	253	100	128	254	2	83	107	184	99	120	230	93	234	248	163	41	46	242	235	231	148	103	186	240	40	
222	54	230	148	171	112	56	3	185	255	151	191	204	110	95	223	167	149	253	149	188	71	175	192	154	115	219	151	134	101	47	87	
58	173	2	26	93	209	146	234	223	13	252	11	42	232	103	132	217	235	194	65	14	43	10	255	59	85	133	59	83	14	126	142	
224	165	148	149	252	41	184	111	58	59	249	24	204	42	72	11	155	15	106	17	50	123	195	215	60	22	95	126	196	72	195	137	
42	188	176	56	249	209	144	231	159	93	188	57	174	188	102	132	201	59	195	17	30	107	226	247	107	87	30	123	210	28	207	223	
2	180	180	219	253	253	112	15	63	123	60	25	142	190	76	120	135	27	255	16	50	72	243	211	143	222	30	255	210	76	197	95	
252	72	228	231	12	42	70	152	113	178	183	26	75	73	89	27	121	196	108	234	168	119	201	170	210	235	229	52	231	251	66	0	
253	104	252	103	174	58	95	152	115	242	183	10	219	105	219	63	55	244	125	106	232	116	239	170	214	235	229	180	231	243	66	33	
206	176	180	241	235	125	185	79	187	127	53	57	140	191	78	30	167	27	247	17	54	90	234	210	223	215	95	255	194	68	143	215	
100	165	144	131	252	41	248	141	27	25	57	24	204	104	92	8	155	139	70	49	18	106	203	215	12	30	31	124	212	74	195	129	
206	54	182	240	235	124	185	3	187	255	151	57	204	254	79	159	167	149	253	145	52	71	170	192	223	83	91	255	134	101	15	87	
222	90	182	244	43	108	48	82	185	218	247	55	206	159	99	111	231	245	253	131	172	119	146	226	215	243	91	139	130	117	37	87	
196	36	150	150	248	43	248	11	191	179	187	24	204	234	73	91	151	167	110	16	48	103	203	202	156	54	91	92	192	97	3	1	
34	221	50	158	223	196	190	228	155	74	217	3	108	254	45	64	236	115	147	195	226	11	26	255	49	54	142	139	17	95	37	219	
89	157	87	175	178	138	111	181	36	64	94	230	255	119	128	112	54	247	61	238	217	152	45	127	248	239	46	128	62	226	161	121	
56	159	18	170	125	131	86	240	135	12	248	111	110	249	32	144	220	251	135	99	78	171	8	191	250	213	37	187	90	14	62	155	
2	157	18	155	223	197	190	238	30	9	88	19	172	254	32	64	221	123	179	129	50	152	90	255	45	54	158	235	16	12	165	155	
29	205	228	247	182	18	254	183	117	83	126	146	121	109	156	105	63	198	53	207	248	248	45	239	110	235	247	192	167	252	240	232	
40	159	122	126	116	195	87	246	132	12	252	32	114	251	160	32	216	122	135	66	74	171	72	63	107	237	164	217	113	138	228	171	
34	189	32	155	221	201	182	238	30	69	72	155	172	236	62	0	217	59	147	17	50	56	90	247	45	22	159	107	213	12	149	218	
3	159	74	157	80	134	238	246	60	65	74	199	177	226	54	64	126	107	19	205	133	152	20	239	36	46	154	128	29	132	57	220	
95	205	228	119	182	26	126	188	51	211	22	130	249	111	159	107	55	119	61	239	240	200	173	233	110	255	253	132	167	247	209	113	
32	223	123	110	252	203	199	246	196	12	124	96	115	241	160	48	216	122	6	106	74	170	106	63	99	141	36	137	81	250	230	171	
33	141	43	222	84	199	239	230	84	73	90	66	176	248	180	96	89	106	18	205	235	186	52	63	45	46	174	0	93	72	240	188	
18	71	42	173	30	131	158	104	134	164	202	167	197	200	51	64	250	109	187	231	76	131	14	159	240	101	139	189	20	62	61	194	
3	111	66	13	127	147	174	98	76	96	218	230	136	136	182	164	254	173	210	231	197	187	69	222	54	92	139	131	93	46	121	141	
34	197	96	218	124	129	238	237	95	1	120	2	168	202	60	64	222	139	23	193	194	42	74	247	46	60	158	232	21	154	240	136	
81	141	111	191	18	2	111	243	60	194	90	198	117	102	176	113	118	231	63	239	233	217	45	111	244	171	234	128	45	242	161	121	
58	85	115	172	91	194	31	104	165	132	232	162	124	247	33	212	122	249	155	226	72	131	56	223	241	244	139	11	51	182	38	226	
184	141	110	239	212	147	238	253	84	0	254	2	121	105	176	96	120	230	55	234	248	187	45	191	122	239	167	128	119	186	240	136	
19	159	79	191	178	130	106	115	61	64	90	231	245	110	176	97	118	171	31	173	183	153	45	253	180	46	170	192	61	162	161	253	
46	165	224	99	252	59	218	152	95	241	61	154	219	109	220	60	159	204	87	63	154	114	239	146	78	221	165	252	247	207	210	213	
52	36	192	227	220	43	202	200	27	177	185	26	75	104	93	26	123	204	87	178	26	114	201	210	30	220	133	116	229	235	210	128	
56	141	106	235	148	163	238	255	84	1	254	2	123	233	176	64	120	238	31	248	248	187	13	191	250	239	166	196	55	218	240	136	
130	173	144	157	252	137	188	231	30	11	216	26	172	170	52	0	239	123	119	129	114	250	195	255	44	62	222	234	21	88	209	137	
2	180	180	217	253	253	240	143	31	123	60	61	140	190	76	56	167	27	255	17	178	104	251	211	15	94	30	255	210	76	197	223	
15	249	236	95	182	146	255	189	222	209	94	162	249	125	158	103	7	123	183	223	215	216	111	253	110	95	255	192	167	246	209	249	
248	205	102	230	148	18	78	253	229	130	246	2	123	107	176	83	120	228	125	234	232	163	41	173	242	235	231	144	103	242	240	8	
42	191	50	26	93	209	146	230	223	13	252	41	42	216	102	148	201	43	195	1	14	43	10	255	59	84	17	59	83	12	126	206	
47	181	104	75	252	63	219	217	87	125	189	190	219	124	222	172	95	138	151	63	159	34	109	151	78	93	37	252	215	207	220	245	
42	188	176	152	253	221	144	207	159	125	60	57	174	157	70	140	141	27	215	17	54	106	242	247	47	87	28	251	210	76	143	223	
34	157	114	216	253	213	188	231	223	89	248	21	172	188	118	112	207	59	183	1	182	43	114	247	47	30	158	235	214	12	229	223	
198	62	182	241	235	108	56	66	187	219	211	183	140	191	71	91	231	125	255	19	176	213	154	194	159	242	219	171	130	101	37	83	
252	104	240	103	78	58	110	152	115	226	183	10	91	105	213	63	62	236	125	234	200	118	237	170	86	235	229	180	231	247	66	0	
78	178	176	241	235	125	56	79	187	255	53	57	140	191	78	14	167	31	255	17	54	89	170	210	159	215	95	255	134	68	143	215	
74	178	230	144	235	112	184	15	187	255	23	191	140	174	94	143	167	23	255	149	182	95	134	194	30	87	222	239	142	100	175	87	
244	104	198	166	76	42	70	200	51	178	178	10	75	232	89	26	121	196	108	226	8	247	201	170	146	238	197	52	229	251	98	0	
78	50	182	176	235	116	184	67	187	255	23	191	140	190	78	14	167	31	255	145	182	87	130	194	223	87	223	239	134	100	175	215	
192	108	150	157	104	170	56	2	190	178	146	16	236	226	65	91	167	229	110	130	32	197	131	234	148	54	91	0	132	113	33	9	
194	90	166	188	111	212	188	198	157	94	210	183	172	158	55	75	239	113	191	199	228	71	178	235	151	114	218	139	23	125	37	223	
51	159	83	174	114	139	86	240	143	76	248	237	103	236	162	144	222	235	135	103	207	171	72	191	184	212	45	186	92	142	42	221	
24	141	110	239	148	130	238	253	101	0	222	2	123	107	176	64	122	230	31	235	248	185	13	189	250	239	167	192	55	186	240	8	
32	159	122	218	116	195	243	240	86	12	124	34	112	221	182	64	88	58	7	72	138	186	40	191	98	15	162	129	85	138	116	235	
2	156	16	155	223	197	184	239	30	9	88	19	172	254	40	64	221	59	179	129	34	154	90	255	45	22	158	235	16	12	165	219	
30	201	228	247	182	18	254	180	119	147	54	130	107	111	157	99	119	231	61	203	232	248	109	237	238	255	239	132	167	191	240	9	
32	159	90	110	114	131	86	244	4	12	120	229	119	235	160	80	222	122	7	98	200	170	72	63	106	229	36	136	125	170	102	155	
34	188	32	153	221	205	176	207	158	125	80	25	172	220	118	0	201	27	243	17	54	122	210	247	13	22	159	111	209	12	151	222	
3	139	10	141	16	134	174	246	172	65	74	199	176	162	48	64	124	107	59	205	195	152	23	125	36	46	170	128	29	2	49	152	
222	216	244	246	60	18	90	184	187	218	183	161	239	127	157	123	151	245	253	239	232	69	175	236	138	251	207	150	166	183	65	85	
188	91	91	238	56	3	87	240	132	136	248	237	119	211	161	16	94	240	68	98	201	163	8	63	224	225	37	152	121	187	98	57	
33	141	43	255	116	194	231	182	84	72	90	98	241	112	176	96	88	106	22	73	225	184	101	63	36	46	174	128	28	74	240	169	
34	181	160	216	221	247	148	111	27	251	184	63	40	188	70	32	205	155	247	145	250	107	243	215	63	30	157	255	209	76	150	223	
19	79	10	173	30	147	174	98	68	32	218	131	161	136	54	96	234	173	90	199	204	187	69	188	176	101	139	17	93	62	57	140	
93	68	102	229	38	18	95	60	245	194	214	130	251	111	147	99	118	245	125	238	232	197	165	140	226	235	239	128	39	247	97	105	
59	157	18	94	91	213	22	230	223	1	236	2	44	243	36	244	237	251	146	192	71	11	26	255	59	252	18	43	91	20	107	142	
19	129	111	173	50	130	175	112	44	64	94	198	213	102	178	96	126	237	63	239	193	152	37	93	244	175	234	192	61	162	49	113	
152	141	110	239	148	146	239	241	84	0	254	2	121	105	176	97	120	230	63	234	248	187	45	191	242	239	167	128	55	170	240	168	
47	120	225	67	254	59	203	216	83	242	61	238	91	76	223	172	31	204	87	255	141	118	237	186	30	93	165	244	255	255	90	245	
70	60	182	144	235	228	184	66	191	223	91	183	140	254	103	75	231	127	255	145	178	213	146	194	157	54	219	139	132	101	37	211	
15	249	236	215	190	145	255	188	206	208	94	162	249	237	222	98	6	123	255	223	210	216	239	253	110	95	239	192	55	182	209	249	
63	108	232	67	254	59	235	216	91	226	61	138	91	109	223	62	63	204	87	255	137	118	237	170	94	77	165	180	231	255	82	228	
89	221	87	239	178	10	111	181	37	64	222	230	127	103	144	117	118	247	125	238	249	153	45	237	246	235	39	128	46	178	161	121	
34	181	48	217	253	221	184	239	159	121	120	57	172	190	108	104	207	27	247	17	178	104	114	215	47	30	30	239	208	12	197	223	
252	201	70	230	12	2	78	252	177	130	246	2	107	107	57	83	120	228	108	234	104	247	137	172	242	235	229	144	103	179	240	8	
52	44	224	227	220	43	194	216	83	177	185	10	75	105	93	24	121	204	70	242	154	115	201	226	30	204	133	116	231	251	82	128	
109	123	230	71	100	26	230	180	105	234	254	236	107	104	151	183	30	228	100	110	205	242	237	40	54	123	101	144	111	255	90	221	
34	176	176	216	251	221	176	207	159	125	52	59	172	158	78	12	143	27	215	17	54	106	242	243	31	86	30	255	214	12	135	223	
2	182	178	209	251	253	184	79	187	255	29	191	140	190	78	10	167	27	255	145	54	89	178	210	31	86	31	239	134	68	135	215	
252	104	226	103	70	26	111	216	113	162	182	10	91	105	213	58	58	236	117	234	200	247	173	170	118	239	229	176	103	243	66	40	
70	182	178	145	251	240	184	71	187	255	23	183	140	190	78	10	167	31	255	145	182	89	178	194	31	86	223	239	134	68	175	215	
2	173	148	159	252	137	188	231	30	27	120	18	172	170	16	64	203	43	123	129	114	218	195	247	44	54	158	200	20	72	241	137	
