香奈儿可可小姐唇膏笔	227 - ESQUISSE	https://i.chanel.cn/fnbv3/image/full/shades/rouge-coco-stylo--227-esquisse-2g.0170227_S.jpg	https://i.chanel.cn/fnbv3/image/full/chanel__com_type1/skus_full/rouge-coco-stylo--227-esquisse-2g.3145891702279.jpg
221	189	157	229	175	123	87	232	248	242	174	56	215	53	203	59	179	86	204	106	125	101	168	8	251	195	101	55	226	121	133	99	
7	180	115	65	227	95	175	232	57	82	112	194	9	103	132	180	63	92	130	170	161	240	189	202	47	62	7	130	231	228	103	244	
125	121	162	30	49	244	83	80	225	204	78	37	34	246	99	246	192	126	132	70	140	147	178	42	243	245	130	11	162	119	62	95	
197	134	224	159	236	45	190	252	190	187	249	90	197	251	104	94	123	199	110	254	242	114	206	243	255	118	255	109	148	251	193	161	
171	115	212	21	35	25	180	127	27	250	116	253	174	173	78	143	62	75	192	13	228	252	199	195	70	80	84	179	79	252	139	219	
230	28	208	158	237	109	238	216	27	202	188	30	237	238	255	122	251	235	119	3	113	99	222	226	62	126	239	189	159	127	215	151	
1	32	20	5	53	27	168	11	109	97	114	84	143	8	148	172	130	37	124	13	133	248	21	209	134	250	18	22	76	4	73	12	
68	30	189	56	234	171	17	154	238	190	2	237	213	232	225	91	135	113	110	49	160	69	70	92	204	2	111	188	144	113	5	35	
70	223	235	80	194	162	175	182	60	142	218	231	113	167	213	80	55	231	59	207	208	137	37	110	60	46	175	192	133	241	183	121	
210	142	211	117	178	217	54	230	191	250	74	249	47	174	229	240	167	127	238	0	245	217	132	122	186	214	85	235	164	244	165	159	
65	48	17	157	44	13	169	24	110	248	176	77	188	209	80	16	129	1	95	201	3	99	219	81	196	16	43	60	88	2	3	131	
106	34	229	108	104	82	89	3	33	165	244	169	9	15	132	92	78	189	231	128	8	218	228	140	86	248	240	169	103	132	102	111	
62	190	213	151	253	120	238	248	251	219	176	94	254	254	93	187	123	227	255	147	243	227	250	235	189	191	255	185	167	125	247	252	
254	174	83	146	253	88	239	248	185	142	180	59	238	254	95	81	123	235	223	183	248	235	232	254	188	158	175	249	135	124	247	201	
204	51	120	228	226	72	59	24	49	200	110	237	157	151	131	80	54	221	245	66	64	18	152	66	199	181	37	165	32	226	15	115	
121	48	126	76	75	209	177	72	235	64	165	42	26	212	111	180	42	176	242	72	65	35	182	208	83	121	1	59	103	38	110	230	
88	80	165	52	141	105	68	175	227	250	162	13	91	169	113	218	161	229	237	1	73	103	147	0	145	227	101	61	216	124	100	18	
156	188	246	53	178	218	54	226	186	250	40	177	159	188	36	243	163	127	221	48	119	217	140	63	170	227	37	247	184	116	135	159	
91	50	119	225	47	95	88	80	127	108	150	111	78	156	150	52	190	213	253	69	140	241	177	208	211	219	41	179	103	140	84	87	
34	174	236	95	200	2	78	238	91	55	224	152	97	40	28	27	201	222	97	138	190	90	221	45	47	58	212	61	133	242	246	142	
35	0	71	77	105	22	201	24	63	164	230	132	64	3	150	246	80	68	106	12	1	211	123	92	7	58	129	16	90	132	98	244	
212	76	198	151	141	58	238	166	173	146	178	147	238	110	5	75	107	231	110	167	104	239	203	236	188	186	223	27	231	125	229	8	
150	238	247	247	230	224	127	246	185	138	250	86	237	235	29	91	255	231	63	211	169	254	139	234	190	254	223	138	175	241	227	173	
111	180	240	222	237	89	255	184	155	247	180	158	220	234	127	218	255	199	255	179	163	99	250	243	190	31	207	252	156	252	217	81	
255	248	194	82	65	217	98	204	179	25	100	104	98	210	204	182	56	216	244	208	79	83	138	177	26	248	173	251	11	2	90	143	
39	170	236	95	232	154	232	168	251	53	164	128	96	102	159	54	205	246	96	140	174	90	239	61	15	58	213	81	193	224	86	236	
189	101	1	169	149	111	238	220	6	224	136	74	219	21	81	173	24	204	83	255	105	178	121	30	165	201	141	52	119	127	219	224	
235	54	124	249	45	159	121	26	143	108	30	189	223	221	146	228	134	61	255	13	129	117	235	146	199	249	43	178	86	140	21	113	
48	32	245	69	65	95	225	74	71	49	98	2	2	149	4	173	104	156	226	8	9	250	99	16	23	194	80	39	115	8	102	174	
82	249	186	218	27	208	146	192	174	21	132	162	44	222	231	114	162	251	249	209	70	11	190	113	187	37	14	251	21	6	47	110	
30	44	223	183	150	91	111	230	127	246	182	51	79	46	215	91	123	231	255	178	120	250	105	238	254	223	215	5	165	248	228	216	
82	249	59	170	27	208	18	192	175	68	133	171	46	214	230	176	162	177	220	211	78	3	190	125	177	229	10	123	49	7	47	118	
111	176	250	244	246	27	249	248	123	248	118	171	79	253	244	50	183	253	247	53	165	242	174	200	30	219	77	166	167	236	81	213	
148	172	199	147	213	191	238	196	189	147	187	114	252	110	72	3	123	203	78	178	178	243	72	238	253	22	159	66	197	91	247	162	
254	17	230	6	219	114	178	65	169	196	231	179	66	188	39	214	250	244	249	49	60	179	176	138	59	101	135	75	231	103	254	87	
197	94	85	49	186	162	168	154	188	210	50	229	245	102	193	73	167	103	61	247	161	68	31	126	76	163	111	204	221	241	1	209	
230	141	254	254	244	42	255	253	187	134	121	22	109	235	63	215	255	239	55	235	176	218	152	238	190	254	223	132	191	243	251	161	
70	186	209	147	236	41	236	200	171	187	177	122	205	239	89	14	107	207	111	147	22	99	207	240	222	80	223	252	196	249	135	130	
238	223	210	190	245	232	239	252	187	2	247	95	239	234	29	213	123	231	255	227	122	111	222	239	180	191	223	153	173	123	247	24	
164	238	197	159	205	62	238	238	59	147	184	115	254	111	137	89	123	207	110	226	122	238	203	239	189	182	223	80	167	127	231	168	
108	99	88	96	170	9	93	88	35	156	52	173	15	7	195	26	6	221	229	66	72	96	139	0	194	209	37	157	98	176	14	3	
113	176	254	64	199	223	240	230	251	121	182	10	26	189	102	180	169	246	214	8	5	107	178	240	83	91	85	63	203	68	110	175	
157	141	70	183	212	187	238	230	61	19	251	146	111	110	44	65	123	243	14	226	120	187	13	255	188	238	223	65	53	125	225	172	
8	50	113	117	114	202	57	119	56	101	118	245	29	23	128	92	54	61	151	128	33	216	177	86	69	231	50	224	34	128	39	251	
86	46	214	151	215	186	238	192	249	130	186	34	254	254	213	122	123	231	127	147	116	233	136	234	189	190	223	1	167	119	103	8	
32	63	103	65	212	79	239	178	125	224	110	196	211	5	149	53	92	76	2	108	225	240	117	78	37	30	4	4	79	248	86	252	
2	170	104	26	109	209	179	206	86	125	240	185	40	136	126	0	185	139	195	133	6	123	174	243	90	28	31	239	85	12	239	206	
32	48	245	69	65	95	161	83	117	97	116	82	16	21	132	188	76	156	130	8	129	254	113	204	13	30	80	2	99	8	70	252	
62	172	204	187	204	15	238	237	27	51	244	58	79	110	222	159	123	207	215	183	122	122	203	255	190	223	215	116	181	248	246	160	
122	168	243	66	203	82	116	240	177	47	230	8	10	183	36	116	105	215	231	128	40	91	168	240	91	242	212	43	227	196	102	174	
87	2	174	22	137	61	68	216	231	255	167	29	106	102	127	223	173	198	238	142	174	99	59	225	27	90	85	183	195	125	104	86	
9	48	55	97	98	79	161	89	106	104	112	104	156	148	128	168	166	29	86	9	131	248	163	81	5	137	51	160	64	0	3	185	
125	164	157	166	175	91	23	168	202	250	55	40	223	52	203	167	35	84	236	98	105	105	169	44	249	195	101	55	226	123	15	35	
217	88	191	252	12	78	77	52	176	218	166	16	247	55	17	123	96	244	125	238	105	69	243	40	209	171	242	16	32	177	96	120	
122	34	102	104	57	129	89	72	163	12	176	169	11	207	4	20	206	177	237	208	8	3	194	148	146	240	161	251	115	135	38	99	
164	127	109	65	84	15	239	240	52	226	118	206	83	37	149	53	28	220	83	106	233	242	117	14	111	14	133	4	111	185	82	176	
146	179	202	147	162	19	188	125	59	250	21	247	12	199	222	143	63	14	151	174	228	212	136	192	42	80	221	167	15	246	187	223	
57	118	83	9	82	39	48	80	53	1	233	125	78	17	140	156	62	140	3	60	145	178	65	78	23	44	0	66	227	135	98	225	
2	50	215	69	38	91	160	26	109	225	114	224	142	28	132	172	38	21	238	0	129	248	37	200	4	50	18	22	70	136	5	61	
7	188	180	51	169	189	176	254	190	127	16	125	236	220	78	2	135	123	253	21	134	109	26	183	138	83	63	255	216	4	139	223	
251	6	234	108	176	22	79	59	113	206	254	141	75	107	147	213	93	196	149	174	236	203	245	142	114	239	229	140	47	244	250	84	
105	112	81	71	96	31	230	56	121	98	115	108	94	24	220	180	182	76	246	106	197	180	157	202	38	30	1	34	78	182	74	133	
177	100	121	42	26	103	155	232	86	66	233	138	115	90	31	49	94	137	82	231	239	39	124	31	240	141	35	60	117	163	35	192	
244	165	140	228	29	70	71	168	146	182	164	8	83	115	9	115	89	212	105	234	104	67	219	12	251	227	197	61	32	242	126	34	
50	48	80	73	75	89	144	72	170	32	240	170	8	222	134	48	174	157	194	0	4	99	230	80	22	200	1	187	85	4	79	135	
72	114	17	71	96	78	55	56	41	106	123	108	222	23	136	52	150	93	228	106	193	16	249	74	101	190	33	130	66	178	7	49	
244	142	212	159	206	45	238	238	31	50	186	122	254	110	136	75	111	199	110	130	248	43	75	247	253	54	223	124	53	123	229	40	
0	50	92	85	114	138	57	55	60	103	118	245	149	39	130	16	38	61	39	12	161	220	97	76	78	174	114	192	44	128	7	249	
62	46	239	86	210	114	255	112	241	198	126	186	105	109	159	183	63	255	149	170	244	250	172	238	58	111	197	131	103	247	174	237	
166	255	212	147	253	171	239	175	63	191	189	54	237	106	95	85	123	203	127	159	123	126	95	255	188	159	223	245	157	126	213	248	
254	222	247	247	150	106	238	255	61	179	250	118	75	107	21	219	123	231	127	178	249	253	143	234	190	255	223	130	175	249	248	0	
214	172	254	246	190	162	254	166	185	130	187	146	253	234	95	219	255	247	127	179	248	235	202	234	187	254	239	130	173	243	235	161	
76	186	149	222	217	76	79	184	187	191	36	76	236	227	72	215	17	214	108	218	3	74	250	241	15	178	197	44	130	163	86	32	
236	42	140	164	172	14	92	152	34	186	134	89	215	41	81	26	129	228	125	47	88	65	201	0	203	243	101	181	128	248	90	2	
88	48	126	224	43	92	81	80	37	108	182	45	95	31	130	244	166	149	253	0	141	65	177	128	211	249	32	147	106	132	14	87	
236	159	129	86	225	108	103	158	51	255	34	125	242	119	73	222	81	222	161	90	123	82	251	35	109	182	85	108	130	245	198	120	
188	79	199	151	197	190	238	230	123	178	250	210	110	110	133	223	123	231	238	199	120	255	95	238	188	174	223	33	167	127	231	172	
212	185	251	90	138	208	49	232	252	17	230	160	29	214	160	112	34	53	238	192	36	75	174	96	219	161	103	143	160	0	39	43	
180	172	192	139	214	43	238	204	123	51	249	18	220	43	73	88	123	207	14	187	50	114	204	243	252	182	143	100	183	127	211	160	
97	48	255	97	100	47	121	19	105	235	183	88	146	27	196	59	134	180	92	56	153	252	225	72	199	152	97	214	192	168	66	35	
196	206	212	159	181	62	238	239	63	35	251	18	254	110	136	65	123	199	110	138	122	252	73	255	245	182	223	17	39	127	213	44	
88	56	214	80	163	207	113	214	175	185	38	56	30	179	64	220	163	54	236	8	16	73	146	240	219	218	85	50	234	64	195	35	
79	184	252	236	122	157	121	120	235	125	53	172	255	223	155	178	134	189	255	76	135	9	231	209	222	249	97	186	6	166	15	125	
228	78	245	159	207	61	254	230	63	50	251	123	254	46	169	75	111	231	110	134	56	58	75	250	253	54	223	21	151	127	229	40	
246	207	196	150	223	63	238	238	159	163	187	123	254	238	105	82	123	215	127	243	250	103	203	239	189	54	207	61	183	127	213	0	
252	133	201	147	212	63	110	238	59	51	180	26	74	110	204	84	123	207	142	238	122	119	201	243	253	151	151	116	181	121	254	160	
213	225	145	161	130	12	44	136	122	240	2	220	213	210	77	251	54	205	120	250	247	84	157	64	188	136	79	100	168	49	139	52	
123	50	113	96	45	93	89	88	99	108	180	109	26	157	214	52	204	148	213	0	141	99	240	208	83	217	33	187	99	140	94	119	
96	46	252	85	204	105	213	7	75	183	168	153	163	40	86	27	137	182	99	0	24	122	224	0	95	146	84	49	193	104	214	138	
244	172	224	146	207	189	254	238	59	147	184	58	222	238	200	80	123	239	110	146	250	107	202	242	255	22	223	125	183	127	247	160	
228	205	196	159	252	41	238	253	222	186	185	122	237	234	105	66	123	231	110	243	112	99	206	254	62	118	207	124	148	123	213	160	
228	46	195	159	213	58	238	239	57	130	249	242	252	110	141	91	123	239	70	166	112	242	204	234	189	186	207	45	167	127	231	164	
107	50	121	88	107	244	123	89	107	108	244	236	120	159	134	244	230	156	247	14	149	178	247	208	87	121	32	171	127	133	110	247	
42	176	245	247	116	219	249	248	91	248	116	171	235	253	212	32	159	251	215	189	163	248	110	252	14	219	207	162	199	236	83	213	
91	48	246	252	34	22	248	120	187	216	214	225	205	255	182	230	183	253	181	165	132	195	174	201	202	251	239	142	15	164	35	247	
82	34	64	180	18	164	57	51	57	37	66	221	143	7	2	92	102	141	237	133	168	94	213	198	156	246	154	234	44	4	35	25	
107	50	99	64	99	93	123	80	49	108	118	173	25	31	150	244	54	156	247	158	133	210	245	208	87	121	161	235	111	132	126	247	
149	204	228	139	223	47	254	204	159	50	186	242	222	106	169	65	127	215	78	178	174	183	73	254	255	86	143	54	151	127	193	160	
87	49	145	163	146	44	46	136	106	224	11	204	221	114	73	240	55	79	120	250	149	16	157	64	188	172	15	100	168	115	11	20	
224	46	200	81	236	41	244	199	90	183	176	153	163	41	87	27	137	110	98	16	54	126	194	34	78	153	84	49	193	216	222	138	
77	179	144	65	161	62	102	145	107	185	43	68	206	50	205	254	149	71	108	126	151	80	217	192	142	252	5	70	138	247	139	5	
157	239	198	147	164	62	254	228	61	147	243	50	238	126	168	11	123	203	206	226	250	247	29	239	250	146	222	3	103	125	247	164	
190	178	254	247	246	155	248	240	123	240	124	235	105	237	220	164	63	255	215	157	162	240	174	232	78	219	103	164	231	238	91	133	
212	108	194	146	196	169	238	228	189	162	186	58	222	235	225	72	123	239	110	146	48	243	142	226	252	150	223	104	199	123	229	128	
107	168	228	91	141	217	168	134	207	113	134	152	233	60	222	231	65	70	248	24	143	104	255	177	15	123	156	247	22	140	216	76	
126	158	212	155	191	58	239	185	127	150	184	119	238	106	159	91	123	195	255	179	252	99	111	254	188	191	207	85	183	127	245	68	
32	54	97	75	77	71	233	88	83	172	97	76	16	135	212	52	24	140	67	168	129	114	254	94	31	12	133	40	83	130	70	160	
226	143	112	159	205	60	254	238	57	3	249	50	188	110	136	81	127	219	14	227	246	126	203	227	245	54	222	41	23	95	247	172	
11	50	123	73	43	116	185	18	45	76	254	164	153	158	198	244	238	29	255	132	133	208	245	192	71	249	162	131	111	196	47	245	
118	132	214	164	207	11	110	232	59	178	226	10	79	42	53	95	123	197	123	170	40	115	217	222	190	254	199	84	165	248	104	2	
236	239	152	182	229	46	118	150	51	170	11	89	198	161	81	26	145	238	105	94	12	84	216	34	254	159	69	52	168	251	218	2	
76	147	213	103	178	11	87	184	46	181	43	236	223	103	137	95	23	84	236	114	209	80	89	28	236	214	101	84	250	251	132	49	
103	233	208	64	217	156	82	135	235	177	174	8	10	178	198	246	199	212	232	88	95	106	223	224	62	252	5	127	202	166	202	4	
84	119	249	103	162	91	23	184	121	174	186	234	199	103	201	50	55	213	236	98	196	113	173	42	250	198	101	183	96	251	135	39	
238	167	112	74	250	217	146	136	121	69	165	185	11	206	206	149	146	75	204	118	54	99	236	231	62	89	5	127	215	149	206	213	
113	2	172	45	40	6	73	8	166	156	162	129	211	110	16	114	204	213	125	133	12	201	203	13	193	227	239	212	64	160	34	16	
23	172	210	182	246	139	238	192	123	162	242	10	237	234	125	44	123	239	55	155	52	243	138	234	188	158	207	40	165	120	115	128	
70	140	211	151	228	9	238	232	63	179	242	75	236	234	125	121	123	239	63	159	32	114	203	235	188	190	207	32	149	120	81	2	
38	172	212	151	236	11	238	232	63	178	176	19	198	106	93	3	123	215	91	167	96	240	73	255	188	158	207	116	213	120	195	132	
22	44	214	183	150	138	110	224	189	178	242	3	239	122	53	107	123	231	127	183	40	251	11	238	188	254	223	0	165	248	97	10	
230	92	236	95	139	120	92	168	169	246	5	157	234	108	31	63	131	96	249	103	252	69	255	232	167	122	85	19	166	245	214	86	
102	140	208	158	252	9	238	234	95	147	224	11	228	234	125	95	123	235	59	151	42	106	206	251	188	190	223	42	149	120	113	140	
0	153	191	87	96	172	177	55	236	13	126	116	180	183	164	100	166	50	50	8	145	184	51	69	69	190	114	194	72	64	133	187	
35	166	165	69	157	31	173	252	86	162	234	70	195	104	148	166	93	68	90	173	233	240	117	158	37	90	197	20	75	124	82	172	
248	157	148	92	137	93	84	175	219	186	164	56	110	179	229	255	129	214	236	0	109	111	242	146	187	250	85	63	210	120	204	47	
88	164	140	63	40	2	77	168	160	150	128	129	247	98	24	19	201	199	109	173	56	75	203	45	232	227	239	148	136	96	34	0	
37	235	59	72	244	221	227	255	106	73	124	72	18	192	240	52	20	10	6	124	211	58	60	127	111	28	37	108	82	130	210	237	
82	249	56	106	26	192	154	72	166	4	129	163	181	222	231	80	198	185	221	195	78	3	206	93	208	161	171	185	61	2	47	18	
147	124	229	165	6	46	77	254	49	234	146	206	87	44	147	59	55	197	93	239	237	220	181	74	176	42	237	148	45	244	18	125	
121	233	17	160	45	157	66	136	43	176	168	72	175	1	64	148	136	128	76	76	11	42	218	17	185	221	3	62	80	6	75	32	
230	172	213	159	188	43	238	172	63	179	187	83	230	122	29	41	123	215	123	167	42	227	203	255	188	190	207	20	197	123	243	4	
67	230	83	80	98	24	170	248	121	160	116	234	73	231	132	181	63	253	230	168	161	246	172	202	63	254	5	174	103	160	99	165	
117	113	122	78	95	149	210	72	235	0	165	10	50	216	39	48	186	153	82	98	206	35	190	93	83	205	1	63	113	35	111	230	
113	107	40	46	28	157	210	88	194	12	185	79	51	216	159	16	152	169	84	239	206	35	222	29	242	205	33	57	121	42	75	70	
102	186	165	83	137	68	130	140	202	61	178	104	192	236	220	186	201	87	237	147	158	105	207	117	9	58	253	247	193	64	214	159	
99	34	32	88	9	156	200	8	239	36	164	8	130	206	182	116	192	36	108	76	140	103	238	16	131	120	131	59	80	6	75	100	
100	79	130	158	201	36	79	184	179	134	238	77	98	227	122	86	88	238	42	206	8	66	218	227	86	182	196	8	170	243	226	0	
21	180	23	176	151	219	176	234	222	178	34	34	214	240	41	161	179	33	74	48	39	225	25	31	184	194	71	119	216	40	9	134	
80	226	255	121	58	66	57	184	180	12	242	225	241	207	128	80	119	221	237	160	40	197	139	72	202	227	103	129	33	160	37	33	
38	190	141	159	140	69	133	184	214	191	176	118	225	105	93	15	73	82	99	129	59	122	91	97	13	18	255	164	205	120	244	184	
84	56	187	244	8	108	73	18	178	147	174	24	215	183	65	122	161	252	121	10	9	69	179	32	211	173	83	24	160	241	102	34	
19	164	119	81	82	82	170	232	125	96	114	194	73	246	148	181	59	221	18	168	1	242	173	200	61	238	135	134	103	160	103	164	
227	238	228	23	207	29	254	174	251	62	52	95	40	168	214	191	167	203	246	207	230	124	206	241	54	90	93	187	111	117	203	205	
74	35	200	165	96	24	124	26	51	232	180	237	143	3	195	158	150	205	253	204	77	80	193	192	198	241	37	129	42	180	10	19	
186	53	108	83	215	253	147	93	27	221	181	63	42	92	94	53	156	187	213	115	190	122	120	189	127	89	133	251	227	15	222	215	
45	181	244	75	249	123	195	216	199	85	109	12	75	66	142	182	27	74	194	122	54	162	124	63	110	221	5	125	243	215	206	198	
79	37	80	65	87	31	234	232	105	160	111	14	74	72	159	180	50	204	194	110	132	240	157	204	54	120	1	7	111	167	75	132	
50	34	94	72	106	83	184	72	163	0	244	169	9	135	164	150	46	157	199	128	0	147	130	80	82	225	32	171	99	130	47	131	
1	152	124	117	114	174	121	51	52	85	102	149	181	55	2	25	38	59	51	140	178	220	113	77	71	171	114	192	224	128	3	248	
98	178	254	88	233	208	16	206	235	137	180	40	8	255	228	178	205	243	239	144	13	107	130	96	27	251	116	251	83	0	110	143	
44	181	100	107	221	253	243	252	197	93	61	45	107	93	30	183	9	194	199	114	254	168	126	189	111	89	4	227	247	207	222	223	
66	155	55	180	97	204	53	119	173	92	106	141	46	15	32	19	164	51	235	5	80	137	18	77	183	243	88	2	0	4	167	91	
119	130	237	77	10	80	169	152	39	84	230	130	97	70	158	246	124	148	250	216	135	64	239	213	15	42	203	205	55	166	108	116	
146	182	61	26	58	115	150	236	158	242	153	255	212	124	132	161	191	115	251	163	181	225	111	127	58	3	111	183	93	119	173	87	
102	140	213	159	252	137	238	232	223	51	242	11	228	234	61	85	123	231	59	167	34	115	74	255	188	190	207	116	149	120	81	140	
33	36	247	85	82	110	105	51	121	199	110	20	49	39	20	87	32	46	2	12	49	252	181	78	13	174	16	64	99	128	98	248	
88	180	123	176	34	88	80	174	57	192	98	169	95	190	2	113	179	245	236	33	37	89	165	10	251	231	53	135	32	32	47	91	
97	2	151	92	110	30	160	72	254	152	114	96	68	232	180	226	208	100	98	12	133	225	171	93	20	42	103	30	81	32	67	133	
246	124	229	87	139	117	28	186	133	250	147	127	104	62	95	59	205	215	253	195	252	76	251	224	23	90	220	151	167	117	150	95	
97	33	42	168	108	19	72	72	232	76	128	13	3	200	54	80	200	133	91	197	12	3	130	64	210	49	161	57	8	135	122	66	
225	56	191	81	100	237	249	19	233	59	115	88	150	31	68	59	133	53	119	24	145	252	240	64	79	152	112	64	192	128	67	163	
116	6	138	156	144	6	79	59	49	134	238	69	99	227	41	84	89	238	32	172	120	202	208	74	240	182	133	8	168	224	98	0	
13	172	158	179	180	171	182	198	254	243	34	57	247	208	106	32	147	107	74	21	39	225	26	62	232	211	39	117	216	121	137	130	
16	34	186	189	34	75	49	72	94	188	112	42	183	148	226	40	50	25	6	17	6	241	39	29	217	129	99	53	112	8	5	227	
247	172	212	158	252	170	238	238	251	163	185	91	230	250	125	113	123	231	127	183	120	99	202	255	188	190	207	126	149	123	243	134	
82	186	223	210	98	216	56	192	187	48	230	233	76	247	172	208	39	255	238	128	5	211	136	224	30	227	103	171	35	160	47	131	
37	96	72	195	108	137	232	200	207	176	177	202	147	200	221	10	170	137	74	87	2	115	206	112	20	24	131	60	85	139	83	128	
98	48	115	65	102	73	97	83	121	12	118	120	18	17	132	20	34	12	119	8	0	152	228	64	84	56	176	130	103	136	86	227	
26	34	4	161	34	47	104	82	52	44	82	221	135	11	16	128	60	13	117	5	12	152	69	0	196	225	187	128	40	140	19	216	
230	141	214	159	252	171	238	236	191	178	186	27	228	234	61	83	123	231	123	231	120	231	75	255	188	190	207	84	149	123	243	132	
41	170	245	89	109	29	225	154	123	60	52	72	202	101	156	180	141	94	70	12	129	114	248	240	15	26	69	48	66	168	70	245	
103	132	221	159	252	11	238	168	223	178	178	75	196	122	61	83	251	199	123	183	48	99	79	254	188	190	207	20	148	120	81	132	
148	140	68	159	220	11	238	236	191	19	162	147	230	106	12	67	123	211	106	166	122	235	79	255	188	190	223	84	181	120	225	140	
71	44	214	150	246	136	238	224	61	130	242	11	236	250	93	121	123	239	63	191	36	242	142	238	188	190	207	8	133	120	97	134	
116	140	212	159	204	11	238	232	223	50	160	26	198	235	40	83	123	199	106	170	120	115	72	255	188	182	207	52	21	120	241	128	
18	34	52	105	10	11	153	74	110	44	176	171	131	140	132	36	174	149	236	129	136	225	101	16	209	210	11	179	81	0	7	133	
116	140	194	150	204	137	238	236	63	51	226	90	230	234	105	80	123	239	106	135	120	123	203	247	188	62	223	126	149	122	225	136	
99	0	135	76	65	214	96	9	167	81	226	64	82	199	36	244	88	188	42	140	9	219	179	205	23	186	192	12	26	168	96	52	
30	109	18	254	155	213	22	224	191	140	232	43	110	251	37	144	178	251	199	194	70	35	10	255	251	245	7	11	82	55	47	131	
66	139	229	95	45	216	136	136	207	20	1	137	226	200	220	98	131	98	121	1	134	97	238	241	13	58	139	187	84	14	85	70	
103	22	213	23	234	111	175	186	26	243	49	255	220	102	205	159	23	79	22	175	177	70	252	80	12	26	127	254	221	225	3	245	
231	204	214	158	252	170	238	238	187	3	248	59	230	250	189	81	123	255	127	167	58	103	202	255	188	190	207	12	165	123	243	128	
54	172	209	151	254	139	238	232	59	179	176	11	238	234	93	52	123	239	95	159	46	106	202	255	188	158	143	124	181	120	115	130	
135	62	41	145	242	183	173	115	154	234	84	244	157	167	227	45	15	41	18	188	241	94	36	94	108	1	47	236	188	224	163	241	
250	177	224	19	219	220	178	77	187	197	53	187	172	220	78	151	190	187	211	81	182	106	250	251	63	69	12	251	231	14	159	215	
33	65	72	69	116	27	238	96	124	32	122	66	208	32	149	36	122	76	2	238	193	178	101	76	36	44	129	0	109	187	122	164	
190	92	228	90	137	116	85	152	165	222	135	165	226	94	31	255	205	242	253	210	236	197	127	168	203	123	212	211	162	119	124	95	
141	63	109	113	246	255	187	178	68	236	28	238	189	61	147	45	39	123	255	223	177	152	103	190	110	79	175	224	190	253	21	249	
99	97	42	56	44	152	80	72	239	64	130	8	134	200	182	112	192	32	124	69	142	99	206	81	146	56	131	27	88	6	122	6	
103	132	208	159	252	9	238	232	59	162	248	106	228	250	253	96	251	207	123	163	32	115	202	251	60	62	207	62	213	122	67	134	
42	176	105	58	207	193	145	204	154	117	49	187	136	204	94	0	217	155	195	145	22	106	238	241	93	16	159	239	213	12	214	214	
167	141	213	159	252	170	238	175	127	130	250	83	228	122	29	119	123	231	123	167	124	226	207	239	188	190	207	16	197	123	227	134	
27	48	118	233	107	22	120	88	175	200	246	165	93	159	182	114	230	221	255	212	132	195	163	208	215	249	43	138	38	134	39	243	
36	140	202	159	220	137	238	232	63	3	248	155	228	234	104	80	123	251	35	134	122	59	202	243	188	38	159	110	149	122	243	140	
118	164	85	150	254	11	238	232	187	178	176	75	230	122	29	51	123	199	127	167	40	103	75	255	188	158	207	124	165	120	115	128	
20	140	71	147	148	139	238	224	189	130	226	19	228	235	33	65	123	243	107	166	112	251	73	254	188	158	207	66	165	168	225	128	
134	140	215	151	246	171	238	236	191	51	251	91	230	250	61	101	123	239	127	167	118	241	11	255	188	190	207	70	245	251	225	6	
116	115	225	69	195	110	103	24	97	238	239	44	67	35	203	94	120	204	100	234	73	242	253	8	117	166	101	4	235	243	102	119	
54	32	130	136	205	225	192	200	143	180	161	27	2	200	101	10	233	209	75	145	24	99	202	208	29	0	139	127	241	73	118	130	
13	180	236	215	170	115	189	255	26	254	21	182	221	119	218	43	31	94	151	190	177	80	111	16	238	203	255	228	182	245	135	241	
62	61	238	6	133	123	214	224	225	230	175	143	74	236	127	190	185	228	225	166	156	227	60	224	83	95	65	55	227	255	94	86	
35	160	119	84	107	157	225	192	187	56	100	8	122	209	132	180	178	28	114	76	0	241	186	81	31	58	81	34	67	128	67	172	
242	240	221	183	42	74	21	45	168	187	131	185	87	23	8	91	163	149	125	32	112	197	137	4	176	162	125	215	36	32	135	35	
89	16	132	165	47	10	81	59	56	162	71	49	223	51	2	246	210	5	253	37	45	216	193	143	204	255	218	2	14	36	27	11	
45	63	168	73	184	118	27	154	18	237	157	245	152	118	203	50	23	94	213	246	183	2	237	51	106	77	173	254	138	247	135	241	
4	140	215	151	212	139	238	232	190	146	227	66	228	226	61	65	123	239	106	171	32	243	75	127	188	166	207	64	149	106	113	128	
228	46	194	23	201	168	102	199	187	182	96	221	34	163	69	154	137	238	226	18	48	218	202	34	15	146	213	35	200	120	198	138	
81	168	140	181	44	202	193	39	238	249	130	25	247	184	82	42	129	102	125	17	28	105	203	4	200	231	125	85	12	40	217	10	
121	40	140	180	173	77	73	42	162	248	134	25	247	245	82	235	129	230	125	29	61	77	219	0	217	227	253	185	0	108	26	74	
35	164	192	3	215	61	234	71	123	97	109	143	8	40	222	164	121	138	146	29	151	186	221	226	14	92	148	98	207	206	218	156	
101	172	210	182	246	138	102	192	59	162	98	27	102	225	64	20	51	238	96	28	112	250	136	106	124	172	69	42	168	240	218	130	
85	135	29	38	170	15	20	232	126	186	170	104	214	112	169	105	181	87	110	99	229	113	47	63	184	130	101	22	80	122	1	5	
93	211	208	67	179	27	102	184	103	160	39	228	75	97	201	246	54	212	236	122	209	112	253	32	174	205	37	116	235	183	201	53	
36	172	202	159	220	137	238	232	62	146	225	74	228	226	109	64	123	235	34	195	34	243	202	123	60	38	207	108	149	123	115	128	
139	254	109	95	34	30	189	191	56	78	84	244	189	6	158	37	7	83	21	15	227	220	117	47	102	47	126	128	94	212	131	249	
190	149	100	107	143	89	214	232	77	84	124	175	75	124	30	133	27	82	231	115	222	32	127	183	47	91	69	87	119	174	222	215	
102	124	106	30	109	209	214	194	249	196	172	173	34	204	55	22	200	234	195	71	206	107	246	233	115	88	133	59	71	127	126	94	
16	50	95	37	34	31	184	74	62	160	114	228	207	78	132	144	183	29	236	128	133	209	133	76	158	227	107	3	97	128	47	149	
107	94	212	94	107	153	22	60	207	202	126	236	106	242	167	246	86	244	236	110	197	35	207	223	54	126	65	155	122	190	72	29	
88	50	122	228	114	66	120	122	49	128	226	233	95	223	8	112	55	157	239	160	44	82	133	76	223	163	48	13	37	128	39	27	
50	186	31	126	104	196	144	200	170	8	240	96	96	222	44	144	204	93	231	192	12	67	138	113	27	243	239	171	81	2	110	131	
68	133	211	151	212	41	238	234	62	179	234	74	228	226	93	91	123	207	106	187	34	242	203	107	188	166	207	44	133	120	97	128	
159	149	167	55	159	86	87	184	247	222	158	39	107	125	31	103	53	198	237	167	253	193	63	255	251	83	71	199	227	116	125	87	
139	30	237	93	98	22	175	59	56	202	116	244	253	102	151	252	23	125	148	175	225	196	182	91	68	47	123	132	92	224	3	245	
221	12	191	52	170	88	53	169	168	254	167	48	223	183	203	123	35	84	236	42	112	69	175	0	249	227	103	61	162	112	167	99	
102	139	196	94	201	216	84	142	147	49	168	136	98	230	108	118	201	246	234	16	14	107	234	177	31	242	197	127	210	252	206	12	
99	59	72	5	96	8	124	55	41	232	184	237	3	43	198	18	134	140	93	140	140	216	192	64	198	248	177	160	40	160	74	219	
226	231	238	18	238	80	252	239	235	119	55	187	72	44	222	23	171	199	225	133	246	91	174	247	62	30	221	239	199	214	222	78	
114	225	104	46	24	201	82	232	199	120	176	169	51	220	90	16	216	128	92	227	78	3	206	61	249	144	161	191	113	15	6	70	
109	83	213	101	170	15	6	152	3	232	191	236	223	117	137	150	22	84	236	110	137	176	89	24	164	255	101	148	234	255	64	49	
98	160	212	253	124	11	232	136	27	176	240	10	229	234	84	82	251	205	123	241	42	118	203	221	156	186	207	62	21	168	81	128	
110	80	229	22	203	108	157	168	171	254	0	157	72	252	95	26	161	247	249	3	197	69	186	224	31	50	205	191	133	117	214	119	
148	127	222	85	162	59	182	247	185	190	54	191	75	109	135	143	63	127	198	34	100	245	44	174	102	195	101	135	231	252	143	205	
117	168	188	16	173	249	81	142	235	191	164	57	14	184	71	26	129	195	108	16	30	107	162	16	219	219	85	127	208	117	207	71	
100	251	173	115	44	73	130	140	206	57	146	109	224	236	220	2	205	215	109	81	139	99	203	49	12	34	239	252	221	2	22	27	
71	180	44	191	154	7	154	168	22	241	130	239	213	124	8	32	31	215	123	161	165	67	95	127	253	7	111	180	221	104	9	17	
114	76	110	30	77	243	210	198	193	71	173	25	98	236	63	31	201	226	203	135	44	39	58	255	51	118	208	27	83	127	126	94	
41	32	165	101	61	31	200	11	100	233	242	20	195	56	156	166	200	4	124	45	173	240	113	142	137	254	155	16	75	12	82	124	
172	228	69	105	236	75	70	248	86	186	52	112	211	113	153	191	89	64	86	106	105	246	75	62	44	203	101	228	118	249	90	161	
110	120	176	179	203	53	157	156	138	187	149	123	220	255	77	138	141	127	247	147	147	66	218	224	29	83	255	190	139	117	139	179	
16	180	155	251	145	237	49	87	190	9	105	16	182	151	32	32	161	59	1	16	19	184	48	23	205	133	26	64	192	64	135	187	
215	126	206	177	74	160	60	80	172	246	147	231	13	206	243	75	38	237	239	231	228	213	142	64	84	0	239	165	45	246	41	221	
85	233	41	40	31	197	91	236	230	68	136	9	149	222	114	112	192	233	89	213	78	11	254	55	249	13	143	125	48	34	183	66	
102	176	227	20	233	120	212	138	171	247	160	153	74	236	95	26	137	215	233	21	158	67	254	192	27	16	69	63	198	117	214	86	
214	82	238	148	66	2	190	112	184	134	211	255	77	106	158	95	54	229	253	231	228	215	132	202	20	34	251	132	109	181	43	21	
100	166	251	70	242	75	118	248	115	162	42	234	87	241	201	48	55	254	98	34	112	242	140	106	126	134	69	37	229	250	6	160	
113	225	248	98	145	156	82	5	99	165	175	9	35	136	86	112	176	174	64	92	94	58	244	8	251	237	4	121	97	2	202	78	
244	56	191	116	9	108	81	18	242	151	166	24	87	183	65	123	161	244	104	26	40	71	179	34	211	169	81	25	160	113	102	34	
46	176	33	178	203	193	177	200	154	241	145	189	12	220	76	138	157	219	211	145	19	99	218	241	29	81	159	255	223	13	151	243	
33	32	78	44	76	209	178	72	230	192	240	34	209	216	118	34	232	225	122	193	15	227	206	81	16	125	139	43	109	2	107	134	
120	235	27	162	53	217	66	244	163	168	188	72	191	136	194	176	136	168	196	78	79	58	192	61	250	197	37	249	96	10	74	9	
41	161	246	92	79	209	248	232	235	80	244	42	73	202	182	178	106	229	226	195	71	99	174	209	90	42	135	45	111	166	110	132	
88	18	206	101	48	38	73	27	54	164	230	197	199	39	0	80	86	149	237	172	168	208	113	14	196	231	235	128	96	160	36	112	
35	234	232	30	207	157	190	206	91	27	124	204	136	232	214	180	159	107	146	157	214	62	206	243	38	93	29	175	223	246	203	141	
118	128	210	229	213	10	108	232	123	178	226	10	67	42	84	80	123	205	34	160	8	242	201	220	156	186	199	37	165	104	114	130	
27	118	175	67	177	246	59	158	39	223	94	165	255	127	219	172	23	90	149	28	139	144	61	162	235	95	60	195	206	215	37	121	
96	32	13	41	40	12	73	26	39	37	226	137	146	7	0	88	196	148	109	140	8	66	195	80	197	184	160	24	96	129	2	50	
33	101	66	13	92	11	167	104	76	36	234	2	64	168	53	36	120	204	66	235	68	179	101	78	52	44	131	0	85	58	113	132	
25	4	148	45	27	83	9	42	54	246	134	134	205	34	2	231	51	205	234	172	37	217	125	95	200	231	79	53	59	36	41	68	
159	63	126	115	175	255	223	182	157	206	22	189	255	125	151	165	134	115	221	71	245	232	122	174	235	219	109	211	110	245	205	87	
25	48	49	49	21	142	225	23	124	69	66	85	191	8	16	72	96	45	0	13	154	188	85	23	197	231	58	64	200	4	147	248	
81	50	63	73	78	22	160	66	126	33	98	98	134	152	148	232	224	28	106	65	133	254	229	16	148	42	18	2	65	0	121	13	
83	27	159	63	162	212	61	182	61	223	114	228	126	230	163	250	167	127	172	84	133	216	171	104	136	242	118	130	168	240	33	125	
17	42	2	161	101	14	96	66	100	73	66	64	134	24	16	248	232	13	118	133	140	190	133	0	148	232	58	2	40	5	123	135	
252	129	127	110	133	78	71	184	97	168	231	8	83	115	8	115	120	212	124	234	121	243	185	13	243	233	225	21	107	179	98	34	
26	10	6	17	9	175	169	83	60	45	242	87	138	1	16	136	44	37	111	141	136	253	81	78	213	6	122	208	65	12	9	26	
223	159	117	75	233	117	255	254	43	126	125	125	76	63	159	255	167	83	245	199	151	32	187	245	19	121	72	239	223	215	239	215	
222	4	222	180	3	98	24	0	176	182	131	179	79	239	75	91	51	245	237	163	44	197	137	194	210	231	91	7	164	119	45	2	
237	86	107	64	230	127	127	184	117	234	54	254	89	29	215	121	55	196	127	254	233	52	45	94	126	79	229	196	239	245	86	113	
50	34	74	201	11	129	120	72	135	32	133	137	1	135	32	4	76	188	235	136	8	7	211	80	210	144	137	49	115	138	14	130	
118	132	214	180	94	11	232	232	191	178	226	10	231	234	124	83	123	229	107	177	40	115	143	220	156	190	207	28	165	40	113	0	
82	2	54	76	110	10	177	75	78	132	66	203	196	200	20	70	242	13	107	13	128	99	199	16	20	56	11	10	85	8	113	33	
4	140	82	147	212	139	238	232	63	146	162	10	228	234	125	73	123	203	106	243	34	227	75	255	188	150	207	108	149	105	113	128	
217	126	236	119	246	122	255	182	112	234	94	254	249	45	147	43	47	246	213	175	228	244	165	238	118	111	254	129	47	245	95	121	
42	239	18	190	121	149	22	230	159	12	248	105	174	234	37	208	197	123	207	66	78	11	10	255	186	212	46	187	18	23	47	143	
15	153	244	95	168	157	190	152	222	251	86	228	253	253	255	111	151	127	191	94	162	88	255	177	79	127	117	177	214	252	133	249	
106	176	226	20	203	93	152	203	171	250	164	141	14	252	87	154	143	213	253	21	135	107	242	192	27	89	93	191	203	100	94	127	
191	63	232	115	176	246	27	218	19	253	28	189	25	63	211	57	23	127	149	124	191	88	236	190	234	223	173	247	142	245	158	113	
114	33	198	165	93	10	228	104	43	160	234	10	66	162	100	82	249	205	106	160	8	243	137	200	156	162	199	51	97	106	122	134	
79	126	233	118	165	244	63	150	83	206	31	189	249	253	223	170	151	126	253	7	165	230	251	170	103	127	53	139	206	255	28	123	
50	101	3	140	93	195	134	104	222	196	200	11	98	232	52	132	216	233	202	99	76	35	154	223	49	20	11	59	81	62	116	198	
135	22	237	27	170	43	47	154	31	115	85	244	212	100	155	47	23	66	90	47	179	68	127	115	36	54	121	148	220	253	129	245	
110	248	182	214	233	60	157	203	171	254	148	57	108	254	95	158	173	215	253	147	208	71	170	224	31	115	255	191	131	117	159	83	
80	58	188	183	46	120	80	23	235	173	158	40	231	248	210	106	131	118	124	1	140	105	231	33	218	231	125	243	228	170	31	15	
124	85	118	78	61	14	71	184	225	136	239	72	82	115	9	119	88	244	108	106	72	163	89	44	115	248	69	28	98	179	112	34	
86	235	137	160	141	197	74	200	131	185	144	73	47	203	89	130	169	195	253	213	30	67	138	241	187	213	175	255	179	6	62	2	
208	142	14	189	138	138	52	167	180	30	130	247	245	34	34	75	97	39	106	167	116	205	67	63	220	35	254	81	56	8	169	26	
113	169	168	164	168	249	91	30	163	237	158	41	243	177	210	50	145	230	125	28	28	75	235	0	218	205	173	249	164	130	94	75	
191	63	166	87	187	118	159	246	17	254	247	55	104	60	159	175	204	247	213	246	189	221	121	174	123	123	244	147	235	245	174	255	
57	105	8	42	25	157	90	104	34	224	164	141	155	140	82	16	156	165	220	102	204	35	216	60	243	217	129	57	75	15	90	82	
18	50	23	229	10	7	128	66	52	9	210	230	212	22	128	132	236	157	110	128	9	217	65	8	128	162	187	146	105	0	35	179	
205	254	189	151	238	253	181	183	112	255	30	255	124	52	195	171	37	118	254	31	181	122	187	46	126	3	117	194	206	93	141	121	
7	62	212	21	162	43	188	55	189	242	50	239	110	106	133	15	39	103	110	38	229	240	29	104	46	18	85	146	237	248	139	29	
64	169	214	154	15	137	82	128	175	148	162	9	230	211	100	22	3	224	106	76	2	107	154	241	154	18	5	59	66	174	8	14	
239	190	169	151	224	116	191	191	26	127	20	245	148	166	194	59	133	95	180	7	241	88	170	51	76	39	255	236	152	245	143	241	
115	135	120	28	122	25	94	232	255	52	172	173	104	234	206	84	183	199	238	102	198	3	175	215	54	62	5	191	117	150	74	71	
75	49	3	177	112	140	105	23	184	201	106	93	188	150	0	16	132	47	91	5	133	216	144	72	133	60	58	0	8	4	131	216	
102	225	239	22	206	192	189	237	186	119	163	155	64	236	94	18	171	215	243	135	118	107	190	119	125	6	223	111	197	70	247	222	
98	137	212	90	89	221	82	192	203	189	160	9	34	206	100	118	201	242	234	80	14	107	202	177	31	52	5	123	82	14	70	14	
104	114	1	40	108	205	195	24	234	232	145	109	182	204	81	80	216	184	79	99	203	35	202	29	212	20	169	188	88	43	86	19	
65	6	125	85	36	75	225	35	108	105	242	112	246	56	132	39	138	6	126	9	185	248	101	76	132	58	114	146	68	8	85	45	
60	94	84	69	175	59	70	186	87	178	118	108	203	33	129	189	95	92	164	42	232	244	77	154	166	211	69	55	127	253	90	165	
168	38	212	101	82	15	110	59	48	162	106	200	89	35	0	147	63	221	194	168	160	250	205	14	108	139	101	36	107	224	10	168	
188	127	190	18	211	119	55	220	179	254	172	191	75	245	203	191	61	254	196	242	254	227	188	170	123	193	37	239	235	119	238	215	
135	180	233	17	226	122	189	155	62	87	85	180	157	230	218	46	55	91	19	159	243	212	255	67	78	31	127	196	140	240	131	245	
56	97	98	40	77	209	144	104	226	0	160	9	11	216	118	144	200	161	234	193	14	35	206	209	209	80	131	59	87	6	118	134	
66	0	76	225	66	14	105	18	53	37	98	133	213	7	0	80	118	140	43	140	8	216	209	64	85	170	153	128	32	128	32	56	
79	122	248	94	169	52	94	156	187	74	93	229	122	254	223	126	215	123	181	207	143	70	234	227	195	127	116	138	134	247	38	127	
113	104	56	186	28	193	211	72	194	20	160	9	183	216	82	16	200	129	91	195	78	35	222	49	209	9	139	63	81	11	114	66	
143	244	237	83	178	114	191	159	62	215	93	244	221	118	218	33	23	95	213	63	243	212	45	67	110	15	63	196	206	245	163	241	
100	187	156	113	233	153	176	198	234	185	176	125	128	186	100	154	137	127	238	80	22	107	202	113	28	146	127	255	217	32	143	151	
122	212	111	94	43	94	215	252	201	94	125	37	106	125	46	127	149	84	245	99	236	69	58	175	115	123	84	151	115	119	214	127	
218	206	30	188	42	144	28	166	188	22	130	181	237	206	34	203	231	113	237	199	108	205	3	253	242	227	250	155	52	20	45	27	
85	190	138	150	211	199	103	240	246	238	70	30	70	225	91	153	49	238	234	187	41	211	158	110	185	6	101	77	168	112	174	80	
52	62	139	22	210	76	39	208	58	239	96	93	102	224	75	155	49	110	64	22	35	218	154	42	56	134	117	32	201	112	199	219	
19	32	71	37	34	14	40	67	62	33	98	240	213	6	128	112	54	157	126	133	1	216	5	92	148	170	58	128	41	0	35	188	
220	38	218	242	170	104	17	3	178	159	167	57	79	247	67	91	35	247	237	16	56	71	138	2	219	227	117	123	160	225	175	3	
0	32	94	64	74	9	176	72	234	1	229	42	24	211	172	16	42	156	98	8	0	227	146	80	22	40	3	42	97	2	99	162	
54	93	175	114	139	215	86	240	133	206	191	39	74	252	39	62	221	243	253	115	221	167	58	170	123	95	197	155	195	119	244	87	
141	173	109	81	242	183	123	187	126	85	87	146	221	111	218	177	55	90	147	190	179	84	61	127	110	75	37	196	167	197	129	241	
223	156	181	126	178	118	31	186	22	234	95	116	124	247	233	225	149	94	181	62	177	208	57	63	233	47	109	198	154	229	4	113	
122	143	96	78	223	114	222	239	193	101	188	175	106	108	30	22	249	198	221	167	252	43	236	255	123	127	141	219	103	238	254	94	
41	179	173	141	109	215	81	24	199	220	212	108	250	215	194	230	92	188	238	216	139	66	255	153	207	129	225	188	58	174	28	241	
194	140	214	159	238	168	188	167	191	19	218	18	236	234	96	75	227	231	127	128	114	93	203	243	188	54	223	136	148	120	161	9	
223	223	248	239	173	117	223	254	59	126	60	245	125	191	223	173	183	95	245	199	183	41	187	243	235	253	111	191	223	247	239	255	
133	4	231	1	196	62	233	90	116	250	83	214	81	8	191	239	121	12	18	191	165	244	37	202	4	42	243	4	207	237	121	228	
13	159	125	83	246	126	255	183	125	91	126	118	27	61	150	245	63	159	150	62	245	184	45	254	110	255	118	192	239	208	232	253	
114	212	237	30	13	101	150	158	159	95	177	63	98	124	62	27	221	211	253	3	174	103	123	243	83	54	208	155	81	95	212	95	
223	95	251	118	182	125	255	182	185	238	126	245	93	191	247	61	183	127	181	199	165	60	172	242	234	255	109	167	239	245	207	255	
114	189	105	30	207	205	150	238	155	95	176	47	38	252	94	16	205	243	215	65	238	107	250	247	119	22	28	187	85	30	214	223	
158	222	252	251	166	111	255	190	63	127	126	246	201	47	159	9	63	223	149	139	161	252	109	255	174	255	247	132	255	245	207	217	
164	173	212	147	252	171	238	239	159	179	184	26	206	232	124	1	251	239	127	19	114	122	75	247	188	30	207	116	213	120	209	128	
29	190	252	82	183	223	179	249	118	253	183	175	90	125	255	173	191	242	215	53	183	123	61	188	123	79	37	247	223	238	125	115	
159	127	126	127	173	125	223	188	189	206	158	181	255	125	159	167	135	115	253	103	253	229	59	238	235	219	109	155	206	247	205	127	
47	127	255	98	253	116	223	222	43	223	61	253	125	125	223	190	159	219	213	247	191	227	186	234	107	223	45	235	207	247	238	247	
2	191	181	83	232	253	181	151	154	123	24	112	188	252	196	174	135	91	251	81	147	72	250	115	45	22	127	234	200	80	135	253	
89	58	166	37	25	87	17	59	230	253	134	5	139	182	66	238	201	133	236	160	140	205	243	157	219	243	219	151	2	36	45	94	
239	221	230	118	161	52	158	182	113	219	95	177	121	125	159	47	223	119	181	215	252	222	235	175	107	255	244	130	199	247	182	127	
16	32	86	73	74	4	168	72	174	0	225	64	0	131	4	16	104	157	106	128	0	163	211	80	21	168	2	8	65	2	99	130	
13	186	142	23	121	86	33	248	178	220	244	37	120	230	202	19	153	110	230	180	167	195	186	45	73	35	101	137	200	36	47	243	
66	243	215	101	46	8	178	180	235	169	178	237	206	104	196	198	134	117	236	81	133	120	207	192	172	244	103	146	204	46	139	21	
247	125	191	94	250	166	158	220	155	218	145	249	118	252	77	59	213	251	21	119	175	199	202	234	57	24	173	190	205	115	178	23	
9	32	68	85	82	138	105	3	56	33	98	209	153	3	128	216	50	44	107	140	32	216	197	77	68	170	242	192	40	128	74	168	
9	38	212	69	27	27	169	35	116	167	166	152	235	33	146	135	42	102	234	40	32	252	69	12	12	203	117	17	103	164	75	168	
92	134	220	69	143	91	181	171	87	246	166	142	203	32	210	135	59	196	234	42	108	121	127	156	159	195	85	53	99	236	77	76	
13	190	234	215	226	61	191	246	50	247	86	189	253	189	210	41	23	126	177	31	181	216	173	163	110	79	125	224	134	245	159	249	
98	186	199	30	75	205	160	8	171	156	48	109	228	192	100	82	129	105	98	64	7	99	138	113	12	16	1	186	89	42	71	151	
109	190	171	22	241	214	55	240	114	206	86	253	120	245	235	244	149	126	181	30	245	219	184	174	123	79	101	235	138	244	190	247	
102	181	175	178	207	197	191	232	186	113	137	155	84	252	124	2	185	223	115	211	83	99	154	119	125	6	207	108	197	50	183	242	
82	190	144	178	187	160	60	175	187	51	138	245	141	170	72	223	167	71	233	149	54	73	155	243	184	214	94	255	140	68	171	29	
114	143	104	8	90	91	93	239	255	116	164	143	10	206	118	16	191	129	107	164	238	107	175	87	123	14	5	127	117	164	70	86	
223	12	135	190	137	52	12	2	189	210	139	215	236	238	55	207	229	231	249	135	173	197	159	234	144	118	218	26	138	101	57	84	
242	37	66	237	92	42	104	75	41	128	250	10	11	138	4	82	122	141	127	160	24	155	193	196	150	248	130	200	37	130	226	128	
118	31	239	6	206	104	95	50	193	230	159	175	83	109	215	75	14	246	125	231	156	99	255	104	127	40	229	153	165	251	86	83	
75	18	254	116	115	214	185	112	227	220	118	239	125	255	182	243	182	253	183	245	133	211	182	204	94	251	111	131	111	164	45	247	
67	153	215	7	170	14	45	49	173	209	122	197	252	38	132	86	38	103	120	172	145	216	55	109	12	58	78	130	173	226	163	117	
121	235	74	98	112	203	83	117	33	76	124	41	55	147	130	48	146	172	93	104	94	154	224	61	250	205	32	249	96	130	202	67	
114	253	120	78	223	89	150	238	203	112	184	175	98	124	94	19	137	214	192	99	239	107	222	63	58	30	69	63	125	123	222	222	
114	253	104	78	221	89	214	238	193	196	188	47	98	120	31	19	200	226	97	99	236	107	222	191	59	30	197	59	125	127	94	206	
121	233	104	96	120	203	83	244	35	44	252	41	19	23	146	16	152	172	85	110	72	18	96	29	242	205	33	177	96	154	86	235	
48	32	2	41	13	1	128	72	206	0	224	1	130	136	52	0	200	29	106	97	12	35	210	144	145	176	138	59	81	10	119	134	
186	211	44	174	13	23	220	237	20	94	132	159	99	76	58	3	220	129	253	231	236	111	91	29	243	227	200	29	121	28	248	90	
183	205	117	115	234	55	94	191	27	50	25	185	77	127	156	53	151	95	85	239	244	70	8	247	106	222	77	246	54	247	194	135	
141	108	239	85	194	126	237	115	112	230	70	130	89	118	147	63	51	238	83	175	224	212	61	106	119	11	239	4	165	241	247	232	
93	47	154	183	178	54	79	151	119	207	206	116	255	98	131	254	119	231	108	156	189	201	165	46	232	231	63	128	168	241	169	13	
207	221	240	126	171	60	158	190	251	82	94	177	249	253	182	239	151	119	181	71	244	76	191	179	107	127	117	155	86	245	197	127	
194	172	214	157	252	168	252	231	191	155	122	16	172	234	112	91	239	255	127	129	50	95	130	255	188	54	223	234	148	80	163	137	
57	207	81	79	53	159	70	190	119	44	254	104	235	113	133	244	17	210	204	106	106	168	105	63	162	255	37	18	114	251	72	45	
3	12	239	215	194	94	109	99	56	194	70	130	117	102	151	59	55	231	115	174	241	208	61	108	117	42	223	128	37	240	163	252	
51	34	23	168	10	3	24	72	39	33	224	194	134	130	0	16	78	149	106	128	12	131	195	80	144	176	10	26	112	128	42	4	
15	148	237	27	170	59	47	152	30	115	70	180	221	100	159	239	23	86	250	62	179	80	127	112	108	43	117	196	150	253	145	117	
9	169	3	177	49	252	105	87	185	73	106	80	190	151	16	244	128	43	93	13	147	216	146	197	133	249	26	200	10	4	131	248	
72	154	149	85	36	175	161	51	252	25	246	112	191	33	132	238	134	54	238	8	145	252	195	69	132	187	114	80	194	136	65	41	
122	235	8	224	61	129	90	232	3	184	152	105	171	203	72	16	152	201	77	242	78	67	203	53	250	213	165	253	16	3	94	3	
0	34	20	169	44	11	192	8	70	32	194	0	135	136	16	64	200	12	106	1	12	176	199	16	132	224	138	17	84	8	24	130	
130	173	246	213	254	171	254	231	255	179	250	26	238	232	116	1	187	235	127	17	242	249	11	255	188	158	95	254	197	104	195	137	
34	253	3	158	93	205	150	232	159	200	216	105	230	252	44	132	217	121	202	67	79	35	202	255	177	20	13	59	88	62	63	151	
143	236	236	83	178	50	63	159	94	247	4	177	157	63	210	47	7	94	147	158	178	216	45	247	111	95	63	229	166	244	141	249	
239	93	242	126	248	52	94	190	81	202	95	185	121	253	191	110	151	115	181	95	244	108	174	170	123	127	116	138	214	247	148	127	
98	32	66	136	73	1	104	72	165	0	224	137	0	131	32	84	104	141	106	232	8	3	211	80	20	48	138	9	107	0	42	134	
88	251	122	106	58	152	18	17	111	12	158	236	239	136	192	240	182	117	236	81	222	41	133	96	186	245	36	219	110	134	175	21	
2	189	181	83	250	221	191	166	158	209	12	160	188	246	196	166	135	123	251	83	211	72	250	115	45	22	31	234	214	82	135	253	
42	239	16	190	121	133	30	230	159	29	248	237	174	234	35	212	199	123	207	66	198	11	74	255	170	212	47	187	18	22	47	143	
151	247	37	67	187	55	30	188	213	250	159	113	120	125	159	39	151	83	253	247	254	69	41	255	251	218	237	214	230	247	132	119	
95	158	252	126	41	222	93	185	189	222	246	165	255	125	159	175	151	245	253	37	237	109	123	205	235	251	109	159	222	164	13	127	
29	221	120	115	246	186	255	183	125	75	126	178	217	63	158	117	127	219	151	238	241	184	45	255	110	223	246	192	231	215	227	253	
107	147	253	124	121	212	57	56	195	252	118	237	249	253	254	118	214	189	189	221	143	82	175	157	79	251	239	178	30	172	5	119	
118	212	173	158	203	109	151	220	154	123	185	127	84	124	45	27	189	211	243	35	163	103	91	115	117	6	127	190	221	121	151	243	
214	204	150	159	222	130	174	238	190	146	210	18	236	226	121	67	123	231	127	131	122	223	139	255	188	50	223	192	132	112	177	8	
87	140	247	118	184	151	30	184	151	178	18	233	93	253	189	39	151	119	125	47	252	81	15	191	122	222	77	214	150	244	0	39	
71	193	239	5	66	74	171	160	168	192	102	128	221	102	150	118	38	117	122	204	193	216	183	104	77	43	79	128	5	162	3	224	
99	253	109	6	222	73	150	238	202	250	184	239	114	124	28	2	157	215	67	99	237	43	220	63	61	6	101	190	93	123	210	219	
99	51	1	161	44	11	66	24	11	232	145	109	134	82	192	148	148	45	77	99	205	3	201	157	132	208	169	190	12	46	26	81	
67	241	253	135	58	78	171	144	170	224	38	142	253	164	198	38	38	85	120	95	193	240	253	96	140	62	79	48	68	171	3	124	
114	255	105	142	222	13	150	238	138	234	184	111	114	124	29	2	221	211	119	103	232	43	219	63	61	6	173	190	93	123	214	219	
60	135	45	235	184	239	75	184	6	172	157	233	211	101	25	0	29	210	93	127	26	0	105	60	233	197	169	244	244	235	20	113	
47	172	247	119	178	146	158	184	155	130	4	161	249	253	221	47	23	122	241	31	240	201	206	174	106	127	93	218	134	244	51	169	
24	207	88	93	181	155	86	191	127	47	126	40	107	224	166	244	51	238	172	8	110	184	109	191	170	223	21	87	114	216	200	13	
98	50	1	140	72	196	1	88	166	204	240	109	0	194	198	150	200	172	238	224	11	67	194	81	20	32	171	190	24	2	38	247	
15	173	246	119	179	147	190	244	179	179	6	161	249	253	221	47	151	127	241	95	246	216	141	175	111	95	93	227	166	244	27	174	
8	50	30	9	11	91	161	88	238	108	244	132	156	128	38	208	98	13	234	0	1	227	183	80	80	33	35	57	88	12	111	241	
110	189	163	176	221	65	165	239	26	208	128	207	212	253	88	130	217	221	243	177	115	107	218	87	125	7	239	108	205	32	183	178	
183	125	191	94	234	38	158	235	155	154	144	121	84	252	77	59	221	215	117	115	233	199	202	106	57	26	237	190	141	113	50	131	
38	140	118	115	176	131	94	168	159	178	50	153	77	123	93	49	151	119	117	63	248	216	10	254	42	222	77	246	132	241	194	132	
88	32	70	85	9	218	233	3	172	21	230	20	139	3	134	220	96	140	232	156	10	217	97	64	196	169	146	81	67	132	106	40	
48	50	27	72	75	69	161	72	236	12	240	70	0	130	36	144	232	141	78	240	9	35	211	80	21	160	170	58	89	0	103	135	
195	172	133	147	138	228	45	167	191	115	130	151	172	166	86	223	167	71	121	157	55	73	191	243	172	18	223	122	140	84	163	92	
223	12	135	190	137	244	12	3	187	211	139	21	236	254	115	223	193	103	249	149	61	71	154	194	145	118	218	26	136	101	57	70	
79	136	244	127	251	24	126	184	115	19	68	136	253	253	216	107	151	127	177	79	182	88	174	177	111	127	93	173	182	246	131	40	
110	220	165	188	203	111	181	219	154	186	152	223	92	125	77	171	189	215	251	163	161	99	219	82	61	6	239	190	217	121	147	179	
34	191	19	158	57	205	150	232	158	200	200	237	230	252	172	164	157	121	202	67	199	35	250	127	177	20	13	58	88	46	23	247	
114	181	105	72	74	201	216	235	155	244	168	139	18	172	116	16	235	159	107	133	76	43	54	85	25	8	17	125	85	8	103	250	
228	127	235	167	236	72	175	181	32	246	27	175	81	237	217	19	62	254	113	247	208	82	238	32	124	41	237	236	133	251	214	242	
6	140	228	119	189	147	254	174	31	179	3	145	233	107	28	47	135	119	121	222	114	88	15	191	111	222	213	151	183	245	193	10	
35	255	16	190	121	157	30	246	159	76	120	205	172	226	39	148	199	107	199	71	199	11	74	255	172	212	15	186	26	22	11	157	
65	154	158	87	33	190	48	55	255	27	110	84	174	177	134	238	167	54	232	12	145	252	147	193	142	255	82	67	202	132	137	13	
76	133	236	95	207	16	252	189	82	19	71	18	217	105	88	235	51	222	243	159	178	88	255	225	111	111	254	205	167	214	221	162	
16	34	95	41	11	75	161	64	36	36	226	198	139	130	38	192	42	141	106	128	1	179	183	80	148	161	34	1	105	8	41	208	
85	175	190	39	178	150	95	151	115	207	142	116	247	98	130	116	119	230	108	188	254	201	173	110	250	191	55	209	168	242	169	77	
2	188	246	220	252	173	184	247	191	27	240	186	172	255	116	8	239	59	255	145	178	235	130	247	30	94	94	202	198	196	163	153	
78	140	228	127	223	24	254	174	91	19	65	154	249	233	28	107	19	95	49	206	182	120	207	243	111	255	85	13	183	245	209	136	
42	252	97	173	95	73	173	223	26	112	80	203	61	221	48	0	123	153	147	33	99	123	154	87	117	39	11	44	93	40	23	186	
64	51	14	136	13	207	129	72	142	76	214	108	198	196	162	194	200	36	238	1	9	99	163	16	145	176	43	153	88	8	53	117	
29	1	236	65	135	59	253	156	118	179	6	2	217	105	95	107	51	68	123	250	180	208	125	240	111	11	229	149	183	247	217	34	
246	115	81	204	61	153	82	88	139	12	177	109	106	203	173	144	188	185	206	226	78	35	10	223	146	212	33	191	91	47	110	23	
3	189	177	211	155	221	175	166	190	113	12	136	188	246	68	166	135	123	122	219	83	72	254	243	45	28	31	122	156	4	131	252	
24	50	21	173	15	219	97	91	94	100	70	134	143	132	2	200	114	140	238	1	13	248	117	24	213	161	49	17	122	12	28	80	
29	9	238	71	195	82	237	97	112	182	198	2	121	115	19	123	56	230	123	235	240	209	173	104	87	43	239	129	165	242	247	224	
63	205	114	243	246	26	254	247	125	99	126	146	91	47	156	53	127	223	23	238	248	186	45	239	126	223	246	192	231	223	226	221	
128	172	214	149	252	171	236	231	191	179	250	26	236	234	100	65	107	235	110	16	114	249	75	255	188	30	95	100	213	104	209	136	
24	189	18	185	243	133	60	247	54	9	88	245	189	247	96	144	55	59	151	144	115	216	146	183	236	199	63	232	170	68	171	155	
242	69	66	168	220	34	110	71	45	1	250	26	15	10	52	80	106	143	95	176	56	155	193	198	182	252	154	200	165	219	224	0	
67	237	129	177	145	216	108	175	63	117	10	145	173	38	94	244	35	207	249	149	95	88	207	247	172	118	158	229	150	212	139	92	
74	160	230	126	43	153	184	41	151	176	70	137	237	253	248	100	150	121	123	92	130	80	143	189	223	219	77	171	54	166	17	2	
87	105	233	133	26	88	171	0	42	224	143	138	255	198	210	38	54	197	124	111	193	1	245	76	221	44	15	48	36	163	3	100	
69	223	254	78	254	22	127	183	228	205	254	231	113	106	183	114	231	231	124	228	244	169	173	110	126	47	103	128	173	242	224	95	
193	34	158	83	33	248	120	2	239	93	247	24	175	138	150	94	160	166	108	28	30	108	231	241	198	250	82	83	194	129	79	78	
10	173	64	187	217	217	126	238	63	117	40	141	173	47	66	144	167	203	195	212	86	24	90	245	174	215	30	105	26	148	139	216	
194	32	239	23	40	218	113	35	237	117	231	53	163	46	134	95	130	36	104	28	60	220	247	69	135	242	210	67	192	132	86	94	
16	143	122	93	180	219	86	231	127	103	250	61	99	232	166	112	179	238	12	0	254	184	45	127	170	254	21	51	121	200	204	31	
87	164	135	176	137	244	68	71	187	219	131	16	206	254	120	255	193	231	249	149	63	75	178	192	153	114	223	94	128	100	183	102	
60	110	109	227	60	111	75	152	6	236	157	237	215	101	153	0	21	80	93	126	139	1	105	60	233	197	165	180	246	251	84	113	
3	189	17	186	91	221	158	232	159	80	8	137	174	252	38	180	135	123	211	67	71	10	122	253	169	84	13	58	88	14	11	220	
86	128	246	116	56	131	88	169	255	178	130	136	101	233	60	35	151	117	121	45	32	203	15	95	154	158	93	222	132	160	48	4	
57	50	45	9	9	223	177	88	38	109	214	101	152	150	130	252	76	12	238	132	143	144	243	144	199	97	170	131	26	4	118	247	
22	174	212	183	150	202	78	172	91	150	113	82	103	106	29	139	187	227	36	211	123	248	10	239	172	150	213	2	173	112	195	138	
89	50	39	45	11	31	48	88	55	232	214	239	27	149	130	124	52	156	254	132	141	219	231	148	215	99	113	210	99	12	36	119	
28	238	233	163	52	79	79	152	50	238	154	239	215	69	217	0	63	220	85	127	203	212	105	42	233	197	173	180	164	251	86	249	
19	189	26	185	178	135	95	247	55	73	222	228	47	247	130	116	119	187	157	136	123	152	17	255	170	214	191	194	42	192	170	29	
83	105	238	197	26	88	235	0	172	140	150	2	221	214	151	118	48	229	125	239	64	129	165	73	245	45	171	129	33	34	39	108	
62	205	242	243	246	26	254	246	117	3	254	130	91	47	156	116	127	207	23	203	248	186	45	239	254	255	246	192	231	222	242	141	
164	121	137	167	236	75	135	252	22	226	80	238	247	245	217	33	30	90	22	107	201	240	255	57	229	129	109	180	124	251	23	185	
14	168	244	127	91	130	120	168	251	145	64	128	237	233	92	114	131	127	121	201	2	72	207	249	79	250	69	45	182	166	83	130	
217	114	27	8	73	87	161	80	164	76	254	44	152	150	166	80	232	133	238	192	137	39	179	64	213	161	170	156	73	0	39	115	
14	168	230	118	27	139	120	168	191	177	67	136	233	233	93	42	147	115	123	216	2	200	79	253	79	218	69	13	166	166	81	2	
239	182	148	244	235	39	141	251	154	186	144	122	92	115	193	187	159	117	255	189	225	199	195	202	28	11	127	188	139	116	43	169	
51	160	245	125	56	2	24	40	83	177	192	225	225	253	148	117	215	125	121	61	170	209	207	157	74	122	69	150	22	164	18	135	
109	180	148	164	203	39	180	219	18	186	156	126	92	51	65	174	173	87	247	185	161	83	219	146	93	199	255	190	219	124	11	169	
88	67	238	69	69	82	230	240	96	168	214	66	88	123	144	194	104	244	255	234	200	241	131	232	95	47	231	129	35	247	126	163	
73	50	43	168	111	93	49	88	142	76	212	175	158	212	162	228	100	188	238	101	133	35	166	16	213	33	43	184	82	12	53	113	
92	99	238	71	133	90	254	216	102	184	150	66	73	105	213	138	40	196	255	250	72	241	139	232	95	75	231	133	167	243	125	3	
70	172	212	254	190	2	206	168	219	146	0	128	229	107	29	3	147	103	121	187	32	225	15	239	168	158	205	88	165	240	83	8	
60	118	80	228	118	11	82	112	49	224	117	237	207	73	1	149	22	172	197	110	233	182	85	158	246	217	1	48	111	191	90	145	
40	188	0	233	219	7	160	255	22	184	220	74	157	243	64	164	93	31	243	145	243	90	211	151	157	199	191	238	191	4	59	169	
2	172	214	157	252	169	188	231	190	19	114	18	172	234	112	64	239	43	127	145	50	251	130	255	44	54	94	200	132	64	161	137	
106	28	97	120	77	233	169	103	30	97	248	223	184	45	84	144	105	191	243	129	17	58	82	87	29	5	155	104	93	12	55	250	
92	163	164	67	205	16	254	152	66	61	87	66	73	105	216	202	57	198	255	250	22	112	203	241	95	111	231	237	167	247	220	130	
6	163	228	247	159	0	252	172	83	145	18	67	233	105	92	11	51	79	125	217	86	232	207	165	15	250	215	199	175	246	221	142	
86	136	212	247	133	129	238	168	31	178	114	66	237	235	93	9	179	119	53	146	42	120	11	253	171	222	221	67	181	224	64	10	
87	230	40	168	27	89	75	248	51	172	149	106	87	210	219	52	56	137	93	251	202	7	237	95	249	136	171	253	49	39	23	101	
83	108	35	164	20	91	75	112	49	236	147	106	107	214	179	181	184	237	92	239	205	151	172	140	177	232	161	184	39	39	54	101	
3	159	94	76	242	135	127	247	188	77	254	228	52	182	166	112	103	167	94	140	246	153	37	95	126	46	54	192	8	128	162	125	
28	127	109	101	60	79	79	152	38	236	158	236	247	69	137	1	22	244	93	126	201	129	105	60	233	205	37	148	230	251	84	113	
82	169	135	178	141	244	5	231	171	53	130	24	166	178	108	127	193	199	120	145	30	75	186	241	153	114	222	127	128	84	182	46	
126	169	135	186	141	240	20	7	171	223	137	25	174	250	64	251	193	167	253	17	30	75	226	128	153	243	222	123	130	100	182	70	
83	168	142	146	137	205	13	230	175	55	128	8	38	242	70	62	161	227	120	193	94	75	186	113	153	18	223	123	128	84	167	110	
2	160	213	109	11	202	104	88	175	176	80	192	233	201	93	2	130	45	123	200	2	65	215	217	15	248	1	189	62	162	83	130	
113	157	93	229	218	14	47	63	0	170	186	110	209	51	0	50	28	214	84	168	249	154	209	14	253	174	237	148	41	234	130	41	
235	100	58	12	104	179	157	75	172	66	189	168	158	148	162	52	222	177	218	45	172	35	244	94	241	25	10	56	86	140	167	117	
110	177	186	112	217	245	217	71	163	189	173	29	8	255	78	28	205	155	211	148	26	75	250	214	91	223	151	127	195	70	174	242	
115	36	122	136	58	105	27	73	29	198	165	136	23	214	167	117	94	185	222	46	73	35	244	93	241	153	1	62	20	173	38	101	
105	162	148	148	237	83	153	107	154	182	20	26	141	162	211	174	15	69	234	28	36	75	227	200	30	223	95	61	130	228	11	204	
86	186	221	183	92	197	97	184	231	253	114	103	97	234	206	66	177	205	36	209	203	248	235	245	12	178	255	202	233	34	124	91	
2	172	214	157	252	169	188	231	190	19	114	18	172	234	48	72	231	43	63	145	50	248	2	247	60	54	158	194	148	64	161	137	
106	176	196	247	75	62	160	51	56	171	87	252	189	53	64	174	13	54	251	1	177	252	209	138	13	119	218	130	239	68	27	185	
153	113	39	41	41	63	48	87	36	104	223	241	146	151	130	100	236	28	255	70	142	157	225	144	215	97	170	146	34	151	180	247	
123	0	150	213	122	6	137	43	60	169	211	58	58	57	132	219	140	149	253	173	40	223	193	76	24	43	248	146	69	32	58	41	
52	205	98	227	212	11	238	244	117	33	250	10	75	43	60	16	123	207	6	226	248	187	9	239	190	238	150	64	231	218	242	136	
211	230	104	202	27	217	91	216	238	12	149	10	255	210	219	52	50	144	95	235	202	7	239	95	211	9	169	253	53	3	31	103	
43	162	16	184	121	145	185	123	151	189	148	58	141	131	226	132	207	9	202	156	38	79	226	151	158	223	155	255	150	140	43	205	
11	169	16	160	217	221	112	207	171	113	168	9	44	154	74	144	169	139	211	213	22	75	154	245	191	93	28	127	146	4	139	206	
1	143	123	93	114	203	240	103	126	77	250	229	50	236	164	112	183	171	14	0	247	185	37	95	126	46	48	144	89	200	229	93	
2	186	213	127	95	207	232	184	239	188	114	70	225	203	92	2	176	109	111	208	131	96	203	221	12	250	225	234	109	34	92	3	
216	115	166	69	61	18	242	88	228	136	179	102	104	203	212	194	120	228	237	226	204	177	129	200	94	105	163	129	47	166	122	19	
81	223	122	109	246	6	255	183	120	204	126	231	113	190	182	115	246	247	53	229	197	216	167	45	126	235	239	128	45	240	225	89	
61	100	91	37	83	127	122	112	33	232	127	203	91	13	19	145	62	173	21	238	77	178	21	12	210	233	33	128	111	167	74	208	
116	51	215	101	100	6	226	56	103	236	179	103	64	105	197	198	252	228	238	240	141	240	137	200	30	234	231	134	235	162	112	19	
104	170	51	56	117	173	177	66	250	93	112	29	172	200	126	24	161	43	67	21	150	125	162	243	77	63	50	74	194	5	199	195	
113	189	93	101	90	14	167	183	64	168	250	76	211	51	1	51	28	214	116	234	201	186	209	14	237	168	237	148	109	250	194	185	
66	233	134	159	76	130	172	232	190	176	210	2	236	234	56	67	123	237	127	227	66	211	203	253	156	50	207	148	21	42	49	128	
