香奈儿可可小姐唇膏	428 - 传奇	https://i.chanel.cn/fnbv3/image/full/shades/rouge-coco-_-428--35g.0172428_S.jpg	https://i.chanel.cn/fnbv3/image/full/chanel__com_type1/skus_full/rouge-coco-_-428--35g.3145891724288.jpg
7	128	239	149	214	70	169	232	62	128	194	2	245	103	48	96	123	221	59	185	33	208	121	76	93	42	207	64	133	40	49	160	
45	181	145	65	240	15	102	184	123	168	120	76	222	115	192	180	150	92	86	122	193	176	217	94	47	156	37	36	74	162	66	161	
11	14	123	221	112	134	249	114	188	72	118	194	185	143	180	96	110	57	23	140	225	156	32	207	71	175	186	128	87	128	33	249	
108	160	185	96	77	77	83	144	99	164	166	8	27	53	64	50	153	220	112	88	8	114	248	0	95	205	5	53	98	34	70	226	
34	157	18	188	213	196	148	103	157	13	232	1	38	178	38	192	200	59	130	1	94	171	18	255	177	180	154	75	16	12	172	142	
8	151	60	235	188	143	85	191	6	9	220	32	247	113	168	192	208	18	157	40	218	168	73	157	235	253	52	212	18	138	152	43	
241	82	71	237	38	14	111	56	100	106	242	230	83	3	145	113	126	132	60	238	233	150	101	12	180	170	224	128	45	187	112	49	
26	28	58	252	117	132	121	119	189	8	126	3	61	159	32	80	236	59	23	140	192	155	16	207	243	253	186	128	50	128	105	171	
83	221	19	188	53	204	116	119	237	8	202	6	190	155	32	192	224	59	31	64	71	187	16	255	177	245	26	10	24	8	33	11	
2	129	38	153	86	130	168	103	28	1	83	18	172	138	56	64	122	43	27	129	210	152	3	213	4	48	154	192	21	8	177	136	
18	75	95	156	50	193	185	103	140	4	90	163	44	143	162	64	110	51	175	128	64	137	34	253	112	38	186	139	53	12	37	251	
2	145	34	152	102	128	188	103	141	65	81	183	172	142	62	64	238	19	159	133	210	137	2	213	180	48	154	202	21	4	161	217	
108	160	184	96	221	125	83	200	99	181	173	24	19	249	74	58	153	220	192	24	26	98	250	18	123	221	5	125	194	251	214	226	
34	137	2	137	92	131	168	102	4	1	216	2	168	138	48	64	120	170	19	209	2	186	67	221	60	32	138	200	85	10	49	136	
90	81	82	189	50	138	124	119	173	0	83	162	173	143	36	64	230	191	159	128	64	153	0	205	182	253	154	130	38	128	161	25	
6	201	6	154	204	131	174	228	148	128	218	2	72	234	121	65	120	234	51	227	64	179	10	224	52	32	207	136	21	123	241	136	
11	158	210	155	182	179	186	247	31	71	90	247	173	238	180	196	127	59	151	149	183	152	6	255	44	70	190	194	191	196	185	221	
19	159	99	155	182	179	171	247	30	65	90	231	121	238	182	228	127	43	23	189	151	152	45	255	44	46	174	192	189	206	177	253	
41	249	121	97	244	143	111	53	109	104	126	72	243	17	148	48	156	30	86	104	209	184	97	13	103	221	32	192	67	154	194	169	
34	184	50	155	117	141	184	198	94	9	112	2	172	152	52	0	220	59	19	81	130	56	2	245	13	28	26	234	208	8	115	139	
10	186	66	187	230	177	184	199	30	93	80	247	172	238	242	136	255	59	151	145	150	218	14	243	14	87	190	235	157	76	173	223	
72	184	29	113	0	205	81	55	238	49	38	24	150	23	0	48	129	54	104	24	51	104	179	21	201	203	84	80	64	0	135	42	
10	186	158	185	243	224	57	199	190	31	86	177	172	167	98	72	231	59	175	16	18	216	2	247	206	247	126	203	144	4	165	219	
4	156	30	254	220	167	167	248	150	138	198	18	112	243	32	65	121	126	43	170	32	243	27	63	125	167	231	0	144	120	176	162	
34	173	18	137	213	245	162	71	94	5	120	3	32	144	102	132	217	42	130	17	22	186	16	247	45	20	154	107	209	78	253	142	
46	176	48	218	237	253	176	73	143	61	177	59	140	220	110	142	143	25	203	17	22	39	218	209	31	16	27	127	210	14	143	215	
14	176	48	146	233	253	176	200	143	61	181	57	140	222	110	142	175	25	235	17	22	99	234	209	159	80	27	127	210	15	141	199	
200	120	191	116	32	78	117	55	248	138	38	24	191	183	1	123	160	118	124	8	97	253	178	8	231	251	118	0	64	112	199	59	
88	9	74	236	22	130	106	113	165	128	223	2	123	203	48	64	126	173	61	235	72	187	128	205	242	237	162	128	37	162	112	8	
26	158	206	189	178	186	186	247	62	7	90	247	109	234	178	192	119	111	175	149	182	157	5	255	190	103	62	195	172	196	169	93	
165	71	4	15	124	31	198	184	84	232	243	76	243	72	159	161	92	228	70	111	237	182	93	63	38	89	33	148	93	187	90	133	
72	188	157	117	145	78	97	183	120	249	34	24	151	55	64	59	129	118	104	24	51	248	241	4	205	235	117	80	192	96	135	42	
6	96	162	137	84	163	170	64	86	129	83	18	8	202	57	64	121	41	19	145	130	182	0	222	12	6	154	192	149	11	49	128	
19	159	99	159	178	178	174	247	60	65	90	230	105	110	182	228	127	239	22	173	181	152	37	255	60	46	174	192	191	198	169	221	
128	72	130	158	76	160	42	66	148	128	80	2	40	194	33	73	104	104	51	194	0	191	2	232	16	32	138	8	20	57	48	136	
134	72	2	155	68	131	168	64	30	1	83	146	12	206	49	72	126	41	147	209	34	148	8	208	20	4	154	192	149	13	49	144	
80	56	159	245	42	76	117	19	174	170	162	72	215	247	64	114	167	117	124	8	1	65	187	2	201	231	101	20	136	98	7	51	
20	28	158	255	220	135	103	248	86	130	198	2	113	243	33	64	121	110	42	170	104	242	91	63	253	171	231	0	57	120	112	170	
166	8	162	158	76	163	170	64	212	130	81	2	32	200	49	72	120	40	19	195	128	182	2	234	16	36	138	136	85	41	112	128	
212	92	63	254	12	70	71	56	132	142	195	2	119	87	33	67	248	244	125	234	105	199	59	46	241	163	227	16	32	59	52	34	
40	60	81	229	112	206	123	18	59	168	114	104	188	151	128	52	134	125	55	8	129	156	208	234	69	252	32	162	10	128	7	187	
56	141	26	255	149	229	85	167	22	5	204	16	183	51	32	64	217	58	137	136	58	136	115	191	235	231	146	89	146	72	244	42	
50	131	98	172	126	147	218	97	77	5	216	231	44	136	54	64	254	169	151	229	204	171	4	221	48	36	138	203	125	142	57	221	
64	48	153	96	8	205	65	18	162	161	160	8	150	151	64	50	128	60	104	24	3	43	178	0	193	169	16	120	64	0	7	58	
72	56	157	101	160	110	97	23	56	235	98	24	150	55	0	122	129	22	120	24	17	216	241	0	197	171	118	0	200	96	131	58	
66	162	38	152	203	193	184	71	175	21	192	177	172	142	98	66	199	59	235	145	18	75	130	209	157	48	154	251	16	4	165	218	
212	92	31	254	12	70	71	56	148	138	199	2	119	87	41	99	88	244	125	106	105	199	57	46	241	163	227	16	48	59	52	34	
168	180	157	251	221	237	161	11	22	115	69	16	148	245	72	104	217	26	50	24	51	124	123	23	205	135	146	124	144	72	149	162	
35	155	67	141	116	147	168	119	76	65	120	230	185	142	180	228	78	40	18	205	199	186	100	221	36	56	170	192	95	140	113	252	
26	143	122	252	51	209	185	103	141	4	254	163	44	143	38	64	238	187	143	129	66	137	32	223	242	229	154	139	53	4	37	203	
112	49	185	100	28	79	83	40	96	172	174	8	210	55	64	48	144	212	108	106	8	32	249	13	241	173	33	60	64	42	70	34	
184	149	20	255	189	149	84	191	133	9	220	64	247	115	40	65	200	50	157	104	122	169	83	189	235	249	164	217	18	140	248	43	
120	40	185	116	205	221	85	23	226	166	164	8	51	177	65	58	72	182	96	8	24	107	242	0	211	203	84	57	226	200	70	106	
137	155	43	217	116	141	105	119	92	73	84	70	181	149	176	96	204	42	22	12	211	184	96	223	103	29	178	192	26	136	241	249	
19	204	107	205	86	146	239	118	116	64	94	198	49	142	180	100	126	168	22	207	225	185	36	239	116	44	170	192	61	136	113	253	
167	197	237	205	124	18	79	185	84	91	221	214	209	44	156	97	92	204	63	239	233	50	237	143	100	47	239	132	61	251	208	244	
162	182	112	210	247	245	184	103	31	109	112	63	12	156	118	0	239	187	151	149	182	62	112	215	31	28	154	235	215	12	215	215	
57	205	106	238	86	146	255	113	101	64	126	130	123	15	182	96	126	185	23	239	200	187	36	239	242	237	170	128	119	134	112	233	
66	153	30	156	121	132	56	39	141	72	210	39	172	146	38	80	230	177	191	132	70	11	18	221	212	48	154	139	24	12	41	27	
56	233	120	236	124	215	214	252	195	172	188	11	51	201	115	128	88	248	135	104	76	43	192	189	243	205	165	57	119	186	92	138	
92	176	184	254	169	68	91	216	171	191	181	8	255	255	75	58	183	85	253	82	10	71	186	241	219	217	111	255	128	179	39	99	
130	184	185	243	166	37	189	223	27	123	20	247	188	191	208	8	143	91	31	157	179	220	235	243	205	148	191	228	134	192	133	249	
2	139	2	142	91	129	190	101	140	4	216	175	44	238	34	64	238	187	139	197	86	139	6	253	52	36	138	171	20	14	173	219	
18	201	98	204	86	128	248	100	141	0	216	130	40	206	52	64	110	169	23	225	194	139	2	221	52	40	138	136	21	12	113	137	
19	13	99	221	86	147	171	119	212	64	218	198	49	172	180	228	110	170	23	173	225	187	36	239	48	44	170	128	63	140	113	252	
26	8	106	188	23	210	184	103	148	70	90	163	45	140	50	192	106	187	179	129	68	157	20	207	86	103	218	131	55	12	61	218	
41	181	97	67	212	223	235	121	69	97	121	66	16	17	188	164	120	138	18	120	211	186	124	221	44	12	165	228	127	142	208	164	
40	157	121	117	244	207	109	183	125	109	126	24	187	53	146	48	15	254	86	8	241	184	113	63	111	255	52	192	66	216	198	249	
66	176	18	152	75	193	176	71	175	21	160	49	172	150	96	82	163	51	235	128	18	75	146	209	145	176	26	123	16	4	167	155	
130	232	122	155	108	169	184	198	190	19	80	146	189	206	116	11	239	43	119	145	162	92	130	243	68	27	250	232	20	9	49	137	
53	65	66	13	86	27	238	248	69	224	250	198	83	72	191	228	126	204	22	239	205	178	77	140	54	40	163	128	125	191	120	148	
24	4	220	225	180	42	123	23	36	3	94	146	151	7	184	72	103	145	31	152	58	156	65	130	230	207	182	196	180	208	161	9	
92	208	188	254	173	76	127	168	175	158	150	3	255	255	107	75	247	215	253	243	90	65	187	241	235	243	239	31	148	115	173	67	
27	64	106	236	86	130	107	112	36	64	223	130	121	143	178	112	126	189	23	239	200	145	36	205	210	237	170	128	37	131	49	241	
27	141	111	207	214	179	239	247	84	64	94	198	113	111	176	96	126	234	23	237	249	152	45	255	124	47	174	192	191	234	240	249	
39	134	98	139	247	177	186	202	30	13	89	167	40	200	190	128	255	43	147	149	150	186	12	255	46	20	138	235	213	79	125	197	
246	72	102	212	70	130	234	64	169	192	211	135	72	206	119	75	110	245	23	247	128	215	134	200	18	40	202	136	133	55	49	209	
41	99	123	71	116	11	103	56	117	224	126	204	115	65	144	52	122	236	22	110	201	178	109	45	102	172	37	128	111	186	82	160	
98	58	125	254	124	13	217	104	139	184	176	238	254	252	212	18	207	247	255	17	171	99	202	253	158	26	111	186	77	44	19	177	
34	244	50	217	119	197	184	199	31	73	120	51	172	158	124	0	255	27	147	145	210	62	16	215	45	28	154	239	213	12	149	219	
2	185	50	155	117	141	176	103	30	9	88	2	172	154	36	0	232	59	19	17	146	184	16	255	45	28	26	98	16	8	145	139	
187	211	96	173	118	17	255	117	85	68	84	167	57	12	182	36	126	137	151	239	205	186	36	223	102	73	170	160	127	158	252	221	
130	133	130	153	196	163	172	199	30	3	90	18	8	170	48	72	121	11	2	145	50	186	3	194	60	6	158	196	149	88	241	136	
125	207	110	238	54	147	78	248	133	200	223	230	107	235	179	225	126	226	157	238	204	139	45	189	242	233	167	144	63	191	120	93	
56	65	106	101	116	10	109	119	100	128	254	2	19	1	145	112	122	172	6	232	200	176	37	12	118	237	164	128	103	184	114	168	
29	79	74	239	54	131	107	120	4	8	223	230	113	231	179	96	126	253	31	238	201	145	45	63	240	239	171	128	61	171	56	49	
56	153	122	238	87	209	218	116	69	5	124	34	57	223	36	224	250	186	151	192	90	186	48	189	115	237	162	67	55	138	108	154	
35	121	98	202	125	149	250	196	207	73	84	3	40	156	247	32	238	57	151	197	134	50	38	249	55	24	138	170	87	31	113	223	
36	161	121	225	244	205	107	89	103	173	125	8	151	151	216	48	90	154	7	88	19	56	248	16	111	157	37	108	224	138	198	225	
162	89	180	218	109	141	220	74	207	24	240	8	174	217	117	91	200	170	63	67	202	42	82	241	135	216	210	58	82	25	112	139	
51	159	66	156	247	147	174	127	221	64	216	231	105	232	180	196	126	171	134	165	199	187	6	255	58	126	142	138	127	142	249	157	
26	143	66	190	119	147	190	231	157	4	88	231	109	234	38	192	254	235	135	197	118	171	14	255	54	119	142	139	63	94	185	143	
189	68	105	229	116	22	75	56	85	234	247	82	211	15	153	113	92	204	23	238	233	182	109	142	231	233	163	132	39	171	112	241	
53	233	123	202	84	196	199	252	71	132	252	2	115	209	181	100	120	248	22	234	203	58	62	189	121	140	165	40	119	186	116	168	
43	175	225	201	213	149	170	239	79	193	88	198	104	232	252	164	217	106	146	157	151	58	28	255	46	28	143	238	223	14	250	140	
147	91	103	220	98	146	175	117	173	64	114	230	61	142	181	229	102	185	23	238	193	145	36	236	48	40	106	128	63	149	161	253	
2	152	50	154	87	213	178	67	157	65	121	19	44	220	54	32	250	57	147	145	22	190	50	255	23	28	26	107	85	12	181	214	
120	105	74	228	20	130	107	112	161	128	254	2	115	131	177	80	122	236	21	234	72	187	160	12	242	237	166	128	37	178	114	40	
0	56	158	187	40	173	185	18	190	57	87	48	181	159	64	73	230	57	127	17	2	220	195	113	197	177	122	192	128	9	1	179	
33	233	67	73	85	157	227	244	71	65	124	78	32	128	180	180	120	168	2	220	151	58	244	245	62	28	128	104	127	142	114	236	
124	112	121	96	11	79	87	216	35	236	180	41	91	31	67	50	252	213	253	226	72	67	249	0	243	201	229	191	99	179	6	115	
58	153	122	238	83	211	27	100	5	4	124	162	57	159	34	96	126	187	147	192	74	154	52	253	114	229	170	195	55	138	36	250	
104	56	189	116	9	77	85	58	226	182	166	8	246	247	65	123	129	214	104	10	9	97	251	56	195	187	69	56	64	120	70	34	
0	140	2	158	212	131	174	226	150	130	218	2	104	234	33	64	121	106	51	130	96	179	10	255	60	38	143	8	21	106	49	136	
50	129	102	143	84	131	170	96	140	0	241	2	104	202	52	64	122	169	23	161	208	187	0	221	20	42	138	192	21	10	113	136	
138	172	42	154	125	213	184	231	159	29	84	21	172	175	54	196	205	59	147	149	54	62	18	247	79	119	154	235	146	12	45	222	
39	175	194	139	213	145	190	231	79	65	88	231	232	232	254	228	221	75	146	213	151	184	12	247	46	28	142	227	223	94	249	156	
62	5	98	236	85	46	234	120	85	160	251	2	75	169	60	80	120	205	23	227	136	179	21	206	179	236	131	4	103	171	114	128	
34	136	98	201	86	131	234	96	93	1	113	2	40	200	60	0	126	137	23	225	146	186	4	221	30	28	138	192	85	11	113	128	
99	42	253	190	108	137	217	88	175	184	176	238	255	235	220	18	239	247	127	29	139	99	203	253	220	219	111	188	76	136	3	177	
18	203	78	188	18	128	61	103	180	4	86	163	45	167	162	64	102	187	175	128	66	137	38	253	240	167	250	131	53	132	37	233	
59	159	67	140	119	179	170	103	93	64	218	231	105	232	180	196	126	171	150	165	215	187	4	223	48	126	138	194	63	142	185	157	
26	143	66	190	87	147	190	231	157	4	216	167	44	234	38	192	254	235	135	133	118	139	6	255	50	119	142	139	63	78	185	143	
82	29	27	220	51	192	177	103	172	0	202	34	60	150	32	96	226	59	139	128	64	139	2	205	209	160	26	11	16	0	37	59	
34	176	50	155	245	133	184	199	31	9	113	51	140	158	108	0	255	27	147	145	242	188	18	215	45	28	158	234	212	12	161	211	
19	13	107	206	22	146	239	114	196	64	95	194	49	172	182	101	110	170	23	239	225	185	36	239	114	45	170	128	53	138	112	248	
130	136	50	155	117	141	184	102	30	9	80	18	172	138	52	64	200	43	19	65	130	188	2	255	5	28	154	226	20	12	113	137	
90	1	98	174	22	130	106	112	165	0	211	2	109	203	48	64	122	173	31	227	136	131	0	205	146	237	170	136	39	131	48	0	
229	112	149	131	236	45	193	152	78	249	177	92	214	208	73	47	157	72	126	126	131	103	219	112	141	152	97	124	216	59	83	161	
220	4	159	245	143	106	85	10	176	182	135	19	211	39	9	91	97	212	233	162	40	197	209	0	211	227	211	21	160	121	116	66	
72	56	183	119	145	238	113	23	224	177	38	24	190	183	64	254	129	54	104	24	49	216	241	0	201	243	84	80	130	64	135	42	
18	139	2	142	91	193	154	97	140	5	216	171	108	206	42	196	254	187	143	229	86	11	6	253	176	36	138	219	20	14	45	223	
19	159	67	155	182	147	174	247	31	65	90	247	121	238	182	228	127	43	23	157	183	152	45	255	60	46	190	192	189	142	185	221	
2	129	22	153	116	131	184	103	30	17	83	18	140	138	48	64	107	11	19	145	82	184	65	213	4	54	154	192	20	8	177	128	
20	148	158	255	204	7	117	248	86	162	198	6	115	243	42	65	121	126	42	8	40	243	91	61	253	163	231	0	184	104	120	162	
173	68	109	239	116	46	75	56	85	234	247	80	211	77	145	121	88	236	22	238	233	246	105	14	199	251	225	148	119	251	112	225	
34	157	18	152	217	196	180	103	156	13	232	17	172	150	34	196	200	59	130	1	86	43	18	247	185	52	154	75	16	12	173	206	
26	69	98	236	86	130	250	113	229	0	254	130	105	207	52	68	126	185	23	233	232	179	4	207	242	237	170	128	55	166	112	136	
8	61	19	229	115	238	59	82	61	232	74	96	28	247	33	116	182	61	23	64	1	153	16	238	245	180	42	130	34	35	39	179	
245	67	70	204	38	18	110	120	100	136	243	230	81	67	177	245	126	164	62	238	233	147	5	76	48	168	226	132	47	187	120	5	
108	169	177	84	205	125	85	138	91	180	164	8	186	245	69	62	153	214	96	26	11	98	250	48	79	220	69	63	194	249	86	226	
88	168	63	254	11	204	17	103	174	21	174	24	190	183	32	82	161	51	105	0	0	9	178	21	209	167	80	27	32	0	135	106	
42	184	40	152	109	213	176	70	159	29	212	21	172	156	118	205	200	59	147	149	6	46	82	241	71	81	154	235	82	12	125	222	
173	199	100	47	52	27	206	184	85	172	250	239	195	104	159	133	24	196	70	111	236	176	77	61	100	88	165	180	117	190	88	196	
81	82	249	229	36	46	105	16	96	74	114	100	211	55	145	122	102	212	60	46	137	180	245	72	196	168	98	128	44	241	64	113	
41	241	121	99	116	143	239	53	101	104	126	72	211	25	144	48	62	12	86	104	217	184	97	31	111	221	36	192	65	138	194	169	
6	205	2	158	204	131	174	228	148	128	216	2	96	234	57	65	120	106	2	227	64	243	10	232	52	32	207	140	21	123	240	136	
248	133	20	239	189	29	84	189	133	25	165	48	247	115	136	247	196	18	108	40	122	9	75	157	226	249	96	87	50	138	216	43	
18	15	123	252	51	192	185	103	173	4	218	163	44	143	166	64	238	187	143	128	66	139	32	221	242	229	154	139	53	4	37	123	
8	221	58	121	244	205	125	183	253	77	126	16	190	183	34	112	135	59	87	8	242	184	50	127	111	255	54	192	194	208	199	251	
137	152	59	249	116	141	113	119	92	73	116	84	188	145	32	96	228	42	22	8	211	188	48	223	71	253	50	0	26	136	113	171	
19	12	107	205	86	130	235	114	116	64	94	198	49	143	180	100	110	172	23	207	225	185	36	239	116	46	170	128	61	130	113	252	
5	191	19	69	112	142	98	178	125	168	126	100	158	179	132	244	182	124	22	122	193	152	128	78	46	252	37	132	74	162	75	161	
105	97	185	64	85	93	99	80	123	224	100	8	26	21	84	52	24	220	82	88	65	178	240	192	127	156	5	32	67	136	70	226	
34	56	114	211	246	179	184	71	95	105	113	179	8	28	244	40	238	59	151	149	146	190	36	244	14	24	154	226	215	140	241	221	
34	193	66	136	92	131	170	77	6	1	216	2	32	138	48	64	104	168	2	209	66	187	67	221	52	32	138	200	21	10	240	136	
35	139	97	141	94	147	168	119	68	65	80	198	177	136	180	228	108	168	22	205	223	186	101	221	36	40	170	192	125	140	121	156	
19	159	103	143	150	178	174	247	125	64	218	230	121	238	182	228	127	239	62	173	245	153	37	255	56	46	174	192	191	198	185	125	
2	192	50	153	102	128	188	103	172	17	83	147	172	142	56	64	238	27	159	133	210	9	3	213	180	48	154	138	20	4	161	217	
67	24	18	188	121	196	184	71	140	73	82	99	172	150	32	192	198	57	187	129	5	139	18	221	20	48	154	139	24	12	41	159	
10	154	58	249	251	193	185	199	190	29	84	179	172	223	226	64	231	59	191	145	18	217	2	247	222	215	190	203	20	12	165	235	
2	158	254	185	178	130	57	199	190	29	86	179	172	231	162	64	231	59	175	16	50	216	2	247	254	247	62	195	180	4	173	203	
82	193	82	188	50	128	60	103	173	1	82	147	173	158	40	64	230	179	159	133	66	153	2	197	176	240	154	130	4	0	161	25	
80	49	155	229	50	74	17	23	34	169	234	40	215	151	192	114	54	149	109	16	9	153	161	8	249	165	36	128	32	194	135	51	
248	211	20	255	189	157	84	61	133	25	149	112	247	83	168	117	192	18	125	104	122	9	75	157	227	251	240	219	18	136	216	43	
50	131	98	168	86	131	218	104	5	4	208	167	43	136	54	192	126	169	151	229	206	171	4	221	176	36	138	203	53	142	124	223	
104	41	185	116	77	221	81	71	227	165	164	8	50	149	64	54	136	190	98	24	26	122	242	0	95	157	16	57	66	8	198	106	
233	249	49	69	117	79	99	184	115	232	104	72	18	17	128	52	24	220	82	104	233	178	241	31	101	156	1	52	74	186	66	176	
34	93	48	238	109	141	214	252	207	59	184	8	174	153	61	3	200	91	95	65	194	43	90	241	183	216	16	62	82	91	80	139	
72	56	31	112	9	205	81	7	160	17	166	8	182	151	64	59	128	48	104	24	3	105	178	1	209	225	16	56	0	0	7	42	
53	65	99	77	100	27	239	120	68	224	242	66	83	0	149	164	122	204	86	238	201	176	101	12	52	168	161	4	109	187	114	164	
2	170	22	152	203	193	184	71	174	21	192	177	172	134	98	72	231	59	235	145	18	75	130	209	157	48	154	235	144	4	165	218	
220	84	191	254	13	102	85	24	180	190	135	19	83	119	41	91	120	244	109	34	40	231	59	10	209	227	225	21	32	123	116	114	
165	176	157	219	204	237	161	152	94	115	1	24	212	209	72	105	209	26	122	24	19	102	251	17	77	147	91	124	152	73	149	178	
34	225	50	203	116	141	184	197	206	25	112	2	172	136	116	0	202	41	19	81	130	58	66	245	44	24	10	234	85	10	209	137	
56	73	82	229	118	10	120	119	41	160	118	2	63	11	1	80	42	172	68	136	72	184	1	204	246	249	50	128	103	176	98	137	
216	124	190	116	3	236	117	23	185	134	38	24	190	191	65	91	163	119	253	0	96	205	178	104	211	227	84	11	226	112	167	43	
134	72	130	158	68	160	170	64	148	130	81	2	96	202	49	72	88	40	19	195	32	182	2	234	16	38	138	136	21	59	48	128	
138	184	249	243	166	160	125	151	31	123	20	182	189	31	208	42	7	91	31	156	178	92	233	243	204	159	191	224	164	208	133	123	
134	72	6	153	84	131	168	64	22	1	81	18	8	202	49	72	120	41	19	145	34	214	0	218	0	6	154	192	149	9	48	128	
126	176	112	224	237	93	144	73	203	189	181	59	10	221	126	159	143	145	215	51	158	99	122	208	27	89	1	127	215	47	222	215	
18	65	66	140	70	128	168	103	140	0	208	2	44	138	48	64	110	169	23	193	66	139	2	221	20	32	138	136	21	8	49	136	
29	71	78	239	54	131	75	120	4	200	223	230	83	71	187	96	126	164	29	238	137	145	37	156	242	237	171	144	63	171	120	113	
4	152	158	255	220	135	165	248	150	138	198	6	240	243	40	65	121	254	107	40	32	243	91	61	93	163	231	8	152	104	49	162	
2	137	2	137	84	129	168	103	22	1	208	2	168	138	48	65	104	169	19	193	66	186	67	221	20	48	154	200	21	8	113	136	
110	48	48	226	237	253	146	200	139	188	181	43	142	220	111	142	174	145	207	83	22	35	250	208	155	209	11	127	215	15	79	199	
110	48	48	130	233	253	176	200	143	188	181	41	142	222	111	158	175	145	207	83	22	35	218	240	159	209	11	127	210	15	15	199	
188	241	121	96	209	207	83	253	99	41	37	8	23	151	72	48	152	152	85	120	91	58	248	21	127	205	37	125	114	130	198	178	
124	112	121	228	42	79	95	88	33	236	180	41	95	31	67	50	220	213	221	226	72	67	249	8	243	201	165	183	99	179	6	115	
45	37	241	67	212	111	227	90	99	161	125	74	19	181	221	52	122	154	6	24	147	186	252	66	125	140	33	100	231	203	86	160	
2	132	130	153	212	163	172	231	54	3	90	18	8	170	96	64	121	107	34	144	50	254	1	231	60	6	158	196	149	88	177	136	
92	209	156	188	173	76	94	136	175	190	150	1	223	255	107	91	243	213	237	98	72	65	155	209	251	243	111	125	176	115	45	67	
53	64	79	141	68	27	238	120	68	224	210	198	83	72	191	224	122	204	22	239	205	178	77	140	52	40	171	132	45	191	120	212	
34	8	102	201	84	131	232	64	77	1	240	2	8	136	53	72	122	169	23	161	146	187	0	221	20	8	138	196	85	9	113	128	
111	125	38	214	221	212	254	244	225	202	157	15	72	253	119	38	236	245	223	239	237	35	186	238	123	95	207	190	7	247	242	246	
41	227	99	77	116	138	239	248	117	96	126	198	80	65	188	180	122	236	22	238	193	178	109	221	54	60	33	4	111	186	114	164	
195	190	151	153	171	168	41	7	190	27	2	244	172	162	96	79	167	55	106	144	51	77	130	115	140	50	94	202	136	68	161	61	
199	156	156	179	169	60	188	135	186	155	131	84	156	58	64	235	167	87	120	17	55	77	155	226	141	179	94	66	136	80	137	15	
42	178	56	185	125	221	185	143	31	29	84	61	172	159	110	205	205	27	183	21	22	106	195	245	79	81	154	251	18	12	157	223	
173	205	237	205	124	22	79	184	84	106	92	198	209	45	147	101	92	204	53	239	233	48	237	191	102	111	167	148	55	251	208	112	
39	38	226	139	213	183	170	202	95	201	121	198	8	200	255	164	249	42	146	189	151	178	92	222	62	28	143	230	223	79	122	148	
32	233	120	78	84	207	199	125	70	164	124	10	51	217	178	32	88	186	6	104	202	58	112	61	127	141	165	56	117	154	212	168	
127	93	34	254	221	212	223	246	201	202	188	10	58	125	55	166	200	226	223	203	237	35	242	238	115	127	142	155	71	127	246	119	
128	172	159	187	108	169	169	210	62	27	81	82	181	203	113	73	239	43	63	145	34	220	202	115	196	135	250	168	148	65	33	169	
56	153	82	174	83	207	82	101	39	13	120	11	47	191	34	208	250	187	134	64	94	186	16	189	251	245	0	67	115	14	172	139	
162	64	66	137	76	161	232	71	141	16	113	18	136	138	116	75	106	137	23	147	48	182	66	192	20	24	218	232	21	25	241	128	
128	144	154	251	48	236	113	18	190	27	87	48	183	215	40	72	135	59	125	16	58	220	19	55	205	239	58	192	128	1	133	51	
34	134	98	137	119	241	186	74	31	13	121	163	12	206	54	0	254	57	147	145	22	186	38	215	7	20	138	235	213	14	53	215	
35	171	160	139	245	145	186	207	79	13	92	167	168	200	126	132	221	11	147	149	150	58	206	241	46	20	143	239	213	14	123	206	
66	178	164	153	237	229	184	7	158	93	18	183	140	174	98	74	197	27	251	149	150	73	131	209	13	18	218	235	148	76	149	215	
221	19	110	236	54	18	74	120	165	232	223	230	91	75	186	97	126	164	61	238	237	145	37	140	242	233	226	148	63	174	120	81	
210	1	66	172	20	130	232	97	5	0	211	2	13	138	48	64	122	173	31	161	8	135	0	205	144	224	138	136	53	40	49	0	
2	140	2	159	84	131	170	234	22	0	90	2	104	234	32	64	121	106	34	160	32	187	10	255	60	38	139	128	21	42	113	136	
130	201	18	155	100	137	168	68	156	25	80	18	172	138	48	65	202	43	19	193	66	188	66	245	4	16	154	224	20	8	209	136	
161	209	121	103	116	15	111	53	117	104	119	88	211	17	152	49	94	12	86	106	225	188	97	15	103	153	32	192	100	138	194	161	
26	143	66	188	87	179	186	103	157	4	218	231	108	234	54	192	254	171	135	133	116	155	6	255	50	103	138	139	63	14	185	142	
18	129	6	140	28	130	168	96	132	0	210	2	72	202	48	64	120	160	46	161	24	163	3	221	148	32	138	200	21	11	48	128	
34	73	66	137	76	129	168	101	132	0	208	2	168	138	48	65	106	169	19	193	64	186	66	213	52	48	154	136	21	8	241	136	
40	217	122	202	86	193	179	240	68	4	84	34	48	221	182	96	126	56	147	202	194	186	56	253	119	9	162	105	119	139	117	186	
146	74	78	188	2	130	57	119	180	7	86	247	45	135	162	73	102	191	175	132	192	157	6	237	208	227	250	129	37	148	45	89	
130	140	138	153	212	163	170	231	30	3	90	18	32	170	48	64	121	107	19	145	50	222	1	255	28	6	158	192	149	72	177	136	
9	157	121	219	242	168	123	183	122	1	126	48	189	55	192	112	55	58	55	152	179	184	105	119	110	175	54	192	182	192	195	169	
34	213	52	223	109	173	246	236	207	59	184	8	174	248	125	3	202	67	95	67	194	47	74	241	39	216	16	190	80	91	209	139	
153	13	110	206	84	146	239	113	212	64	95	2	121	235	180	97	122	170	23	234	233	185	36	237	114	43	226	128	55	170	112	224	
2	128	50	155	244	129	184	199	94	25	81	18	140	158	124	8	255	27	147	145	210	188	2	213	12	28	154	226	20	12	177	145	
38	205	2	158	220	131	174	228	148	128	218	2	104	234	49	65	120	234	19	227	64	187	10	237	60	32	207	8	21	123	240	136	
147	90	66	156	2	146	168	118	180	64	82	231	45	142	182	192	110	169	191	205	197	157	4	237	176	98	186	128	61	148	57	221	
210	88	31	180	99	194	53	103	173	194	98	50	60	147	32	113	226	181	31	128	97	157	16	202	241	242	90	3	8	0	167	43	
2	0	6	137	84	163	168	67	140	0	242	2	136	136	49	72	104	169	27	129	18	179	3	221	20	32	138	192	21	8	113	128	
2	128	22	153	22	131	168	39	30	17	83	18	172	10	32	65	106	11	51	128	82	152	67	213	4	50	154	192	20	8	177	136	
65	16	187	229	160	108	121	19	168	77	118	116	151	55	129	122	6	53	61	24	145	148	176	64	199	169	114	128	128	225	37	115	
155	159	104	179	246	50	184	183	25	117	30	183	13	47	214	41	103	139	149	149	181	216	37	230	206	91	254	192	175	205	157	221	
88	124	190	244	171	232	21	71	185	151	230	57	175	191	67	91	163	247	237	16	42	79	178	225	211	243	86	11	162	112	167	75	
146	74	78	188	18	130	57	119	180	4	214	231	45	167	162	81	102	185	175	133	224	159	6	207	240	103	250	129	53	164	37	89	
34	25	118	211	230	145	184	71	205	81	117	179	136	156	124	40	238	27	151	149	146	188	38	240	14	24	154	194	215	140	241	221	
25	5	110	236	86	146	235	113	116	64	127	130	121	111	182	97	126	172	23	172	232	177	36	207	114	239	162	128	39	162	112	225	
28	140	248	227	242	169	121	151	55	49	94	146	191	47	88	72	119	155	63	153	178	152	9	231	254	207	62	192	166	208	129	9	
24	156	123	252	83	224	49	103	173	65	110	34	60	159	32	96	226	187	147	128	3	185	48	221	243	229	18	3	55	0	37	187	
16	144	158	253	78	15	49	248	86	48	230	6	243	243	34	64	121	92	106	8	8	243	91	29	93	163	103	0	56	40	104	130	
16	16	158	221	28	143	33	122	246	180	198	6	240	243	32	66	121	116	106	136	40	243	91	29	93	162	199	0	24	40	48	162	
253	97	209	162	172	9	70	200	203	248	177	72	207	64	217	159	152	196	76	126	77	103	202	144	176	216	101	60	72	255	90	4	
19	141	99	203	150	146	239	247	92	65	218	198	121	238	180	100	127	234	23	253	179	153	45	255	56	46	175	192	189	142	177	253	
220	4	197	183	173	106	69	7	33	183	131	145	207	35	75	219	195	199	237	16	56	197	195	128	202	243	84	85	162	245	132	66	
88	32	58	114	43	232	17	7	163	21	167	57	46	151	66	94	162	183	237	16	26	13	162	65	211	245	16	91	162	0	39	107	
176	193	66	136	92	131	202	101	5	0	208	2	32	8	48	64	104	137	31	225	74	175	64	221	52	0	138	120	21	10	240	136	
169	125	81	69	117	95	103	54	121	232	114	108	58	17	132	181	18	28	86	104	225	184	113	30	38	152	33	34	75	152	66	189	
105	40	49	64	93	221	65	67	235	97	172	8	42	145	84	180	136	188	218	24	19	43	240	145	23	220	16	123	194	14	70	110	
26	158	94	191	178	130	58	247	63	5	94	247	109	231	162	64	119	63	175	149	182	152	5	255	254	103	190	195	61	132	173	217	
2	186	22	152	203	193	184	199	190	21	64	177	172	134	98	72	197	59	171	145	18	75	146	241	29	16	154	235	144	4	165	218	
156	133	116	107	189	27	82	185	71	49	167	24	195	65	8	85	82	130	76	122	122	32	73	149	234	219	65	85	50	139	220	34	
208	91	120	229	50	136	59	54	40	4	110	237	183	39	130	80	38	247	109	64	64	152	161	47	228	229	46	128	36	130	7	123	
8	157	58	127	244	205	255	183	253	77	126	0	190	189	166	112	135	122	23	8	242	184	50	127	111	255	54	66	66	192	199	251	
66	208	18	154	106	128	184	70	173	25	80	163	172	158	56	64	230	51	159	133	2	9	2	225	148	48	154	138	20	20	33	153	
162	233	96	139	116	137	234	101	205	0	113	10	168	136	60	0	74	169	23	67	218	58	64	245	52	24	138	232	85	10	208	128	
42	242	56	232	109	221	153	15	143	29	180	57	172	157	126	134	204	27	223	17	198	42	98	209	71	89	186	255	22	12	221	255	
29	104	153	225	132	79	99	200	86	224	5	10	211	209	105	40	57	204	2	122	11	52	121	16	205	141	133	52	241	59	84	160	
134	72	130	158	76	128	170	64	148	128	81	2	96	202	57	73	120	40	19	195	2	150	10	232	16	32	138	136	21	59	48	128	
17	117	83	69	114	158	38	113	125	168	123	100	92	19	164	244	54	61	22	106	225	145	17	78	38	172	39	134	42	34	163	181	
26	73	82	229	54	136	120	86	169	128	114	2	47	11	33	80	166	185	21	192	64	184	0	236	150	249	50	130	103	144	67	9	
134	64	6	153	20	131	168	64	22	19	83	18	72	202	57	73	121	41	19	177	34	247	1	222	4	2	154	192	149	9	49	128	
97	188	185	68	205	221	196	7	75	225	172	8	146	184	86	182	137	166	112	28	143	42	240	146	47	93	21	127	202	78	218	14	
48	173	104	1	215	203	198	226	86	164	174	139	3	40	23	0	56	236	195	237	92	186	69	62	127	7	133	117	101	60	94	202	
54	69	226	206	204	0	238	105	129	194	217	131	72	238	61	67	124	241	23	231	200	195	142	200	48	40	206	136	5	119	113	208	
88	177	178	86	11	200	85	39	171	141	175	40	46	247	64	54	162	54	236	0	0	73	162	97	219	245	84	91	66	2	134	42	
229	98	149	129	172	77	67	136	203	248	177	88	214	80	217	63	137	64	110	126	11	103	235	16	140	152	101	124	216	59	83	37	
62	112	112	226	109	253	82	200	137	172	181	43	14	223	111	156	170	145	207	115	12	35	120	248	155	209	11	63	211	31	79	199	
60	113	120	103	39	95	223	152	65	236	55	42	91	93	223	160	62	212	149	106	204	176	125	136	115	201	165	133	103	191	92	243	
198	134	148	183	172	40	125	135	171	63	131	17	143	34	74	91	131	71	109	21	54	77	195	224	204	242	94	87	128	209	133	11	
119	109	235	196	212	15	206	230	80	162	186	79	82	41	85	3	185	228	83	239	232	119	212	46	61	14	197	52	77	121	82	136	
14	252	184	179	166	168	189	151	26	251	28	179	189	127	218	42	167	123	159	149	146	92	235	243	206	207	63	224	164	208	133	219	
63	67	74	140	76	3	207	120	68	224	222	199	83	72	187	192	124	236	31	239	205	179	109	140	48	41	175	148	61	191	120	212	
43	103	99	77	117	155	239	120	109	192	122	230	120	192	180	244	122	236	2	238	193	178	109	221	62	60	129	134	111	174	114	165	
57	65	99	77	84	27	239	120	68	224	250	78	83	72	149	160	120	204	22	239	205	178	101	28	52	40	161	132	125	186	112	228	
158	5	122	233	198	34	121	81	53	66	95	147	89	15	185	121	126	157	23	172	248	147	37	206	210	233	170	132	183	224	161	209	
26	158	90	185	114	129	184	215	159	13	86	247	173	207	162	64	103	59	183	129	38	152	6	255	254	231	186	195	52	132	173	155	
92	209	156	164	169	76	94	184	171	190	166	9	223	255	75	82	243	213	237	98	76	65	219	144	251	243	111	125	160	114	45	67	
97	34	125	189	108	137	249	88	62	248	176	236	255	203	208	48	223	253	127	141	131	114	207	81	220	217	47	184	12	136	3	177	
173	76	125	117	100	47	73	50	85	234	119	88	211	17	145	123	205	228	86	46	233	244	113	14	199	251	225	144	66	249	80	225	
56	157	58	252	213	212	148	103	213	13	236	19	42	185	38	192	200	58	131	0	120	171	18	159	115	247	146	75	83	72	252	138	
173	77	237	207	244	26	239	180	84	234	94	198	209	37	151	229	94	236	63	239	233	148	237	174	102	111	239	148	47	255	80	253	
80	91	251	165	18	10	127	176	48	164	66	231	87	39	1	82	54	213	61	238	200	208	177	76	245	165	47	132	36	179	37	121	
220	88	95	238	50	195	75	48	5	72	215	226	119	87	161	224	118	180	29	234	73	133	57	29	243	225	161	144	54	171	36	49	
124	112	120	229	40	79	95	16	33	172	188	40	95	31	67	48	222	221	221	106	72	18	249	8	243	205	37	177	99	179	70	115	
90	58	66	176	67	145	56	66	191	132	246	175	45	207	102	148	239	169	255	133	140	203	154	224	218	209	143	171	47	132	47	215	
153	5	110	204	84	146	239	113	212	64	223	2	89	235	180	97	122	160	23	234	248	179	36	207	114	235	226	128	55	170	240	224	
210	0	66	172	150	2	236	71	45	0	210	18	13	138	48	64	106	141	31	161	88	159	1	198	176	224	154	196	53	0	177	0	
253	101	213	164	172	95	70	136	65	250	177	72	223	105	217	155	153	196	76	110	109	103	201	8	178	217	101	60	74	255	90	0	
249	19	110	236	38	22	94	56	101	72	247	231	91	11	191	115	126	132	61	238	204	147	101	140	242	235	226	148	47	174	120	81	
147	205	98	207	54	146	222	181	21	64	222	131	105	14	190	96	126	179	151	239	236	154	36	239	50	126	138	128	55	158	240	93	
35	143	67	141	118	163	170	119	93	73	218	230	97	232	180	228	126	170	22	173	159	186	5	255	60	60	170	192	61	142	241	172	
49	109	139	228	212	15	239	230	80	162	74	78	113	41	53	0	184	238	19	239	65	187	144	46	61	142	141	32	73	122	82	136	
2	128	54	155	228	129	184	199	222	25	81	146	140	206	124	9	239	27	19	145	210	188	10	245	12	24	154	230	148	8	177	137	
2	192	22	155	100	129	168	199	158	17	83	18	140	138	56	65	235	11	51	145	82	156	67	245	4	16	154	192	20	8	177	136	
131	158	134	157	231	178	184	7	31	219	82	247	172	232	182	205	247	111	179	149	182	220	71	247	12	54	222	195	159	76	185	157	
178	197	66	136	92	131	206	109	5	0	241	2	2	8	52	64	120	136	23	227	120	171	64	223	176	136	138	248	53	10	240	128	
90	124	190	246	139	224	20	71	187	159	166	57	175	191	67	91	167	243	237	144	58	75	130	224	219	243	94	27	162	84	167	91	
253	101	213	164	172	75	70	168	65	250	176	72	211	41	217	155	153	196	76	110	109	102	201	138	178	217	101	52	106	255	90	0	
92	130	197	179	173	104	68	143	41	183	171	177	207	39	72	219	195	199	237	16	24	65	203	160	138	243	116	85	162	245	132	114	
121	49	51	66	65	221	112	64	233	65	109	8	62	215	8	180	176	56	192	74	67	51	178	129	147	217	0	43	98	7	78	38	
60	113	122	102	117	95	86	216	65	228	245	11	91	93	59	176	250	248	149	98	72	178	56	168	243	217	5	55	103	191	76	242	
92	162	149	179	172	40	109	135	171	191	131	177	207	35	74	91	131	199	109	21	26	73	203	224	140	242	126	85	128	213	135	72	
36	126	127	117	98	235	49	48	57	174	127	236	247	71	129	25	22	60	70	42	224	212	96	12	69	178	97	0	98	163	7	241	
92	240	179	90	3	252	82	192	251	17	229	24	110	215	108	252	179	154	232	88	19	39	186	241	147	253	16	123	226	3	238	38	
173	79	70	37	52	139	238	33	116	164	107	137	195	104	146	0	26	44	74	111	108	176	13	30	228	126	5	1	100	174	88	64	
97	184	232	83	69	221	81	23	115	229	101	29	34	152	86	52	153	174	80	28	159	122	240	146	79	92	16	123	203	12	90	222	
97	167	129	158	220	45	196	175	26	178	168	77	242	96	17	19	221	234	2	45	121	106	218	47	44	150	212	56	217	120	210	152	
41	49	104	99	101	157	80	17	97	228	109	12	59	24	86	180	152	168	80	78	205	58	244	156	71	217	1	48	75	142	90	222	
38	65	2	142	76	129	142	200	134	18	217	2	96	200	57	65	88	232	19	227	66	35	10	185	48	32	203	172	85	123	112	128	
33	237	137	182	220	45	196	239	24	130	168	76	178	96	81	3	217	98	2	13	105	106	210	47	44	150	213	56	216	120	210	152	
161	196	125	103	116	15	101	53	124	106	119	88	211	81	152	49	30	4	94	106	233	180	105	31	231	187	96	192	64	138	194	161	
173	28	61	119	100	47	113	50	252	250	119	88	247	49	145	123	133	116	126	42	161	244	113	42	199	251	112	16	64	249	66	233	
36	205	2	158	221	135	174	236	148	128	90	2	104	234	49	65	248	106	51	227	64	187	26	255	57	52	143	8	17	122	176	136	
2	186	22	153	203	197	184	199	158	93	64	181	172	150	98	72	197	59	235	145	18	73	18	241	13	18	154	235	144	4	165	219	
16	140	138	187	148	163	170	247	22	3	218	18	49	170	32	64	121	43	6	144	58	156	1	63	232	167	190	192	181	72	177	136	
226	213	50	222	253	173	246	239	207	59	185	56	238	248	108	2	175	115	95	3	242	35	10	243	63	156	7	190	80	122	195	139	
91	12	71	188	22	178	106	114	181	194	218	199	57	170	177	225	110	231	63	205	173	153	4	238	176	110	186	128	45	229	56	92	
19	141	107	207	150	147	239	247	84	65	222	194	113	238	180	100	126	234	31	237	251	187	45	255	56	46	174	192	61	138	240	252	
141	157	124	91	242	186	251	191	62	73	124	176	253	119	176	112	23	123	23	24	179	152	41	255	110	159	39	224	150	195	193	185	
137	205	125	95	244	154	239	183	124	66	126	80	251	97	146	101	22	106	62	110	225	188	101	239	102	127	100	128	102	250	209	233	
254	149	178	254	255	127	150	255	219	123	189	58	78	253	44	52	191	211	247	33	248	47	58	223	59	223	85	255	211	126	230	23	
43	167	67	78	119	155	166	232	77	64	248	238	104	200	180	164	122	168	146	238	199	179	108	255	62	60	135	170	95	142	122	165	
147	149	111	137	150	146	171	255	20	65	222	246	89	44	182	100	126	135	23	253	177	155	37	254	120	47	174	196	181	158	176	252	
8	157	58	122	240	205	125	247	255	79	126	0	190	183	34	80	133	123	215	8	242	184	50	119	111	255	54	67	194	192	207	251	
0	24	158	221	78	15	33	123	118	180	230	6	208	243	32	66	120	108	106	40	0	249	211	29	85	170	83	4	56	40	96	170	
155	74	71	188	18	178	170	86	180	66	210	199	45	138	179	204	110	173	191	205	173	159	4	239	144	110	186	128	45	133	57	93	
2	12	6	159	84	131	170	98	22	0	90	2	96	234	32	64	121	106	34	128	32	187	10	255	52	38	139	128	21	42	49	136	
2	201	2	155	100	129	168	100	140	16	80	2	172	138	60	65	234	43	19	195	66	184	66	245	36	24	138	200	21	24	241	136	
124	113	152	224	41	79	94	24	43	172	188	9	223	31	67	18	150	221	253	98	72	67	217	152	251	253	37	61	98	179	78	3	
155	157	96	179	166	145	188	183	155	95	17	183	173	110	246	33	231	179	151	135	246	76	44	247	170	95	254	234	39	204	149	95	
57	65	107	77	84	27	231	120	68	224	254	78	83	8	182	164	120	132	86	239	205	179	101	28	116	41	161	148	127	170	120	228	
2	216	18	154	106	128	184	70	142	25	208	163	172	222	40	74	230	51	159	197	2	11	2	241	148	48	154	138	20	20	33	217	
134	137	98	211	230	145	188	199	205	81	17	147	168	140	124	10	239	27	151	149	210	60	38	224	46	24	158	234	213	140	241	217	
0	16	30	205	78	15	33	91	102	164	230	6	208	147	32	64	104	156	106	8	8	251	211	16	85	170	147	0	56	8	96	170	
42	179	121	233	109	89	217	89	15	125	181	187	143	29	222	164	207	145	223	49	222	34	105	213	215	217	169	255	87	142	214	247	
2	178	164	153	237	229	184	7	158	93	82	183	140	158	98	72	199	27	187	149	150	88	147	209	13	18	218	235	156	76	149	223	
31	15	71	190	22	178	106	115	188	65	218	199	61	238	179	193	102	167	63	141	181	153	4	239	176	110	170	128	173	197	57	93	
198	188	146	186	249	172	62	158	187	27	185	56	172	254	109	90	231	247	255	147	50	79	138	243	191	244	31	250	144	83	163	19	
27	158	94	189	178	130	58	247	61	69	94	247	109	231	162	64	119	239	175	133	166	153	5	255	254	103	190	192	61	132	169	217	
155	26	194	190	2	176	170	82	188	66	82	231	45	142	179	200	102	171	159	199	165	157	4	235	146	98	186	128	45	133	57	221	
22	27	218	186	146	160	58	83	172	5	94	231	45	239	163	72	102	59	191	213	146	153	6	232	210	229	170	128	173	199	41	153	
120	80	91	236	34	66	75	56	37	72	207	226	91	23	168	116	118	148	189	234	73	135	33	140	211	237	160	144	54	163	100	113	
61	67	107	140	28	19	207	120	68	228	223	199	83	204	187	100	124	228	31	239	205	179	45	140	114	41	173	148	63	190	120	116	
76	163	188	227	168	8	95	156	34	189	143	57	223	99	90	90	151	87	125	223	26	64	203	32	202	223	111	253	160	179	135	99	
238	124	181	229	237	111	68	158	75	250	160	89	218	57	85	187	137	212	125	35	233	102	217	128	175	218	197	62	202	125	210	50	
26	158	90	187	114	130	58	247	63	5	94	247	109	207	162	64	127	59	183	133	166	153	4	255	254	231	186	131	61	132	169	153	
82	73	82	182	34	136	120	70	173	128	114	0	47	138	37	80	166	177	78	64	0	185	0	236	150	248	26	128	68	1	35	9	
18	207	66	156	118	128	164	231	188	12	218	227	44	130	166	196	106	235	134	193	76	171	6	239	48	36	190	139	21	28	237	141	
198	220	178	186	188	172	62	143	191	147	154	24	236	254	105	75	231	115	255	19	242	69	154	243	189	246	95	254	148	117	161	1	
32	141	2	158	221	133	174	230	150	10	216	2	224	250	48	64	217	106	19	195	114	171	90	255	57	54	143	8	16	122	176	138	
2	144	164	153	185	229	184	7	158	93	82	183	172	158	98	72	199	27	187	149	150	88	19	213	13	18	218	235	148	12	181	223	
200	162	152	224	40	140	89	155	170	189	132	89	159	147	64	18	135	21	125	24	26	77	203	19	203	221	61	253	130	128	7	11	
90	184	190	254	139	224	20	199	187	159	164	57	174	255	66	26	167	179	237	144	26	75	130	225	219	243	94	59	130	84	167	75	
160	221	186	254	252	45	254	239	142	138	184	42	244	248	61	67	219	99	95	33	240	47	202	255	125	159	175	184	212	122	211	139	
198	213	186	254	252	173	254	239	223	59	184	56	252	248	108	2	175	115	95	35	242	43	138	255	61	159	47	190	80	122	195	139	
137	205	124	95	244	154	239	191	124	66	126	16	251	105	150	101	55	110	62	110	241	188	109	239	102	255	102	128	102	254	209	233	
141	157	124	251	242	179	127	191	63	9	126	176	253	127	168	116	55	123	151	90	242	152	107	255	110	223	39	192	182	210	193	185	
2	208	32	154	109	133	184	204	142	89	145	163	172	220	126	10	206	17	159	199	134	3	10	241	21	16	154	190	20	30	53	219	
80	16	30	205	11	143	33	87	230	37	238	14	178	147	32	66	104	180	106	8	8	171	211	80	213	164	18	24	24	10	33	42	
59	175	98	10	95	147	158	232	95	64	252	239	106	232	190	164	250	171	150	231	206	171	14	255	58	92	139	251	95	14	122	198	
105	57	177	101	109	94	84	49	99	232	42	72	218	57	81	178	136	228	117	9	205	122	209	8	207	221	69	54	202	106	90	11	
76	163	149	179	168	72	76	141	171	189	170	217	207	103	73	218	129	71	237	84	27	72	203	160	141	244	127	252	128	87	135	113	
109	110	149	164	173	127	68	170	75	250	184	72	223	40	91	187	137	196	204	110	77	102	235	8	165	219	101	61	194	253	74	69	
16	50	30	35	226	110	53	85	48	111	119	189	23	55	3	25	166	157	85	38	48	217	17	12	215	163	112	128	232	209	167	211	
252	237	163	182	181	108	71	181	177	254	15	25	255	245	91	147	145	70	93	111	121	69	184	34	249	223	101	124	130	127	214	115	
210	110	69	181	10	19	142	170	148	178	146	226	237	2	145	199	98	229	253	235	105	205	77	255	176	226	235	148	37	49	25	44	
57	5	107	12	84	19	203	120	68	224	255	70	83	72	183	228	120	172	22	239	205	179	37	30	112	45	161	144	127	174	120	228	
2	184	22	155	107	197	56	199	190	93	80	181	172	150	98	72	197	59	187	144	18	72	18	245	13	50	154	235	144	4	165	219	
8	157	58	122	241	205	255	247	191	93	124	0	190	191	38	80	165	59	151	8	242	185	50	127	111	255	54	75	82	64	239	251	
17	141	111	206	148	146	239	246	212	64	222	66	113	233	180	100	120	234	31	238	249	187	45	255	120	47	167	192	53	170	240	232	
45	146	105	97	228	123	219	24	79	125	55	186	155	29	222	40	23	28	149	63	149	176	109	148	78	217	161	245	247	143	220	241	
102	162	212	67	13	43	144	136	91	55	179	255	194	104	76	142	221	213	234	178	50	102	207	211	14	22	81	127	215	175	76	4	
54	64	64	142	92	3	202	232	135	2	177	10	96	232	61	64	88	192	23	227	40	35	10	191	48	46	139	188	85	59	112	128	
133	212	125	119	36	15	109	60	124	122	119	112	215	83	136	59	22	20	126	106	225	244	105	15	199	187	96	132	64	176	66	161	
4	81	87	101	98	110	111	16	168	198	111	165	221	103	137	92	54	53	65	110	1	144	48	76	68	190	97	4	106	243	7	241	
2	132	150	153	150	162	168	3	62	19	83	18	204	34	48	73	99	7	59	145	48	220	3	212	12	38	218	192	148	72	33	0	
56	249	58	174	25	221	86	228	161	132	172	9	47	223	99	144	216	249	213	98	76	35	152	189	243	209	5	59	114	55	174	90	
237	113	105	67	93	253	243	148	225	101	109	29	186	141	94	182	136	46	210	94	151	54	248	34	103	89	0	104	74	159	214	242	
237	110	149	165	237	63	69	154	75	250	48	72	143	48	67	191	137	196	100	126	237	118	233	128	165	219	69	60	194	253	90	101	
76	162	149	176	173	76	73	143	171	189	170	93	143	35	72	218	129	71	237	20	26	73	203	192	137	244	127	254	128	68	135	105	
60	89	122	102	85	95	87	248	65	228	253	11	123	93	43	16	120	248	151	106	200	179	56	172	115	205	5	17	115	187	102	242	
105	56	149	100	109	79	84	51	75	250	50	72	222	57	81	187	137	212	117	33	73	122	217	136	143	219	85	54	202	120	90	11	
62	179	120	225	246	123	219	80	11	60	181	187	15	13	214	28	63	153	223	176	152	50	101	212	222	217	33	247	247	143	70	243	
0	57	28	77	10	143	33	87	102	37	230	6	178	147	0	66	104	188	106	8	8	187	211	16	85	172	18	16	121	8	96	170	
2	216	50	154	108	132	184	204	142	25	80	163	172	222	57	74	238	49	159	197	130	3	10	241	20	48	154	170	20	23	33	219	
176	205	66	170	212	131	206	237	21	0	240	2	3	8	52	65	120	136	23	227	120	171	0	191	176	200	138	80	53	155	240	136	
24	141	14	175	148	163	106	183	36	1	218	2	255	107	32	64	121	235	29	160	58	185	9	191	232	231	174	192	180	74	177	8	
198	188	146	154	248	172	62	142	187	155	184	56	236	254	105	91	215	247	255	147	50	71	138	243	188	182	31	254	144	113	35	17	
3	159	103	141	244	182	175	183	92	73	90	230	224	108	180	228	127	110	18	173	181	184	37	239	44	62	142	194	141	206	241	253	
2	13	2	159	84	131	170	96	22	0	218	2	104	234	48	64	120	106	51	161	32	179	10	255	52	38	139	128	21	42	113	128	
178	205	98	238	86	130	238	181	77	66	218	130	105	46	60	96	110	211	23	227	232	139	4	239	50	126	138	128	55	158	176	12	
2	192	22	155	36	129	168	135	142	17	83	18	172	202	56	64	227	11	59	145	66	156	75	245	4	16	154	192	20	8	177	137	
155	196	110	204	148	18	239	246	212	66	214	146	89	111	182	97	127	228	63	239	249	159	37	206	114	43	234	192	55	168	240	96	
211	208	71	149	18	130	41	244	189	82	210	247	93	14	186	237	119	213	63	247	229	221	37	255	152	34	250	198	61	133	33	125	
2	200	54	155	236	137	184	197	206	25	81	146	140	204	120	9	239	27	19	145	210	188	10	241	12	16	154	238	148	8	177	129	
131	205	96	178	166	128	254	167	157	83	25	147	173	108	124	97	239	179	31	135	246	12	14	243	188	92	158	234	21	204	177	221	
35	142	67	152	86	163	234	99	21	1	218	231	96	234	180	196	126	171	22	149	158	186	69	255	60	54	138	194	189	14	56	204	
163	221	38	206	125	133	222	236	205	88	153	3	108	220	63	98	238	241	151	231	228	35	10	253	51	24	138	186	23	31	113	223	
146	68	2	137	132	128	236	71	13	1	211	18	136	10	48	64	104	131	31	145	88	159	1	214	180	32	154	192	21	24	177	8	
253	83	106	236	38	22	95	56	101	76	247	231	91	11	191	81	126	132	61	238	204	147	101	140	242	233	224	132	47	175	120	81	
2	192	16	154	108	129	184	200	143	24	145	130	172	206	120	67	238	17	31	195	2	7	10	241	20	16	138	170	20	31	49	137	
246	245	187	214	181	124	87	190	185	218	140	56	86	245	201	63	145	218	93	122	123	71	186	170	187	219	101	191	130	249	214	119	
105	105	240	71	117	30	203	52	107	172	127	12	234	57	212	22	16	236	117	76	201	248	193	136	110	124	1	176	75	175	82	45	
92	240	248	176	34	72	21	144	32	95	20	173	31	23	74	27	38	145	213	85	154	82	144	0	211	193	124	173	172	48	7	115	
120	176	188	126	137	244	84	79	163	31	165	25	175	255	72	26	137	147	237	144	26	75	250	209	219	243	86	123	226	64	167	91	
17	141	111	206	148	146	239	247	212	64	222	2	113	233	180	100	120	238	31	239	233	187	44	255	122	47	167	192	53	170	240	104	
111	245	35	66	229	189	231	252	105	72	109	12	218	252	31	180	152	74	82	110	211	176	184	229	103	92	4	50	202	127	210	246	
210	205	2	155	132	128	172	199	12	19	219	18	140	10	104	64	107	131	31	146	114	189	1	243	180	4	158	192	21	88	177	136	
109	41	204	37	236	91	69	51	67	234	190	41	83	49	211	158	9	196	236	44	76	122	201	138	94	223	101	53	203	252	90	74	
162	205	64	138	124	129	238	229	141	0	25	2	172	72	56	64	74	131	23	227	98	43	72	247	52	20	138	200	85	26	241	136	
253	83	106	228	102	18	95	112	101	100	247	231	91	11	179	113	126	132	21	238	204	147	37	140	242	233	224	132	47	175	120	81	
65	185	149	145	41	140	33	159	170	253	0	124	172	179	192	86	131	71	109	28	19	73	218	81	141	144	127	254	138	0	3	123	
196	187	145	161	184	12	96	153	171	249	136	109	143	70	200	150	165	69	236	92	139	77	203	83	157	212	47	254	136	38	3	121	
2	152	22	155	107	197	56	199	190	93	80	181	172	214	34	72	197	59	187	145	18	73	18	245	13	48	26	203	16	4	165	219	
205	84	61	117	44	46	125	184	236	122	55	112	215	87	137	123	135	84	124	42	225	229	123	4	199	251	97	148	64	241	67	33	
108	41	204	69	237	91	69	43	67	230	190	41	67	49	215	22	25	228	100	44	72	122	205	136	126	223	69	53	239	254	90	74	
35	142	67	137	86	163	170	79	22	1	216	231	160	8	180	192	123	139	3	149	30	186	69	255	20	38	186	192	181	12	48	140	
184	140	110	255	68	50	206	250	85	2	215	18	89	43	180	65	121	198	55	171	232	191	37	175	114	239	234	128	55	232	112	136	
136	0	94	103	24	203	113	5	164	97	231	16	243	147	2	80	72	54	106	0	2	184	83	39	69	165	16	65	104	138	68	10	
35	107	104	7	244	31	238	52	85	104	127	237	211	12	159	176	92	172	214	238	253	186	101	62	38	29	160	144	79	159	218	213	
2	192	22	155	108	129	168	196	142	17	81	2	172	202	120	72	235	9	59	209	66	28	74	241	4	16	154	236	20	10	49	136	
35	159	111	79	244	6	175	183	84	200	94	198	112	101	180	101	126	110	18	236	241	184	53	239	108	46	166	128	93	234	240	253	
32	157	144	158	253	133	150	230	158	9	216	0	164	248	48	64	201	106	51	65	50	42	90	255	45	22	158	122	144	8	177	139	
216	52	122	177	34	104	61	51	48	95	86	189	31	55	11	57	55	155	221	165	184	220	144	2	215	227	122	129	172	96	15	123	
33	157	107	79	244	70	239	247	84	200	94	66	113	125	181	100	124	110	22	111	225	184	61	239	101	44	167	128	101	251	240	253	
182	141	102	234	84	3	206	250	85	2	250	18	67	41	60	65	120	136	23	227	248	191	9	191	186	202	136	192	119	202	112	136	
192	213	190	254	252	45	191	255	158	43	184	56	247	248	40	2	191	83	95	33	240	111	138	127	253	159	127	188	212	120	193	139	
2	13	2	159	84	131	174	96	22	0	90	2	104	234	48	64	120	106	51	131	32	187	10	255	52	38	139	128	21	42	49	128	
109	244	141	246	229	126	71	191	179	251	28	120	119	117	201	191	145	70	85	46	121	208	186	47	235	223	117	244	170	253	222	251	
63	175	34	138	223	147	154	232	223	68	220	175	106	232	62	132	251	235	135	247	206	43	14	255	58	84	143	255	95	14	123	206	
57	69	98	108	84	19	195	120	69	192	252	10	83	73	183	164	120	164	86	110	201	179	101	157	114	237	161	20	119	174	114	228	
136	49	92	79	24	203	35	5	230	37	231	16	179	19	2	80	64	36	106	8	3	188	83	23	69	172	16	80	120	138	64	170	
131	76	7	215	13	150	238	180	212	162	130	70	224	64	21	135	200	100	104	238	105	229	89	175	160	250	222	16	10	25	120	28	
62	2	121	225	246	123	219	80	9	236	183	171	11	13	215	184	62	145	151	240	152	178	101	212	222	217	161	247	247	143	86	241	
2	132	148	153	182	170	184	3	62	19	82	18	204	42	48	73	231	15	59	145	50	216	3	215	12	54	218	192	148	72	161	9	
35	184	179	217	117	173	233	87	95	75	120	86	188	152	116	172	221	43	18	29	147	184	114	243	13	28	154	106	216	72	209	173	
23	71	103	197	54	66	111	112	116	192	222	230	81	6	181	100	126	228	30	238	233	145	37	206	48	174	163	132	45	179	112	117	
0	157	58	122	241	205	255	247	191	93	124	16	188	191	38	112	165	59	23	8	242	41	50	127	111	255	54	75	80	64	231	251	
61	80	105	97	118	123	251	16	68	232	55	170	91	29	215	40	62	156	151	126	129	176	101	136	78	205	161	196	239	187	84	241	
56	253	120	110	241	207	87	247	1	12	124	8	59	127	2	16	152	250	149	106	88	186	120	63	123	205	37	121	115	218	198	235	
198	188	154	158	249	172	62	206	187	147	168	24	236	254	101	91	215	119	251	145	50	79	154	255	189	190	95	126	144	113	35	154	
52	72	66	142	92	3	194	232	135	160	176	10	98	200	61	0	88	224	95	99	72	35	10	157	48	10	207	60	85	59	112	128	
218	137	22	188	174	10	92	53	189	18	146	18	239	98	32	67	98	231	125	226	120	205	3	237	176	243	206	144	36	48	161	9	
57	65	98	236	28	19	206	120	69	224	221	138	115	205	183	100	88	228	31	239	205	163	44	157	114	109	161	188	55	190	112	244	
34	4	2	157	84	163	170	99	22	0	250	2	104	200	52	64	120	41	19	161	50	179	0	223	20	46	139	128	21	10	113	136	
210	182	130	186	41	228	24	10	187	83	129	157	141	142	72	91	135	27	217	149	183	79	154	210	153	244	26	255	136	69	47	94	
37	249	170	99	244	31	238	188	104	76	126	76	210	248	159	48	156	72	86	127	223	176	120	45	111	221	37	212	200	59	218	228	
240	44	232	87	124	107	195	38	123	230	183	56	243	61	214	19	9	228	100	10	40	126	237	42	94	249	117	49	69	170	86	106	
72	186	189	189	42	229	49	22	166	245	6	49	180	215	64	114	133	127	232	16	146	220	243	53	205	231	49	120	0	129	135	123	
220	70	26	122	177	172	119	154	253	10	103	80	254	211	15	125	181	86	108	106	242	229	155	103	243	255	0	66	226	209	201	35	
124	176	184	250	169	108	81	25	163	125	165	25	223	255	72	26	205	147	237	16	26	107	251	17	219	211	81	127	210	64	134	115	
116	189	189	116	202	79	22	255	171	186	168	104	86	125	69	27	133	215	73	34	104	99	154	9	251	194	85	62	0	112	6	59	
34	249	20	159	125	141	144	238	158	57	120	8	174	216	96	64	201	74	127	81	66	42	75	247	45	22	30	250	80	8	209	139	
109	173	252	119	166	30	85	191	121	179	46	24	223	113	77	59	23	86	112	58	112	216	251	45	239	251	85	118	162	240	210	162	
2	13	2	159	84	131	170	96	150	0	91	2	96	234	32	64	120	42	34	128	34	187	10	255	48	38	139	128	21	42	48	136	
197	84	189	117	44	46	125	152	236	186	183	80	215	119	137	123	135	85	124	42	161	229	59	0	199	251	97	148	64	241	67	35	
113	44	233	101	93	91	211	32	83	228	175	10	82	60	86	50	89	236	96	44	77	126	253	10	127	140	197	53	97	106	86	250	
64	188	188	240	248	175	189	239	190	171	184	25	252	254	100	24	191	119	123	17	48	75	218	127	253	159	127	126	208	64	167	155	
76	48	189	113	169	108	85	27	234	251	183	16	222	119	72	122	133	23	125	24	147	97	251	64	203	251	119	92	194	96	197	51	
40	189	253	120	232	203	84	247	161	63	124	109	55	63	1	155	143	179	215	0	88	250	82	29	239	203	116	183	240	248	198	155	
93	149	178	88	163	126	119	186	109	89	110	0	222	243	45	253	181	90	92	58	147	161	186	104	251	255	69	78	218	243	227	35	
192	255	27	184	202	233	20	199	170	23	136	189	166	134	97	88	161	51	203	17	102	15	146	83	241	1	30	123	144	80	175	122	
195	253	145	133	58	108	33	150	170	241	130	124	157	151	64	214	39	119	121	212	115	77	157	114	189	240	15	118	8	49	131	117	
60	0	123	225	118	123	251	80	97	228	247	171	27	13	159	56	62	157	151	242	137	178	37	140	222	221	160	197	231	143	84	240	
182	205	96	254	212	130	206	164	93	2	153	2	105	104	60	65	123	227	23	227	248	174	76	255	178	126	206	208	53	251	240	0	
204	116	27	91	153	237	35	132	244	103	231	24	243	211	8	213	80	62	104	90	123	165	249	55	229	169	34	80	66	91	132	98	
33	141	97	79	244	255	239	183	84	74	126	66	243	124	180	100	89	106	18	47	241	184	117	191	45	62	164	0	95	250	208	236	
109	197	123	67	244	190	102	180	121	73	110	72	219	97	157	244	16	78	86	110	145	176	172	111	39	125	36	0	194	211	210	228	
194	204	16	155	198	128	174	231	156	19	155	18	172	106	120	65	107	163	31	131	98	13	74	243	188	22	222	136	148	88	177	136	
127	64	106	229	102	18	127	112	97	98	246	135	27	11	151	112	126	133	149	239	204	182	36	200	210	249	202	132	47	174	122	68	
3	155	39	141	181	150	170	167	79	73	90	230	232	104	180	228	246	103	186	253	151	152	53	253	44	124	142	194	159	14	177	93	
90	182	154	176	50	236	88	55	49	83	66	189	191	63	2	89	167	155	221	145	190	92	144	67	219	247	122	233	168	196	15	27	
167	111	104	15	244	91	239	181	85	96	247	157	211	40	159	37	90	238	83	111	253	186	109	46	102	28	132	144	111	191	210	220	
178	132	70	189	4	34	206	99	21	2	250	18	107	104	52	65	121	166	23	163	104	182	1	143	146	239	250	128	53	232	112	128	
170	130	193	169	95	131	168	79	22	1	208	247	169	138	48	200	90	139	131	149	14	186	71	211	4	4	154	109	189	12	56	152	
184	64	94	119	17	234	99	0	245	5	103	144	243	215	10	112	112	54	232	74	42	148	227	39	199	229	32	81	98	129	204	66	
36	124	25	120	232	237	84	254	27	58	184	108	183	119	1	153	139	251	68	34	121	98	80	53	179	211	117	58	216	121	130	179	
120	176	56	250	169	229	89	95	131	29	165	25	31	223	74	26	205	147	253	144	26	75	250	145	219	217	144	127	210	128	198	98	
61	80	105	97	118	122	251	16	65	224	119	162	91	29	223	40	62	156	151	250	137	176	117	136	86	201	161	132	239	187	84	240	
144	189	156	191	188	15	183	255	142	171	188	24	247	255	40	66	231	87	127	33	112	43	219	63	249	239	63	124	80	120	133	155	
152	207	14	187	139	248	117	199	183	22	206	181	175	131	99	88	227	43	237	20	110	157	3	50	230	225	54	65	178	84	173	74	
167	253	101	71	213	79	239	164	85	96	194	31	211	12	30	165	88	238	83	239	249	254	117	174	101	10	141	80	111	189	214	244	
82	172	149	184	17	228	89	39	187	83	202	25	190	62	80	89	165	187	93	149	27	74	146	197	153	246	218	106	128	68	167	90	
81	44	17	180	144	236	12	7	58	243	138	8	191	150	64	187	161	191	120	156	91	88	145	68	185	224	31	120	136	80	131	40	
112	125	241	103	93	111	199	109	83	224	169	74	114	61	68	48	217	254	112	10	73	250	217	46	109	140	5	50	97	107	214	186	
252	1	174	68	141	126	197	131	226	187	166	24	211	176	85	254	1	196	104	24	24	225	227	2	203	239	197	21	195	121	246	38	
92	175	5	161	184	175	67	152	6	189	130	77	215	33	73	11	145	68	108	125	56	64	73	20	236	198	109	116	160	123	148	82	
108	39	185	103	180	45	231	5	66	173	185	9	243	233	88	2	152	238	69	114	24	240	200	40	237	156	37	49	64	123	214	226	
200	232	190	241	139	228	57	151	166	53	6	17	189	151	64	122	135	55	249	144	18	77	179	19	207	231	58	89	160	0	133	122	
87	160	179	178	9	229	25	200	187	87	129	25	156	254	72	91	165	153	89	151	59	71	186	241	217	210	219	254	128	3	39	114	
37	233	235	99	244	203	239	180	98	109	126	8	243	205	223	48	24	204	87	127	219	176	252	40	111	156	165	224	101	187	214	224	
109	133	235	89	197	124	103	143	117	67	238	8	179	240	159	124	25	202	104	56	95	178	246	35	103	255	20	0	226	240	210	228	
105	192	12	187	44	15	67	188	22	61	133	13	215	97	90	81	209	4	108	111	72	72	219	53	205	243	117	92	24	43	80	10	
124	176	184	120	169	109	81	152	35	61	165	24	223	255	72	58	141	151	253	16	26	99	251	17	219	217	113	125	210	193	70	115	
2	12	2	158	84	131	170	99	150	0	91	2	104	234	32	64	120	42	2	128	34	154	2	255	48	38	139	128	21	42	48	128	
76	16	188	117	40	110	113	24	234	186	183	24	223	119	9	123	133	84	124	42	169	229	251	0	199	251	97	20	192	225	67	35	
49	141	110	206	148	130	239	246	212	64	222	2	113	233	180	96	120	238	31	234	233	187	44	191	114	47	167	128	53	170	240	40	
45	141	235	65	213	127	103	135	125	65	110	8	211	224	159	52	89	202	82	92	151	184	116	66	47	124	132	64	235	252	218	212	
220	206	122	121	128	232	117	151	180	22	230	16	131	135	35	93	33	26	236	24	122	141	163	23	227	225	52	93	242	208	228	106	
152	175	14	185	139	249	53	199	166	87	76	181	175	135	99	72	231	43	235	21	78	141	2	51	238	225	62	105	178	84	173	218	
69	137	250	72	228	92	119	157	107	141	110	0	87	241	247	112	176	70	116	120	211	56	163	1	123	253	37	77	192	178	230	97	
52	253	145	232	157	7	70	216	86	176	168	72	86	83	65	164	89	216	74	122	75	35	89	18	185	132	5	126	248	123	10	32	
67	64	210	132	101	28	248	66	233	0	226	3	141	138	53	126	234	165	27	205	4	181	148	192	151	120	138	3	12	52	107	134	
48	155	151	188	235	205	17	102	169	217	96	105	182	183	32	27	132	187	69	0	89	75	18	60	153	210	92	58	208	0	7	251	
84	203	254	72	164	124	117	191	237	28	110	8	83	241	191	122	177	70	108	40	18	161	171	1	251	255	100	77	240	242	230	96	
186	161	0	169	95	131	128	79	22	49	212	151	137	139	98	201	104	137	131	149	31	62	81	145	148	65	186	125	63	12	56	154	
2	152	22	155	107	228	56	207	190	89	81	49	172	214	40	72	199	59	179	144	18	24	26	245	13	50	26	203	16	4	165	219	
60	65	107	229	86	90	251	80	69	224	247	130	91	29	191	40	122	156	151	234	9	179	53	136	83	201	161	133	103	187	116	226	
112	56	151	184	40	207	21	230	188	122	224	104	150	183	65	89	133	249	78	64	89	75	112	56	177	146	126	62	208	120	7	123	
32	249	20	155	125	141	240	238	159	57	56	56	172	216	120	16	201	11	127	17	66	56	74	245	173	20	27	126	80	24	209	137	
92	176	185	224	168	108	81	31	106	251	167	24	222	55	72	122	133	23	125	24	27	97	243	0	219	249	119	126	192	96	199	115	
