香奈儿可可小姐唇露	776 - 律动	https://i.chanel.cn/fnbv3/image/full/shades/rouge-coco-gloss--776--55g.0156776_S.jpg	https://i.chanel.cn/fnbv3/image/full/chanel__com_type1/skus_full/rouge-coco-gloss--776--55g.3145891567762.jpg
246	127	228	198	223	119	222	126	129	238	188	175	106	125	87	55	205	247	215	227	252	107	252	238	63	88	205	187	103	127	214	223	
2	133	98	201	214	163	170	103	92	65	90	2	40	42	52	96	123	11	19	145	146	184	5	223	60	12	154	192	149	12	241	204	
48	127	154	174	245	255	82	214	1	205	252	45	34	253	39	144	221	250	134	48	14	187	48	174	251	213	36	51	218	91	254	223	
2	157	114	218	246	133	188	199	159	89	90	179	172	254	36	64	231	59	151	129	242	153	2	247	60	62	158	235	21	76	165	219	
32	141	2	154	148	163	166	231	22	1	88	2	96	232	48	64	89	106	2	81	18	186	8	255	40	4	135	96	149	90	176	136	
3	181	98	203	246	177	186	103	31	73	92	163	172	158	180	36	223	59	147	149	150	184	36	223	46	28	154	234	151	206	241	221	
34	185	50	200	247	213	186	231	15	73	120	43	44	156	118	32	220	59	151	145	150	58	50	245	63	28	158	235	213	14	183	223	
34	185	160	138	223	193	178	199	10	69	72	139	172	140	118	0	201	59	147	209	22	58	210	241	61	20	158	107	213	14	151	222	
244	88	175	214	13	76	197	204	248	222	182	31	114	223	63	91	104	228	111	227	104	103	178	234	209	35	254	25	33	57	119	122	
27	159	67	143	86	178	239	118	53	192	90	231	121	110	182	228	126	239	23	239	197	153	45	255	52	46	170	128	63	230	177	253	
2	187	98	155	246	147	190	231	31	69	90	183	44	238	182	64	255	187	147	133	246	154	46	255	62	30	158	235	21	92	181	221	
48	33	70	141	92	11	224	72	175	161	242	10	74	136	52	64	120	172	110	225	8	251	195	221	156	168	131	60	117	8	112	128	
59	1	114	225	116	153	248	80	109	65	254	138	143	13	180	100	238	153	95	217	142	187	101	192	214	249	170	210	119	142	113	197	
130	157	54	156	249	196	188	231	191	91	88	55	172	190	38	65	231	123	179	193	242	137	18	255	45	54	158	139	144	92	165	219	
131	154	19	185	116	180	184	19	190	89	82	85	188	154	182	232	199	43	55	157	183	156	18	215	4	62	186	194	156	4	41	221	
179	134	206	189	20	2	104	127	52	195	210	215	49	35	146	64	125	172	63	173	173	218	197	207	220	46	250	128	173	164	120	216	
95	219	46	190	47	149	190	232	207	220	214	167	236	200	63	67	254	225	255	231	196	35	158	253	242	115	207	155	95	63	57	87	
130	221	178	153	245	172	188	167	190	27	90	49	172	190	32	64	231	59	179	1	242	216	18	247	45	54	158	194	16	92	161	155	
122	1	98	232	126	19	248	113	101	64	255	139	11	143	180	100	110	133	95	237	216	171	101	196	210	249	170	220	39	142	112	65	
194	92	22	248	109	228	144	66	169	26	176	25	46	158	37	27	236	49	223	19	98	39	146	227	147	248	82	26	80	73	35	27	
78	219	46	190	175	149	191	236	143	158	150	167	236	232	51	67	238	99	251	199	196	109	11	253	254	115	207	155	22	63	61	207	
126	83	42	172	47	22	223	104	141	140	222	175	206	200	55	66	254	229	255	231	204	35	138	200	242	113	207	155	23	63	60	71	
61	77	99	207	84	31	238	248	117	232	126	70	91	121	189	244	120	204	22	238	201	178	125	238	54	108	167	128	111	191	112	164	
34	221	98	158	223	209	190	230	159	68	92	163	40	236	55	196	234	123	147	195	118	171	62	255	55	22	158	171	23	95	61	222	
55	34	174	140	76	20	248	88	204	212	213	71	16	136	119	75	236	133	123	167	140	35	146	192	211	9	139	61	13	171	120	208	
3	136	197	185	116	154	232	23	126	65	82	215	189	8	144	232	106	44	54	157	167	188	69	215	132	62	186	192	156	140	89	156	
39	207	98	158	215	147	190	232	87	196	124	167	104	232	183	132	122	234	131	231	198	179	44	255	54	60	143	171	119	190	120	196	
187	17	106	224	118	18	91	113	101	64	255	166	27	15	182	112	126	157	151	238	201	179	37	204	242	233	162	196	103	142	112	113	
2	221	50	155	245	197	188	231	158	89	88	51	172	190	38	64	231	59	179	17	114	152	18	247	45	22	30	235	144	92	165	219	
44	60	171	243	71	124	179	82	240	223	95	18	153	247	67	42	105	252	219	154	17	118	250	162	95	197	235	41	163	107	55	242	
122	65	98	232	110	19	216	113	37	64	244	138	9	15	180	116	110	149	223	236	200	163	101	204	242	249	170	152	55	142	114	208	
47	111	66	78	85	151	238	248	87	200	248	206	104	200	191	164	124	232	134	238	205	178	12	255	54	28	133	142	127	191	122	132	
1	128	245	81	116	155	233	23	126	97	114	80	187	8	148	236	107	46	38	24	179	188	101	223	12	190	50	64	212	136	81	173	
131	48	236	177	69	181	184	18	30	113	66	215	157	10	86	201	231	13	179	149	151	220	85	192	143	203	218	68	140	12	57	208	
53	0	107	65	84	35	235	88	84	96	119	66	81	0	189	36	120	140	22	234	137	182	45	14	20	12	160	132	101	171	112	228	
2	253	50	155	211	213	180	231	159	93	88	51	172	254	102	64	237	59	147	145	118	152	50	247	45	22	158	235	144	92	165	223	
187	81	122	228	54	19	223	112	101	96	246	170	27	15	182	52	126	157	159	238	200	167	37	204	242	233	170	144	103	158	114	253	
26	157	58	184	211	225	185	103	159	69	72	179	44	191	34	64	239	187	147	145	22	155	2	215	219	87	154	203	183	4	165	218	
126	113	187	226	59	83	27	200	171	236	189	169	79	223	105	50	254	253	255	242	8	131	170	200	251	213	15	191	163	51	39	115	
60	117	123	100	119	91	87	216	97	224	255	42	91	223	73	48	122	252	213	242	73	179	184	140	243	205	37	165	111	187	102	243	
53	73	67	78	84	18	238	112	197	192	249	70	81	200	181	229	120	236	22	239	205	179	44	236	50	40	163	128	111	191	120	132	
153	148	124	123	147	255	113	31	119	123	71	18	219	31	26	253	113	158	189	152	187	252	117	151	207	235	144	70	179	132	196	115	
137	165	61	187	237	217	173	127	30	119	69	144	157	23	202	47	3	26	146	24	115	92	127	151	207	211	126	109	150	140	133	240	
61	117	67	78	84	15	71	248	71	224	253	78	115	241	181	180	88	236	22	110	201	178	253	63	54	44	37	60	127	187	114	164	
39	239	98	26	87	145	142	236	95	76	125	239	104	232	191	132	94	235	147	231	198	58	78	255	62	28	143	171	95	159	122	205	
72	188	183	241	169	236	116	151	187	219	166	17	190	191	64	91	165	119	253	16	50	109	146	224	207	251	86	67	194	68	167	91	
29	157	146	251	177	246	127	147	119	206	95	52	191	243	163	236	247	106	172	218	191	216	59	166	234	255	39	64	170	229	169	117	
113	55	113	69	118	27	210	120	121	168	248	110	98	40	148	52	190	204	70	111	236	178	237	223	54	126	5	50	111	186	66	133	
13	245	151	241	163	135	61	255	54	59	94	114	221	247	232	229	55	25	183	184	115	208	26	147	239	207	111	228	186	240	169	161	
122	81	50	232	31	197	82	64	141	4	185	11	46	159	103	208	202	145	223	66	78	35	18	213	147	209	10	59	83	15	38	83	
114	241	16	168	27	205	18	64	175	29	168	9	142	159	102	80	200	145	205	80	74	11	146	213	155	209	10	123	82	6	39	86	
185	65	106	236	86	18	111	117	101	192	254	130	83	79	179	112	126	236	23	238	201	179	37	142	114	233	162	132	103	186	240	224	
162	20	114	201	100	60	248	83	109	75	250	51	142	28	148	104	238	183	159	5	144	188	97	194	22	252	154	130	71	204	81	223	
2	157	178	218	253	244	188	199	139	95	60	53	172	158	110	110	231	51	151	145	150	9	50	243	47	92	26	235	146	68	165	223	
41	217	121	105	116	207	235	244	68	108	124	74	51	25	176	48	92	56	22	106	201	184	113	61	103	141	32	64	119	154	86	169	
210	120	158	180	43	232	177	198	172	166	198	163	172	159	99	75	162	117	235	81	32	205	130	232	209	115	90	171	132	117	39	75	
151	14	198	157	178	178	170	82	188	198	83	231	41	234	183	204	102	111	183	151	165	221	4	238	20	102	234	130	173	229	57	149	
120	249	16	224	17	205	82	212	35	44	172	9	63	159	66	144	176	153	221	80	78	43	144	189	251	221	4	123	98	6	14	27	
185	87	103	69	116	78	109	55	117	234	254	230	51	53	148	116	126	156	118	172	233	184	117	14	118	239	176	128	111	168	114	185	
9	23	117	205	118	46	233	55	125	75	126	246	179	51	148	224	102	142	54	140	177	184	101	207	70	239	178	128	111	136	241	185	
122	113	48	232	27	197	82	64	139	36	189	41	14	159	98	16	200	153	223	211	78	3	146	213	251	213	8	123	51	14	38	82	
246	56	159	240	9	239	81	194	171	250	160	8	158	151	97	123	225	117	239	80	41	79	178	224	217	211	83	123	192	113	7	58	
178	4	114	236	124	43	248	75	13	160	250	10	15	10	52	0	254	141	95	161	136	183	65	206	150	252	138	144	117	136	115	129	
246	56	191	240	169	239	81	194	171	180	162	24	14	159	97	59	233	245	239	80	24	127	176	224	219	209	67	119	192	105	70	34	
151	54	194	145	242	178	168	81	60	195	83	247	77	238	190	236	119	45	183	189	181	212	13	202	28	46	191	198	173	228	169	213	
157	199	114	115	177	158	95	157	119	111	103	20	107	99	170	244	51	78	172	108	255	176	61	191	234	255	53	69	122	214	200	69	
252	56	246	96	173	255	82	64	235	190	183	57	78	253	69	27	169	245	237	114	60	103	184	192	219	219	65	119	194	111	70	7	
207	189	245	211	170	240	185	183	175	93	22	244	252	255	222	231	39	119	255	157	183	72	175	241	78	91	255	234	142	196	141	125	
215	76	255	246	46	64	93	136	185	150	178	154	111	78	23	123	167	229	125	239	104	71	191	234	147	250	222	154	37	241	102	108	
232	80	186	254	104	77	181	84	164	78	214	61	244	221	107	75	204	116	255	66	96	71	178	34	83	241	112	155	66	185	54	251	
77	112	209	229	96	44	105	18	59	171	125	96	157	183	193	126	23	93	53	10	129	84	160	194	196	252	114	172	174	243	3	177	
214	62	198	134	226	50	186	81	185	198	211	247	76	238	231	223	246	245	255	183	181	215	140	200	156	50	235	135	172	103	41	213	
2	140	2	156	20	162	42	99	52	1	91	18	104	226	32	64	120	43	2	128	48	152	0	223	32	38	138	128	20	74	176	136	
130	141	150	157	244	171	44	39	62	51	90	16	172	42	0	64	227	47	42	0	114	216	65	215	44	54	94	192	132	64	161	136	
151	30	199	159	194	34	171	80	188	194	83	231	93	238	183	109	118	109	63	175	165	213	175	202	20	42	235	128	173	247	57	213	
25	199	220	125	177	159	111	190	119	79	126	4	255	99	171	245	55	78	172	108	199	208	47	183	238	255	52	4	58	209	200	41	
2	141	150	153	244	172	188	39	62	27	90	16	172	170	0	72	231	43	59	17	50	216	67	215	44	54	158	194	148	72	129	139	
151	12	239	159	70	34	171	80	52	194	87	198	121	238	183	108	126	237	55	239	165	213	45	234	84	46	235	128	173	247	49	245	
3	168	165	209	93	181	168	135	206	241	144	2	188	152	84	174	235	35	59	157	150	104	246	241	13	24	158	106	149	12	81	172	
37	255	9	129	252	75	167	248	78	252	24	238	215	196	217	1	95	72	70	127	195	114	111	28	124	0	45	188	93	123	87	241	
227	247	100	198	253	127	222	255	129	238	188	175	74	60	222	51	143	215	223	231	252	107	252	238	62	88	205	191	79	254	214	223	
118	85	235	236	94	66	223	120	1	132	223	163	81	127	49	64	126	213	21	231	200	147	93	206	243	237	175	133	53	187	52	114	
38	112	226	154	95	241	186	200	223	229	81	143	72	204	127	8	249	169	147	151	134	119	62	210	31	20	143	239	213	127	126	214	
57	23	116	69	119	30	114	56	113	8	254	96	75	25	151	244	62	220	196	106	141	178	101	206	38	253	32	3	111	191	74	165	
62	45	234	111	215	246	226	198	115	133	252	2	43	121	21	128	121	250	147	184	10	186	24	174	127	237	132	1	231	122	126	170	
61	12	235	222	86	34	239	240	116	194	223	194	113	109	179	100	127	238	23	239	233	149	44	238	114	46	235	128	39	251	112	248	
2	160	144	153	245	165	184	7	62	27	82	16	172	154	112	73	233	43	51	145	50	220	66	211	13	22	154	226	144	64	161	137	
31	81	99	204	83	87	63	120	53	192	95	230	88	247	182	228	126	253	151	238	193	147	61	222	119	60	143	142	63	182	38	245	
159	78	199	151	66	178	174	210	188	194	82	199	125	238	179	239	103	111	183	207	165	220	135	234	20	46	255	128	175	245	57	221	
2	184	111	89	103	209	177	71	223	93	86	179	40	156	182	44	235	59	179	17	150	252	38	209	78	24	250	195	87	12	245	255	
104	188	150	113	173	60	116	151	187	187	182	28	158	189	64	219	133	86	253	24	59	109	211	224	207	251	116	86	194	204	203	11	
198	62	198	151	98	178	186	210	190	194	82	231	236	238	227	203	38	127	175	215	165	213	142	234	20	34	107	130	172	245	41	149	
39	231	121	6	252	11	231	232	90	236	184	239	98	104	212	16	190	205	70	103	225	115	236	126	60	12	37	190	77	59	83	253	
80	121	120	124	50	153	49	68	235	4	36	168	175	218	133	20	166	185	204	64	2	8	50	125	150	213	0	59	96	128	15	15	
203	185	244	211	170	156	189	183	235	127	22	181	173	255	214	238	167	119	253	29	215	76	175	243	78	91	127	226	142	196	143	125	
28	67	131	173	138	2	47	152	36	136	219	226	213	67	185	192	126	221	62	235	73	144	79	200	164	164	175	132	188	179	33	176	
6	248	178	154	223	229	186	198	158	89	80	23	172	220	103	8	237	123	147	145	18	94	26	243	13	22	159	235	144	93	181	219	
134	216	146	155	229	141	184	192	158	25	81	50	140	222	105	73	247	25	147	83	2	212	10	241	5	16	154	202	148	29	161	131	
162	183	61	218	252	13	185	239	154	123	177	127	156	60	92	11	143	19	127	17	179	111	75	215	13	26	127	254	213	8	211	211	
130	48	146	144	109	173	176	67	190	27	113	16	140	158	100	11	229	59	179	17	34	117	146	192	21	18	90	106	128	72	35	131	
60	56	182	253	41	247	89	90	23	170	118	48	127	223	97	120	151	125	181	18	136	215	187	176	195	255	113	187	210	229	36	187	
77	80	209	229	32	44	107	18	59	171	123	96	223	179	193	126	151	221	61	136	129	144	161	194	196	252	50	132	138	243	1	33	
90	233	218	19	19	220	56	198	169	181	166	141	44	131	70	18	34	215	232	208	6	217	145	100	251	165	30	99	41	0	47	26	
56	248	44	184	45	229	212	207	198	62	144	13	178	152	119	10	201	131	207	1	78	43	82	145	209	219	89	63	88	88	92	155	
74	152	158	190	13	245	16	25	143	95	205	21	238	246	34	194	193	35	251	3	31	11	91	181	211	119	218	27	26	79	60	95	
120	206	2	190	205	232	198	231	171	6	168	11	110	226	102	212	249	227	170	131	76	47	218	243	177	166	158	59	113	94	254	74	
183	98	226	0	79	25	236	72	91	230	117	175	8	136	255	172	122	204	130	255	204	118	236	194	22	28	133	175	231	255	122	196	
39	102	226	0	95	179	250	200	91	229	253	143	72	200	255	156	249	236	130	181	134	178	172	218	30	30	133	239	199	223	126	196	
44	156	212	126	48	175	90	186	187	139	188	40	239	251	1	24	151	243	236	56	42	229	74	255	202	255	85	158	242	225	66	3	
98	255	100	198	255	63	222	245	137	238	185	175	106	124	30	50	143	247	255	167	252	107	248	238	63	30	205	190	71	254	214	223	
58	1	114	225	54	57	250	82	109	0	254	2	15	11	180	96	110	137	31	249	138	179	101	196	210	221	170	208	103	142	113	1	
124	88	171	214	77	116	181	220	176	222	180	47	122	255	235	123	233	212	255	194	169	103	186	226	215	39	254	153	193	121	119	251	
27	83	46	142	47	151	158	104	205	204	222	175	236	216	55	192	254	229	255	231	196	35	30	253	242	113	143	155	95	62	57	87	
59	5	106	225	118	50	91	82	117	224	255	134	27	13	183	116	126	140	23	189	169	178	101	142	242	205	162	132	103	142	112	241	
3	148	51	153	83	228	185	87	188	73	74	20	188	190	36	100	231	59	19	17	147	152	50	215	141	54	26	202	152	4	161	255	
35	2	200	189	20	130	104	51	52	99	82	215	177	34	146	64	124	172	63	141	173	156	69	207	204	46	186	192	173	140	120	152	
2	221	50	158	223	213	190	231	158	78	88	131	172	254	38	64	239	123	147	193	102	139	58	255	61	54	158	171	21	92	181	223	
250	1	98	232	92	3	202	81	101	0	255	10	11	11	52	80	106	133	95	249	216	171	69	204	146	249	130	220	39	142	112	128	
134	48	146	152	203	229	180	67	190	19	65	18	140	158	96	75	235	59	163	145	50	79	146	192	21	18	90	107	144	64	165	146	
126	83	106	172	63	6	95	104	137	140	222	175	79	239	51	80	254	229	223	231	204	131	168	204	242	245	143	155	55	63	62	87	
43	207	98	206	117	151	238	248	85	200	124	198	104	232	180	228	120	236	150	238	205	178	60	238	54	124	135	138	127	190	120	132	
2	221	50	159	255	197	188	231	158	91	88	19	172	254	36	64	231	123	179	129	114	152	18	247	45	54	30	203	16	92	165	219	
2	148	59	217	87	228	177	87	254	73	78	18	188	190	36	100	231	59	19	16	179	152	50	215	77	62	26	74	152	0	165	191	
1	8	179	185	116	186	232	19	124	73	82	84	189	8	176	232	195	47	54	29	183	188	101	215	132	62	186	192	140	136	89	237	
2	141	22	153	244	172	188	167	62	27	90	16	172	186	32	64	199	59	51	1	114	216	3	247	44	54	158	194	144	72	129	137	
250	65	98	232	14	19	202	113	69	0	244	138	11	15	180	112	126	133	95	234	200	167	101	204	178	249	170	152	55	142	114	140	
129	138	115	89	116	173	233	51	124	9	118	112	189	3	148	108	195	42	38	24	179	188	97	215	12	190	50	64	192	136	65	169	
156	60	174	243	213	253	113	210	246	255	95	50	153	247	75	47	105	154	223	154	179	240	187	162	223	201	227	229	163	109	101	243	
130	149	62	216	201	181	185	103	158	23	12	19	188	190	38	99	197	19	187	1	114	73	50	213	77	51	90	91	16	64	165	234	
45	253	67	78	85	159	102	252	87	224	248	78	122	208	181	180	88	232	22	110	201	178	252	255	54	60	5	44	127	191	122	164	
2	253	50	155	211	197	190	239	30	69	72	179	172	254	38	64	239	123	147	145	118	24	26	255	45	22	158	107	21	92	165	222	
53	64	107	67	84	42	235	88	84	224	247	66	83	65	189	96	120	140	22	234	137	180	45	14	116	141	161	132	101	187	112	160	
147	203	74	188	62	145	188	103	140	68	218	231	44	138	178	192	110	43	159	197	198	137	6	253	176	33	186	139	61	156	185	221	
126	121	123	234	59	211	91	200	173	232	189	168	127	223	107	112	254	253	221	242	73	3	168	232	251	213	15	59	99	51	39	115	
60	117	123	100	118	87	87	240	65	224	253	46	91	95	177	48	126	252	151	234	201	179	56	140	243	205	37	5	111	187	102	243	
18	174	238	188	250	208	188	230	190	151	210	179	44	174	166	66	103	251	175	129	118	219	134	255	248	35	254	203	53	84	173	207	
34	239	96	154	215	209	190	238	31	5	88	163	40	236	54	0	255	107	131	215	198	58	78	255	62	20	159	235	85	30	191	206	
18	207	206	188	242	178	188	230	158	143	218	247	45	174	167	193	111	251	167	133	182	219	6	255	56	103	255	131	181	244	173	223	
74	188	151	178	137	252	52	199	191	155	38	16	172	191	96	223	161	119	251	16	51	201	146	225	143	242	94	75	130	68	175	63	
47	67	66	9	85	23	174	104	93	96	88	198	72	200	183	164	252	40	146	239	197	178	92	220	38	28	139	166	95	63	121	148	
60	117	120	104	112	207	83	80	65	12	125	8	27	31	41	16	220	152	7	122	202	178	112	28	243	205	32	109	115	139	78	163	
185	69	106	236	214	18	239	117	84	192	254	2	83	105	186	97	122	236	23	238	233	179	37	142	114	233	164	128	103	186	240	224	
2	157	178	218	253	244	184	199	139	93	56	21	172	254	110	98	167	19	147	17	150	11	50	243	63	28	30	235	146	68	165	223	
43	181	64	137	213	151	234	120	77	232	89	198	8	8	182	164	120	170	18	253	151	186	93	221	44	28	139	228	95	143	120	148	
33	225	121	65	116	207	99	117	65	44	124	8	19	17	152	48	26	152	6	120	219	186	112	29	111	141	37	100	115	138	198	169	
23	30	71	159	146	178	170	115	60	195	91	247	73	234	182	196	127	173	55	189	181	157	5	206	60	46	175	192	175	230	185	213	
41	23	109	69	116	78	109	55	117	234	126	116	179	53	144	116	78	188	118	12	233	184	117	14	103	239	176	128	111	200	210	249	
9	157	119	219	244	204	105	55	125	89	126	116	189	55	148	100	167	59	62	140	179	152	49	231	70	255	186	192	142	128	225	185	
37	81	115	77	116	95	239	112	93	200	121	66	80	17	181	164	126	72	18	110	193	176	116	206	36	28	0	128	95	191	82	165	
214	184	158	241	235	235	49	67	174	183	7	49	140	183	96	91	163	61	239	16	48	221	162	240	221	193	123	231	128	97	135	227	
178	4	82	140	124	43	232	75	13	160	250	26	142	10	52	64	106	141	95	161	24	187	65	206	148	188	154	144	85	8	115	128	
184	65	98	236	148	3	78	125	69	0	254	2	75	9	48	80	120	140	23	234	216	187	1	140	242	233	162	148	55	186	240	136	
134	184	190	176	226	235	177	67	190	63	23	179	140	159	98	11	163	53	239	18	50	93	138	208	220	211	123	231	132	72	133	195	
19	150	195	129	214	178	171	247	60	99	90	246	89	46	188	228	119	15	23	189	183	156	37	206	60	46	190	196	173	196	177	253	
156	181	116	115	135	255	117	29	119	123	119	16	219	95	78	125	53	158	191	144	191	212	121	151	207	219	87	199	178	204	196	115	
53	77	99	78	196	50	239	240	196	192	249	66	83	200	181	229	120	232	22	234	201	179	44	44	48	40	163	128	109	251	112	164	
49	119	113	69	118	15	235	120	121	232	250	239	83	40	148	16	190	205	70	103	201	178	109	95	52	46	33	16	77	187	66	209	
159	12	227	223	150	50	239	81	116	194	95	214	89	230	179	108	126	236	55	175	185	213	45	206	124	46	171	128	167	231	49	245	
198	186	222	176	239	235	178	67	191	191	179	59	142	252	228	27	171	53	239	51	48	103	138	208	156	146	103	255	196	105	135	131	
134	58	214	146	226	171	186	81	188	191	115	255	12	234	230	139	167	61	239	51	52	215	138	194	28	18	111	239	204	103	175	147	
98	254	228	198	255	119	158	252	137	238	188	175	106	60	158	54	223	247	215	231	252	43	232	239	63	62	141	187	71	255	214	95	
215	54	195	145	226	34	172	81	60	195	83	247	205	230	254	207	119	45	55	189	181	212	141	194	28	34	239	196	173	230	177	213	
37	247	105	5	124	15	175	248	106	236	248	206	81	37	216	32	62	204	86	111	225	242	253	14	124	12	39	188	77	186	67	241	
25	223	114	77	163	31	127	254	119	110	126	4	175	179	163	244	55	78	172	108	207	216	49	187	234	255	117	135	58	213	168	109	
232	114	58	254	104	93	29	252	158	90	213	188	221	223	169	91	198	125	255	106	224	71	234	147	119	251	112	188	18	188	167	243	
75	189	244	223	174	144	188	191	175	219	22	183	236	255	214	110	167	119	255	157	151	76	174	243	78	127	223	234	6	132	129	125	
114	64	253	254	79	68	93	41	233	222	183	10	107	111	31	91	234	229	125	171	72	71	251	200	147	250	223	155	37	114	118	110	
126	25	154	188	61	244	17	11	143	77	204	5	166	246	34	90	196	179	249	16	30	11	210	145	211	245	138	123	152	44	188	82	
79	64	209	197	103	24	108	16	121	162	117	194	89	3	221	252	54	220	54	142	193	22	228	192	22	252	210	172	47	183	66	165	
53	13	234	238	212	34	239	113	85	194	223	130	115	237	177	96	122	236	23	171	169	179	44	206	114	175	163	128	37	251	112	224	
49	87	117	69	116	31	254	112	125	104	122	102	67	8	149	116	254	140	70	110	204	176	109	204	54	252	33	2	109	155	66	133	
34	143	98	158	215	210	190	230	157	196	216	163	104	236	54	196	250	235	147	199	228	155	46	239	58	54	142	139	23	62	61	222	
26	253	18	241	147	215	61	247	55	233	78	130	157	183	96	165	125	63	149	129	121	216	48	182	235	215	222	199	42	212	173	187	
18	159	87	173	54	99	191	119	28	34	90	230	117	55	160	68	126	115	23	161	240	152	1	239	52	38	170	130	53	234	21	185	
166	113	226	140	79	81	182	96	217	228	213	143	72	204	127	11	248	233	195	231	204	115	190	200	19	16	207	43	71	63	126	214	
90	233	26	176	19	220	120	71	171	68	166	9	45	158	70	16	34	171	201	128	78	11	146	245	211	229	154	43	33	0	47	90	
185	69	106	228	118	18	79	113	85	64	247	130	91	13	178	113	126	156	21	238	233	179	37	142	242	233	160	132	103	186	112	241	
159	29	182	248	177	246	93	147	119	206	254	36	175	247	167	252	247	251	188	156	255	201	51	255	235	255	22	195	154	228	172	127	
109	96	209	197	97	26	110	16	113	162	126	194	11	35	213	252	114	204	54	142	201	150	229	194	22	252	210	164	47	247	106	164	
46	207	99	222	255	208	110	232	215	8	124	34	104	251	189	228	123	250	183	202	66	50	174	255	62	62	135	171	23	191	124	173	
139	180	189	185	239	125	185	255	158	127	28	58	189	61	218	167	143	19	255	21	243	110	235	151	205	215	127	254	214	76	143	249	
166	248	162	154	79	213	190	200	159	212	80	143	44	220	103	8	205	123	147	211	66	71	186	243	29	20	159	171	149	29	55	222	
29	119	5	165	46	15	167	248	6	236	223	238	215	101	209	36	94	72	30	110	201	176	109	28	228	128	111	180	53	250	21	241	
53	77	99	206	212	34	239	240	197	130	255	66	115	225	181	117	120	232	22	234	201	179	44	108	112	168	167	128	119	251	112	160	
52	31	62	170	188	239	211	246	141	204	252	45	118	253	167	0	220	242	134	112	188	171	48	172	251	213	36	211	216	91	100	91	
93	211	82	174	118	2	78	248	6	8	217	230	113	227	169	208	94	200	6	238	73	18	95	26	176	165	175	172	61	251	40	17	
130	176	146	144	199	237	180	71	190	27	65	18	140	158	104	11	165	27	179	17	50	124	146	193	13	18	90	107	144	72	165	131	
75	252	240	211	174	152	190	159	235	83	30	165	173	255	222	98	167	123	253	149	215	76	174	243	46	93	191	234	134	214	131	93	
166	121	226	158	79	213	150	200	155	230	209	175	40	220	119	8	220	249	147	199	198	103	190	248	23	16	143	171	85	63	119	214	
35	205	106	158	95	149	190	232	159	80	76	134	104	238	183	244	239	235	147	207	199	11	62	255	54	93	139	171	31	151	43	220	
230	45	164	196	237	5	190	239	137	250	153	11	140	174	85	3	206	247	255	231	208	107	202	232	61	24	207	190	5	126	147	209	
122	154	147	188	197	213	150	231	27	79	244	47	46	246	102	212	253	187	166	128	95	59	178	179	155	247	150	251	219	12	238	223	
2	248	178	155	253	197	184	198	158	25	80	19	172	222	96	8	197	123	147	209	66	94	26	243	13	22	158	106	144	29	161	219	
40	24	148	184	141	249	144	71	207	245	128	57	174	156	98	138	201	51	234	17	30	43	82	144	129	213	90	59	210	76	221	94	
134	249	146	155	238	169	188	204	142	24	88	34	140	218	105	73	255	27	51	211	82	80	10	241	4	16	79	174	148	91	161	131	
130	157	150	156	245	196	188	231	190	11	90	49	172	190	32	64	231	123	191	129	114	219	18	255	45	54	158	138	144	84	165	155	
78	236	228	243	182	152	250	135	43	241	26	131	237	44	84	66	103	223	127	149	146	248	237	225	174	253	190	192	165	214	241	73	
228	160	156	248	173	237	80	201	143	59	177	24	198	249	108	27	217	145	239	51	58	103	218	145	153	211	65	127	208	75	214	2	
252	44	212	254	48	171	90	154	187	155	188	24	239	251	5	24	151	245	108	24	42	228	74	255	138	255	85	158	242	225	67	9	
23	12	227	223	150	178	239	81	117	195	223	214	89	239	180	100	127	236	55	189	185	149	45	206	56	46	175	192	167	230	240	244	
147	90	78	188	6	146	190	114	157	198	210	231	41	202	183	193	110	225	191	199	236	143	6	238	178	99	234	139	45	181	57	93	
123	81	42	174	63	151	158	104	205	204	222	175	238	216	55	64	254	229	255	231	204	35	28	253	242	117	143	155	95	62	57	87	
57	5	106	225	118	50	107	83	85	192	126	130	27	13	183	96	126	140	23	189	185	176	37	142	242	237	162	132	231	207	112	225	
1	142	75	181	52	170	104	55	124	67	90	213	177	34	144	96	66	46	63	141	189	156	69	79	132	62	186	192	172	128	89	88	
242	1	98	232	92	3	202	113	77	0	248	10	11	11	52	80	106	133	95	224	216	171	65	204	178	248	130	216	55	138	114	128	
122	71	106	172	55	6	95	120	1	140	252	175	107	207	51	80	254	237	149	231	200	179	40	142	243	253	175	155	55	190	118	115	
156	60	190	243	157	124	113	218	247	223	214	51	155	255	67	47	237	248	255	144	187	244	251	130	223	219	247	239	163	109	117	243	
2	221	34	158	223	209	190	231	158	68	88	163	172	254	54	64	235	123	147	193	102	154	58	255	61	54	158	139	21	92	181	222	
2	221	50	159	247	197	188	231	158	11	88	19	172	254	32	64	231	123	179	129	114	152	18	255	45	54	30	203	16	92	165	219	
1	158	59	217	52	172	185	55	252	73	94	80	188	178	180	100	167	59	30	9	179	184	48	215	13	190	50	194	136	0	225	169	
34	239	98	159	223	209	190	239	94	69	88	163	168	236	54	0	219	107	131	199	230	58	110	255	62	20	159	235	85	30	189	206	
1	158	59	89	48	172	249	55	252	9	126	84	188	179	32	96	165	58	6	8	179	184	48	95	79	191	50	64	216	128	225	171	
188	0	84	115	36	10	72	56	49	18	183	26	75	75	24	27	58	128	68	106	120	228	73	133	214	219	112	84	103	139	194	0	
35	239	66	94	117	159	230	236	95	200	124	78	104	200	190	180	216	234	146	110	199	58	94	255	62	28	133	171	95	190	218	140	
149	79	78	166	132	34	238	241	52	194	219	199	81	96	179	67	124	236	21	239	249	147	12	42	248	41	239	132	45	251	248	144	
124	121	123	238	51	211	87	240	33	192	252	42	127	223	33	48	250	249	221	226	73	131	56	172	243	221	5	59	123	179	102	115	
61	93	123	110	86	87	87	240	69	192	252	38	123	221	51	48	126	248	23	234	201	178	56	174	115	205	37	0	111	187	98	243	
146	14	206	189	242	146	190	246	156	134	90	231	173	174	183	64	111	239	183	133	164	216	7	239	44	39	190	129	45	244	57	221	
74	184	150	208	137	221	48	199	191	153	166	24	174	190	102	254	161	115	251	16	22	105	146	241	155	210	86	123	202	68	143	31	
34	239	96	155	215	209	190	239	30	69	88	163	168	236	54	0	219	123	147	213	118	58	110	255	47	22	159	235	85	30	189	222	
74	188	150	220	203	208	180	231	191	23	70	49	172	254	100	206	163	123	235	16	50	73	146	241	187	114	94	75	130	84	173	63	
19	135	71	135	150	178	238	119	180	194	219	214	89	234	188	228	127	231	63	173	245	153	37	206	56	46	175	192	47	230	185	85	
2	140	114	153	244	168	248	7	173	27	122	18	140	10	20	72	238	155	31	145	178	184	64	195	4	60	26	194	132	72	161	137	
37	119	113	65	116	203	239	112	80	104	125	96	16	17	181	52	126	184	6	106	225	178	100	94	100	12	32	128	119	155	86	161	
2	189	50	218	253	213	188	239	139	93	24	51	172	254	110	2	167	19	147	145	242	15	186	247	63	20	30	235	144	4	165	223	
37	49	113	65	244	223	227	88	65	225	121	66	24	21	157	180	58	154	2	120	147	186	116	220	47	28	0	100	231	139	82	164	
73	29	127	117	116	206	109	55	125	79	126	116	179	53	144	112	78	190	86	8	249	184	117	47	231	255	48	128	102	208	198	249	
9	157	59	251	244	204	125	183	255	93	126	116	188	183	160	112	135	59	23	8	243	136	50	247	231	255	50	200	146	128	229	249	
58	207	106	190	95	209	159	230	151	84	220	171	41	237	55	192	235	251	147	195	110	11	46	191	243	71	154	187	55	28	60	218	
18	162	222	177	162	235	49	71	190	63	87	177	141	183	226	73	39	63	239	16	18	221	10	87	220	231	127	199	164	64	165	195	
154	148	244	249	173	121	89	191	95	119	76	16	175	191	106	236	179	27	189	24	58	92	123	211	207	223	87	103	182	204	133	127	
27	157	180	221	177	244	93	63	95	207	254	48	174	255	166	252	199	59	189	16	191	200	115	219	235	255	22	27	146	196	172	127	
49	101	97	5	116	15	239	112	104	232	250	78	211	36	144	48	124	204	86	111	201	178	125	30	245	46	39	144	69	187	66	241	
166	237	164	132	237	37	254	231	137	186	184	10	172	174	84	3	237	239	87	227	240	91	202	234	61	24	207	184	5	126	147	153	
91	221	242	88	177	222	92	183	255	207	254	53	42	255	182	116	247	167	189	20	253	169	49	222	123	255	21	83	90	212	236	95	
52	13	106	238	212	162	239	113	84	192	223	130	81	237	177	96	120	236	23	170	184	179	45	206	114	175	167	128	245	234	240	160	
226	253	228	198	254	31	158	238	153	234	184	175	104	124	31	34	223	247	215	231	248	107	233	239	63	62	143	179	69	127	214	223	
159	164	227	129	214	178	173	85	60	199	87	214	89	230	250	108	119	45	55	189	181	212	173	194	60	46	191	196	175	228	177	245	
142	182	214	145	226	171	176	193	190	63	115	255	204	254	234	139	167	29	239	49	50	117	136	208	28	19	111	231	196	78	173	147	
38	141	198	147	212	34	236	231	61	19	114	18	232	42	52	73	107	203	55	129	48	254	65	230	60	58	222	192	181	120	241	136	
29	4	234	197	214	50	239	87	84	195	94	146	81	237	190	96	127	236	55	189	181	180	37	206	126	111	174	196	167	250	240	240	
155	223	246	93	183	223	95	246	127	110	126	36	42	191	167	244	183	239	172	76	238	184	53	255	251	255	20	131	122	212	236	127	
132	178	158	177	236	233	177	203	158	63	181	57	142	215	234	11	203	29	238	50	50	117	234	209	220	147	127	255	208	72	141	195	
134	237	22	138	238	33	190	206	142	18	88	2	172	234	121	67	239	91	51	115	82	3	10	240	60	16	207	174	148	123	161	137	
66	188	240	221	174	176	190	191	175	219	28	163	172	254	214	102	167	127	255	157	210	76	174	243	46	126	159	238	150	196	129	221	
49	87	113	101	116	15	238	48	109	104	122	103	83	8	149	48	254	204	6	239	205	176	69	78	52	236	35	128	109	186	66	145	
27	141	98	190	95	149	190	230	222	68	76	3	169	234	55	224	233	107	147	199	198	10	62	255	251	95	159	43	23	86	59	206	
255	67	66	68	69	22	110	120	113	170	247	78	72	130	191	252	120	204	166	234	205	182	165	194	22	120	192	135	111	183	106	132	
3	190	195	155	242	179	170	223	30	99	90	247	173	174	246	132	63	11	23	157	183	152	45	247	44	6	190	224	189	196	177	221	
46	175	98	218	127	209	254	232	223	0	125	162	104	232	188	228	251	122	147	194	70	58	142	255	62	93	135	43	23	158	124	132	
162	5	82	137	244	169	232	71	45	35	250	18	172	10	20	64	234	167	95	17	48	184	65	198	20	60	154	192	197	8	241	137	
75	253	240	255	254	184	190	159	239	209	28	161	173	254	212	98	167	123	255	149	214	72	174	251	46	221	175	234	134	214	131	93	
53	13	111	78	212	34	239	113	196	130	255	66	115	225	181	101	120	234	22	234	201	179	44	110	48	172	231	128	117	251	112	160	
21	103	33	229	60	15	111	120	68	232	217	206	211	101	145	36	126	204	94	110	201	178	109	30	173	140	37	180	119	187	16	240	
226	180	146	134	253	45	148	239	139	171	184	56	238	184	92	3	205	71	110	33	48	107	203	207	61	62	95	190	64	120	195	139	
184	197	98	236	212	2	78	253	69	0	254	2	91	41	176	80	120	204	23	234	248	187	4	142	242	237	164	132	119	186	240	136	
218	212	244	121	149	254	84	159	127	123	190	24	202	125	28	125	245	151	253	17	254	253	121	215	187	255	214	215	243	84	196	95	
249	66	67	197	69	30	108	112	117	170	119	70	75	3	185	252	120	132	166	234	201	150	245	194	150	254	194	4	43	191	120	36	
94	237	244	179	182	168	254	135	239	145	26	130	237	110	92	66	47	231	127	145	146	248	143	225	172	253	175	192	165	82	241	136	
130	249	178	154	79	209	190	192	158	208	80	171	44	220	103	8	207	123	147	195	66	74	186	241	53	16	159	171	21	63	55	218	
25	73	107	173	6	87	159	117	68	68	222	131	255	28	51	97	126	113	31	239	205	177	53	45	225	201	174	128	53	190	33	120	
120	219	62	244	44	199	81	244	205	220	182	47	126	127	166	83	236	241	239	98	252	235	51	253	251	155	97	211	80	43	116	123	
43	143	98	206	117	151	238	248	93	72	124	70	104	232	182	228	120	234	150	239	197	186	44	255	54	60	135	138	95	174	120	141	
0	31	75	173	246	6	47	53	4	192	94	230	245	39	160	64	118	118	23	238	193	152	21	79	228	165	174	128	44	186	177	185	
120	185	58	32	25	196	81	103	161	5	238	9	62	151	98	16	232	157	217	192	74	139	146	5	241	245	136	91	64	4	38	122	
120	218	190	252	109	68	245	120	170	254	181	47	126	255	99	123	236	245	255	67	201	103	186	224	211	163	247	191	3	120	118	115	
236	120	58	254	104	29	29	252	157	90	244	184	223	223	225	123	199	125	255	110	224	71	234	179	247	251	127	188	22	188	135	251	
130	241	146	153	199	197	180	199	158	19	64	18	140	158	104	72	225	27	147	17	82	124	18	243	29	22	94	111	144	80	165	154	
104	137	184	184	57	205	81	15	139	21	140	9	190	151	35	80	196	59	249	20	26	11	242	17	211	253	16	123	144	8	6	106	
228	36	212	254	56	171	90	138	187	171	177	24	238	235	13	25	151	231	108	48	50	101	203	255	138	254	81	56	210	225	67	1	
234	188	190	80	233	253	177	71	190	127	60	157	172	188	102	152	135	51	227	17	54	109	50	243	95	87	88	123	211	76	207	215	
134	109	132	149	236	33	174	207	14	186	152	10	172	234	113	11	201	107	123	211	82	123	202	240	60	16	207	172	20	121	177	136	
97	143	233	103	180	107	111	183	116	226	250	204	243	101	144	48	91	238	124	44	249	184	117	47	236	174	165	208	236	234	210	184	
156	233	212	183	174	137	108	185	63	178	50	18	239	107	72	91	163	239	125	194	106	92	203	243	206	251	255	228	38	161	193	9	
151	6	235	197	198	50	173	89	124	226	87	214	81	44	191	108	126	12	55	175	177	180	37	202	20	46	234	132	173	240	113	245	
226	237	226	148	254	167	190	230	155	171	152	155	236	252	52	3	239	247	215	229	240	107	192	239	60	30	207	186	197	124	147	153	
57	5	106	225	246	50	107	87	85	97	126	130	91	45	179	32	126	140	23	188	185	176	37	142	118	237	160	132	231	207	240	225	
208	89	63	244	19	204	53	119	236	192	78	6	180	179	32	115	162	55	57	8	97	185	48	13	243	235	86	2	40	16	165	43	
90	201	42	174	31	145	159	232	143	132	140	139	238	232	114	64	250	227	251	231	76	35	154	253	243	117	143	59	23	62	61	198	
58	87	106	172	119	151	95	120	5	196	252	143	107	237	50	80	254	233	151	231	204	179	60	159	243	253	137	155	119	190	118	82	
58	221	106	190	91	209	159	230	151	85	204	171	44	255	34	64	235	251	147	193	106	11	58	191	251	71	154	187	55	28	60	218	
10	221	58	248	219	196	21	247	159	93	92	18	60	255	34	96	229	59	151	128	114	11	50	247	251	255	58	234	18	16	165	251	
34	157	34	158	223	193	190	230	30	69	88	163	172	254	38	64	255	123	147	193	102	154	26	255	61	54	158	139	21	92	181	222	
2	221	18	159	241	197	190	231	30	27	88	18	172	254	32	64	231	123	179	1	114	152	18	255	45	54	30	202	16	92	161	155	
210	94	78	188	74	128	190	246	152	134	214	231	45	175	179	67	110	225	191	199	228	143	6	239	240	99	250	137	45	181	57	219	
129	221	123	119	116	204	109	183	253	77	126	52	179	183	144	112	6	58	87	8	243	184	48	111	231	255	50	128	66	208	199	249	
34	239	96	155	215	209	190	238	30	69	88	163	168	236	54	0	219	107	131	197	86	186	110	255	46	22	159	235	85	30	157	222	
210	203	110	188	74	192	61	103	164	4	214	163	45	135	162	81	102	179	143	193	96	143	38	237	240	35	254	139	53	20	165	107	
60	125	123	238	83	211	87	224	33	192	236	42	127	223	35	48	254	249	213	226	73	179	56	191	243	205	5	59	123	51	102	242	
39	116	226	11	117	159	230	200	91	232	121	79	8	200	191	164	249	232	146	15	199	178	220	223	38	28	1	174	223	63	122	132	
43	69	67	77	119	27	166	104	93	96	120	102	72	88	181	164	250	40	146	111	197	178	101	222	38	28	131	130	95	63	123	133	
19	31	66	157	246	146	174	246	20	202	90	231	233	234	183	192	127	239	183	205	229	152	5	239	44	47	190	128	45	244	57	221	
90	184	215	156	203	208	180	231	191	151	82	179	44	190	228	198	39	123	235	144	38	219	166	253	30	34	94	139	167	68	173	207	
34	239	32	155	215	209	190	239	30	101	88	163	172	236	118	0	219	123	147	209	86	154	110	255	45	22	159	239	149	94	181	222	
2	141	214	151	214	170	236	231	191	147	122	2	236	106	52	66	107	227	55	145	18	248	11	239	60	62	223	192	149	104	225	136	
130	189	178	154	253	229	184	199	143	89	24	17	172	222	108	66	199	27	147	17	178	75	26	243	61	20	30	239	144	68	165	219	
66	189	242	252	254	161	190	191	175	193	30	163	173	239	116	98	167	127	255	149	146	9	134	247	46	124	159	234	150	196	129	93	
218	150	94	181	178	170	56	247	60	39	94	247	109	163	170	80	55	191	237	165	180	217	5	95	250	231	62	197	172	196	173	89	
39	175	96	27	245	157	246	238	95	233	124	76	104	232	190	180	217	234	146	79	198	186	94	255	46	28	5	107	95	158	218	140	
231	67	98	76	109	18	254	104	81	132	245	142	72	200	191	245	124	236	162	238	204	179	190	204	54	56	195	15	95	191	122	196	
166	107	98	30	79	145	182	104	219	196	225	143	104	204	55	16	220	233	163	103	196	179	238	249	54	56	193	43	85	191	118	198	
186	5	98	232	84	3	202	113	69	32	248	10	11	11	52	81	122	136	31	226	216	179	64	206	178	201	130	144	119	139	114	128	
202	169	116	183	188	136	252	191	191	144	18	146	173	238	84	67	166	111	125	209	242	72	138	253	174	249	239	236	4	144	131	137	
184	205	98	236	212	18	78	247	85	0	254	2	91	41	184	81	120	206	23	234	248	187	37	175	250	237	164	196	119	154	240	136	
2	249	48	158	79	193	190	228	158	192	64	139	44	220	103	0	234	123	147	195	66	90	154	241	53	16	159	43	21	31	55	218	
2	40	2	184	9	192	184	71	173	5	128	1	172	142	34	80	224	49	203	129	6	9	130	241	149	48	154	107	0	4	39	142	
25	132	234	193	214	50	239	215	84	195	94	146	81	173	190	96	127	206	23	189	159	188	37	206	126	47	183	196	167	200	240	248	
134	237	144	143	238	33	190	238	142	178	88	10	172	234	113	66	111	91	19	227	112	27	138	250	60	20	207	172	149	123	161	137	
153	89	107	165	34	70	111	52	36	192	86	134	119	7	179	99	118	252	29	238	233	144	53	40	227	233	228	128	44	186	32	121	
202	248	118	254	106	9	124	188	191	218	86	185	255	223	96	95	135	117	255	71	224	77	202	177	198	251	127	186	22	180	3	217	
146	182	222	177	226	187	184	223	62	55	119	247	205	174	234	73	55	31	175	53	182	245	15	211	158	210	127	231	188	200	173	159	
151	164	203	145	146	178	168	213	62	227	83	215	93	230	246	232	119	173	55	157	181	213	44	198	62	14	191	196	173	196	169	213	
98	237	160	148	253	173	254	231	153	171	184	27	172	124	84	18	205	247	95	133	240	107	192	239	61	30	207	250	197	124	211	137	
23	12	227	223	150	178	239	117	116	195	219	214	81	238	188	228	127	236	31	189	177	149	37	206	56	46	175	196	165	226	240	100	
26	189	244	253	189	253	88	31	95	119	236	17	174	191	102	124	195	155	189	16	191	72	115	215	139	223	20	115	146	204	196	126	
153	91	95	229	34	6	47	52	32	194	86	230	245	7	129	67	54	116	29	238	233	208	181	44	226	233	231	128	44	178	33	121	
47	173	66	154	223	145	238	232	31	36	108	143	104	224	126	132	121	234	130	206	70	58	30	255	62	30	133	107	91	174	120	132	
242	149	244	121	149	254	80	159	127	123	190	25	142	63	28	121	245	159	253	17	186	233	113	215	155	254	86	215	211	76	196	95	
248	26	190	252	109	92	177	80	187	254	181	63	254	255	99	91	236	245	255	66	160	103	250	160	215	251	123	187	66	45	39	243	
154	180	244	241	133	253	88	27	95	119	46	17	142	191	70	124	163	159	189	16	62	92	115	211	203	223	211	119	178	76	133	127	
158	54	182	243	173	124	112	91	55	251	247	49	206	255	65	111	237	189	253	144	186	244	251	194	203	219	87	199	162	228	100	247	
213	77	237	231	134	10	79	156	100	226	150	66	83	0	153	103	54	196	92	239	233	245	45	42	240	138	231	148	45	243	112	104	
252	0	116	115	174	10	74	152	113	50	183	26	91	73	29	91	59	196	108	234	248	116	79	160	214	219	225	84	103	171	66	0	
214	233	196	183	132	138	108	165	63	178	146	18	239	98	72	91	115	239	108	210	106	220	203	231	156	242	223	196	36	48	177	8	
2	157	18	147	244	172	184	7	173	25	123	48	172	158	108	72	231	27	23	17	50	24	2	227	12	60	26	202	148	72	129	129	
130	141	82	145	244	169	184	103	45	19	90	18	172	10	16	72	238	139	31	17	50	184	65	199	52	52	154	192	196	72	129	137	
98	181	180	212	253	46	252	239	251	43	187	56	206	120	28	18	159	71	255	33	176	111	201	223	189	62	95	254	192	72	195	11	
2	241	146	146	207	197	180	199	158	25	64	18	172	254	104	10	237	27	147	145	82	88	154	241	45	16	94	111	144	88	165	155	
53	77	107	78	148	2	239	113	212	192	255	66	83	225	181	97	120	236	22	234	249	179	44	14	112	168	231	128	101	250	240	160	
19	157	118	92	181	223	92	246	127	111	254	37	42	188	182	116	231	239	191	69	239	185	53	255	59	126	20	147	91	212	236	95	
10	180	180	241	233	253	185	71	191	127	52	57	172	191	66	142	143	27	247	17	178	104	178	211	207	215	90	235	210	76	143	251	
248	90	62	252	105	220	17	240	141	92	182	45	126	223	163	83	206	245	255	103	200	107	98	237	211	251	98	154	82	173	37	123	
48	233	27	254	93	205	86	224	135	64	172	9	55	223	33	16	136	250	83	66	78	43	90	189	243	221	5	59	115	27	70	202	
196	44	212	222	188	171	218	170	187	179	179	24	238	106	13	27	147	231	108	48	48	101	203	254	140	190	91	126	208	97	67	1	
153	89	107	237	7	87	95	117	68	76	214	2	255	31	178	96	122	241	157	239	201	185	53	173	243	233	174	129	55	190	181	123	
122	223	54	158	251	244	158	246	159	78	220	39	44	252	39	84	237	251	183	197	230	139	50	255	59	126	30	155	147	85	165	95	
108	164	185	115	205	109	81	27	51	255	173	24	150	55	72	26	145	158	121	24	27	66	251	18	207	223	85	124	200	72	198	114	
25	132	234	193	212	178	239	247	84	193	222	18	81	169	190	96	123	238	23	189	184	185	37	238	126	47	167	196	165	202	240	232	
3	182	229	145	178	42	173	159	62	115	90	247	156	46	222	175	39	79	23	157	183	220	37	226	140	22	254	198	141	196	129	253	
122	141	106	174	31	211	223	232	5	4	204	11	111	236	50	16	248	235	159	231	78	43	24	255	251	245	143	59	119	46	118	70	
185	5	110	225	214	50	107	87	85	97	126	18	91	41	182	96	126	142	23	185	184	184	37	142	114	239	160	196	231	218	240	160	
56	13	107	238	87	215	95	120	5	68	252	131	123	239	50	80	122	251	151	230	72	179	56	191	243	237	129	1	119	190	116	242	
226	173	150	149	252	45	188	239	154	171	248	26	172	42	92	2	205	71	95	1	112	123	194	255	60	30	222	250	197	72	147	137	
2	157	50	159	95	197	190	238	30	71	88	51	172	254	34	64	255	123	147	129	34	154	82	255	45	54	158	235	21	12	181	219	
19	133	111	205	148	162	239	247	116	193	218	194	81	236	188	96	127	238	23	189	185	185	37	14	56	174	175	196	165	226	241	224	
151	6	231	145	150	50	172	83	125	211	83	214	89	238	189	239	119	141	31	189	181	213	37	202	28	42	255	132	173	228	177	213	
74	56	214	156	75	209	176	71	191	149	210	179	44	190	38	198	163	59	235	129	6	203	134	245	30	50	94	139	7	4	173	159	
35	175	96	27	245	153	190	238	94	109	120	175	168	232	118	0	217	107	131	87	214	58	110	255	46	30	159	235	85	78	223	206	
34	173	32	155	215	209	190	239	30	101	88	163	172	236	118	0	219	123	147	145	118	26	110	247	45	22	159	235	149	92	149	222	
223	30	199	180	18	178	170	80	180	194	211	247	77	238	179	203	103	229	191	191	173	213	4	206	144	98	235	128	173	245	57	85	
61	93	123	110	87	215	87	240	69	192	236	10	123	221	35	48	120	249	23	234	72	179	56	61	243	205	5	9	115	187	98	234	
19	95	99	207	180	150	239	112	76	200	90	70	113	124	181	100	126	110	22	239	193	185	45	239	52	46	175	128	63	250	113	253	
18	142	230	157	114	144	188	246	191	143	82	247	45	174	166	196	103	251	167	133	166	216	6	239	60	38	254	131	39	132	173	221	
146	142	194	157	242	130	174	246	53	143	218	247	41	174	182	68	127	239	167	133	228	218	5	239	60	38	190	128	167	244	185	221	
147	132	235	177	146	162	174	247	62	99	90	214	81	174	184	96	119	175	31	189	181	157	37	95	60	47	191	196	173	192	177	249	
38	231	96	26	125	153	190	232	155	93	253	171	104	236	254	5	217	202	195	103	198	114	238	245	62	24	205	191	87	159	222	198	
8	221	59	126	112	204	127	246	252	73	122	64	190	247	32	112	166	123	87	72	227	169	50	111	227	190	50	136	64	208	231	251	
18	157	58	252	91	213	23	230	151	85	204	3	60	255	34	64	237	251	147	192	106	11	50	255	251	199	158	123	49	80	173	250	
43	71	66	13	127	19	190	105	77	64	248	231	104	200	183	164	254	105	146	231	197	179	5	222	54	28	138	147	95	62	121	149	
226	237	246	212	252	135	190	231	155	171	216	27	172	172	20	3	239	247	215	133	240	235	192	255	61	62	223	186	197	124	147	137	
137	4	235	193	214	50	239	87	116	227	94	214	17	45	158	96	127	78	23	189	177	252	37	202	102	47	182	196	175	248	240	249	
91	159	71	175	146	50	46	255	61	64	90	231	125	46	176	224	119	199	63	175	245	153	13	255	188	110	190	192	45	198	169	93	
83	141	103	207	150	2	239	247	116	64	222	198	113	38	180	101	126	198	63	239	249	153	45	239	60	46	238	192	45	210	177	124	
252	72	102	103	12	58	78	216	117	178	183	18	91	9	221	91	122	196	108	234	232	247	41	168	210	235	229	20	103	251	96	0	
184	205	102	238	212	18	78	245	85	0	254	2	123	41	176	81	120	206	23	234	248	187	45	175	250	239	164	196	119	154	240	136	
98	253	32	30	93	209	158	238	139	69	232	139	40	220	55	32	200	251	211	195	70	43	186	253	51	20	138	59	85	31	119	222	
90	158	90	189	178	170	62	247	63	7	94	247	109	35	162	80	55	255	175	132	182	156	5	255	254	231	62	192	173	196	169	25	
221	76	252	103	46	58	79	184	96	242	183	10	91	97	219	123	54	196	124	234	233	101	237	40	246	235	101	148	39	243	80	97	
66	180	244	217	189	253	88	7	95	123	190	17	174	190	70	124	167	155	191	16	190	88	115	211	143	222	26	115	146	76	197	95	
42	173	34	26	221	213	146	238	159	29	252	11	40	236	118	132	201	107	162	145	14	107	202	247	59	87	159	123	211	12	254	206	
128	150	222	185	178	171	57	223	62	55	82	247	181	166	168	73	55	27	47	16	178	220	7	119	204	166	126	192	188	200	165	153	
43	45	66	76	85	159	234	106	95	128	252	138	72	201	54	132	120	232	146	236	5	187	68	255	54	92	129	42	95	143	122	132	
222	24	182	245	45	124	48	80	187	218	183	55	159	223	99	111	237	117	255	18	172	103	178	162	215	251	123	187	226	45	37	211	
194	173	118	221	190	128	188	231	191	17	82	130	172	238	116	67	230	123	127	209	242	73	130	253	172	120	143	234	148	4	161	137	
188	69	106	236	148	2	239	253	80	128	254	2	83	225	184	97	120	228	20	234	248	179	37	14	250	175	167	132	101	250	240	160	
34	221	50	222	95	133	190	230	139	72	88	11	44	254	53	0	204	123	147	199	194	43	18	255	53	60	138	170	21	31	49	219	
39	75	98	78	93	151	222	96	197	196	237	15	106	200	55	116	88	224	130	230	204	163	126	253	51	60	129	27	119	191	124	198	
210	233	86	189	174	138	252	175	191	146	82	18	237	202	80	75	167	103	127	195	114	204	139	253	172	242	223	192	36	16	161	9	
34	253	48	158	95	197	182	238	142	89	88	11	172	254	108	0	233	123	147	193	66	43	154	245	61	20	158	43	17	30	167	219	
222	54	238	180	171	116	88	18	169	254	151	191	78	127	79	191	167	245	253	183	172	71	191	194	211	83	217	191	166	245	15	87	
158	52	182	243	165	255	80	91	63	251	183	49	142	191	76	127	245	159	255	16	186	244	243	194	155	223	83	246	194	76	100	87	
196	44	148	158	248	171	248	11	187	171	187	24	206	234	73	89	151	167	110	16	48	103	203	222	156	54	91	126	192	97	3	1	
226	165	144	148	252	45	188	239	155	43	184	24	236	104	28	3	219	199	110	33	50	107	192	215	60	62	95	254	196	72	195	137	
78	176	188	240	235	125	185	75	187	127	53	185	140	191	78	159	167	19	255	145	182	71	170	208	95	219	91	255	194	69	143	215	
34	156	118	92	245	221	252	247	255	79	254	21	42	188	54	116	231	171	191	133	238	171	50	247	59	126	22	195	87	196	228	95	
55	201	96	78	93	157	214	232	199	4	237	11	106	204	55	84	216	224	194	70	206	43	126	253	51	28	129	59	83	31	126	78	
10	180	176	251	171	253	185	79	191	95	21	57	140	191	74	14	135	27	247	17	54	104	226	211	207	215	94	239	210	76	143	255	
218	88	182	252	40	13	88	208	191	250	244	185	175	255	97	91	134	125	253	70	224	71	130	225	210	251	123	186	22	181	35	219	
192	232	150	151	36	138	108	174	191	178	146	18	238	194	65	91	51	229	110	194	98	205	203	255	140	178	223	20	4	48	129	8	
130	201	54	157	62	129	188	231	158	17	82	18	172	202	48	65	230	59	63	209	242	217	3	253	172	50	223	202	20	8	161	137	
15	253	237	211	182	179	191	183	126	247	94	246	253	111	146	233	55	123	151	159	243	216	47	253	110	15	255	192	142	213	145	249	
56	175	42	174	93	211	87	226	135	12	252	43	107	249	42	16	248	251	135	195	74	171	8	191	251	213	165	251	115	14	126	235	
56	13	107	239	86	199	255	112	68	68	254	2	113	253	50	96	120	250	19	238	72	187	60	191	115	175	162	1	119	170	116	242	
2	157	50	159	95	197	190	238	30	75	88	51	172	254	32	64	253	123	179	129	34	154	90	255	61	54	158	235	16	12	165	219	
141	141	236	243	246	50	255	183	116	227	94	146	249	45	150	109	119	222	23	189	243	252	45	239	110	207	182	192	167	213	241	233	
141	141	108	211	214	50	237	183	116	83	94	146	217	45	150	105	127	70	55	190	181	252	45	238	110	107	246	196	167	212	241	249	
34	173	32	155	245	201	190	238	30	69	88	131	172	236	54	0	217	123	147	145	54	186	78	255	45	22	159	107	85	12	213	222	
2	142	194	157	114	146	170	246	63	13	90	231	169	174	182	68	126	107	167	141	166	216	6	255	44	38	190	128	47	132	41	221	
58	221	96	90	221	213	214	255	87	77	252	15	42	220	62	100	220	218	151	197	206	43	126	183	59	93	132	123	83	30	212	223	
75	220	237	87	162	58	173	183	124	115	94	246	249	47	150	107	55	70	61	175	241	216	173	239	102	43	254	132	167	240	241	121	
40	205	123	78	212	207	71	246	196	8	252	0	115	245	48	48	88	234	22	106	74	171	42	63	115	141	36	9	115	250	230	234	
19	157	99	142	84	150	239	246	92	192	90	70	113	232	181	228	126	238	18	239	229	184	53	239	53	46	142	0	45	250	112	252	
35	239	102	154	95	147	190	233	223	192	220	167	104	200	182	132	254	41	210	231	196	163	14	255	54	84	143	171	95	62	121	140	
47	181	48	91	253	181	220	189	95	121	189	57	74	125	94	52	157	155	215	21	158	42	123	247	111	92	21	254	211	142	210	215	
54	245	224	216	223	213	150	232	155	119	152	187	72	252	126	32	221	211	211	243	254	99	250	247	59	22	141	255	215	125	214	215	
28	93	51	254	83	196	55	240	189	64	104	0	126	247	33	212	166	123	153	66	67	139	58	111	241	230	14	10	50	51	39	251	
50	157	106	254	91	193	31	230	151	68	200	171	53	255	34	64	203	251	147	195	78	11	58	255	243	135	155	59	53	10	52	218	
35	79	98	140	95	19	190	105	221	64	222	175	72	232	182	132	254	233	146	231	196	163	6	222	50	116	139	155	95	62	249	135	
194	232	150	157	46	138	184	142	191	178	178	16	236	234	1	91	163	101	127	2	96	197	139	251	132	50	95	144	4	113	1	9	
211	141	79	143	146	130	110	247	60	64	218	198	117	102	176	112	118	231	63	239	245	153	45	255	176	46	174	128	45	226	161	125	
56	141	110	239	212	146	239	245	84	0	254	2	121	105	176	97	120	230	55	234	248	185	45	191	126	239	230	128	119	186	240	168	
202	54	228	144	239	112	188	15	187	255	22	255	140	172	222	143	167	23	255	149	180	92	167	194	30	86	222	239	135	100	159	87	
36	165	208	131	252	41	248	137	27	17	57	24	206	104	92	10	155	11	87	49	18	106	203	215	140	28	31	124	212	74	211	129	
25	173	106	235	212	178	239	247	86	3	126	2	81	169	188	96	123	206	23	185	186	186	45	239	126	175	182	196	165	218	240	168	
162	173	148	149	252	141	188	231	159	139	248	26	172	174	20	0	239	231	127	129	114	235	194	255	60	62	222	248	149	88	209	137	
25	141	111	231	146	42	111	183	116	96	222	194	119	39	144	97	54	199	61	239	249	152	45	47	240	239	239	128	37	242	161	121	
188	205	110	237	148	18	78	253	228	130	254	2	83	43	185	99	120	228	93	234	232	163	41	174	242	235	231	148	103	186	240	8	
222	120	182	253	43	108	48	82	187	222	214	55	142	223	103	75	239	253	255	147	172	231	146	226	147	243	90	171	130	125	37	211	
42	175	2	26	221	209	150	231	223	13	252	11	42	200	38	132	217	171	194	1	14	43	10	255	59	94	157	59	83	14	254	142	
224	165	144	156	252	43	188	111	186	59	248	24	204	170	88	11	219	15	110	49	50	123	194	215	60	22	87	126	196	72	195	137	
42	188	176	184	249	241	148	199	159	93	188	57	174	156	102	132	205	59	199	17	62	107	242	247	251	87	28	251	210	76	142	223	
2	180	244	211	253	253	112	31	63	123	55	25	174	190	76	120	165	155	255	17	178	88	115	211	143	222	214	243	210	76	197	95	
252	72	228	231	12	42	70	216	113	178	179	26	75	105	89	27	121	196	108	226	168	119	201	170	210	235	229	20	231	251	82	0	
253	104	252	103	238	58	127	152	115	242	183	10	219	105	219	63	55	244	125	106	232	116	237	170	214	235	229	180	231	243	66	33	
78	178	180	240	235	125	184	79	187	127	53	57	140	191	78	30	167	27	247	17	22	94	170	210	223	215	95	239	134	68	143	215	
206	54	230	208	235	52	184	67	187	191	151	191	12	190	95	159	167	151	255	149	180	71	170	192	95	83	223	255	135	101	175	87	
11	173	106	203	214	179	251	254	86	65	92	130	121	109	182	32	126	106	23	253	147	184	45	255	110	77	175	192	247	202	241	232	
72	159	147	103	176	170	103	183	52	137	122	100	247	115	128	240	55	126	108	40	249	152	41	47	236	231	39	192	224	226	195	41	
70	221	182	222	253	164	158	228	155	75	217	33	108	254	61	64	199	115	191	67	226	75	10	255	59	62	30	138	20	87	167	219	
45	165	161	67	253	127	195	153	83	185	185	88	210	104	92	188	217	138	66	56	155	114	249	23	15	156	5	124	218	203	210	164	
196	44	150	150	248	171	248	11	187	163	187	24	204	234	65	91	151	167	110	16	48	103	203	222	156	54	91	88	192	97	3	1	
16	159	126	127	50	138	63	183	188	21	118	231	231	103	162	83	38	119	110	0	176	216	5	125	238	163	114	193	228	160	165	57	
6	253	50	154	255	197	190	237	158	27	25	51	236	254	108	0	207	91	147	147	242	75	26	247	61	22	31	239	144	79	165	219	
56	141	106	235	212	162	238	247	85	1	254	2	123	105	48	64	121	238	23	185	186	187	13	191	250	239	166	196	247	218	240	136	
56	159	18	170	125	131	86	240	135	12	248	111	110	249	32	144	220	251	135	99	78	171	8	191	250	213	37	187	90	14	62	155	
2	157	18	155	223	197	190	238	30	9	88	19	172	254	32	64	221	123	179	129	50	152	90	255	45	54	158	235	16	12	165	155	
31	205	228	247	182	18	254	183	117	83	126	146	121	109	156	105	63	198	53	207	248	248	45	239	110	235	247	192	167	252	240	232	
40	159	122	126	116	195	87	246	132	12	252	32	114	251	160	32	216	122	135	66	74	171	72	63	107	237	164	217	115	138	228	171	
34	189	32	155	221	201	182	238	30	69	72	155	172	236	62	0	217	59	147	17	50	56	90	247	45	22	159	107	213	12	149	218	
3	159	74	157	80	134	238	246	60	65	74	199	177	226	54	64	126	107	19	205	133	152	20	239	36	46	154	128	29	132	57	220	
95	205	236	119	166	18	255	188	115	211	86	130	249	111	159	107	55	119	61	239	240	216	173	233	110	239	255	128	167	247	209	121	
40	159	123	110	244	201	215	246	196	12	124	104	114	241	164	48	90	122	6	74	74	170	106	63	107	143	36	201	115	154	230	171	
33	141	35	222	84	215	238	230	84	73	90	66	176	248	180	224	89	234	18	205	239	186	52	191	45	46	190	0	93	72	240	252	
6	253	178	218	253	165	190	200	159	27	57	57	236	254	125	10	151	91	223	83	242	67	10	247	41	30	79	254	148	95	161	147	
182	245	176	72	219	85	148	255	155	254	156	47	14	253	103	34	157	217	247	177	238	99	250	222	59	94	77	191	211	124	54	223	
9	221	18	94	113	156	118	246	253	9	108	64	62	179	33	244	164	122	210	72	67	41	18	255	179	255	22	10	90	212	171	173	
58	77	35	172	27	194	31	96	148	4	200	131	109	231	33	64	122	249	139	227	72	131	10	191	241	228	143	25	54	62	53	122	
51	79	106	140	94	147	190	103	220	96	216	163	33	200	182	160	254	233	146	231	196	187	4	254	50	101	139	27	93	60	249	140	
47	165	224	99	252	59	218	152	91	241	61	154	219	109	221	44	31	206	87	63	150	114	237	210	78	221	165	252	247	207	210	213	
81	204	111	191	50	2	47	247	60	66	210	198	245	102	146	113	119	231	61	239	225	221	45	111	244	171	238	128	37	240	161	121	
184	205	110	239	212	146	238	245	85	0	254	2	123	105	176	65	120	230	55	234	248	187	45	191	114	239	167	128	119	186	240	136	
2	180	244	209	255	253	240	223	191	123	61	57	140	190	108	120	167	155	255	17	178	120	50	211	31	94	94	255	210	76	197	215	
217	205	110	231	162	26	111	181	100	224	222	130	123	103	144	115	54	230	125	234	249	209	173	237	242	235	231	128	39	178	240	104	
15	249	236	95	182	146	255	189	222	209	94	162	249	125	158	103	7	123	183	223	215	216	111	253	110	95	255	192	167	246	209	249	
34	173	148	157	252	141	188	103	31	11	248	26	172	42	20	1	235	171	119	129	114	122	195	247	60	62	222	234	148	72	243	137	
248	77	70	230	140	2	78	253	177	130	246	2	123	107	177	83	120	228	125	234	104	243	9	172	242	235	231	144	103	186	240	8	
78	182	178	176	235	116	184	67	187	255	157	191	140	190	78	14	167	31	255	149	182	95	130	194	159	86	223	239	135	68	175	215	
89	157	87	175	178	138	111	183	44	192	222	230	255	103	128	96	54	247	125	238	241	152	45	111	236	239	47	192	62	242	161	121	
42	188	176	152	255	253	144	239	159	125	188	187	174	189	70	140	143	27	215	17	54	106	242	247	207	87	28	251	214	76	143	223	
192	44	150	157	104	170	56	130	190	147	146	16	236	226	65	91	167	101	110	128	32	197	131	235	148	54	91	0	132	113	33	9	
244	104	194	166	76	42	70	200	49	178	179	10	75	232	89	26	121	196	108	226	40	247	201	234	146	238	197	52	229	251	98	0	
252	104	240	103	198	58	110	156	115	242	182	10	91	105	213	63	63	236	125	234	232	246	237	234	118	239	229	180	231	247	66	0	
10	182	176	241	235	249	184	79	187	255	29	187	140	191	78	14	175	27	255	145	54	89	162	210	223	87	95	255	134	68	143	215	
54	36	192	227	220	43	202	200	27	179	185	26	75	104	93	26	123	204	87	50	26	114	201	194	158	204	133	244	229	235	210	128	
198	62	182	176	235	236	56	66	191	223	211	183	140	255	103	91	231	255	255	145	178	199	146	194	159	118	219	239	134	101	37	83	
47	181	233	75	252	63	219	216	95	125	189	189	219	108	222	164	95	202	151	63	159	98	109	183	78	93	37	252	215	207	216	245	
130	200	22	157	110	129	184	230	190	26	82	146	172	206	48	73	231	125	63	193	98	221	3	255	4	50	222	130	20	16	33	137	
66	182	226	145	239	112	188	71	187	255	28	191	140	174	214	142	167	31	247	149	183	88	166	194	30	86	222	239	143	68	191	223	
81	219	223	167	34	10	61	176	172	208	122	229	245	110	128	91	182	117	125	166	197	208	5	45	196	167	126	128	172	242	33	81	
51	159	83	174	114	139	86	240	143	76	248	237	103	236	162	144	222	235	135	103	207	171	72	191	184	212	45	186	92	142	42	221	
184	205	102	239	20	18	238	252	85	130	255	2	123	105	176	97	122	230	61	234	232	181	45	191	242	235	231	128	55	248	240	136	
40	159	122	218	116	195	243	240	86	12	124	34	112	221	182	64	88	58	135	72	138	186	40	191	98	15	162	129	87	138	116	235	
2	156	16	155	223	197	184	239	30	73	88	19	172	254	40	64	221	59	179	129	34	154	90	255	45	22	158	235	16	12	165	219	
30	201	228	247	166	18	254	180	119	145	118	130	105	111	157	99	119	231	53	203	248	248	111	237	238	255	255	192	167	191	240	9	
40	159	90	110	122	131	86	244	5	12	124	231	119	235	160	80	94	122	135	98	202	170	72	63	106	229	37	136	127	138	70	155	
34	188	32	153	221	205	176	239	158	125	120	27	172	220	118	0	201	27	147	17	54	122	210	247	45	22	159	111	209	12	151	222	
3	139	2	141	16	134	170	246	172	65	74	199	177	226	54	64	124	107	59	205	195	152	23	125	36	46	138	128	29	2	49	152	
222	233	228	247	62	26	126	188	187	208	22	130	249	111	157	98	55	245	125	207	234	196	175	233	238	251	239	132	167	183	80	81	
184	223	90	110	50	139	87	244	197	8	248	228	115	241	161	16	94	250	6	98	200	170	72	63	226	237	37	152	127	186	70	185	
33	141	41	159	116	195	231	182	86	73	90	66	177	120	176	96	217	106	22	77	199	184	101	191	44	46	190	192	28	74	240	173	
222	76	246	245	166	50	92	58	181	242	150	147	239	111	153	111	167	245	125	174	232	197	173	204	226	251	239	144	38	245	97	85	
227	181	180	204	249	55	152	123	219	234	157	57	110	189	214	50	159	153	245	33	252	107	226	223	27	94	93	190	87	108	150	215	
9	142	80	88	245	188	97	39	255	23	124	16	174	168	246	244	131	10	134	28	54	44	98	215	46	255	22	75	210	132	201	140	
42	157	19	250	219	245	22	247	151	25	236	2	44	247	32	244	201	187	147	128	123	11	26	247	187	215	158	123	18	68	172	170	
109	123	226	71	228	26	230	188	105	234	126	236	235	104	151	183	30	236	228	110	205	242	237	168	54	122	101	176	111	255	90	221	
134	237	244	154	252	137	254	201	219	154	24	8	236	234	125	10	151	91	127	147	242	97	138	243	44	30	79	254	148	122	1	129	
31	217	111	175	50	18	169	48	44	80	95	230	221	102	178	96	118	229	63	239	193	144	45	77	244	47	235	128	52	163	49	121	
15	249	236	215	190	145	255	188	206	208	94	162	249	237	222	98	6	123	255	223	210	216	239	253	110	95	239	192	55	182	209	249	
63	108	232	67	254	59	235	216	91	226	61	138	91	109	223	62	63	204	87	255	137	118	237	234	126	79	165	180	231	255	82	228	
34	165	150	157	252	137	188	231	30	27	120	18	172	170	48	64	203	43	119	129	114	250	67	247	60	54	158	232	148	72	241	137	
24	205	102	239	148	2	110	253	117	128	254	2	123	107	49	65	122	230	63	234	248	185	9	189	250	235	231	128	39	250	240	8	
252	205	70	230	140	2	78	253	177	130	246	2	107	107	49	83	120	228	108	234	104	247	137	174	242	235	229	144	103	251	240	8	
52	36	224	227	212	43	226	216	83	179	185	10	75	105	93	24	121	204	70	243	154	243	201	226	30	206	133	116	231	251	82	128	
2	176	180	217	255	253	184	207	159	123	48	59	140	190	108	40	175	27	255	17	178	121	50	215	31	30	30	255	208	12	133	223	
2	178	176	216	251	253	184	207	159	125	52	59	172	158	70	12	175	27	247	17	54	111	226	243	31	86	30	255	150	12	135	223	
105	95	86	71	96	26	102	180	105	234	126	108	251	112	133	247	54	228	108	106	197	240	173	45	54	251	101	128	110	242	202	61	
2	176	178	208	251	241	184	79	187	127	20	191	140	190	110	8	175	27	255	145	54	95	178	210	31	22	31	239	134	68	135	215	
252	104	226	103	70	26	110	220	113	162	182	10	91	105	221	58	59	236	117	234	200	247	173	170	118	239	229	164	231	243	66	40	
2	182	162	144	251	240	184	71	187	255	29	191	140	190	110	10	175	31	255	149	182	93	162	194	31	22	158	239	134	68	175	223	
244	108	194	230	76	42	70	216	49	162	243	10	75	232	77	26	121	236	108	98	72	247	201	234	178	238	197	52	225	251	98	128	
