香奈儿可可小姐唇膏笔	208 - ROMAN	https://i.chanel.cn/fnbv3/image/full/shades/rouge-coco-stylo--208-roman-2g.0170208_S.jpg	https://i.chanel.cn/fnbv3/image/full/chanel__com_type1/skus_full/rouge-coco-stylo--208-roman-2g.3145891702088.jpg
252	132	201	147	213	63	110	238	59	51	244	58	90	110	232	80	251	207	142	178	122	119	217	246	253	151	151	116	181	125	254	160	
161	53	76	65	86	31	239	120	20	162	124	206	83	53	148	53	28	220	83	234	233	242	125	30	111	10	133	0	111	232	90	176	
146	242	190	119	130	2	189	141	252	182	130	245	149	138	108	75	183	223	109	195	226	221	141	67	168	34	126	132	65	112	165	25	
86	249	122	154	27	208	18	192	170	68	132	171	44	214	230	48	170	185	220	211	78	3	174	113	153	101	11	187	49	7	47	102	
128	126	253	181	42	105	53	142	238	186	2	97	182	84	65	91	163	113	111	17	98	69	3	121	197	2	117	50	148	112	5	107	
177	228	121	42	26	69	155	232	80	70	225	27	115	90	63	49	91	137	16	239	238	38	124	63	241	137	3	60	121	179	99	202	
3	32	113	69	66	74	105	80	57	68	118	164	25	39	132	84	54	220	23	140	1	210	100	72	78	186	36	128	111	160	103	241	
17	32	92	33	37	27	232	2	111	97	114	68	143	8	150	164	162	5	124	13	133	248	21	208	134	251	18	19	108	12	89	12	
40	48	23	77	73	91	160	72	71	104	224	104	34	148	164	166	200	28	226	32	1	243	243	152	23	216	65	43	83	40	102	164	
126	191	83	146	255	216	239	249	187	206	181	58	239	238	95	113	123	235	223	179	248	235	238	254	188	158	175	249	165	122	247	197	
66	60	214	126	251	240	60	7	188	147	74	240	189	254	132	171	167	115	251	145	39	73	7	107	62	102	126	139	174	84	169	31	
73	48	17	188	9	77	201	24	106	248	176	76	254	209	80	16	1	33	122	9	83	97	219	89	197	16	43	60	88	34	3	130	
98	34	97	104	106	82	89	67	35	36	240	169	9	143	132	84	78	157	231	128	8	90	228	212	86	242	176	171	103	132	102	109	
104	34	88	96	98	9	121	80	33	12	52	173	143	7	130	18	6	213	197	0	0	96	128	0	198	209	32	129	98	128	15	131	
102	28	208	158	237	73	238	216	155	202	188	158	236	238	127	90	251	235	119	67	113	99	222	226	62	62	239	185	159	127	215	145	
189	125	69	169	151	123	199	216	6	240	8	72	223	17	153	173	26	204	80	255	105	176	125	62	165	200	141	116	119	127	147	224	
231	204	255	254	244	74	255	252	187	134	241	86	109	235	61	91	255	239	55	235	181	250	216	238	190	254	239	132	189	241	243	129	
55	190	245	255	236	75	239	232	27	247	240	47	79	107	95	27	127	207	119	178	255	122	203	255	190	222	215	245	255	232	82	216	
64	114	81	68	96	76	103	48	33	78	126	108	94	23	128	116	20	29	100	10	193	16	178	64	71	188	33	138	98	178	6	113	
9	48	191	65	114	95	177	90	126	249	116	104	156	148	128	168	182	28	86	24	129	248	163	28	5	139	51	164	192	0	3	185	
110	236	240	222	237	73	255	232	155	247	180	206	204	234	127	214	255	199	255	179	163	99	218	243	190	31	207	252	156	252	89	209	
171	118	126	97	109	223	125	31	239	108	62	189	222	157	150	52	134	20	255	12	133	241	101	208	103	219	37	179	70	156	212	119	
122	171	226	40	57	128	89	72	163	12	176	169	11	207	4	148	206	177	237	208	10	3	194	209	154	240	161	187	115	135	38	99	
15	186	164	51	169	157	184	134	190	125	17	61	172	216	222	10	135	75	253	21	150	72	138	241	204	82	63	250	204	4	131	223	
254	47	226	68	240	54	94	250	49	134	252	239	107	109	159	21	62	254	213	238	236	231	180	238	114	111	197	137	103	245	126	212	
103	4	204	22	201	125	100	9	219	243	37	31	74	112	127	255	49	226	122	190	53	68	159	82	31	15	85	63	251	127	200	86	
221	157	157	228	175	123	87	170	248	242	46	56	215	53	203	43	179	86	236	106	125	117	168	8	251	195	101	55	226	121	143	99	
174	173	213	159	237	106	238	232	59	223	249	82	239	110	29	57	123	207	255	131	123	234	239	255	189	190	255	208	197	123	247	216	
71	184	209	147	238	41	252	216	171	187	176	126	205	238	89	10	111	207	127	147	22	99	223	224	222	80	255	252	196	121	131	149	
20	54	190	100	138	15	188	242	188	182	130	223	219	46	69	11	167	215	233	34	240	201	29	10	249	135	127	52	201	120	7	17	
86	46	214	151	215	154	238	224	185	130	186	2	238	238	149	94	123	231	127	155	112	233	140	234	252	190	223	129	167	118	103	8	
212	14	198	151	143	58	238	172	173	146	179	18	238	110	157	79	107	231	126	235	104	235	75	236	188	186	223	16	231	127	245	40	
113	33	82	132	87	15	33	123	97	164	205	14	79	97	64	20	54	140	81	44	16	146	144	15	24	44	1	40	47	142	115	168	
55	174	40	27	249	145	138	200	86	12	248	43	40	200	214	16	153	171	66	141	142	42	78	127	126	12	57	233	81	6	107	206	
68	142	232	159	236	45	190	236	190	187	248	218	196	239	104	94	127	211	110	210	242	114	202	243	223	86	255	237	148	123	193	161	
35	48	117	69	67	31	161	83	117	233	112	82	26	20	132	180	108	156	194	8	129	250	113	204	5	58	81	34	67	8	70	181	
50	116	80	73	75	251	144	78	171	34	188	170	9	222	135	61	42	61	194	16	4	103	230	28	22	194	17	59	119	85	79	143	
22	46	174	86	136	0	12	106	176	134	128	145	225	106	29	27	159	243	89	167	232	195	198	109	168	138	222	8	4	112	35	8	
65	57	186	48	210	153	52	7	190	233	70	173	60	178	99	121	167	123	242	16	20	218	150	96	222	7	126	107	136	16	137	155	
156	206	66	151	212	155	238	228	61	3	250	18	254	110	44	81	123	251	14	226	112	187	9	255	252	190	223	65	245	123	229	136	
16	184	188	53	146	142	54	230	186	179	36	61	150	177	99	91	167	126	209	4	52	217	152	59	235	231	119	119	152	112	139	219	
32	54	101	65	84	79	235	112	125	100	102	196	209	5	148	52	92	12	2	44	161	176	117	78	37	62	0	0	79	140	86	244	
88	64	165	52	141	105	68	175	231	250	170	9	91	169	113	218	177	197	237	5	73	99	131	0	145	227	101	61	216	124	68	18	
229	128	220	63	138	64	25	136	34	87	224	145	113	110	10	114	79	215	121	128	14	70	239	119	71	163	250	77	53	128	174	192	
135	175	199	147	245	191	238	198	189	211	251	114	252	238	200	51	123	203	94	179	183	243	76	238	189	22	159	64	199	95	247	180	
101	248	145	32	188	142	129	166	106	177	162	76	150	18	64	19	193	205	104	17	26	106	217	4	216	152	15	116	136	2	67	2	
140	171	224	7	198	24	230	180	123	183	38	231	201	40	222	150	63	206	224	199	198	252	205	227	14	102	214	101	103	135	127	204	
0	50	124	69	114	10	57	23	62	103	118	181	149	39	132	16	39	28	39	12	161	220	97	78	76	174	114	128	109	128	7	249	
64	187	56	43	240	204	106	49	97	65	107	88	183	7	24	112	4	155	130	195	223	184	85	101	229	181	16	64	72	131	142	144	
88	56	82	82	99	200	113	80	169	160	38	40	30	211	66	86	34	247	205	8	0	65	144	224	211	240	17	51	106	128	3	11	
146	80	63	123	24	151	152	84	100	117	227	212	147	14	20	41	236	149	235	144	188	253	117	102	195	234	90	80	65	1	229	60	
254	159	210	190	253	252	239	252	191	79	191	94	239	234	158	113	123	231	255	235	123	111	250	255	189	191	255	153	47	121	245	28	
114	232	210	82	75	208	60	197	187	176	164	170	104	222	79	55	39	255	224	128	102	71	174	241	59	88	5	63	35	20	38	142	
72	34	200	164	96	8	120	16	32	4	38	173	159	35	2	82	38	197	237	132	12	66	128	64	198	225	32	129	46	132	10	18	
91	246	118	227	175	127	92	117	125	110	191	111	79	156	150	52	190	213	253	7	140	245	177	130	243	219	45	179	111	222	212	87	
108	186	145	214	201	76	111	184	115	191	36	76	232	227	72	214	17	206	96	216	43	74	250	241	45	190	197	44	130	225	86	40	
126	190	213	159	221	92	238	248	251	219	176	94	238	238	93	251	123	227	255	147	243	99	254	235	189	191	223	185	175	124	247	220	
72	50	120	229	98	72	59	16	49	72	110	237	157	55	130	80	54	221	253	0	0	16	144	66	199	181	32	129	32	130	15	115	
49	48	122	76	75	209	177	72	235	64	165	42	90	220	38	180	42	176	242	64	5	35	182	208	83	121	1	43	99	6	110	182	
124	172	157	165	191	91	23	168	234	250	54	40	223	52	203	179	163	84	236	35	105	97	169	12	249	195	101	23	224	120	15	35	
212	88	191	244	8	108	73	18	176	130	166	0	247	179	65	123	37	244	125	138	9	69	179	34	209	171	113	24	160	241	98	42	
252	49	226	0	145	82	82	65	113	196	231	163	66	134	199	221	240	236	204	242	28	219	165	72	58	105	133	71	167	39	254	86	
200	183	124	118	110	57	165	107	184	63	57	191	237	108	158	131	175	87	227	39	240	123	168	159	62	67	121	255	69	108	135	241	
7	190	251	83	242	217	178	204	250	217	16	244	108	252	204	171	183	91	211	17	183	201	190	243	46	30	63	239	205	68	143	247	
110	191	216	146	239	217	111	235	59	159	188	30	238	234	95	208	123	239	191	147	123	106	234	242	188	159	255	237	165	120	255	208	
41	112	209	69	97	29	102	16	121	106	126	108	30	16	132	180	182	92	230	10	193	54	164	66	6	60	33	42	74	182	75	181	
8	50	249	101	114	106	57	115	56	229	118	245	29	55	128	25	54	29	149	16	33	220	161	74	69	231	50	160	166	128	39	251	
113	48	122	64	71	221	240	64	235	104	180	10	26	157	102	180	40	176	210	8	5	99	178	208	83	89	1	59	75	4	110	183	
196	142	84	159	206	29	238	255	31	58	250	219	254	110	40	75	111	199	110	130	248	58	75	247	188	54	255	252	21	123	225	8	
30	188	223	183	150	75	111	228	125	246	183	50	79	62	215	127	123	231	255	179	121	250	41	238	254	223	215	5	165	250	229	200	
196	140	230	159	236	173	182	234	254	18	250	82	196	250	41	79	123	243	106	98	176	53	202	243	125	54	207	76	144	123	225	160	
75	178	242	244	118	27	248	248	123	253	118	171	79	253	244	50	183	253	247	53	132	243	174	200	158	219	109	174	39	172	81	213	
126	158	214	159	223	59	239	238	187	58	188	94	110	234	191	241	123	199	255	163	120	99	107	255	188	191	239	253	181	127	247	172	
213	240	145	209	130	12	47	136	122	240	2	212	213	210	201	251	55	93	120	218	67	84	189	66	140	138	15	116	8	177	131	52	
96	48	125	97	100	47	121	19	105	169	183	88	146	27	196	59	134	148	76	56	152	236	225	64	199	152	113	210	192	128	66	35	
82	34	64	164	19	38	25	51	57	45	66	221	143	39	2	85	38	157	237	133	184	94	197	206	148	246	154	162	32	4	39	25	
235	118	120	233	173	29	253	30	159	126	22	189	159	157	210	229	135	93	255	77	163	117	235	178	231	249	43	176	86	157	149	113	
64	184	149	243	12	205	161	187	254	185	2	88	246	241	72	42	129	19	121	17	3	108	219	17	205	130	127	114	200	8	17	43	
219	112	255	252	34	22	248	92	187	216	214	177	205	255	182	102	182	253	181	133	132	195	174	195	203	251	239	142	7	180	35	247	
180	239	209	155	215	59	238	205	123	51	248	18	206	175	105	88	123	223	14	179	58	114	200	243	188	182	143	117	183	127	215	128	
148	204	228	139	223	47	254	204	191	50	187	178	222	103	169	69	127	199	78	186	170	183	77	254	255	22	143	52	151	127	197	160	
31	115	127	105	171	86	191	152	45	204	246	165	89	159	151	116	254	29	253	254	141	208	255	212	103	249	167	199	103	151	38	245	
235	246	121	72	107	84	127	217	123	110	244	252	24	223	134	244	239	156	247	78	165	54	255	210	119	121	37	171	127	180	238	247	
59	50	112	96	45	93	216	88	195	236	180	45	26	157	214	52	204	149	213	5	140	99	226	208	83	217	33	187	103	140	86	247	
107	232	229	91	141	217	130	142	207	113	134	152	161	188	222	230	73	70	248	74	79	104	255	177	47	123	156	247	86	140	218	76	
208	207	212	159	149	59	238	236	63	35	251	18	254	111	8	69	123	199	110	234	122	248	73	255	244	182	223	21	39	127	197	8	
41	16	70	77	73	150	97	144	53	108	230	4	80	19	134	214	88	196	122	156	11	208	113	76	7	186	128	2	107	132	120	245	
96	38	252	85	204	105	213	7	74	183	160	153	34	41	70	27	137	182	224	0	24	106	192	0	87	146	85	57	193	104	214	202	
198	12	252	255	254	98	255	162	185	134	251	146	237	234	31	219	255	255	127	195	248	198	202	234	174	254	207	136	133	243	235	129	
197	174	199	151	197	62	238	228	61	131	251	114	220	106	136	123	127	223	110	162	240	243	79	239	188	118	223	66	167	127	247	164	
79	184	253	237	106	157	121	56	235	125	52	172	255	223	159	178	134	181	255	92	135	9	247	209	206	249	97	250	6	166	15	125	
43	118	124	201	45	31	121	30	143	110	54	189	223	157	214	164	135	28	255	12	161	213	251	210	71	223	49	178	14	156	92	119	
87	49	145	161	146	60	46	136	106	224	10	204	221	50	65	246	183	205	120	254	149	80	157	64	188	228	15	110	168	115	11	20	
252	15	199	151	205	190	238	230	123	178	250	114	126	110	133	251	123	231	238	227	252	255	223	238	189	174	223	33	167	125	231	172	
228	47	195	159	213	62	238	238	121	130	249	114	252	110	137	91	123	239	70	162	248	242	200	234	189	178	207	40	167	127	231	160	
251	55	122	234	249	117	123	214	53	109	254	255	91	191	134	244	239	158	255	156	173	131	249	178	211	249	162	155	111	213	174	247	
77	51	146	65	161	62	102	145	107	185	43	68	206	50	205	254	133	68	108	92	149	64	185	192	142	252	71	70	138	247	139	5	
126	46	222	84	114	98	154	226	56	135	180	187	124	46	133	59	191	247	196	177	180	207	160	110	89	39	254	209	197	97	47	139	
96	42	200	85	236	41	244	199	74	183	176	153	162	169	87	26	137	238	99	16	22	122	194	32	78	145	84	49	193	216	222	138	
196	205	212	159	252	41	238	252	142	178	185	90	205	234	121	67	123	231	110	126	116	97	207	254	63	118	207	124	148	123	209	128	
125	224	136	164	173	12	92	152	51	187	130	89	215	57	89	154	145	196	125	31	220	84	217	2	219	223	237	116	128	248	218	2	
3	50	247	65	67	95	168	80	125	96	114	230	201	12	148	164	63	92	130	8	129	240	61	192	15	122	7	2	111	172	71	180	
116	164	172	108	29	70	75	168	16	180	133	8	83	115	1	115	88	212	121	234	104	67	249	12	251	239	197	53	160	162	118	34	
166	255	212	147	253	63	239	184	63	183	190	22	237	106	95	113	123	207	127	243	123	254	127	255	189	151	223	229	157	123	245	220	
212	140	70	146	207	189	238	228	189	130	187	58	254	110	169	65	123	227	110	162	120	43	75	255	253	150	207	24	119	127	245	40	
150	173	246	247	231	228	126	246	185	142	242	18	109	235	87	91	255	231	63	211	185	254	139	234	191	254	223	139	175	240	227	141	
42	162	244	247	116	219	249	252	95	244	116	139	235	253	212	160	159	251	215	253	162	240	110	252	14	219	207	162	71	190	83	197	
133	174	211	151	252	41	238	236	186	154	185	26	237	254	73	51	123	203	78	163	242	99	206	255	253	86	239	237	197	123	231	169	
80	176	59	218	10	208	49	200	174	4	166	170	29	214	170	112	34	147	234	128	2	67	174	113	209	129	43	11	32	0	39	99	
102	140	208	158	252	41	238	234	95	146	248	11	228	234	125	95	123	239	59	151	42	99	202	251	188	190	223	42	149	120	113	132	
121	113	56	46	29	157	210	104	202	104	185	77	171	216	214	176	152	161	92	103	207	35	222	29	146	205	33	57	89	14	75	135	
80	34	127	105	42	66	56	24	166	12	242	225	209	143	128	80	102	157	237	128	8	193	227	80	194	225	35	129	32	128	37	33	
88	166	132	61	40	2	77	168	160	146	128	209	247	99	24	155	205	197	125	173	40	79	203	13	232	227	255	20	136	224	35	0	
237	231	112	2	250	145	150	233	233	84	181	189	138	202	206	148	159	73	196	118	254	7	238	247	62	89	5	127	70	135	206	197	
84	119	248	69	138	11	23	184	43	174	58	237	199	99	197	18	55	213	108	98	192	113	205	66	250	132	101	183	224	250	5	35	
38	172	212	151	236	11	238	232	63	178	176	3	198	106	92	3	123	199	91	167	32	245	73	255	188	158	207	116	213	120	67	132	
84	120	191	244	8	108	65	146	160	130	174	8	247	179	65	122	161	244	121	10	9	69	179	32	209	175	81	8	160	241	102	42	
119	139	237	79	74	80	169	184	103	84	231	130	97	70	158	230	126	212	250	216	198	74	239	245	15	43	203	205	55	166	108	228	
167	229	165	91	152	53	142	206	95	19	233	88	193	104	93	173	217	90	82	255	58	230	79	51	45	28	156	124	209	91	210	164	
43	32	165	77	29	31	171	88	86	160	226	68	203	40	148	164	220	220	122	173	169	240	117	158	5	94	129	16	75	44	82	164	
86	51	58	234	58	192	155	72	166	132	129	169	181	222	235	112	222	185	221	227	78	3	198	93	208	161	171	185	53	34	39	18	
8	159	31	180	112	207	56	55	173	77	106	229	188	47	0	147	134	51	203	4	80	137	16	77	103	241	112	67	64	0	135	91	
98	170	165	83	141	8	130	142	202	61	178	89	224	104	92	50	201	86	237	81	158	105	207	49	13	58	221	247	193	64	214	158	
1	144	108	85	82	174	121	51	60	117	102	149	177	39	18	25	38	62	51	140	176	220	117	69	79	175	114	64	225	128	7	248	
113	113	122	72	91	85	146	72	195	32	165	42	58	222	39	52	250	145	218	226	79	35	190	93	19	137	1	63	121	3	110	38	
121	233	17	162	45	157	66	136	43	160	160	72	175	3	73	148	136	128	76	76	11	106	218	21	185	217	1	62	82	6	75	36	
44	181	100	90	221	219	199	252	197	93	125	13	107	92	62	151	136	194	198	115	254	234	126	189	43	89	68	107	243	143	222	214	
111	120	208	94	107	57	158	136	219	202	125	236	232	248	223	190	151	105	246	74	199	102	206	227	6	92	69	170	79	247	75	149	
88	48	127	160	34	88	16	0	45	64	98	169	95	150	2	112	162	149	236	0	5	81	165	0	211	227	33	131	32	0	47	83	
74	34	200	164	32	24	120	18	41	72	118	237	143	7	130	150	134	205	237	132	13	80	192	192	198	241	40	129	42	132	11	19	
116	140	86	151	220	139	238	224	255	178	163	26	198	235	40	81	123	231	106	234	120	115	72	255	188	22	207	118	149	121	225	128	
103	196	221	159	252	11	238	168	255	178	178	11	197	122	189	123	123	199	123	191	32	99	79	254	188	190	207	20	149	120	81	4	
77	132	156	115	133	127	69	191	118	247	47	28	215	33	218	187	1	70	104	60	61	248	121	32	207	203	85	85	234	248	204	116	
97	2	151	93	108	30	160	73	222	129	98	96	192	232	180	234	210	100	98	28	149	233	171	93	12	62	83	94	81	40	203	133	
116	99	200	4	192	104	103	24	99	198	110	13	115	35	75	90	112	204	100	10	8	82	245	0	247	164	37	5	235	243	70	82	
108	170	154	180	229	12	118	144	51	170	2	73	86	161	81	26	145	236	101	30	12	80	216	2	222	159	69	53	170	248	90	2	
244	255	157	62	168	76	87	184	130	254	160	125	118	119	75	91	197	212	108	98	105	71	218	32	249	177	101	62	88	115	6	83	
96	176	61	113	96	175	249	19	232	59	115	88	150	25	68	59	133	23	119	24	147	252	240	64	77	152	112	96	192	128	195	163	
103	36	102	0	71	29	250	104	105	164	117	143	74	40	30	149	58	204	226	111	164	112	173	204	54	90	65	39	111	175	90	196	
122	34	87	72	106	82	56	88	163	4	228	233	9	135	32	156	110	157	231	128	0	147	130	208	86	241	128	171	35	132	46	129	
3	158	55	85	96	188	161	55	236	9	122	116	188	54	132	238	134	55	106	8	145	184	35	71	5	62	82	66	66	0	193	45	
22	44	214	183	150	138	110	224	253	178	243	67	239	234	61	75	123	239	127	191	40	249	11	238	189	254	223	0	165	248	97	10	
45	173	116	75	249	219	67	251	195	85	108	12	75	66	158	182	27	74	194	120	190	162	127	63	110	221	5	93	243	222	206	198	
159	68	71	181	130	6	108	255	49	250	82	231	75	47	145	159	55	236	117	175	237	212	133	142	234	106	237	132	47	180	26	213	
23	44	210	182	244	139	238	224	123	130	242	10	239	234	125	40	123	239	55	147	36	243	138	234	188	158	207	40	165	120	99	132	
19	32	119	65	66	82	168	64	125	96	114	194	73	150	148	180	122	156	50	140	1	242	165	192	23	250	131	130	103	132	103	228	
67	34	83	64	98	24	168	80	57	32	116	234	9	135	132	180	54	157	230	136	129	242	164	192	23	248	1	170	103	128	99	165	
170	181	96	18	215	221	147	109	59	220	181	189	170	92	94	149	156	186	215	119	254	106	122	253	59	81	85	123	119	13	222	223	
134	236	144	151	254	9	174	236	190	179	240	211	196	226	73	67	123	223	106	178	114	112	202	243	60	22	79	108	148	120	195	128	
99	42	40	72	41	31	200	72	207	12	164	8	130	206	182	116	192	12	104	76	140	103	239	16	19	56	3	56	80	6	75	108	
100	2	194	30	201	4	79	184	179	134	224	205	98	227	47	94	92	230	105	142	8	67	218	99	31	54	196	8	210	244	102	96	
21	188	23	144	151	219	180	235	222	178	2	34	214	240	45	161	179	51	74	48	101	225	26	31	168	194	71	119	216	104	9	134	
38	174	140	23	204	65	141	232	86	190	144	134	224	105	89	143	89	98	98	139	43	122	75	107	13	6	255	169	205	120	126	184	
102	204	213	159	252	137	238	238	223	51	250	10	228	250	60	85	123	231	59	171	98	123	74	255	188	190	207	52	149	120	81	130	
116	38	138	140	208	6	78	59	49	134	234	69	98	227	59	82	89	236	8	172	104	131	144	74	241	172	133	24	136	240	98	2	
98	48	122	88	105	208	16	72	235	8	180	40	8	223	228	176	204	177	239	128	12	99	130	80	19	217	33	187	83	0	110	135	
248	249	120	104	27	211	83	232	67	32	164	170	59	151	32	52	122	184	196	226	74	3	216	61	243	205	1	127	115	131	110	10	
231	173	213	159	188	43	238	232	127	179	187	82	230	122	29	37	123	215	123	227	42	231	203	255	188	190	207	20	197	123	243	0	
50	34	55	65	26	139	153	66	46	44	178	171	199	140	21	36	172	181	236	145	8	225	101	16	145	134	11	179	193	8	7	141	
18	182	61	57	58	83	144	232	158	240	144	239	212	124	132	161	191	81	251	161	165	97	111	93	56	3	111	183	93	44	45	87	
246	124	229	87	139	93	156	168	15	250	147	125	120	126	87	27	205	211	253	195	252	68	251	224	31	82	221	179	175	119	214	119	
21	44	222	183	150	10	54	194	122	243	2	59	87	248	67	27	179	109	88	49	52	241	141	42	172	71	79	119	172	112	139	131	
37	96	72	138	108	137	232	72	235	176	241	74	130	200	221	10	74	201	78	91	14	119	206	112	20	24	3	60	69	11	82	132	
36	140	194	159	220	137	238	232	191	19	224	155	228	234	104	80	123	251	42	134	50	123	202	243	188	54	223	110	149	120	243	132	
20	140	71	147	149	139	238	226	125	162	234	147	102	235	32	193	123	243	106	134	120	251	11	254	185	142	207	64	165	168	225	0	
100	204	195	151	196	9	238	230	127	179	250	91	230	235	105	89	123	255	107	154	112	119	203	250	188	190	223	34	149	248	225	136	
41	34	113	73	109	29	225	24	107	44	116	72	138	5	148	180	140	28	70	12	129	114	248	208	7	24	1	48	66	136	70	245	
80	178	28	113	0	172	89	23	230	23	162	21	135	143	66	80	165	149	108	149	142	236	211	16	215	227	50	1	232	0	37	90	
55	173	209	151	254	139	238	233	59	179	176	10	238	250	92	52	123	239	95	145	110	234	202	255	188	158	159	124	181	104	243	134	
42	162	97	26	93	193	147	204	94	117	48	185	232	204	94	0	217	11	195	133	134	122	238	243	77	20	159	111	85	12	214	206	
230	205	214	159	252	139	238	236	255	178	187	26	228	234	29	87	123	231	123	227	108	99	79	255	188	190	207	126	213	123	243	132	
70	44	214	150	246	136	238	224	61	130	242	10	236	250	93	121	123	239	63	187	36	242	138	238	188	190	207	8	133	120	97	130	
16	34	63	173	42	203	49	73	206	188	112	42	183	212	224	32	50	57	78	1	6	241	38	29	201	129	35	53	112	40	5	227	
99	0	199	69	81	94	105	107	49	193	226	80	16	39	36	244	120	156	34	140	33	254	177	76	21	62	208	4	235	160	98	180	
116	140	194	158	222	9	238	232	159	2	224	11	230	251	41	81	123	251	107	226	120	35	202	255	188	182	207	56	53	121	113	128	
4	162	222	83	203	141	120	184	191	144	38	5	108	195	78	21	51	74	106	156	34	80	11	117	78	154	69	111	42	128	8	10	
26	34	4	177	34	175	104	82	52	14	82	213	135	11	16	129	60	41	21	5	12	152	199	4	196	227	186	128	40	140	19	217	
247	237	212	158	254	170	238	239	187	162	185	90	230	250	125	81	123	231	123	183	44	103	202	255	188	190	207	124	181	123	243	128	
13	168	158	179	151	143	176	192	254	241	34	29	255	216	99	9	131	107	74	21	54	248	26	52	200	195	23	113	200	88	139	130	
103	22	213	19	234	43	168	136	27	243	57	255	72	110	205	159	183	71	119	183	165	118	95	248	28	26	127	166	221	241	75	149	
20	140	68	159	220	11	238	232	127	19	162	146	230	107	8	67	123	211	106	162	122	235	79	255	188	190	207	84	181	120	225	136	
137	126	45	17	254	187	171	190	124	232	28	238	189	36	147	41	39	99	95	253	161	216	103	126	108	15	191	224	156	209	17	249	
118	173	85	150	254	11	238	233	251	178	176	74	230	122	29	51	123	199	127	163	120	99	75	255	188	158	207	124	165	120	243	132	
99	97	42	24	44	152	208	72	239	192	128	9	134	200	246	240	208	40	124	125	158	43	198	81	154	56	130	59	88	6	122	4	
194	5	134	141	140	34	172	79	188	147	218	18	72	170	49	74	107	71	59	129	48	153	3	202	52	38	222	132	149	120	177	0	
90	50	91	192	98	88	56	80	169	0	102	233	12	215	164	244	38	157	238	128	4	211	130	192	22	225	35	171	35	128	47	135	
167	205	213	159	252	138	238	172	127	130	250	82	228	122	29	119	123	231	123	227	124	226	207	239	188	190	207	16	197	123	227	134	
170	241	224	18	251	217	179	237	139	213	53	185	175	204	94	134	10	123	211	83	86	110	254	240	110	81	15	107	71	142	223	222	
66	137	165	95	45	200	200	136	206	16	128	137	226	204	93	98	129	114	121	65	142	97	238	177	133	48	139	187	84	46	87	70	
99	63	207	148	240	170	84	23	49	203	194	253	6	44	130	91	198	231	125	21	189	218	193	104	2	50	116	130	172	245	178	85	
11	48	118	113	111	31	248	89	239	120	119	237	94	189	182	125	166	21	255	4	196	241	35	208	87	217	97	146	198	140	69	255	
135	62	193	17	226	161	169	218	58	234	48	228	172	38	197	157	47	43	18	157	161	90	62	254	12	18	127	170	223	117	3	253	
245	116	45	39	136	125	85	61	160	254	165	29	211	52	74	59	8	196	236	110	253	103	249	0	193	195	113	61	72	121	150	114	
99	161	42	168	108	17	120	104	233	68	128	141	2	200	118	80	200	137	89	197	12	3	134	80	210	25	128	125	12	135	122	66	
111	160	165	5	141	95	73	152	3	244	134	13	226	36	218	38	1	196	121	157	137	64	255	129	205	58	205	116	14	172	82	116	
214	164	22	152	202	160	56	75	190	19	203	147	4	226	104	88	99	159	235	145	50	79	139	83	152	38	219	79	161	65	173	6	
30	124	112	51	147	251	87	200	127	230	12	173	238	84	75	29	51	122	197	114	238	84	60	190	175	81	5	55	54	87	30	223	
110	92	236	82	141	114	67	160	229	214	135	133	195	108	31	223	201	240	253	215	140	199	127	224	139	83	213	83	166	119	124	86	
35	101	71	69	84	27	166	96	108	32	122	66	192	8	148	164	122	76	66	111	197	176	69	94	36	44	131	0	77	186	121	132	
209	233	43	40	26	197	91	236	166	68	136	13	23	222	114	112	240	233	89	247	79	11	190	55	249	141	143	124	48	2	34	90	
135	158	109	29	98	40	173	50	56	82	116	244	245	102	151	127	39	111	52	207	245	220	63	111	4	58	107	132	93	229	3	245	
110	96	227	4	233	120	85	206	235	247	160	141	74	236	95	154	137	214	233	53	158	67	254	64	59	16	69	63	196	117	86	86	
33	32	115	64	107	29	225	80	235	40	100	8	26	145	132	180	166	28	114	76	128	113	176	80	23	56	1	34	67	128	67	165	
214	75	110	52	34	130	190	96	185	132	211	247	73	142	181	219	38	245	237	231	232	213	132	236	18	34	235	131	101	165	39	81	
21	134	31	97	186	31	22	232	252	186	162	96	214	114	132	33	181	21	110	34	165	225	41	28	185	130	103	86	80	96	33	37	
47	189	241	74	241	181	170	219	75	225	120	200	40	252	253	180	159	123	146	29	151	58	252	243	46	92	13	174	223	222	90	189	
102	136	212	90	201	208	80	142	195	53	160	136	66	230	68	118	201	246	234	144	30	75	206	177	31	242	213	127	211	44	206	14	
244	104	187	244	9	108	81	146	242	158	166	24	119	183	65	122	160	244	120	10	41	103	179	32	209	169	81	24	224	113	102	34	
227	230	236	22	238	25	252	174	251	119	60	191	104	104	222	23	167	199	227	135	246	123	174	241	62	26	221	239	69	214	223	207	
229	47	202	129	208	42	103	192	58	167	40	157	70	225	75	144	49	108	0	124	48	208	136	2	60	4	5	116	136	123	218	128	
88	18	76	101	32	6	73	19	52	36	230	197	195	7	0	80	214	149	237	140	136	208	241	8	196	227	171	128	32	128	36	112	
0	180	155	251	144	237	49	87	62	11	105	16	180	151	32	16	161	59	19	16	19	188	16	23	205	133	26	64	144	64	135	187	
35	32	165	109	61	95	200	11	70	236	178	4	195	56	148	166	200	68	124	45	173	225	113	156	129	218	203	18	73	44	82	116	
221	211	213	69	179	30	78	184	99	168	38	236	203	99	201	246	54	212	236	122	209	112	205	26	174	221	37	116	234	183	136	53	
103	92	212	94	107	152	22	56	219	90	180	237	106	240	175	246	87	102	238	70	165	99	254	253	54	122	69	187	90	191	74	21	
156	46	222	85	162	59	181	246	248	174	118	178	79	36	135	135	47	119	198	34	116	241	45	140	46	195	117	135	231	252	207	141	
119	161	136	166	137	21	72	136	131	248	140	137	211	182	82	178	201	198	253	156	15	67	251	176	155	217	141	253	168	166	26	84	
13	118	171	83	178	116	59	158	54	79	94	245	189	247	219	170	23	90	149	156	167	148	45	34	234	95	52	192	142	214	175	249	
68	155	183	22	59	205	163	200	239	60	58	109	102	248	108	6	161	115	238	81	131	105	138	113	24	54	101	126	89	35	71	55	
255	86	111	64	226	59	111	152	117	234	118	252	81	5	151	61	55	228	127	254	225	212	45	94	126	15	229	132	239	241	112	113	
116	141	214	150	204	139	238	232	190	178	162	74	230	226	45	67	123	231	106	227	40	115	74	127	188	166	207	52	149	123	113	128	
109	83	213	101	170	15	7	184	7	232	186	236	223	53	137	150	22	84	236	110	137	176	89	24	164	254	101	148	234	255	66	49	
143	63	126	115	171	255	223	180	157	206	30	189	255	125	151	37	134	115	221	71	245	236	110	174	239	219	101	211	110	255	157	215	
230	15	238	30	205	241	214	96	193	94	253	41	98	232	191	31	200	226	230	135	172	35	174	251	18	58	192	187	209	111	126	206	
9	184	177	57	21	142	161	7	126	65	66	85	191	8	16	104	32	47	8	13	178	188	85	95	197	47	26	64	200	4	211	168	
41	32	114	88	79	209	248	72	235	64	244	42	9	202	182	176	106	165	194	193	5	99	166	208	18	40	130	41	111	134	110	132	
100	196	215	151	212	11	238	238	126	179	234	74	228	226	93	91	123	207	106	185	34	243	203	123	188	166	223	36	133	120	225	136	
164	205	196	155	252	171	238	239	31	51	248	26	206	232	124	64	219	206	110	3	114	122	203	247	188	30	199	116	213	122	208	128	
60	22	5	236	61	43	70	248	69	42	153	104	194	113	137	148	89	208	204	106	40	34	73	159	161	214	161	52	114	255	86	33	
13	180	237	209	234	115	189	251	26	255	21	244	221	102	218	43	23	78	23	190	181	80	111	16	238	139	255	244	182	245	135	241	
102	106	110	26	109	209	214	192	225	68	164	41	34	204	183	22	200	226	203	71	14	107	238	225	50	80	132	27	71	62	126	214	
89	20	132	37	40	10	0	51	56	163	67	48	222	51	128	238	210	69	125	37	41	216	193	10	204	255	250	194	174	36	27	11	
252	193	127	108	133	78	71	184	97	168	231	8	83	115	8	115	120	212	124	106	105	243	185	13	243	233	225	20	107	179	98	34	
124	104	188	112	173	121	85	143	235	223	164	57	142	172	71	27	129	66	236	16	14	109	226	0	219	219	117	63	194	124	214	78	
100	166	243	84	242	75	55	248	115	178	98	170	87	241	196	55	51	252	98	50	32	242	140	74	124	38	69	45	229	232	70	161	
100	251	173	115	60	13	130	140	206	57	146	109	224	232	220	2	201	215	109	83	203	99	203	49	12	2	239	253	217	26	22	27	
97	233	218	66	89	156	82	164	235	160	170	8	170	154	86	242	128	231	104	80	70	41	150	32	59	253	4	123	72	2	74	14	
50	51	27	104	104	68	144	72	170	8	176	96	0	222	36	144	204	29	199	192	12	67	130	80	19	177	171	187	65	2	110	131	
114	225	40	42	24	201	82	200	195	120	177	137	51	220	90	49	216	129	93	227	78	35	206	61	211	16	161	189	112	43	94	70	
29	156	167	55	155	86	87	186	247	222	142	37	107	125	155	103	49	198	237	167	252	193	63	255	235	67	71	199	227	116	109	87	
222	4	222	164	3	98	16	0	177	182	139	179	79	235	75	219	51	245	237	162	44	197	137	194	210	231	75	7	164	119	45	2	
81	104	147	117	32	194	109	55	114	170	66	96	183	18	193	120	1	44	44	136	73	220	228	8	229	142	254	160	0	48	7	41	
33	167	115	75	244	221	231	247	123	65	124	64	184	212	244	52	28	42	18	88	211	184	52	223	45	28	4	104	82	138	231	252	
25	4	132	45	25	83	9	42	54	246	134	134	253	34	3	231	51	205	234	172	37	209	125	95	200	231	79	21	27	36	41	68	
67	180	61	189	26	7	152	168	22	176	130	203	213	124	16	33	31	85	123	161	165	67	95	95	93	7	111	180	61	160	41	16	
6	128	215	245	86	139	232	232	255	147	226	66	229	234	60	65	123	237	43	161	32	243	11	221	156	190	223	4	181	40	113	136	
99	58	72	5	32	8	120	23	57	72	240	237	135	11	134	18	134	140	93	140	140	88	192	64	198	248	176	129	40	128	74	219	
81	232	172	181	172	110	65	135	234	241	130	25	247	184	82	10	129	102	125	21	12	105	219	0	200	163	253	116	12	56	209	74	
210	205	134	159	156	34	174	239	188	19	218	18	76	162	48	67	107	199	127	145	56	221	139	230	188	38	222	196	132	80	177	8	
188	165	116	73	251	91	87	237	77	244	108	173	75	108	159	181	27	66	194	114	246	186	127	29	46	217	69	87	119	174	78	220	
213	25	159	180	160	110	7	162	184	242	162	24	215	55	3	123	224	100	104	110	57	193	176	40	153	163	103	20	136	113	3	112	
194	141	210	159	254	168	124	135	191	19	250	18	236	234	100	91	231	239	127	129	48	95	138	227	188	190	223	170	148	112	227	137	
114	128	210	245	69	10	108	232	59	178	226	10	67	42	84	81	123	205	35	160	8	242	201	220	157	186	199	37	37	40	98	130	
137	254	109	31	34	28	173	191	56	94	84	244	189	6	158	37	7	27	20	14	227	220	117	27	100	43	126	128	92	208	139	253	
33	101	66	13	92	11	166	104	76	32	234	2	192	136	52	32	120	204	66	235	68	179	69	94	52	44	131	0	85	58	113	132	
67	27	159	63	162	84	53	150	173	217	98	228	238	230	163	90	166	119	172	80	133	201	163	105	168	182	118	138	168	242	37	93	
18	50	87	161	66	30	56	67	60	44	98	231	13	134	132	208	182	157	238	132	133	209	145	64	148	226	11	130	33	128	39	245	
214	126	74	148	42	2	63	114	172	134	146	247	4	206	227	83	39	225	207	231	228	199	132	106	242	0	111	171	36	241	39	219	
118	132	214	180	92	11	232	232	191	178	162	10	231	234	117	83	123	229	107	185	40	115	139	220	156	190	207	28	165	40	113	0	
119	35	238	6	207	123	214	233	201	247	191	155	74	108	94	158	185	199	200	231	156	99	172	192	19	95	69	55	227	127	206	70	
36	172	218	159	220	137	238	234	190	146	224	26	228	226	104	65	123	235	106	130	50	247	202	123	188	166	207	108	149	120	243	128	
127	183	168	75	155	118	83	153	3	253	157	189	75	124	94	182	212	222	221	242	159	66	253	128	239	117	141	255	167	103	158	87	
46	176	33	58	205	217	147	200	154	245	176	185	8	220	76	132	153	219	211	211	19	98	218	177	93	81	143	127	215	13	159	242	
33	32	106	40	72	209	184	72	230	64	240	34	145	218	182	32	232	161	122	193	141	227	206	208	16	121	139	43	77	2	107	134	
156	125	254	117	162	123	183	231	252	246	62	187	63	60	163	43	35	123	198	34	100	253	36	46	235	195	117	163	229	121	135	251	
121	233	27	34	117	217	66	224	163	172	188	8	175	129	194	144	136	168	196	78	79	59	232	61	171	213	37	49	66	6	74	9	
121	40	140	180	44	108	73	42	130	249	130	25	247	177	82	90	129	230	125	29	25	73	219	32	200	227	253	52	8	105	154	66	
110	48	160	178	203	116	156	156	154	187	21	59	220	255	77	142	141	95	243	147	147	66	218	224	13	83	223	191	143	117	143	179	
105	48	76	165	70	130	176	22	120	97	195	116	144	24	134	208	102	44	114	1	135	254	213	65	4	39	178	2	12	4	122	137	
27	10	6	1	25	143	169	19	60	45	242	87	130	1	16	136	44	5	111	157	128	252	81	76	205	2	122	208	75	12	9	50	
110	112	229	182	207	124	189	136	154	243	1	155	204	252	93	158	147	85	243	51	1	65	218	224	93	83	205	191	135	125	159	242	
139	113	114	225	108	63	248	87	237	104	255	177	141	159	148	50	174	157	255	213	132	183	163	208	198	249	42	194	71	135	99	215	
201	126	238	86	230	58	237	182	112	238	150	238	121	61	147	43	63	230	93	173	225	244	165	110	116	43	254	128	175	245	95	121	
96	34	13	41	40	12	73	18	165	53	226	201	146	135	0	90	196	148	109	140	10	66	195	64	196	184	128	24	96	129	2	50	
194	140	214	156	254	168	252	167	191	19	218	18	172	234	116	91	231	255	127	145	50	79	138	243	188	190	223	234	148	72	161	137	
23	30	212	85	162	26	188	48	173	242	50	239	110	106	135	15	39	103	110	38	229	225	29	200	14	18	69	146	237	252	9	21	
100	187	156	113	201	153	176	198	234	185	176	125	128	186	100	154	137	127	238	80	22	107	202	113	28	146	125	255	217	32	143	151	
93	164	138	182	211	203	103	240	118	230	66	14	95	225	83	144	49	238	234	187	45	211	156	110	185	7	69	69	170	240	46	64	
135	22	197	27	170	43	175	152	30	83	85	244	212	101	155	47	23	66	90	63	179	68	127	115	4	50	120	148	222	253	129	245	
86	227	137	186	137	197	74	200	131	185	144	73	47	207	88	130	169	195	253	213	10	67	138	241	187	213	141	255	179	6	46	2	
143	244	253	67	178	54	191	159	122	195	93	180	221	127	218	38	23	95	215	191	179	212	237	198	110	79	47	196	198	246	163	241	
113	32	56	184	28	193	211	72	194	4	160	9	178	216	86	16	216	129	91	195	78	35	222	17	209	9	139	59	81	11	114	66	
19	32	69	37	2	14	40	3	60	33	114	244	213	6	128	80	54	157	126	133	129	220	69	76	132	170	58	128	41	0	35	184	
122	176	224	4	203	89	212	203	171	246	164	137	14	172	87	158	139	213	249	21	131	107	246	192	27	81	93	63	199	100	94	254	
18	50	7	225	42	7	128	64	36	9	242	230	198	22	128	128	236	157	239	128	9	219	65	64	145	226	186	146	105	0	35	185	
217	206	134	189	0	42	100	167	118	82	74	213	247	226	3	75	97	102	44	135	109	212	135	43	196	227	254	0	40	112	185	8	
201	190	159	146	238	125	53	182	48	255	22	255	124	52	195	171	167	86	254	31	181	250	171	46	124	35	117	194	142	93	189	121	
86	171	212	146	139	137	64	128	175	156	128	77	230	193	64	22	33	226	110	84	2	105	202	113	159	82	85	123	226	14	8	15	
80	186	252	119	46	26	20	178	235	190	158	234	199	120	194	98	38	116	236	1	132	233	175	32	218	227	101	147	102	234	93	5	
111	190	137	144	232	96	189	191	26	255	20	253	148	166	194	59	199	95	180	6	241	90	174	115	76	55	255	236	136	113	135	249	
79	126	176	126	169	52	95	156	219	78	93	229	250	255	223	126	215	123	181	79	143	68	250	163	195	127	116	138	158	247	38	127	
80	0	79	233	74	14	105	16	53	37	98	133	69	7	0	80	118	140	43	140	0	216	209	64	85	170	152	0	32	128	0	56	
106	139	148	90	201	217	16	198	203	61	160	105	42	186	100	210	201	243	238	80	14	107	202	241	27	16	21	123	210	12	206	15	
135	180	233	145	162	120	173	187	58	83	85	180	221	230	218	47	55	79	50	159	243	212	255	99	12	42	127	196	142	245	163	245	
141	189	109	81	242	183	123	187	127	85	85	180	221	111	218	189	55	90	147	190	179	92	61	255	110	75	37	196	166	197	129	241	
164	173	212	147	252	171	238	239	159	179	250	26	238	232	116	64	251	239	127	19	114	122	203	255	188	30	223	116	213	120	209	136	
120	32	114	40	77	209	144	72	226	0	168	9	11	216	118	144	200	161	202	193	14	35	198	209	209	208	131	59	87	6	118	198	
189	127	190	18	211	119	55	212	179	254	172	63	89	245	235	191	61	238	192	242	247	231	184	170	123	193	37	111	235	119	174	215	
40	38	212	101	82	15	111	59	50	162	234	200	89	35	16	147	63	221	194	168	32	250	221	78	108	135	101	36	107	224	10	160	
61	70	84	73	175	59	86	186	87	182	44	236	75	97	131	189	95	212	164	42	236	244	109	154	162	211	69	55	127	253	90	133	
65	0	125	85	44	203	193	34	108	105	242	112	246	56	132	34	162	36	124	9	169	248	101	76	132	186	114	146	68	8	85	45	
125	85	119	78	61	14	71	184	225	136	239	8	82	115	129	119	88	212	108	106	105	163	89	12	115	248	197	20	98	179	96	34	
121	96	8	32	25	29	90	80	35	232	172	141	19	7	82	16	152	140	93	110	77	2	248	28	243	217	161	57	104	138	90	82	
191	191	168	99	187	246	27	210	19	253	157	189	89	191	215	181	151	127	213	254	191	89	248	190	235	221	173	247	174	247	158	119	
125	33	168	164	168	73	91	8	130	252	140	41	115	243	218	50	209	228	125	220	12	67	235	16	250	205	173	253	160	34	86	67	
52	62	203	22	210	206	39	64	186	239	96	77	102	224	79	154	49	110	96	22	33	218	154	42	56	134	117	40	201	112	111	219	
96	32	90	72	74	0	48	72	169	0	228	40	24	211	132	20	46	157	99	200	0	195	130	64	22	40	3	42	107	128	35	162	
218	206	30	188	10	128	28	167	172	22	130	181	173	143	34	75	230	241	237	195	108	205	3	127	242	227	126	155	52	20	173	11	
79	126	171	118	165	116	31	150	243	206	30	173	251	253	223	174	151	126	253	7	141	230	250	170	99	127	53	139	206	255	28	127	
99	211	124	28	106	25	94	152	207	52	164	173	106	234	206	244	55	197	254	102	198	3	47	209	54	58	69	191	127	156	11	85	
102	224	239	22	206	192	189	237	187	119	163	155	64	236	94	19	171	199	243	151	118	115	190	113	127	2	223	111	197	22	247	214	
220	46	222	246	170	104	81	3	179	159	167	57	95	247	67	91	163	247	237	16	56	71	130	2	219	227	117	121	160	97	39	35	
250	222	245	126	41	94	30	188	153	94	117	125	110	125	62	127	149	117	245	99	238	69	58	239	99	123	93	151	87	246	214	215	
75	48	3	177	112	140	105	23	184	201	98	93	188	150	4	16	134	47	91	4	133	216	144	66	133	60	58	0	8	4	131	216	
7	86	213	17	226	43	173	184	62	242	50	237	220	102	199	187	55	69	114	39	229	212	125	88	44	10	111	164	205	253	3	213	
214	205	134	159	156	34	46	231	190	147	210	18	232	226	32	75	97	199	123	146	112	221	139	230	188	38	222	196	132	121	177	8	
171	119	246	110	187	118	157	119	145	255	252	181	89	61	183	175	206	119	213	165	173	219	36	174	98	123	116	131	231	244	166	255	
114	33	214	165	77	10	96	72	43	176	234	10	66	162	68	82	121	205	106	128	8	243	201	200	156	162	199	55	33	42	114	130	
167	76	103	31	69	147	238	96	213	194	195	151	225	200	183	175	104	232	114	239	237	247	126	234	0	58	203	0	79	61	120	212	
226	188	105	26	207	221	148	204	155	95	176	175	34	220	31	18	205	243	215	65	238	111	250	243	55	16	28	187	85	92	86	223	
126	240	166	150	233	124	189	203	171	254	148	59	108	254	95	158	173	215	253	131	214	71	170	224	63	115	207	191	131	116	159	83	
50	101	3	140	93	195	134	104	222	196	136	11	102	200	116	132	216	233	202	99	78	35	154	95	185	20	11	59	81	46	116	198	
3	191	181	83	232	249	180	151	186	123	24	252	188	188	196	174	135	91	251	17	147	72	250	115	45	22	95	254	204	84	143	255	
8	239	18	190	249	129	22	230	159	29	248	233	46	235	33	208	199	123	207	66	78	11	10	255	186	213	62	187	82	22	47	139	
13	153	244	87	186	153	188	152	222	251	22	228	253	252	255	107	135	127	191	93	210	216	255	177	111	91	117	181	150	254	129	253	
63	190	250	114	255	255	179	249	119	255	182	191	91	125	223	165	191	82	215	53	183	107	57	190	123	95	37	255	223	252	255	247	
96	114	1	40	108	205	195	24	202	168	145	109	182	200	81	80	216	161	79	99	203	35	202	29	212	20	169	188	88	43	86	19	
142	222	237	243	180	111	239	182	63	127	126	246	217	47	159	137	63	95	181	138	161	252	45	254	46	255	245	132	255	245	199	249	
63	55	252	66	253	116	223	222	43	223	61	189	76	125	223	190	159	219	213	247	191	226	187	234	123	95	45	239	207	247	238	247	
159	127	126	127	173	125	95	189	189	206	159	181	255	125	159	167	135	115	253	103	253	229	59	238	235	219	109	155	206	247	205	127	
114	1	210	173	124	10	104	121	41	129	250	10	15	171	20	82	126	173	127	224	24	155	195	201	150	248	139	128	39	162	98	0	
114	212	237	94	13	117	150	142	159	95	177	63	98	124	62	91	221	211	253	3	174	103	123	243	83	62	216	155	85	95	212	95	
54	95	47	90	169	247	150	240	141	206	189	109	74	252	39	58	204	243	253	115	157	163	58	232	115	94	205	155	195	127	246	87	
223	148	165	126	178	119	7	184	22	238	31	116	88	119	169	240	149	86	181	62	185	193	57	63	233	175	173	214	186	247	4	113	
96	128	214	157	92	43	224	106	62	178	226	74	230	226	101	80	123	173	106	161	32	247	199	95	156	166	203	44	53	40	113	128	
86	172	212	191	234	139	124	168	191	147	242	152	237	238	77	91	183	247	255	130	98	73	138	249	188	250	95	186	180	112	35	9	
66	151	196	145	186	56	44	143	63	55	26	245	141	46	222	222	231	7	237	149	182	88	199	211	172	118	222	199	140	196	141	93	
2	188	246	248	254	173	252	247	191	27	240	58	172	255	116	40	239	187	255	145	178	235	130	247	62	94	94	234	214	196	163	143	
7	17	237	5	162	43	173	184	62	242	38	134	221	100	211	46	55	69	122	191	241	208	253	72	108	10	79	52	228	247	1	244	
115	174	104	8	74	25	93	238	255	118	164	143	10	174	86	17	175	129	106	164	174	107	239	83	58	26	1	127	117	164	70	70	
18	34	151	93	75	203	160	72	190	188	98	78	66	194	100	146	176	109	98	0	7	241	138	17	29	162	97	55	89	40	75	132	
66	115	209	37	46	10	178	16	107	224	178	237	206	168	196	198	134	85	236	81	133	97	205	192	172	244	71	150	76	46	11	21	
98	186	195	26	75	201	160	8	171	156	176	77	102	192	108	86	161	96	106	64	7	99	202	113	28	16	1	187	88	11	67	151	
45	186	142	21	89	86	33	120	178	220	244	37	120	230	202	147	25	108	198	180	39	211	186	13	77	35	101	129	200	36	47	243	
48	32	86	73	74	6	168	72	172	0	224	0	0	131	4	24	104	149	106	128	0	163	195	64	21	168	2	0	73	0	99	128	
218	182	144	177	187	32	60	175	187	55	138	245	141	170	72	219	167	223	237	149	54	73	131	243	184	214	94	127	170	68	171	31	
223	12	134	190	9	180	24	2	189	210	131	213	236	234	51	203	229	231	249	135	45	197	150	234	144	119	218	26	136	117	41	94	
247	125	183	126	186	166	158	220	155	218	217	249	114	252	93	59	215	255	21	119	175	199	202	234	59	88	173	190	205	119	178	23	
230	181	175	178	206	193	191	232	186	113	128	155	80	252	124	18	185	215	115	211	83	103	154	119	125	2	207	109	197	112	183	242	
104	32	68	85	82	138	104	3	56	33	98	209	153	3	0	216	50	140	123	140	2	216	197	69	68	170	178	192	40	128	98	160	
151	255	47	114	137	127	54	248	183	254	182	125	74	253	111	63	189	210	253	246	253	231	59	188	123	219	69	247	235	125	230	215	
9	38	212	69	59	27	169	35	108	166	166	152	235	33	144	135	46	100	234	40	32	252	69	12	12	203	117	16	103	164	75	168	
156	150	252	85	139	91	245	251	215	246	166	142	75	108	71	15	57	196	234	34	100	113	63	156	219	195	69	55	227	252	76	86	
60	143	105	43	184	227	155	184	6	45	157	161	211	109	59	0	93	91	23	247	154	32	109	63	234	197	169	253	245	139	20	243	
130	173	246	213	254	169	252	231	255	179	250	26	174	232	116	1	171	235	127	17	242	249	11	255	188	158	95	234	197	72	195	137	
114	253	104	78	223	89	150	238	203	116	184	175	98	108	94	19	137	198	192	99	237	107	222	63	58	30	69	63	125	127	222	222	
141	100	239	85	194	126	239	112	112	226	70	130	81	102	147	63	59	228	115	175	225	208	61	72	117	11	207	4	165	241	115	228	
120	143	80	79	53	159	70	188	119	44	254	72	107	97	133	244	16	246	204	106	234	184	105	63	163	255	37	18	114	187	72	45	
102	63	238	6	206	104	95	51	193	246	159	175	83	237	215	27	14	230	125	231	220	99	239	32	126	41	229	153	165	251	214	82	
121	97	104	96	120	75	83	112	35	172	188	41	19	23	146	16	152	140	85	110	72	18	96	28	247	205	33	177	98	154	86	227	
51	34	23	168	10	3	24	72	167	32	224	194	134	130	0	4	206	149	106	128	12	131	195	80	144	176	10	26	113	128	42	4	
48	32	2	41	13	129	128	72	206	32	160	1	131	136	52	0	200	61	74	97	12	35	210	144	145	240	138	59	81	2	119	134	
66	32	66	168	75	1	104	72	165	1	226	201	0	131	48	212	104	141	106	172	8	131	151	64	20	48	138	8	107	0	42	134	
109	190	171	22	241	214	55	240	114	206	86	189	120	245	235	244	149	126	181	158	245	219	184	174	123	79	101	235	138	244	190	247	
34	189	3	190	125	205	150	232	159	72	216	109	230	252	36	132	217	251	202	67	79	35	90	255	185	20	13	59	88	46	63	215	
67	4	239	149	66	94	45	32	56	194	70	130	81	102	151	63	54	229	114	174	225	208	53	76	117	42	207	128	37	242	35	244	
187	205	114	99	246	58	254	247	125	67	126	146	27	47	148	53	127	159	23	174	252	184	37	238	118	253	182	192	231	213	226	221	
151	247	37	67	187	55	30	188	213	250	159	241	120	125	159	39	149	83	221	247	254	65	41	191	251	90	101	214	246	247	132	119	
88	115	122	100	50	24	18	16	109	12	222	236	207	152	130	240	182	93	236	97	204	16	133	72	178	229	34	147	38	134	15	5	
102	55	238	6	202	104	95	161	161	246	143	173	64	229	215	63	7	230	125	255	220	67	238	96	126	56	197	253	165	243	214	118	
67	17	215	5	34	10	44	48	173	224	98	197	220	38	132	214	38	69	120	236	133	208	181	76	6	62	78	130	109	162	1	85	
171	205	246	118	235	50	222	183	17	131	83	177	249	125	156	175	223	119	181	87	188	220	207	170	106	251	220	130	231	245	242	143	
93	15	158	39	178	54	79	151	117	203	142	116	255	98	131	246	119	230	108	188	189	201	173	42	248	239	47	208	170	243	169	45	
207	205	244	126	171	56	254	191	187	18	90	177	125	253	148	102	151	119	181	71	244	108	159	179	99	255	93	142	119	245	193	3	
183	205	117	123	234	183	94	191	27	50	25	185	93	127	156	53	151	95	85	239	244	70	12	247	107	222	77	246	118	247	194	167	
122	227	8	232	60	1	90	248	3	184	184	105	11	75	72	16	152	201	205	242	78	67	202	21	250	197	165	253	16	3	78	3	
121	99	74	96	112	75	83	48	32	44	252	41	19	19	130	48	146	140	85	110	76	146	224	12	242	205	33	177	96	130	90	67	
157	108	110	83	196	118	239	216	116	182	70	2	81	117	83	45	57	204	19	251	232	214	61	106	117	11	207	36	167	241	119	224	
242	37	66	237	92	42	104	79	41	128	251	2	11	138	20	80	122	141	127	160	24	155	193	198	182	248	130	192	37	130	98	128	
72	18	181	85	36	175	161	19	236	57	242	120	190	33	132	238	134	55	238	8	144	252	195	69	132	179	114	80	194	136	65	41	
13	164	236	81	151	114	255	159	126	243	6	146	153	191	218	46	55	94	155	156	242	220	61	226	111	79	247	197	167	245	157	224	
194	172	214	156	252	168	252	231	191	27	120	16	172	234	112	82	231	255	127	145	50	91	130	247	188	54	222	234	148	64	163	137	
7	4	237	91	138	59	175	153	94	115	71	146	221	100	159	111	55	70	123	63	179	80	127	80	111	43	93	196	180	249	129	228	
64	188	26	242	250	141	189	215	186	27	120	121	180	247	96	16	175	59	87	144	50	75	146	119	125	135	62	232	64	64	167	187	
10	239	16	186	249	145	30	230	159	29	248	237	174	235	162	208	199	123	207	66	70	11	74	255	170	215	62	187	82	22	143	143	
214	204	150	159	222	130	174	238	190	147	210	18	236	226	121	67	123	231	127	131	122	223	139	255	188	34	223	192	132	112	177	8	
70	236	214	191	234	136	126	232	191	146	242	128	237	238	73	91	191	247	127	130	34	79	139	249	156	242	223	136	132	113	35	137	
3	189	181	147	186	221	191	166	158	113	12	240	188	246	196	166	135	123	250	81	215	72	191	243	45	22	31	122	156	82	129	253	
178	101	98	224	84	11	238	127	109	160	250	10	11	137	52	16	122	173	95	225	200	183	65	222	178	204	129	180	103	138	242	128	
25	207	90	95	181	155	70	190	127	47	126	40	107	96	164	244	51	238	140	8	110	184	109	191	170	223	21	19	114	216	200	13	
182	180	239	20	200	71	148	235	191	250	178	111	82	124	69	59	189	213	125	163	249	231	91	74	89	10	253	182	201	112	118	123	
98	253	109	6	222	73	150	238	202	250	184	239	114	124	92	2	141	215	83	99	229	107	220	63	61	6	101	190	93	122	214	219	
230	255	235	71	236	72	175	245	168	246	25	173	209	237	220	19	63	222	115	247	208	82	238	32	124	8	237	236	197	243	214	243	
79	136	244	126	251	24	124	184	115	19	68	152	253	253	216	107	151	127	177	13	178	88	174	177	111	127	93	173	182	246	131	41	
71	241	221	133	58	10	171	128	42	224	34	174	221	36	198	38	54	69	120	127	129	240	253	64	140	50	15	52	76	171	3	117	
211	172	133	147	155	236	44	167	191	115	130	149	172	166	68	223	167	199	120	149	55	73	159	243	188	18	222	110	136	84	163	92	
215	164	135	148	137	116	44	71	187	211	131	85	204	246	124	223	225	231	249	149	61	207	147	194	153	114	222	94	136	100	187	84	
78	140	244	127	223	24	126	190	27	19	68	154	249	233	28	107	19	95	49	142	182	120	207	243	111	255	85	13	183	244	209	136	
39	140	118	115	176	131	94	168	159	178	18	153	77	123	93	49	151	119	117	63	248	201	10	190	42	222	77	246	132	240	194	134	
58	205	114	227	246	50	254	247	117	35	254	146	11	47	156	49	127	207	23	234	248	186	45	238	254	255	246	192	231	223	226	141	
114	50	3	12	72	197	161	88	166	204	240	109	32	194	198	144	232	169	110	224	9	67	195	80	20	160	163	170	73	2	106	215	
176	115	88	78	60	153	82	120	131	12	181	111	107	203	237	144	188	185	204	226	78	39	10	159	178	209	33	191	123	138	110	23	
34	63	19	190	125	199	150	104	159	200	248	109	102	252	36	148	216	57	198	99	79	35	74	191	177	20	9	59	88	46	46	215	
3	189	177	211	155	221	171	166	190	113	12	136	188	246	84	166	135	123	122	217	151	72	254	243	45	30	31	122	156	68	131	252	
76	132	236	95	207	48	252	157	90	23	71	146	217	109	90	235	51	86	243	159	178	88	255	225	111	107	254	77	167	215	221	34	
199	140	119	118	168	131	94	169	223	178	18	217	77	249	189	35	151	119	125	175	248	81	15	255	58	222	77	214	134	240	129	4	
24	50	21	169	15	219	97	88	94	100	70	134	143	128	2	200	114	140	234	1	13	248	119	24	212	161	33	17	126	12	28	80	
183	61	191	94	186	38	158	232	155	154	144	121	84	252	77	59	221	215	117	115	233	199	202	106	57	26	237	190	141	113	50	147	
0	50	30	9	74	91	161	88	238	108	244	132	156	128	38	214	98	13	234	0	1	227	183	80	80	33	35	57	88	8	111	241	
88	32	76	85	41	218	233	3	172	21	230	16	139	3	134	220	96	140	232	140	10	217	65	64	196	169	146	81	67	132	106	40	
64	50	26	168	13	201	193	88	142	76	210	108	198	196	226	66	200	12	238	1	139	99	226	16	145	176	43	186	88	8	53	113	
106	115	1	161	61	75	66	24	11	232	145	109	142	10	192	144	148	13	77	97	205	2	201	157	132	208	169	190	10	47	26	19	
67	173	129	145	145	157	108	175	63	117	10	145	173	46	94	228	167	79	123	157	215	88	143	247	172	86	158	228	148	84	137	92	
48	50	27	72	75	69	161	72	238	12	240	70	0	130	5	144	232	141	110	224	9	35	211	80	21	160	170	58	89	0	99	135	
70	236	134	159	220	128	174	236	190	178	210	18	236	234	8	75	123	239	127	130	98	221	139	255	188	38	223	136	133	112	49	136	
95	1	236	65	135	123	253	136	126	179	7	18	89	117	95	107	51	196	123	254	176	80	61	80	111	11	231	149	167	243	221	96	
73	152	150	87	33	188	48	55	191	27	102	84	174	51	2	206	167	54	232	12	145	248	147	193	135	251	82	66	202	196	137	29	
42	255	16	186	121	157	30	166	159	21	104	205	172	238	34	148	135	107	199	70	199	10	74	255	172	212	15	186	26	150	11	221	
110	176	229	176	220	65	165	251	58	243	128	223	208	253	80	18	217	221	243	145	51	107	218	86	125	6	223	108	205	32	183	242	
85	143	222	70	178	22	95	183	227	205	142	100	119	98	131	246	119	230	108	188	252	137	173	110	250	255	39	209	170	242	168	13	
216	115	120	33	50	26	18	48	105	160	123	237	207	26	129	208	182	157	205	99	204	144	132	14	242	245	33	147	108	167	11	19	
16	34	95	41	11	203	161	64	44	37	226	198	139	130	38	192	42	141	106	128	1	179	149	80	148	160	34	1	105	8	41	128	
114	176	105	72	74	193	217	75	219	245	160	155	18	140	118	48	233	151	107	133	14	43	182	81	27	8	17	125	85	8	102	254	
31	1	238	69	194	86	239	104	112	166	198	2	89	118	151	127	56	228	123	239	224	209	181	72	87	43	239	129	165	114	119	224	
67	51	81	69	34	10	187	16	45	196	35	229	220	14	134	86	182	85	108	102	197	144	181	76	132	56	11	130	76	162	3	85	
67	1	255	5	98	74	171	32	40	192	102	130	221	38	150	118	38	69	122	204	193	208	181	72	77	46	79	0	5	162	3	244	
2	172	246	216	252	169	252	231	191	27	240	18	172	234	116	72	239	187	127	145	178	123	130	247	62	30	94	234	148	192	163	137	
15	172	230	119	179	147	254	240	179	243	6	177	253	253	218	47	151	126	241	15	246	216	140	171	111	95	93	227	166	244	155	249	
47	172	247	118	178	146	158	184	219	130	4	161	253	253	221	47	23	122	241	31	240	201	238	174	106	127	93	154	134	244	51	233	
238	220	149	188	207	47	167	222	18	123	88	95	220	125	73	171	61	87	243	179	33	114	219	51	125	3	239	172	221	121	147	179	
24	189	19	187	179	195	62	247	54	9	88	245	189	215	96	144	55	59	151	129	115	216	154	183	237	199	191	168	42	192	163	155	
128	172	214	149	252	171	236	231	191	179	250	26	172	234	116	65	107	235	110	17	50	249	75	255	60	30	95	96	213	72	209	136	
24	188	1	189	91	73	169	254	30	64	72	195	189	253	40	128	63	27	147	33	3	250	155	159	117	197	15	44	127	12	23	178	
78	168	230	118	57	139	120	168	191	177	66	136	233	233	92	34	147	123	123	88	2	64	79	189	79	219	69	77	166	166	89	2	
87	97	233	165	18	90	43	0	43	224	135	138	223	4	211	54	54	197	124	239	193	16	253	200	189	60	15	52	37	166	3	100	
3	189	17	186	91	221	154	224	159	80	8	137	174	252	102	180	135	123	211	71	71	10	126	255	169	84	29	58	88	14	11	220	
89	50	43	8	41	85	177	88	166	76	246	37	152	150	162	52	236	4	238	164	137	163	243	80	209	33	43	155	75	6	39	115	
14	168	244	127	127	146	120	168	251	177	64	128	237	233	88	242	131	127	121	201	2	72	207	185	79	251	69	173	182	166	83	130	
243	48	25	40	40	201	129	72	174	68	180	173	150	196	231	176	158	177	238	101	139	39	226	95	144	16	43	58	92	6	39	117	
67	2	158	83	40	248	120	0	237	93	119	24	175	138	150	94	160	38	108	28	22	108	227	97	134	250	82	67	194	129	15	78	
66	34	109	23	40	218	113	35	237	117	103	53	162	38	134	95	130	38	108	4	60	220	245	69	134	250	210	67	194	132	86	78	
60	102	109	227	60	111	75	152	6	236	159	233	215	101	153	0	29	80	93	127	137	1	105	60	233	197	165	180	182	251	84	113	
19	191	90	217	178	151	95	247	63	9	222	228	102	115	162	116	55	255	92	140	255	153	33	127	186	190	53	146	42	192	170	29	
65	223	126	70	250	150	127	183	224	205	254	237	113	106	150	114	103	231	124	252	244	137	173	111	126	47	39	128	172	242	224	95	
28	110	233	163	52	79	79	216	34	236	154	239	215	69	217	0	63	92	85	127	138	212	105	42	233	197	173	180	164	251	22	113	
126	165	130	176	209	246	124	207	179	245	143	153	8	191	74	216	249	143	249	149	30	91	208	214	251	87	159	103	170	68	186	86	
95	36	135	186	137	244	76	7	179	219	131	17	206	254	96	255	193	231	248	149	63	79	146	128	153	242	223	95	130	100	187	70	
17	142	122	93	52	219	86	167	127	102	250	173	99	232	182	112	179	238	46	4	238	184	37	127	58	254	21	19	125	200	204	95	
74	160	230	126	43	153	184	136	151	176	70	137	237	253	248	102	150	121	251	92	130	80	175	189	223	251	77	171	22	164	17	0	
10	173	64	187	217	217	126	238	63	117	40	141	173	47	66	144	175	203	211	212	86	24	91	247	238	215	30	105	58	132	139	218	
86	142	212	183	133	195	206	164	31	182	50	82	103	106	93	9	187	231	37	146	121	120	11	255	169	150	223	67	173	112	192	10	
89	18	39	45	11	31	49	88	55	232	214	239	27	149	130	108	52	156	254	132	141	251	103	144	215	99	49	146	99	12	36	119	
70	172	212	254	190	2	206	168	219	146	0	128	229	107	29	3	147	103	121	59	32	225	15	239	168	158	205	88	165	240	83	0	
237	54	148	244	203	7	157	251	154	186	144	122	220	115	193	171	221	213	255	189	241	199	195	202	28	11	255	180	139	112	59	161	
62	205	114	227	214	11	238	247	117	35	254	2	75	41	60	16	123	207	23	235	248	186	13	238	190	255	246	192	231	218	242	136	
73	50	43	168	111	93	49	88	142	76	212	175	158	148	162	224	100	156	238	101	133	35	166	16	213	33	43	184	82	12	37	113	
86	132	247	84	56	3	90	168	255	178	130	232	101	233	156	35	151	117	125	45	168	195	15	95	154	94	77	222	132	160	48	0	
22	174	212	183	151	202	78	172	219	150	112	82	103	106	29	11	187	227	36	147	127	248	154	239	173	182	213	3	173	112	195	138	
92	3	174	69	5	82	238	112	224	140	214	66	88	251	145	98	120	244	253	234	192	241	165	72	95	47	231	129	35	50	126	163	
2	172	214	157	252	169	188	231	190	19	114	18	172	234	112	72	239	43	127	145	50	251	130	247	172	54	94	200	148	64	161	137	
51	160	245	125	56	6	24	56	87	176	192	225	97	253	148	116	215	125	121	61	170	209	207	157	74	122	69	150	22	164	18	135	
57	50	45	9	9	95	177	88	38	108	214	101	152	150	130	244	76	12	238	132	141	144	243	16	199	97	170	129	26	4	118	247	
184	118	80	37	118	11	82	48	57	226	117	237	95	9	129	145	54	140	197	102	233	180	81	158	246	209	33	48	110	175	90	17	
104	184	0	185	207	149	160	223	22	177	84	222	157	247	64	164	77	31	243	145	3	90	211	145	29	195	223	236	191	12	59	187	
83	97	238	197	18	94	235	32	44	140	215	130	221	22	22	118	50	197	125	239	64	129	165	72	245	40	170	128	33	34	39	100	
42	184	97	56	77	233	169	71	30	97	240	221	184	140	84	144	201	191	243	133	19	122	82	81	93	1	155	56	85	12	118	250	
109	180	132	181	203	39	165	219	18	186	150	126	92	53	65	174	173	215	243	185	161	115	211	144	29	67	255	182	219	124	27	185	
30	163	228	243	159	128	252	172	115	17	19	67	233	233	92	10	51	79	121	216	22	200	207	161	79	234	215	197	175	214	220	138	
92	35	238	69	133	82	230	216	102	184	150	66	88	121	213	170	56	212	255	250	136	241	173	200	95	15	231	133	163	247	124	34	
200	162	183	16	104	232	241	130	238	93	114	49	172	206	46	90	131	35	107	4	150	109	162	97	69	58	114	74	192	5	71	67	
110	181	186	80	217	245	153	67	163	221	173	29	8	255	78	28	205	155	227	148	26	75	250	214	91	223	159	127	195	68	174	242	
104	184	196	247	77	186	160	55	187	179	71	252	253	53	0	175	15	54	243	1	49	252	209	136	13	243	218	3	206	76	155	185	
115	161	135	176	141	228	68	199	171	61	130	24	134	186	104	255	193	199	120	145	30	75	154	241	153	242	222	127	128	68	183	110	
86	186	221	183	76	196	97	184	111	253	114	103	96	235	78	66	177	207	36	208	139	120	203	245	12	146	239	194	169	34	116	27	
215	230	104	202	27	217	75	200	175	12	149	10	126	214	219	52	48	137	93	235	74	7	238	119	209	13	169	189	48	3	15	111	
83	169	133	178	137	197	13	230	175	55	128	8	166	178	70	62	161	195	120	145	30	75	186	113	153	18	223	123	128	20	167	110	
127	44	133	190	137	240	80	3	163	219	137	25	174	250	64	218	193	35	253	17	30	75	194	160	155	243	222	123	128	100	158	66	
28	119	109	229	52	111	79	184	36	236	158	236	215	69	145	3	54	196	93	126	169	161	105	44	225	201	37	148	230	251	84	113	
115	36	123	136	122	107	27	73	29	198	165	136	23	212	167	117	94	185	222	46	73	35	244	93	177	153	1	58	52	174	38	100	
97	159	127	12	114	143	63	247	236	204	126	237	113	54	134	112	39	231	94	172	196	155	37	127	124	46	47	128	9	130	163	249	
2	160	245	109	15	203	120	24	175	184	80	64	233	201	92	2	2	53	127	216	2	1	223	217	15	248	33	249	63	162	67	130	
60	205	98	227	212	11	238	247	117	1	250	10	75	43	52	16	123	207	23	226	248	186	9	238	190	238	150	192	231	218	242	136	
75	161	128	176	217	221	120	207	171	121	168	9	44	155	90	144	169	139	211	149	22	91	154	241	255	93	28	127	210	4	139	206	
119	230	32	32	25	73	75	232	51	236	149	106	91	86	219	53	56	201	93	255	238	7	173	159	185	200	171	253	49	39	23	103	
70	186	213	127	79	205	232	56	239	156	82	70	225	203	92	2	48	169	111	208	3	96	203	221	14	248	225	232	109	34	93	11	
105	160	148	212	239	83	157	107	138	182	148	26	141	163	211	175	15	69	234	28	36	75	227	136	158	203	95	61	134	228	11	205	
121	100	3	164	53	211	74	112	49	232	243	106	91	222	179	177	184	236	85	239	205	151	168	140	178	233	169	184	35	39	118	71	
22	32	214	157	106	138	232	200	175	176	242	2	204	226	1	90	122	237	127	192	2	211	139	217	156	178	203	188	129	35	99	128	
92	51	215	101	100	6	242	80	103	232	178	103	72	41	197	130	252	196	239	240	205	241	137	136	30	240	231	130	235	166	112	19	
216	115	162	69	60	18	242	80	224	168	151	102	72	155	213	194	120	212	237	234	200	179	129	202	90	45	171	129	11	39	126	19	
2	172	150	153	252	169	188	231	190	27	114	18	172	234	32	65	231	43	63	145	50	248	2	247	60	54	158	202	148	64	161	137	
43	170	16	185	107	149	185	91	23	189	212	58	141	131	194	164	205	9	242	156	6	94	227	145	158	217	155	239	146	140	43	205	
105	134	214	212	125	82	137	43	218	182	134	24	124	43	146	147	135	133	248	169	32	203	193	204	216	43	251	21	134	160	43	32	
153	113	39	41	41	63	48	87	36	104	223	241	146	150	130	100	236	28	255	70	140	149	225	144	215	97	186	146	50	159	180	247	
66	233	134	159	92	130	172	232	190	176	210	2	236	234	56	66	123	237	127	227	66	211	139	253	156	50	207	148	21	42	49	128	
235	36	58	8	104	55	157	75	172	66	173	184	158	148	162	53	222	185	218	45	172	35	244	94	241	25	2	56	84	140	162	116	
105	170	51	56	109	172	177	66	250	93	112	25	188	202	110	24	165	11	35	21	150	109	162	241	93	57	50	74	194	5	231	195	
113	157	93	229	218	14	47	63	0	170	186	110	209	51	0	50	28	214	116	168	249	154	209	14	253	174	237	148	41	106	130	169	
113	189	93	101	90	14	167	183	64	168	250	76	211	51	1	51	12	214	116	234	201	186	209	14	237	168	237	180	109	122	194	185	
54	205	194	227	212	2	238	231	61	35	251	2	75	106	60	80	123	207	23	242	122	186	73	238	190	254	142	192	229	219	242	128	
