香奈儿可可小姐唇膏笔	224 - MÉMOIRE	https://i.chanel.cn/fnbv3/image/full/shades/rouge-coco-stylo--224-memoire-2g.0170224_S.jpg	https://i.chanel.cn/fnbv3/image/full/chanel__com_type1/skus_full/rouge-coco-stylo--224-memoire-2g.3145891702248.jpg
87	46	210	146	229	185	238	224	253	162	178	26	222	238	245	40	123	231	127	159	112	243	138	226	188	158	223	169	199	125	229	160	
92	45	214	150	215	43	110	231	61	162	179	26	78	42	69	158	123	231	238	154	56	123	137	234	188	134	223	52	229	127	227	8	
163	114	208	21	43	25	148	127	27	218	116	253	174	237	79	143	30	107	193	12	228	252	199	138	98	80	84	179	79	252	139	223	
255	7	98	12	240	54	94	251	113	206	254	205	75	107	159	21	92	198	213	238	252	131	213	142	114	127	229	140	111	244	122	84	
135	189	188	51	169	173	176	220	190	125	16	125	236	220	94	2	135	123	253	21	134	109	154	247	140	82	63	247	220	68	139	223	
0	168	188	191	152	72	22	142	114	55	129	144	183	34	17	123	193	95	104	147	126	76	207	59	205	163	254	49	176	83	135	138	
72	114	17	69	96	78	55	56	41	106	122	108	222	23	136	52	150	93	228	106	193	144	241	78	101	190	33	130	66	178	7	49	
45	98	113	9	82	39	48	89	117	5	233	69	78	19	133	156	126	140	2	188	144	182	65	78	23	60	0	66	243	135	98	225	
146	148	61	83	16	239	184	34	172	87	227	149	227	14	28	11	173	51	107	128	168	252	113	101	197	186	90	80	201	1	37	50	
150	142	86	183	246	155	238	230	61	19	242	51	111	110	188	65	123	227	159	163	120	251	11	255	188	222	223	65	181	120	229	140	
167	134	238	68	204	15	175	120	80	166	242	219	83	236	180	34	31	117	98	174	164	251	63	10	105	14	101	132	197	248	103	228	
241	100	120	42	26	101	155	104	100	66	169	136	115	90	11	48	94	153	80	231	238	39	124	31	209	141	43	60	117	163	35	192	
20	54	190	100	138	15	188	120	40	246	130	207	207	38	5	11	39	213	232	34	228	201	61	8	249	131	111	20	201	120	7	49	
164	117	109	65	84	15	239	248	53	162	126	206	81	101	157	37	92	220	83	106	225	242	125	14	111	14	133	4	111	185	82	176	
36	55	229	65	212	79	239	184	125	224	110	196	211	5	149	53	92	76	66	110	225	240	125	110	37	30	5	4	111	255	86	244	
228	140	212	159	223	29	238	169	95	51	250	26	254	110	12	65	123	199	110	130	122	58	75	255	253	190	207	93	151	126	229	40	
167	164	113	69	194	74	109	248	59	102	126	164	25	103	132	84	55	220	23	206	65	210	172	72	100	168	101	164	103	242	102	240	
91	48	118	224	43	92	81	80	37	108	182	45	95	159	130	244	166	181	253	0	141	65	177	144	211	249	33	147	106	132	14	87	
68	232	145	211	238	41	172	204	238	179	177	90	204	234	73	14	107	207	110	146	150	113	203	240	189	16	223	124	196	121	131	130	
82	249	27	170	27	209	18	96	171	68	165	171	63	214	226	176	162	177	220	211	79	3	190	125	147	229	10	123	49	7	47	118	
82	249	186	90	27	208	146	192	174	21	133	170	44	222	230	114	162	251	249	209	70	11	190	113	155	37	14	251	21	6	47	110	
228	142	216	158	236	45	174	236	158	187	184	90	205	238	104	94	123	199	110	179	242	99	206	243	252	86	255	253	148	122	197	129	
68	126	189	48	58	169	49	158	254	190	2	233	181	104	193	91	167	113	111	17	162	68	71	120	220	2	127	152	148	113	5	43	
164	174	215	151	223	60	238	236	251	147	184	90	254	238	89	91	123	227	110	147	242	99	202	235	189	54	223	56	135	127	247	136	
87	2	140	22	137	61	68	216	231	254	167	29	106	98	95	159	169	194	238	142	174	99	59	225	147	90	85	55	202	125	72	86	
60	165	192	187	205	31	238	236	123	179	244	26	74	106	78	187	121	207	198	243	122	114	217	255	188	159	215	117	181	127	250	132	
76	178	177	103	168	12	49	144	98	176	162	228	215	118	201	122	197	84	236	17	155	96	217	0	205	240	39	124	136	34	65	49	
7	182	119	81	195	95	174	240	125	114	114	198	73	108	148	164	63	92	194	42	227	240	63	194	39	90	7	34	111	228	67	180	
84	44	214	151	215	170	238	229	185	130	186	2	238	238	1	90	107	231	110	147	112	233	136	234	188	54	207	0	167	119	227	136	
248	228	64	72	91	217	74	232	163	26	172	137	43	199	120	148	48	136	222	110	67	7	154	95	51	72	5	61	115	151	110	160	
73	49	21	184	201	77	137	24	74	248	176	76	158	209	80	17	0	1	95	73	3	99	218	81	197	16	33	60	88	10	3	131	
2	168	107	26	93	209	177	206	94	125	48	59	40	140	126	8	185	139	195	213	6	107	174	243	89	20	31	239	85	13	247	222	
252	37	204	228	141	66	86	168	145	178	164	8	83	115	73	83	89	212	105	234	104	71	219	10	251	235	197	61	35	240	126	2	
109	182	113	65	227	93	183	248	121	106	124	104	26	247	140	180	55	92	214	42	161	112	168	194	55	152	36	174	227	246	67	181	
86	15	67	80	162	224	174	167	61	138	90	242	104	174	213	116	39	255	53	145	209	220	39	98	56	6	254	200	133	112	165	61	
106	34	99	108	104	82	89	27	49	37	246	185	9	143	132	92	78	156	231	128	8	218	229	132	86	249	240	233	103	132	102	234	
1	48	159	69	98	79	161	88	106	104	112	104	180	148	132	162	166	29	114	1	129	240	163	88	4	41	35	160	72	0	3	181	
126	40	243	82	203	80	118	208	177	15	230	40	72	247	45	124	105	159	231	128	40	211	170	226	91	246	133	11	227	84	102	166	
29	180	173	173	162	82	15	249	186	214	29	180	221	102	154	34	23	85	93	174	241	197	60	31	224	239	107	196	46	231	163	241	
76	51	248	228	226	72	63	152	51	64	110	237	159	55	139	80	182	221	245	66	66	18	152	66	231	165	36	133	36	178	15	115	
72	48	113	101	114	202	49	51	56	229	118	244	29	23	128	92	38	61	151	0	1	216	161	84	69	171	114	128	226	128	39	249	
117	48	250	82	211	221	240	192	249	105	180	26	26	253	102	188	168	182	214	8	149	235	186	240	83	91	85	59	203	68	238	167	
113	49	126	76	75	209	177	72	235	64	165	42	26	220	110	180	42	176	242	72	5	35	182	208	83	121	1	123	99	6	110	246	
76	35	200	164	232	8	124	24	35	148	230	173	143	3	3	218	6	197	237	198	76	66	138	64	198	225	164	149	46	182	10	18	
164	239	213	159	205	122	238	239	59	147	185	115	238	110	13	25	123	207	110	166	122	238	203	239	189	190	223	81	231	127	231	136	
0	50	245	69	114	139	169	23	124	165	118	244	140	7	132	44	38	61	106	8	129	252	37	76	12	62	50	130	207	128	5	249	
50	52	80	89	235	121	144	74	235	34	252	170	11	252	134	52	175	23	194	0	36	43	231	16	30	230	17	59	247	76	79	135	
125	180	157	166	175	91	23	168	202	250	55	40	223	52	203	167	35	84	236	34	105	97	169	12	249	195	101	55	226	122	15	35	
167	174	236	95	196	12	238	232	176	154	96	77	96	105	93	19	217	234	17	174	248	82	202	111	62	42	229	170	73	240	82	130	
198	207	212	159	181	186	239	174	63	35	255	18	238	106	158	65	123	239	63	235	122	252	73	255	180	190	223	145	39	127	213	8	
189	101	65	33	215	111	231	216	0	226	168	74	219	21	81	181	56	205	83	255	233	178	89	30	165	205	141	52	247	127	83	224	
99	130	204	63	40	0	24	168	34	21	224	129	113	110	10	114	79	215	248	132	14	66	239	53	70	227	250	77	117	128	46	200	
254	196	217	179	214	107	111	238	59	119	244	58	74	110	220	80	251	207	151	163	122	118	249	247	190	159	151	116	181	249	254	208	
38	166	244	247	244	155	254	248	91	166	112	138	235	237	220	33	159	251	23	153	170	240	110	254	46	222	143	162	199	236	87	133	
235	115	116	72	235	86	125	220	107	108	244	252	88	159	134	244	230	156	247	108	197	122	247	242	119	249	37	175	119	148	230	255	
27	115	119	225	175	95	93	212	125	108	214	47	79	156	150	52	190	149	253	1	141	241	49	128	243	251	33	147	103	156	212	87	
108	34	136	164	172	14	92	152	50	187	130	89	215	41	81	154	145	196	125	63	216	64	201	0	223	219	237	61	128	248	218	2	
197	206	100	159	204	45	254	172	63	58	251	91	244	42	8	79	111	199	110	194	244	62	75	247	127	54	255	108	21	123	225	43	
236	190	129	86	225	108	103	158	51	255	34	124	242	247	73	222	81	222	160	90	123	82	251	163	125	182	85	110	130	245	198	120	
247	174	83	146	255	24	239	237	251	134	184	58	238	238	253	83	123	235	95	179	252	235	234	238	189	158	143	249	135	126	247	232	
230	205	212	159	254	43	238	252	219	170	185	94	205	106	61	66	123	231	127	243	112	99	223	254	62	62	175	252	149	123	213	130	
126	186	216	146	239	153	239	232	123	151	188	58	238	254	95	80	123	235	255	147	250	106	234	243	252	159	223	253	183	126	255	192	
1	62	220	181	114	142	121	55	48	101	102	245	53	7	130	80	38	45	23	140	161	220	69	78	70	175	48	192	172	128	10	217	
102	138	175	30	233	97	189	202	154	127	17	185	72	172	127	27	173	223	243	147	54	115	174	243	81	54	88	255	213	117	7	222	
230	28	208	158	237	41	238	216	155	202	248	94	205	238	125	78	123	235	127	67	81	35	222	242	62	126	175	188	151	127	215	145	
78	158	215	151	229	30	238	252	61	147	250	87	204	110	28	91	123	199	255	167	240	243	11	239	189	190	223	197	167	127	231	128	
148	140	212	143	159	63	238	233	31	178	186	50	222	111	169	69	123	199	78	186	106	177	73	254	252	150	143	52	151	127	197	128	
244	207	194	158	221	184	238	238	191	3	187	26	254	238	8	82	123	231	110	226	120	111	202	239	188	182	223	25	39	127	245	40	
212	88	159	252	12	110	77	148	160	146	166	16	247	115	17	123	65	228	125	106	105	69	243	40	209	235	242	16	32	241	64	42	
60	44	222	183	214	47	110	230	127	178	183	50	78	46	199	91	251	231	238	178	120	251	73	234	191	135	215	21	165	249	228	168	
108	99	88	96	234	9	125	88	35	156	52	173	15	7	195	26	6	221	229	74	64	96	139	0	198	209	37	149	98	178	15	147	
1	32	20	37	52	27	168	3	109	225	114	84	143	24	148	172	130	37	124	13	133	248	5	192	134	251	18	18	76	132	73	13	
254	17	230	4	251	82	146	65	169	197	199	187	74	252	47	214	214	117	249	49	52	227	180	138	59	117	9	91	199	47	190	87	
230	127	215	159	245	122	238	252	121	218	249	86	236	110	29	91	123	239	87	227	113	246	232	234	188	190	239	173	167	115	231	192	
64	181	189	253	28	75	129	47	222	179	138	24	183	181	64	11	129	54	105	17	49	233	211	29	201	166	117	52	208	104	21	42	
48	32	183	65	65	95	225	66	103	49	98	2	2	149	4	172	104	156	226	24	9	250	97	16	23	224	16	39	99	8	70	174	
91	54	127	106	235	116	57	89	175	76	247	167	93	223	166	116	167	31	255	135	165	195	174	208	82	121	42	203	142	134	167	247	
96	46	236	87	204	41	245	7	202	183	168	153	162	41	86	27	137	254	99	16	20	122	192	32	79	154	84	49	193	88	214	138	
84	56	251	90	138	208	49	200	188	17	230	162	93	247	161	120	35	55	238	128	16	75	174	112	209	163	126	139	160	80	39	51	
230	205	246	255	244	34	254	253	187	146	120	146	109	239	61	83	255	255	55	235	240	210	136	238	63	254	207	132	167	247	243	129	
27	48	246	244	35	159	120	88	191	248	86	169	95	255	247	46	183	125	253	5	132	209	171	204	219	251	45	130	38	164	7	119	
62	170	246	247	247	219	252	240	123	183	118	138	105	237	212	37	63	255	87	153	160	240	190	232	31	219	71	165	231	236	87	133	
215	241	145	161	130	12	44	136	122	240	2	206	213	210	73	251	54	221	120	250	245	84	159	64	188	168	79	100	168	49	139	20	
27	115	127	73	171	86	189	25	45	76	246	165	249	159	214	244	238	31	255	140	133	208	247	208	103	249	162	131	111	132	175	245	
252	205	231	150	237	62	254	230	123	178	234	82	126	110	33	219	127	239	234	226	120	255	159	238	253	166	223	32	231	125	247	168	
214	237	246	246	190	162	254	164	187	130	187	146	237	239	93	83	255	247	125	243	248	195	138	234	186	254	207	130	165	243	227	129	
94	220	246	247	151	106	126	190	127	179	250	118	73	107	29	91	123	231	127	178	184	217	143	234	191	255	223	131	175	241	240	2	
32	48	245	77	85	79	161	83	125	33	116	82	16	21	132	188	108	156	130	8	129	254	117	196	13	30	80	2	227	8	70	252	
11	176	254	245	123	223	184	120	239	248	86	173	253	223	187	43	182	61	255	21	132	249	163	216	223	255	123	183	230	164	7	243	
108	170	149	222	217	76	79	184	187	191	37	72	232	227	72	183	17	222	108	218	3	66	250	241	15	186	197	44	130	163	70	32	
86	148	246	244	190	31	254	184	223	251	146	43	206	125	156	35	183	213	255	37	160	97	41	220	186	222	79	214	199	236	81	87	
107	119	124	201	169	118	127	94	167	108	254	237	153	159	135	244	206	159	255	206	141	199	243	176	247	249	162	155	14	213	46	247	
221	189	189	100	171	123	87	232	248	242	174	56	215	53	203	59	179	86	204	98	125	117	168	8	251	195	101	55	226	121	133	103	
196	140	214	159	236	169	174	232	190	26	250	211	205	238	41	78	123	227	46	119	52	37	78	251	126	118	239	76	148	123	229	128	
212	77	198	159	206	44	238	175	173	146	187	50	254	106	137	95	111	231	110	226	104	239	203	236	189	50	222	26	229	123	241	40	
90	56	214	80	227	200	113	214	171	145	38	56	30	179	10	94	163	119	237	8	16	73	154	224	219	250	85	19	234	192	135	35	
82	34	64	180	83	142	57	51	57	39	66	221	143	7	2	93	166	157	237	133	40	94	213	198	148	246	154	194	36	4	39	25	
246	204	228	255	236	224	111	190	187	155	250	214	233	239	93	91	255	255	55	131	250	206	207	235	174	254	223	138	167	241	228	133	
164	206	196	147	221	59	238	238	63	179	186	50	236	126	73	81	123	207	110	243	122	126	203	255	253	150	223	117	151	127	245	136	
67	144	7	79	25	150	224	80	230	0	226	68	72	184	180	246	232	68	106	220	137	245	177	69	3	122	195	2	67	2	98	164	
175	48	124	217	237	159	121	24	143	232	54	189	221	223	214	180	134	60	255	12	130	212	235	211	71	217	33	243	6	140	92	119	
43	54	126	77	45	127	121	122	239	108	126	173	254	157	150	52	134	20	255	44	165	241	97	220	71	89	33	147	78	204	92	119	
107	114	57	233	45	93	253	93	143	110	118	237	159	221	146	228	135	31	255	13	161	113	235	144	231	249	43	178	94	156	213	113	
114	34	118	108	75	11	145	73	171	44	176	171	46	143	4	148	174	149	231	160	8	99	130	216	144	144	1	187	97	132	39	33	
147	243	195	147	162	3	188	93	59	250	17	247	12	207	90	143	63	10	147	143	197	214	140	192	170	80	221	166	15	246	186	221	
244	206	84	155	223	62	238	236	127	18	184	50	222	110	137	91	127	195	110	186	250	99	79	255	189	178	207	84	183	127	229	32	
198	30	220	151	236	63	239	181	191	254	190	30	253	110	63	75	123	231	127	155	96	120	109	250	124	223	255	145	149	123	213	104	
107	50	123	72	104	84	121	16	161	76	246	173	89	223	150	244	78	157	255	140	129	82	247	208	87	249	32	138	70	132	38	245	
212	132	86	129	150	31	110	224	61	178	178	59	78	42	129	85	251	213	238	163	120	227	9	222	188	210	199	86	229	121	229	6	
73	40	145	100	33	12	0	2	107	160	162	8	159	19	64	214	135	85	236	28	9	72	193	0	136	241	5	48	138	164	11	48	
51	164	103	81	67	82	174	233	125	98	114	194	73	246	148	181	123	220	50	172	33	242	173	202	63	238	135	134	99	160	231	228	
97	130	151	92	60	30	160	8	254	152	114	96	196	248	188	226	209	100	106	24	133	225	171	93	12	58	71	94	81	32	75	5	
150	62	61	30	186	83	150	232	222	242	152	255	244	124	140	161	191	113	251	163	229	229	47	127	58	3	111	183	93	118	173	87	
227	238	236	23	207	29	254	174	107	62	52	95	40	40	222	159	167	67	245	207	230	110	238	241	54	90	93	187	79	244	219	205	
119	139	237	79	10	80	169	168	103	85	229	162	105	78	159	230	124	212	251	200	134	75	239	245	31	42	207	207	87	134	126	236	
100	140	208	158	204	41	238	232	31	147	227	139	228	234	105	93	123	235	42	151	58	103	203	251	188	182	223	42	149	121	113	140	
89	166	140	125	40	6	77	168	160	146	128	193	247	98	16	147	205	229	125	175	40	195	203	12	200	235	239	148	136	96	42	0	
210	153	55	180	67	204	53	103	173	92	98	141	46	159	34	83	164	51	235	69	80	201	18	77	177	242	90	2	0	4	167	91	
74	51	200	165	96	24	124	26	35	232	242	237	143	3	194	150	150	197	253	196	77	80	209	192	198	241	173	129	42	164	10	19	
247	94	229	95	139	93	92	186	133	254	151	253	106	62	95	59	205	215	253	195	252	76	123	224	151	90	220	147	167	117	148	95	
102	226	174	22	169	120	92	136	139	247	166	153	202	236	95	30	129	198	237	6	140	67	234	224	154	82	197	63	194	253	204	86	
102	56	255	90	233	208	16	200	251	25	176	104	72	255	229	184	205	243	239	144	14	107	138	113	27	251	100	187	210	64	110	151	
36	172	212	151	204	11	238	232	63	178	168	18	198	106	89	3	123	199	74	227	112	245	77	255	188	22	207	116	213	120	211	132	
9	156	94	113	112	174	121	55	52	69	102	149	181	39	2	25	7	59	51	140	178	220	49	79	79	175	112	192	168	128	3	216	
58	34	87	72	106	66	56	80	161	4	244	233	9	135	36	156	110	157	227	128	0	147	130	208	86	241	128	139	99	132	46	129	
248	157	148	92	169	93	84	175	219	186	164	56	110	179	229	255	129	214	236	0	109	111	242	146	187	211	85	63	210	252	200	47	
88	62	176	165	3	12	86	51	50	170	234	205	223	37	64	144	53	213	237	5	137	122	209	2	249	199	45	48	106	236	3	16	
236	111	154	180	229	46	118	150	51	162	11	89	198	161	65	26	145	236	109	94	12	84	216	2	254	151	69	52	168	251	218	2	
103	233	208	64	249	156	82	134	235	177	174	136	138	178	198	246	199	212	232	88	223	106	223	225	62	252	5	127	202	134	202	12	
38	140	218	158	244	137	238	232	27	3	240	43	244	250	105	112	251	251	51	139	34	122	206	243	60	190	143	110	149	120	115	134	
189	196	101	43	77	71	231	232	84	122	113	19	83	93	57	25	121	200	19	239	105	246	25	63	101	138	101	36	113	251	114	224	
88	52	123	176	34	88	54	40	121	194	98	169	95	254	0	112	183	245	236	33	37	81	173	10	251	231	37	135	32	32	39	19	
108	215	213	103	186	14	23	188	43	190	41	237	223	103	137	95	151	86	236	98	121	64	217	60	236	214	101	116	218	243	132	51	
116	113	225	69	195	110	71	24	97	238	239	44	83	37	203	94	120	204	100	106	9	242	253	8	117	164	101	4	235	243	70	119	
113	107	40	42	28	157	210	120	194	140	185	15	51	200	27	16	152	169	68	231	206	35	222	29	242	205	33	57	121	11	75	66	
33	44	245	85	82	110	105	51	121	231	110	20	49	35	132	119	35	46	2	12	49	252	181	78	13	190	18	64	107	128	103	248	
84	255	249	230	226	75	86	184	91	174	58	234	71	117	200	50	51	220	100	98	68	112	173	42	254	199	37	183	224	251	134	35	
116	132	212	172	205	10	110	232	123	178	226	139	66	42	45	91	251	221	42	166	104	115	201	207	188	190	199	63	181	120	98	134	
53	24	254	77	126	2	144	43	216	136	242	103	80	56	140	82	248	68	113	33	164	243	71	13	68	42	96	82	77	40	114	131	
99	34	36	92	25	156	200	40	239	148	164	8	194	204	214	118	192	100	104	92	150	101	239	21	3	60	131	60	208	6	86	100	
103	172	213	191	188	10	238	169	127	178	178	67	239	122	29	37	123	199	127	167	126	227	207	255	188	190	207	20	229	248	115	2	
87	172	213	150	206	9	238	232	191	147	178	74	230	250	93	107	123	231	123	247	60	99	207	255	188	190	223	30	133	121	115	12	
44	181	100	75	221	253	243	252	197	93	125	45	107	92	30	183	137	194	198	118	254	170	126	189	111	89	5	107	243	79	222	215	
84	162	255	121	186	66	59	184	180	12	242	225	209	239	128	80	119	221	237	162	40	197	235	66	200	227	103	193	161	160	37	33	
102	178	165	87	141	12	132	174	203	63	184	119	192	104	92	22	201	87	237	209	154	105	203	241	13	50	253	254	201	64	214	159	
81	72	191	252	12	108	69	148	225	146	166	24	247	179	1	123	65	244	120	42	9	71	243	32	209	175	208	24	32	241	66	42	
71	166	210	151	252	15	190	232	187	178	177	203	204	234	124	3	255	205	127	61	166	99	202	219	60	62	207	254	148	106	67	135	
111	37	84	65	87	31	234	232	121	32	110	14	74	72	31	181	50	196	194	110	132	240	157	204	54	122	1	7	111	167	107	132	
118	140	212	159	236	11	238	232	223	50	176	26	198	250	60	83	123	231	123	163	104	115	72	255	188	190	207	52	181	120	209	130	
49	249	91	34	91	201	19	232	235	64	168	11	54	219	110	16	186	241	66	82	71	35	154	117	249	128	5	123	105	11	39	202	
230	35	195	94	200	48	103	236	179	134	236	220	98	227	236	214	124	254	162	138	8	99	170	99	27	54	196	10	195	243	230	164	
113	113	122	74	95	149	146	72	105	0	165	10	50	216	39	48	186	153	82	98	206	35	190	93	83	77	1	59	113	35	111	230	
55	20	5	69	157	31	175	168	69	178	234	70	195	104	149	167	93	212	122	237	169	240	125	156	37	90	197	22	207	126	80	164	
215	108	237	133	22	14	79	254	113	234	150	222	19	44	151	43	63	197	93	239	233	221	165	74	176	42	239	180	37	241	19	125	
77	225	17	140	45	157	66	136	171	176	164	76	206	211	192	148	136	128	76	76	75	34	250	81	185	220	1	62	82	6	75	100	
7	166	115	81	242	89	186	232	121	32	116	234	9	232	148	181	55	93	70	40	165	242	172	194	62	95	5	231	231	164	107	165	
118	164	85	151	254	11	238	232	191	178	176	74	230	106	93	115	123	215	127	171	120	99	207	255	188	158	207	124	165	120	115	132	
224	48	191	81	100	175	113	19	233	59	50	88	150	27	68	59	133	53	86	24	145	252	240	64	79	152	112	64	192	128	67	163	
180	237	194	147	212	43	238	238	63	179	171	219	198	234	73	81	123	255	75	246	112	247	200	254	188	150	207	118	133	123	195	132	
39	140	245	247	252	138	238	169	127	130	242	67	236	122	29	119	251	231	127	167	124	226	203	239	172	190	207	16	197	120	99	130	
37	251	59	72	210	151	99	253	98	8	108	72	18	209	240	52	148	8	18	120	211	59	48	127	123	141	37	108	113	130	226	169	
45	189	244	75	249	219	195	216	199	85	44	4	73	67	143	182	27	74	194	120	54	162	124	63	110	221	5	125	243	222	206	198	
21	188	30	19	147	219	178	224	254	179	34	0	246	210	105	161	179	123	74	48	119	233	26	60	169	198	7	115	200	88	139	134	
21	140	87	147	148	139	238	224	125	130	242	3	237	250	61	97	123	251	59	183	32	243	11	254	188	158	207	64	133	40	97	132	
71	140	211	151	228	9	238	232	127	179	242	75	230	250	125	109	123	239	63	159	112	122	203	251	188	190	223	32	181	120	113	10	
100	140	213	159	220	137	238	232	255	51	226	27	228	234	45	81	123	247	107	163	50	123	73	255	188	190	223	118	149	120	209	142	
0	153	191	87	96	236	177	55	108	25	126	116	180	183	164	100	38	58	51	8	145	184	51	101	69	190	114	194	72	64	133	187	
23	172	210	151	244	139	238	224	251	162	242	10	198	234	125	120	123	239	27	159	52	243	140	234	188	158	143	100	165	120	115	128	
117	37	138	44	208	6	70	27	160	134	170	69	115	227	17	82	88	238	72	188	104	131	144	74	248	172	133	24	136	242	98	2	
141	188	158	179	180	187	182	195	254	243	34	29	223	208	98	2	131	107	74	23	39	233	26	62	232	195	7	117	216	104	139	130	
23	140	212	159	188	11	238	232	63	19	178	146	230	122	29	71	123	195	123	167	58	227	75	255	188	190	207	84	181	120	225	128	
42	176	97	58	207	193	177	204	154	117	49	187	136	220	94	0	217	27	195	145	22	106	202	241	93	16	159	239	215	12	215	250	
103	140	212	159	252	11	238	232	159	147	242	67	230	122	61	111	123	255	59	183	122	250	79	254	188	190	223	2	181	120	113	140	
119	172	212	222	254	139	238	232	187	162	176	74	238	250	125	117	123	231	127	179	124	99	202	255	188	190	207	124	181	120	115	2	
90	186	215	210	98	216	56	192	187	48	226	233	76	247	168	208	39	255	239	128	4	211	140	224	30	227	103	171	35	160	47	135	
84	45	214	182	150	138	110	224	253	162	226	67	238	234	37	75	251	239	107	183	120	249	9	238	188	174	223	0	165	248	97	10	
119	140	210	158	254	137	238	232	155	130	240	11	230	250	61	113	123	235	59	167	108	99	202	255	188	190	207	56	181	120	113	130	
50	34	54	97	10	11	153	66	110	44	178	171	135	140	132	36	172	149	236	129	140	233	101	16	145	192	27	179	97	8	7	141	
100	141	221	159	252	11	238	170	255	178	186	74	212	106	41	83	123	199	106	190	112	115	79	254	188	190	207	20	148	120	97	0	
135	63	11	145	234	243	173	115	158	250	20	244	156	167	226	45	15	41	18	188	241	222	100	90	108	16	47	236	220	240	135	241	
98	193	165	31	45	216	200	140	206	84	128	137	226	204	92	98	128	96	249	69	142	97	238	185	133	48	139	187	84	30	87	70	
54	172	209	151	254	139	238	232	59	179	176	11	230	250	93	116	123	235	91	147	46	107	202	255	188	158	143	126	181	120	115	134	
116	205	198	159	220	43	238	206	63	179	234	19	70	234	121	95	123	223	59	215	122	245	201	251	188	238	207	52	181	249	241	128	
70	44	210	150	246	136	238	224	61	130	242	11	228	250	93	121	123	255	123	191	36	242	202	238	188	190	207	8	133	120	97	142	
113	184	190	114	44	157	241	192	234	60	52	44	214	152	70	51	171	99	110	16	134	105	186	48	219	201	37	51	65	8	71	163	
149	44	154	183	150	42	54	194	250	243	74	59	87	248	67	27	179	111	112	55	52	221	140	42	184	167	79	103	172	112	155	130	
94	127	18	254	27	209	22	104	191	132	232	3	108	222	37	212	250	249	203	194	78	3	26	255	179	244	15	59	51	55	47	6	
242	52	173	165	44	75	145	43	130	255	146	189	183	60	210	67	129	37	125	5	140	73	231	0	216	35	249	181	36	0	22	91	
71	168	247	252	124	134	248	168	187	130	242	162	253	234	29	83	255	245	63	177	252	226	198	201	223	254	207	136	165	160	99	32	
7	140	215	255	246	139	254	232	191	51	242	98	239	250	189	101	123	239	63	163	118	241	11	255	188	190	207	68	181	248	113	2	
1	130	140	187	116	171	168	89	94	49	83	82	213	64	152	72	91	12	34	29	18	252	79	23	12	134	187	100	156	136	81	128	
33	103	70	77	84	27	166	96	92	32	122	194	192	8	149	164	122	76	98	111	197	176	69	94	36	44	131	0	85	186	121	132	
139	126	237	17	250	63	169	222	124	234	28	254	189	4	147	41	39	99	87	189	163	220	103	110	108	15	189	160	141	208	19	249	
41	50	245	93	109	29	225	24	123	124	116	76	234	101	148	180	157	84	98	12	129	114	250	193	15	186	69	50	82	168	70	245	
101	104	88	194	108	137	232	72	239	176	177	74	130	200	221	10	170	137	74	87	6	103	206	112	20	24	3	60	85	139	91	132	
238	88	228	90	141	116	83	168	229	214	135	149	234	78	95	223	201	224	253	214	140	197	127	230	139	119	215	219	166	119	124	86	
38	140	86	147	252	139	238	232	159	147	240	19	196	235	61	65	123	235	27	179	62	243	74	254	188	158	207	78	213	120	241	130	
54	33	130	136	205	225	192	72	135	180	161	27	2	200	97	10	233	241	75	145	24	99	202	208	153	0	139	127	209	73	118	134	
71	12	211	151	246	139	238	224	125	162	242	74	236	250	125	109	123	239	63	187	52	242	8	238	188	158	207	0	133	120	97	138	
118	128	212	159	220	11	238	232	31	178	224	10	229	234	93	95	123	207	106	177	42	98	203	249	188	178	207	60	149	104	113	128	
253	211	213	69	179	30	70	184	107	176	39	204	79	103	205	246	23	212	236	122	209	116	205	30	46	248	5	116	106	183	200	53	
88	50	122	228	82	66	120	90	113	128	226	233	95	223	0	112	55	157	239	160	44	82	133	76	223	227	39	13	37	128	39	19	
117	172	218	182	246	10	102	192	59	162	106	91	102	225	72	16	51	238	96	30	48	250	136	106	124	164	5	42	168	240	218	130	
102	48	227	20	233	120	84	138	171	246	160	137	74	236	95	58	137	213	233	21	158	67	254	192	27	16	69	63	194	245	86	86	
148	110	254	85	162	123	182	247	253	190	54	183	75	45	167	15	63	125	198	98	228	245	44	14	106	195	101	167	231	253	143	207	
215	126	78	177	74	32	60	80	172	246	155	231	13	206	243	75	38	237	239	231	228	213	142	64	84	0	239	165	45	246	41	213	
228	44	194	151	208	171	102	199	58	162	104	93	38	227	69	26	177	110	32	18	48	218	152	34	60	134	85	33	128	120	210	138	
35	32	118	84	107	157	225	80	187	56	100	8	120	209	132	180	182	92	114	76	2	241	186	81	31	58	5	34	67	128	67	165	
118	132	214	244	78	11	236	232	191	178	162	74	230	235	60	67	123	229	107	161	120	115	11	223	156	190	207	52	181	104	113	128	
57	233	27	34	117	221	66	224	163	172	188	8	191	129	194	144	136	168	196	78	79	59	232	61	243	213	37	177	98	14	74	9	
73	93	239	23	162	58	127	54	248	206	118	244	255	102	151	123	55	247	252	15	225	216	165	106	228	47	126	128	196	245	7	121	
41	40	246	94	79	208	248	72	235	80	240	42	105	202	182	50	106	229	226	193	7	99	174	241	18	42	131	41	111	166	110	132	
27	118	175	67	177	118	27	158	39	207	94	245	255	255	219	172	23	90	149	28	139	144	53	162	235	93	60	194	206	215	165	121	
24	174	222	85	166	58	181	166	248	190	54	178	111	40	132	175	39	119	236	35	32	249	45	172	12	227	119	151	231	120	207	169	
102	187	141	51	188	12	129	188	202	125	178	236	240	108	220	2	205	87	109	81	139	104	203	49	12	130	255	252	201	10	215	57	
72	251	146	86	41	152	50	208	235	136	55	100	172	211	227	86	166	116	108	90	130	73	138	224	218	244	39	235	10	130	43	31	
35	162	234	3	215	63	248	79	91	231	101	159	0	168	94	140	253	12	130	29	151	190	213	194	30	29	156	103	205	206	250	220	
96	136	212	94	201	208	20	174	211	19	160	136	98	236	12	114	201	218	234	128	62	107	238	241	31	250	213	127	211	64	238	142	
221	13	191	52	170	122	55	162	232	246	134	56	215	182	195	123	35	116	124	106	113	69	164	34	241	163	103	29	160	113	135	99	
112	227	40	42	24	201	82	136	227	120	144	73	179	220	92	49	216	137	125	195	206	35	206	53	219	1	161	189	112	3	94	70	
38	160	218	159	220	137	236	233	30	146	224	10	228	234	124	80	123	235	34	129	34	115	202	251	60	166	207	108	181	40	115	128	
143	95	126	115	169	255	223	176	157	206	30	189	239	253	151	165	135	115	221	71	253	236	122	174	235	219	101	211	78	255	141	119	
110	88	229	150	203	108	188	168	139	250	16	155	92	252	93	154	165	119	249	67	193	69	218	224	29	51	207	191	135	117	215	114	
139	254	109	95	34	28	173	191	56	126	84	244	189	6	158	37	7	27	21	14	227	220	117	127	100	43	126	128	92	208	139	249	
62	181	116	105	219	219	214	232	79	244	124	173	75	108	30	151	59	210	198	115	214	48	127	191	47	91	69	87	119	206	206	214	
149	134	23	97	186	31	22	232	238	186	186	96	214	114	168	33	181	85	110	34	173	193	41	28	185	146	111	22	64	122	33	37	
212	57	95	245	170	202	88	1	171	184	3	57	87	19	65	91	162	53	125	114	120	217	153	4	203	233	105	215	40	33	130	3	
109	81	213	101	168	47	87	152	3	248	59	236	222	117	137	158	150	84	236	110	137	224	121	8	132	254	101	150	202	255	66	113	
34	178	159	124	104	68	144	200	186	24	240	96	96	254	100	144	220	93	231	208	4	67	138	80	27	177	239	187	81	32	110	131	
143	154	233	93	98	82	175	59	56	202	116	244	249	102	150	253	23	125	181	175	225	212	254	95	68	47	123	132	93	228	11	245	
85	40	188	48	173	249	85	142	239	191	164	57	14	184	71	26	129	195	108	16	22	111	162	16	219	219	85	127	210	117	207	71	
111	94	212	94	107	153	22	168	207	202	124	236	106	242	167	246	86	244	238	110	197	35	207	255	54	126	69	155	122	190	74	21	
215	118	206	165	98	34	184	26	184	115	82	247	93	46	158	139	55	197	241	167	165	215	133	202	84	34	234	132	237	245	43	213	
33	161	238	60	72	209	176	200	230	80	240	34	241	250	54	34	200	225	122	193	31	227	206	81	16	107	139	47	77	34	107	134	
71	180	172	189	138	7	158	168	22	242	130	239	213	124	16	33	31	213	123	161	165	67	95	94	253	7	111	180	221	120	9	17	
85	233	41	40	26	197	91	236	230	68	136	9	151	222	114	96	224	233	89	213	78	11	254	53	249	13	143	125	48	2	35	66	
35	226	232	27	227	153	188	205	91	123	116	155	168	232	222	172	191	107	179	141	214	126	206	243	14	29	220	235	221	214	219	140	
88	18	206	101	48	6	73	27	52	164	230	197	199	39	130	80	86	149	237	172	168	208	113	14	206	231	175	128	96	160	36	112	
113	225	120	98	217	156	82	5	98	165	172	8	51	152	94	48	144	238	72	92	94	58	244	42	251	237	4	121	97	2	202	78	
99	59	72	5	96	10	124	23	41	232	250	237	131	11	214	18	134	141	93	132	140	216	193	64	230	184	177	160	40	160	74	219	
0	176	155	251	145	236	177	71	62	11	105	16	180	151	104	24	163	59	19	16	19	156	18	83	205	133	26	98	144	64	167	187	
100	166	243	86	242	75	55	248	123	162	99	170	86	241	200	55	51	254	98	48	32	242	141	110	126	38	69	47	231	234	70	161	
226	230	238	18	238	80	252	239	251	119	183	187	72	44	222	23	171	199	225	133	246	91	174	247	62	26	221	239	197	214	254	78	
178	220	110	94	13	241	215	230	215	87	165	29	106	124	54	29	201	162	193	131	236	39	122	255	51	118	208	27	83	92	254	94	
81	168	142	181	44	234	193	135	234	249	130	57	247	184	80	42	129	102	125	1	12	233	203	0	200	227	125	53	140	104	217	10	
249	172	140	180	173	13	73	11	162	249	134	25	215	241	82	235	129	230	125	29	61	77	219	0	217	195	253	252	40	44	154	66	
212	88	191	252	13	108	85	22	176	146	166	24	118	183	97	122	161	244	104	10	9	69	178	32	209	171	80	24	160	113	70	42	
173	197	5	91	236	3	198	168	214	154	180	112	210	113	153	175	89	64	114	106	105	103	75	63	44	139	229	156	95	121	248	160	
116	233	66	106	29	201	86	237	193	164	168	11	35	201	45	16	248	240	201	99	76	35	136	189	179	192	133	59	115	62	246	10	
70	232	212	253	124	10	232	169	31	176	242	66	237	106	20	66	251	197	127	177	50	228	203	221	140	190	207	28	133	168	113	132	
154	10	4	17	1	175	169	19	60	45	242	213	166	1	16	136	44	37	109	13	136	188	81	77	197	34	58	208	65	8	1	58	
228	141	199	151	212	11	238	235	126	179	234	90	228	226	89	91	123	207	106	186	114	243	203	107	188	38	223	36	133	120	241	136	
199	124	105	3	242	175	171	152	126	240	7	222	81	70	223	49	54	205	123	255	163	84	189	126	60	8	171	228	173	179	3	116	
94	255	18	190	27	133	22	224	191	140	232	73	110	250	37	212	252	251	207	194	78	3	10	255	179	244	15	59	18	55	47	7	
94	6	222	164	131	114	56	0	169	182	139	179	77	106	107	219	51	245	237	163	60	197	141	194	210	231	91	135	165	103	45	2	
118	128	198	229	221	10	108	232	59	178	226	11	67	42	84	80	121	205	35	160	40	242	201	220	156	178	199	39	165	104	114	130	
201	126	236	84	230	58	255	150	112	234	22	254	249	45	147	43	47	246	221	175	164	244	229	238	118	111	254	128	175	245	91	121	
6	132	215	149	84	139	232	236	255	146	226	66	228	234	60	73	123	237	42	169	32	243	11	253	188	182	207	68	181	56	113	128	
98	121	106	30	237	209	214	194	249	196	164	173	34	204	119	22	200	234	203	67	78	107	254	233	51	80	148	27	71	31	126	94	
166	237	244	211	252	171	254	231	223	179	56	26	206	232	124	0	251	235	127	19	242	121	74	255	190	158	215	244	213	250	209	137	
141	238	108	81	198	179	253	151	118	250	127	210	25	15	214	41	55	146	183	188	240	220	45	214	111	11	247	197	231	240	193	163	
22	172	214	182	215	139	236	233	127	146	226	2	231	234	125	3	251	235	107	153	40	243	155	236	157	154	207	32	229	104	99	136	
72	56	19	240	97	220	80	87	169	137	32	88	190	151	0	212	132	55	204	0	1	73	130	224	149	240	20	2	2	4	139	43	
25	4	148	45	27	83	137	43	54	244	134	130	221	34	2	227	51	237	234	172	37	217	117	95	200	231	75	21	27	36	9	68	
46	176	48	178	203	213	176	200	154	241	21	187	204	221	76	142	159	91	211	145	19	99	218	241	29	81	31	255	223	12	159	243	
217	0	132	165	45	10	81	59	58	162	71	16	223	51	2	214	210	68	125	45	40	216	195	14	204	255	223	19	46	228	27	73	
194	140	214	158	254	168	126	167	191	19	218	18	236	234	100	66	231	231	127	129	112	77	139	243	188	190	223	202	148	120	161	9	
33	101	66	13	92	11	166	104	92	36	234	2	64	136	52	32	120	204	66	235	68	179	69	94	52	44	131	0	85	58	115	132	
205	154	173	31	170	244	185	159	190	95	86	244	244	246	218	107	7	118	254	29	147	220	239	113	76	43	127	192	140	212	129	249	
87	179	165	58	12	133	192	152	231	252	152	101	202	200	90	6	137	193	108	213	143	97	207	113	152	20	71	255	217	6	105	95	
157	198	108	89	198	123	237	159	126	123	87	114	89	125	158	105	51	142	55	175	178	180	45	87	103	47	251	197	247	208	213	225	
114	96	10	96	9	149	88	72	161	40	184	137	33	202	109	16	216	177	223	229	76	3	210	20	145	193	169	187	105	10	42	2	
125	213	127	110	157	70	71	184	101	40	239	8	83	115	41	119	112	212	124	106	121	179	121	44	243	233	225	84	107	179	98	34	
82	34	60	44	110	10	177	11	126	4	66	11	134	200	20	64	242	13	105	5	128	114	199	16	20	40	11	10	85	8	113	161	
121	41	10	32	176	205	66	148	34	105	172	9	179	151	83	16	144	142	93	92	27	75	216	49	251	205	33	249	106	130	90	82	
0	32	94	64	74	137	176	72	234	128	225	42	8	211	4	20	42	188	99	8	0	227	146	80	22	40	3	42	97	128	99	162	
52	62	139	22	210	76	39	212	186	239	96	93	102	224	107	152	49	110	32	22	35	218	154	42	56	6	117	32	200	112	239	219	
80	186	188	183	174	120	80	23	235	189	158	40	199	120	210	106	131	118	252	1	156	105	231	33	218	231	125	243	228	234	159	7	
124	169	168	34	189	65	91	141	226	189	188	9	51	187	82	18	201	199	125	220	14	75	234	48	251	205	173	253	128	38	214	74	
135	22	237	31	186	43	47	154	31	115	85	244	212	100	155	47	23	66	90	47	179	68	127	115	36	50	120	148	220	253	129	245	
60	86	84	69	175	59	86	186	87	178	54	236	203	33	131	189	95	92	164	42	232	244	109	154	166	211	69	55	127	253	90	133	
141	189	109	81	242	247	59	187	62	119	29	180	221	103	218	177	23	83	147	62	179	92	63	127	110	75	101	228	142	197	133	241	
102	229	239	22	206	192	189	237	186	119	131	155	64	236	94	19	171	215	243	131	118	107	190	119	125	6	223	111	197	82	247	214	
7	86	213	21	234	43	188	191	61	242	50	255	204	110	199	27	39	103	106	38	229	212	95	104	12	26	85	150	205	252	137	21	
113	161	168	164	172	105	89	158	162	237	158	41	211	177	210	50	129	230	125	28	14	75	235	0	218	205	173	249	164	162	222	67	
168	38	212	101	210	15	111	59	48	162	234	200	89	35	65	147	63	221	194	168	32	242	205	14	108	143	101	36	107	224	10	168	
188	127	190	18	211	119	55	212	178	254	189	61	89	245	235	191	61	254	198	242	247	231	184	42	123	193	37	239	227	119	174	247	
119	131	124	28	122	25	94	232	255	52	164	173	104	202	207	84	183	199	238	102	198	3	175	211	54	62	69	191	117	134	74	71	
187	63	166	87	187	118	159	246	81	255	247	55	104	61	151	47	204	247	213	254	189	223	121	174	123	123	244	147	235	245	174	255	
18	50	23	229	26	6	128	74	54	169	210	246	212	22	128	132	236	157	127	128	41	217	65	28	128	162	187	146	41	0	35	183	
66	0	76	237	66	14	105	19	53	164	98	133	197	39	16	80	118	140	43	140	8	216	211	64	85	170	217	128	32	128	32	56	
95	122	248	94	169	52	94	156	155	74	93	229	122	255	223	126	215	123	181	207	142	70	234	227	195	127	124	138	150	247	38	127	
205	190	45	18	238	253	53	183	122	255	22	127	124	52	195	139	37	230	238	151	179	122	187	110	60	35	117	194	140	85	157	121	
122	214	111	126	43	94	215	252	137	94	125	37	106	125	46	127	149	85	245	99	236	69	58	175	115	123	84	151	115	119	214	127	
68	168	214	154	79	137	64	136	175	148	162	9	230	195	106	22	3	226	106	92	2	97	10	117	154	18	5	123	98	142	8	6	
143	244	237	83	178	114	191	159	122	215	93	180	221	126	218	32	23	95	213	63	243	212	172	67	110	15	47	196	206	245	163	241	
19	32	197	37	34	6	40	2	60	161	226	244	213	6	128	80	54	149	126	141	1	220	69	76	132	170	122	128	41	0	35	184	
103	190	137	18	232	36	173	191	58	127	54	253	148	166	194	27	135	95	164	22	245	90	171	115	60	22	255	254	136	113	135	253	
93	182	138	182	211	195	103	240	118	230	198	30	78	224	91	152	49	238	234	187	121	211	190	110	185	7	101	77	170	118	174	80	
98	137	212	90	73	221	82	128	203	189	160	137	34	206	100	118	201	242	234	80	14	75	202	177	31	48	5	123	82	14	70	14	
220	38	218	242	170	104	81	3	178	183	167	57	95	247	75	91	35	255	237	16	56	71	138	2	219	227	119	125	160	225	175	35	
100	186	156	83	233	153	180	198	234	185	176	125	0	186	228	154	137	127	238	16	22	107	138	112	28	146	125	255	216	96	143	151	
48	33	114	40	77	193	146	72	226	0	160	9	43	216	118	146	200	161	234	193	78	35	206	209	81	80	131	59	87	6	118	134	
218	202	30	188	42	128	28	166	188	22	134	181	237	143	34	91	231	113	237	199	108	205	3	125	208	227	126	155	52	52	45	27	
135	180	233	17	226	122	189	159	58	87	85	244	157	119	218	44	55	90	19	159	243	212	255	67	78	15	127	196	174	240	131	245	
223	156	181	94	178	118	23	184	22	234	31	116	92	119	169	241	149	95	181	62	185	193	57	63	233	47	109	214	154	247	4	113	
121	97	8	42	25	157	90	104	34	224	164	141	187	204	82	48	156	160	220	102	204	3	216	60	243	217	129	57	75	15	90	82	
217	206	142	189	10	40	100	183	180	18	66	213	247	227	34	75	97	102	40	135	100	220	199	35	196	163	254	1	40	112	169	10	
187	76	38	28	13	149	142	96	212	194	192	159	160	200	55	135	72	224	218	239	237	231	86	173	49	106	202	24	95	61	122	220	
75	49	1	177	97	140	109	23	56	201	98	93	188	150	0	16	132	47	91	13	197	216	176	78	133	60	58	0	8	4	131	216	
65	6	117	85	36	75	225	35	108	233	178	120	246	56	132	39	138	38	126	41	169	248	101	76	132	58	114	146	68	40	85	45	
182	212	237	30	15	117	215	140	159	95	189	159	98	124	62	127	217	210	237	3	238	103	123	179	19	118	213	155	245	127	212	87	
86	235	137	162	141	197	74	200	163	189	144	73	47	203	88	130	169	195	253	213	14	75	202	241	187	213	175	255	179	6	62	2	
96	114	33	40	108	205	67	24	194	232	145	109	182	204	81	80	216	161	79	99	139	35	202	29	212	20	161	188	88	43	86	19	
50	101	3	140	93	67	134	104	222	100	232	11	66	200	52	132	248	232	74	99	76	35	12	94	49	36	139	59	81	62	116	198	
125	85	119	78	61	30	71	184	225	136	239	64	82	115	169	245	80	244	108	106	201	163	121	44	243	251	5	20	114	179	112	34	
142	222	237	115	180	255	239	151	63	255	127	246	201	47	223	153	55	111	183	154	225	220	61	246	46	223	245	164	255	209	212	219	
41	34	200	85	113	95	233	25	50	229	229	156	139	39	214	156	24	12	224	140	13	250	241	76	79	255	81	49	66	132	78	240	
114	1	134	164	77	10	228	104	43	160	234	10	66	162	100	210	121	205	106	160	12	243	129	72	157	162	199	51	97	106	114	130	
37	98	202	66	69	63	226	216	83	170	183	78	66	200	93	156	89	204	66	126	136	246	217	10	31	28	133	36	201	251	90	164	
37	102	136	66	92	63	194	216	82	174	189	76	66	192	255	156	217	72	2	126	140	118	72	26	94	29	37	125	219	251	90	132	
54	93	175	114	139	247	214	240	141	206	191	39	74	252	39	62	221	243	245	115	221	167	58	234	59	94	197	155	195	119	246	87	
41	50	206	212	77	215	65	24	222	237	86	172	83	214	134	242	80	188	238	0	141	206	247	141	79	243	241	145	14	44	92	117	
113	232	56	58	29	193	147	200	194	20	160	9	182	216	94	16	200	129	91	193	78	35	222	49	209	9	139	63	113	11	114	194	
99	179	159	141	44	221	145	89	202	220	156	108	244	212	238	34	212	53	238	65	199	65	250	145	140	49	43	190	12	42	31	245	
111	186	184	242	235	245	153	202	139	253	148	58	140	252	223	142	143	115	223	17	22	99	234	240	31	89	31	255	215	117	143	215	
41	51	172	157	109	213	73	25	135	220	215	44	250	199	194	102	92	184	238	136	143	194	243	149	207	129	161	185	42	170	28	113	
142	223	252	255	181	122	223	190	31	126	61	244	255	47	159	203	151	87	213	227	179	252	121	255	174	255	125	151	223	247	205	121	
159	127	126	127	169	125	95	190	189	206	158	181	255	125	159	175	135	115	253	103	253	229	59	238	235	219	109	155	206	247	141	127	
110	250	176	214	233	116	189	200	171	255	180	56	108	254	223	158	175	247	253	147	214	71	234	224	95	91	223	191	135	117	143	215	
62	111	18	190	121	133	22	224	159	12	248	105	110	251	33	144	204	251	199	194	78	43	10	255	179	245	15	187	82	55	47	139	
166	173	212	147	252	171	238	239	159	179	250	26	238	232	124	64	251	239	127	19	114	122	203	255	188	30	223	244	213	120	209	136	
96	128	214	157	92	171	224	106	62	178	226	74	228	226	104	80	123	173	106	161	32	247	199	95	156	166	203	44	21	40	113	128	
89	50	166	37	25	87	89	27	231	237	134	5	219	182	2	238	200	133	236	128	141	205	243	156	219	243	219	177	2	4	45	94	
223	94	250	127	183	126	255	182	59	126	126	255	219	189	183	237	183	127	181	175	181	124	172	250	230	255	101	174	255	245	199	245	
223	126	235	119	182	124	255	182	57	206	94	247	249	253	151	47	183	127	149	175	181	248	180	234	230	251	254	160	239	245	223	253	
120	32	206	164	79	126	105	26	51	237	70	14	79	163	2	223	48	204	245	12	1	88	177	148	215	227	113	133	42	164	94	91	
3	189	181	83	186	221	191	166	158	113	12	240	188	246	196	174	135	123	250	81	215	72	191	243	45	22	95	106	156	82	133	253	
118	31	238	70	206	104	95	178	193	230	158	175	114	109	215	91	14	246	125	231	156	99	255	40	119	40	229	153	229	251	84	87	
93	15	154	183	178	54	79	151	118	207	206	116	255	98	131	252	119	230	108	156	189	201	165	46	232	231	63	144	168	240	169	13	
50	117	3	188	29	193	150	104	159	200	216	75	102	252	36	132	216	233	202	99	77	35	10	159	177	20	9	59	89	46	62	150	
130	173	246	213	254	171	254	239	255	179	250	26	238	232	116	1	191	235	127	17	178	249	10	255	188	158	95	234	213	104	195	137	
194	172	214	156	252	168	252	231	191	155	120	16	172	234	116	80	231	255	127	145	50	91	130	255	188	62	223	234	148	64	163	137	
95	158	252	124	43	222	93	185	189	222	246	165	255	125	159	175	151	245	253	37	237	109	123	205	235	251	101	155	222	164	15	119	
19	12	239	151	194	94	109	230	56	194	70	130	85	102	151	59	55	231	115	175	241	208	61	108	117	43	223	128	37	240	163	252	
242	33	66	237	92	42	104	75	41	128	250	10	11	138	4	80	122	141	127	160	24	155	193	196	150	248	130	200	37	130	226	128	
67	25	215	7	162	14	45	180	173	209	122	197	252	38	132	94	38	71	120	238	129	216	63	109	12	58	78	130	173	226	163	125	
2	188	246	252	254	173	252	247	191	155	240	186	172	255	52	40	239	251	255	145	178	235	130	255	62	94	95	234	215	196	163	159	
159	100	239	81	194	127	239	222	116	246	6	146	217	119	211	45	51	76	83	175	224	212	61	106	103	11	207	36	167	241	247	224	
114	198	104	8	90	89	93	239	255	116	172	143	66	206	118	16	191	129	107	164	174	99	175	87	123	8	5	127	117	180	70	86	
109	190	171	86	241	214	55	240	114	206	86	253	120	245	235	244	149	126	181	30	245	219	184	174	123	79	101	235	138	244	190	247	
57	207	81	79	53	159	70	190	119	40	254	72	235	97	133	244	19	234	204	106	234	184	105	63	162	255	37	22	114	250	72	41	
121	233	104	96	120	201	83	240	35	44	188	41	51	87	130	16	152	172	85	110	72	18	232	61	242	205	37	177	98	154	86	235	
102	241	175	178	207	197	191	232	186	81	129	155	84	252	124	2	185	223	115	211	115	99	154	119	125	6	223	108	197	19	183	242	
141	100	239	85	194	118	239	246	112	230	70	130	81	118	147	63	59	238	83	175	224	212	189	106	119	11	255	4	37	241	247	224	
114	253	108	78	223	89	214	238	195	230	188	47	98	120	30	18	201	198	196	99	236	43	222	191	58	30	69	63	125	127	222	94	
88	251	122	106	58	152	18	148	239	12	158	236	239	136	192	240	166	117	236	81	206	41	141	241	186	245	39	155	110	134	47	29	
72	154	149	85	36	175	161	51	236	9	246	120	191	33	132	230	134	54	238	8	145	252	193	7	132	191	114	16	66	136	73	41	
125	79	116	79	189	154	70	184	119	136	254	0	106	96	149	244	80	230	204	106	237	171	109	191	162	255	5	17	114	255	88	44	
70	251	213	7	46	8	178	144	235	233	186	237	238	104	196	198	166	117	236	69	133	120	207	224	172	246	103	146	204	174	11	29	
92	164	220	69	143	91	181	171	199	246	174	142	203	32	210	167	59	196	234	42	108	121	127	158	159	195	85	53	227	252	77	92	
9	38	212	69	27	27	169	43	116	166	166	152	235	33	146	135	42	68	234	40	32	252	69	12	12	203	85	17	103	164	75	136	
151	255	47	82	137	119	22	248	247	254	182	125	74	252	111	63	189	211	253	246	253	231	59	254	123	90	69	247	235	125	230	215	
223	28	135	190	137	54	12	3	189	210	139	213	204	238	51	207	229	231	249	135	189	197	159	194	144	118	218	26	136	101	57	84	
36	254	105	123	186	233	155	216	22	117	29	171	241	77	217	8	31	88	23	211	58	0	111	55	205	133	169	252	245	219	20	243	
56	105	104	104	121	79	75	120	3	236	188	9	115	93	19	16	24	168	85	110	72	50	104	29	243	205	161	177	99	171	70	226	
73	32	68	85	82	138	105	3	56	33	98	209	153	3	0	216	50	172	105	140	48	216	197	76	68	170	178	64	168	128	74	128	
15	148	237	27	170	63	173	152	30	115	71	180	221	100	159	239	23	86	250	62	179	80	127	112	108	43	117	196	150	255	137	117	
0	34	28	169	44	11	192	8	70	32	194	0	199	136	16	97	216	12	106	1	12	248	199	16	132	224	154	81	84	8	24	130	
122	251	8	226	61	129	90	232	131	184	152	105	43	203	200	16	152	201	205	242	78	67	202	53	250	213	165	253	16	3	94	3	
90	191	144	178	187	160	60	167	187	51	138	253	141	170	72	223	167	87	237	149	54	73	155	243	184	214	94	255	140	84	139	29	
151	247	53	67	187	55	30	188	215	122	159	241	88	124	159	39	151	83	221	247	254	69	41	255	235	218	109	214	230	247	132	119	
98	32	66	168	73	0	104	72	167	0	224	201	0	195	32	84	104	141	106	204	8	3	211	80	20	48	139	8	107	0	42	134	
239	93	242	126	232	52	94	190	89	202	95	249	125	253	191	110	151	115	181	95	228	108	174	170	123	255	116	138	214	247	148	127	
191	221	117	123	235	55	94	190	23	122	29	185	89	125	158	53	151	87	245	239	244	214	105	191	107	223	101	246	118	247	134	247	
48	32	86	73	75	6	168	72	174	0	225	0	0	131	4	16	104	157	106	128	0	163	211	80	21	168	2	0	73	0	99	128	
45	190	142	23	121	86	33	248	178	220	244	37	122	246	202	51	153	110	196	180	167	211	186	45	105	35	101	129	202	100	46	243	
207	221	244	126	171	60	158	190	243	82	94	177	249	253	182	231	151	119	181	71	244	76	191	179	99	255	117	155	86	245	197	119	
32	32	18	41	13	1	128	72	206	0	224	65	130	136	52	0	200	29	106	97	12	35	210	144	145	176	138	59	81	8	119	134	
143	172	252	83	178	50	63	159	94	247	4	177	153	63	210	47	7	94	155	158	178	216	189	247	111	95	63	229	166	244	133	249	
98	35	83	28	79	201	160	64	171	156	160	77	98	200	100	86	128	40	106	68	6	99	138	209	25	16	1	59	88	10	70	135	
239	221	230	118	161	52	158	182	49	219	95	241	121	125	159	47	223	119	181	215	188	222	239	174	107	255	244	130	199	247	182	127	
51	34	23	168	10	3	24	72	39	32	224	192	134	130	0	16	78	149	106	128	12	195	195	80	144	160	10	26	112	128	42	4	
13	190	234	215	226	61	63	246	18	247	86	189	253	189	210	41	23	126	177	31	181	216	173	162	110	79	125	224	134	245	159	249	
64	189	186	240	250	173	185	247	186	25	184	249	188	247	96	16	175	59	95	144	50	75	130	119	93	135	62	232	192	64	167	187	
137	169	3	177	33	252	105	119	185	73	98	80	190	151	16	180	128	47	93	13	19	216	144	199	133	253	26	192	10	4	131	248	
187	221	114	99	246	58	255	247	125	67	126	178	25	63	150	53	127	223	151	174	252	184	37	238	126	223	182	196	231	213	227	253	
42	207	16	190	121	133	22	224	159	12	248	109	110	235	33	144	205	123	199	66	78	11	74	255	178	213	39	187	18	22	46	139	
75	50	254	116	115	214	57	112	227	220	118	239	125	255	166	246	182	253	183	212	133	211	182	204	95	251	107	131	111	164	45	247	
228	43	239	182	236	104	239	181	48	246	91	175	81	237	209	27	62	254	117	247	208	114	238	32	124	41	237	168	229	251	214	242	
57	207	104	95	181	219	70	191	87	102	110	0	227	232	182	244	89	234	172	8	238	184	109	191	170	255	21	19	119	220	220	78	
15	172	230	119	179	147	62	244	179	179	6	129	249	253	221	47	151	127	241	15	246	216	141	175	111	223	93	227	166	244	27	170	
8	50	30	13	75	91	161	88	238	108	244	132	156	128	98	210	34	12	234	0	1	227	183	80	64	33	35	57	88	12	47	241	
110	252	163	176	205	65	165	239	26	240	136	223	212	253	80	130	217	93	243	177	83	107	218	87	125	7	239	236	205	32	183	178	
184	123	104	96	112	139	83	112	50	164	116	232	115	85	131	16	30	188	69	106	200	178	200	63	246	205	33	177	101	155	86	235	
71	249	253	135	58	74	171	136	170	224	38	142	253	228	198	38	38	69	120	95	193	240	255	96	140	62	15	52	68	171	1	116	
82	32	253	85	15	91	84	43	87	247	166	159	163	44	86	6	43	228	232	12	28	109	247	130	219	246	85	55	103	172	68	94	
88	32	70	69	9	218	233	3	172	53	230	20	139	3	134	220	104	140	232	156	10	217	241	64	192	169	146	17	67	132	106	32	
79	140	244	126	251	24	126	188	115	19	68	152	253	253	220	107	151	127	177	79	182	88	174	177	111	127	93	173	182	246	131	40	
183	125	191	94	234	38	158	233	155	154	144	121	84	253	77	27	221	215	117	115	225	71	202	106	57	26	237	190	141	113	178	3	
67	239	1	154	251	157	14	166	191	81	8	205	172	230	70	212	135	107	203	71	199	8	222	247	172	20	31	250	24	22	139	93	
48	50	27	72	75	69	161	72	238	12	240	70	0	130	36	144	232	141	78	224	9	35	211	80	21	160	170	58	89	0	103	135	
39	140	119	115	176	159	94	184	151	178	18	169	73	253	253	53	151	119	117	63	252	217	11	190	107	222	69	246	198	244	2	135	
98	253	233	6	222	79	150	238	202	250	184	239	114	124	92	18	157	215	87	99	237	43	221	127	61	6	37	190	93	122	210	219	
195	173	133	147	155	172	45	167	191	115	130	221	172	166	86	223	167	71	121	157	119	73	159	247	172	18	223	122	140	84	131	92	
28	110	105	235	60	235	75	152	6	236	153	225	211	101	217	0	29	88	93	250	10	0	105	63	233	197	173	244	244	251	20	113	
223	12	135	190	137	244	8	3	187	211	139	17	204	254	115	223	193	231	249	149	61	71	154	194	145	118	218	26	138	101	185	86	
76	133	236	95	207	16	252	189	82	19	71	18	217	105	88	235	51	222	243	159	178	88	255	225	111	111	254	201	167	214	221	162	
24	189	18	179	179	135	126	247	55	137	74	244	189	243	64	148	55	123	181	128	123	216	155	191	232	215	63	194	42	196	171	155	
67	123	83	69	50	136	58	16	45	192	179	237	204	206	133	214	182	125	236	103	197	1	185	205	132	244	11	138	12	131	1	21	
58	205	114	227	246	58	254	247	125	35	254	146	11	47	148	49	127	207	23	234	248	186	37	238	254	255	246	192	231	223	226	141	
67	201	239	133	66	74	171	168	40	192	102	128	253	102	150	118	38	101	122	204	193	216	191	104	77	42	207	128	5	162	35	224	
65	158	158	87	33	188	48	55	191	25	118	84	174	49	134	238	135	54	236	12	145	248	131	195	134	255	82	67	202	132	137	13	
2	188	246	216	252	173	252	231	191	27	240	50	172	254	52	72	239	187	255	145	178	251	130	247	190	62	94	202	148	192	163	137	
98	51	1	161	60	11	66	24	11	232	145	109	134	82	192	148	148	13	109	99	205	3	201	157	132	208	169	190	12	46	27	81	
34	191	19	158	57	205	151	232	158	200	200	237	230	244	236	164	157	123	202	67	199	35	250	127	185	20	13	58	88	46	23	247	
87	140	247	118	184	151	94	184	215	178	18	233	93	253	189	39	151	119	125	47	252	81	13	191	122	222	77	214	214	244	0	7	
64	50	14	136	13	203	129	72	142	236	214	36	198	196	162	198	72	36	238	1	9	97	35	16	145	160	43	145	88	8	61	117	
114	180	105	72	74	65	216	235	159	246	160	159	18	140	116	16	233	153	123	133	110	43	54	95	25	14	17	61	85	72	103	250	
25	207	88	93	181	155	118	191	119	47	126	48	235	225	166	244	51	110	172	8	110	184	109	191	170	223	21	19	114	216	200	13	
47	172	247	119	178	144	158	184	219	130	4	161	253	253	221	111	23	123	241	31	240	201	206	174	106	127	93	152	134	244	19	168	
78	140	228	127	223	24	126	174	91	19	65	154	233	233	28	107	19	95	49	142	54	120	143	243	111	255	85	13	183	245	209	136	
42	253	97	173	223	105	173	239	26	112	88	207	61	253	49	128	123	217	147	33	3	123	154	95	117	39	15	44	93	104	23	186	
242	243	81	204	59	153	82	88	139	12	177	109	106	203	165	148	188	169	206	226	78	35	10	221	146	208	33	187	123	47	110	23	
6	140	228	119	189	163	254	174	31	179	2	145	105	107	29	47	135	87	121	222	114	89	15	255	111	222	213	151	183	245	193	10	
110	220	165	252	203	111	181	223	154	186	152	95	92	125	77	139	189	215	243	163	161	99	219	82	61	6	239	190	217	121	147	179	
85	159	190	230	178	150	95	151	119	205	142	116	255	98	130	116	119	230	108	188	253	201	173	110	250	191	55	209	170	242	169	77	
67	189	177	211	155	221	175	134	190	113	12	152	188	246	84	166	135	123	122	217	83	72	254	243	45	30	31	122	140	68	131	252	
67	237	129	145	145	156	108	175	63	117	10	145	173	46	94	230	161	79	123	157	215	88	239	247	172	86	158	228	148	84	153	92	
24	50	29	173	15	219	97	88	86	228	70	134	143	132	2	200	114	140	238	1	13	248	119	24	213	163	49	17	122	12	12	88	
29	9	238	71	195	82	237	236	112	190	198	2	121	115	27	123	56	230	123	235	224	208	173	104	87	43	239	129	167	114	247	224	
93	9	236	67	135	59	253	140	118	179	7	18	217	105	95	107	51	68	123	250	48	208	125	240	111	75	229	133	183	243	217	34	
42	223	16	190	121	133	30	240	159	12	120	237	238	234	35	148	199	123	199	70	198	10	74	255	162	213	15	187	26	158	15	159	
217	115	27	8	9	85	161	80	172	108	254	36	152	150	166	68	104	132	238	192	141	55	177	64	209	161	170	145	75	0	47	115	
14	168	230	118	57	139	120	168	191	177	66	136	233	233	93	42	147	123	123	88	2	192	15	253	15	218	77	77	166	166	81	2	
74	160	230	126	43	153	184	41	151	176	70	137	233	253	124	100	150	121	123	92	130	80	143	189	95	219	77	171	54	164	17	2	
14	168	244	127	123	130	120	168	251	145	64	128	233	233	92	114	131	127	121	201	2	72	143	249	15	250	69	45	182	166	83	130	
3	189	17	154	91	221	158	168	159	80	8	137	174	252	70	180	135	123	210	67	71	10	126	253	169	84	13	58	88	14	11	252	
57	50	45	9	9	94	177	88	38	108	214	101	152	150	130	244	76	12	254	132	141	152	243	144	199	97	170	131	26	4	118	247	
19	191	90	217	178	151	95	247	63	137	222	244	102	243	162	116	55	251	92	140	127	153	33	127	186	254	53	194	42	128	170	13	
65	223	126	78	250	22	127	183	228	205	254	231	113	122	182	114	231	231	124	228	244	169	173	111	126	47	39	129	173	242	224	95	
165	121	137	167	238	75	167	252	22	224	88	234	245	245	209	35	30	94	23	99	193	112	223	57	229	129	109	188	124	251	19	185	
16	143	122	95	180	219	86	231	127	103	254	189	99	232	166	112	179	238	12	0	255	184	45	127	170	254	21	19	120	200	204	31	
87	105	233	133	26	88	171	0	42	224	135	138	255	198	211	38	54	229	124	127	193	1	253	72	221	44	15	48	36	163	3	100	
87	165	135	176	137	244	4	199	187	219	130	24	206	246	120	255	193	231	121	149	63	75	178	192	153	114	222	94	128	100	183	70	
92	107	238	69	5	86	230	240	100	168	150	66	73	123	209	194	104	228	255	202	200	241	139	232	95	107	231	129	163	242	124	139	
83	233	238	199	26	90	235	0	172	140	151	2	253	214	150	118	48	229	125	239	64	129	173	73	245	41	171	129	33	34	39	100	
239	164	148	244	235	39	141	251	154	186	152	106	92	115	209	187	159	117	255	189	241	199	195	202	28	11	127	188	139	116	43	169	
67	175	254	4	242	134	127	183	233	205	158	229	114	98	150	114	119	230	108	188	244	137	173	111	122	46	39	192	172	210	166	77	
193	34	190	83	33	248	120	2	239	93	119	25	175	138	150	94	160	166	108	28	22	108	227	97	134	250	82	67	194	133	79	78	
60	238	233	163	52	75	79	220	50	238	30	231	215	69	217	0	63	76	85	127	203	212	233	42	233	197	173	164	164	251	86	241	
110	165	130	176	209	242	124	199	179	241	139	153	8	191	90	216	217	143	249	149	30	91	208	214	251	87	159	103	138	68	186	86	
28	110	237	227	52	111	75	152	6	236	159	232	211	69	153	0	31	80	93	122	139	128	105	62	233	197	173	180	244	251	84	113	
2	172	214	157	252	169	188	231	190	19	242	18	172	234	112	72	239	43	127	145	50	251	130	255	44	54	94	200	148	64	161	137	
92	107	238	71	133	90	246	216	102	184	150	66	73	121	213	138	40	196	255	218	136	241	139	232	95	75	231	133	167	243	124	11	
106	156	97	124	77	233	169	103	30	99	240	223	184	45	84	144	105	191	211	129	49	58	81	83	29	7	155	40	93	76	55	250	
70	172	212	254	190	2	206	168	219	146	32	130	237	107	29	3	147	99	121	187	112	225	15	239	168	158	205	88	165	240	83	8	
62	205	114	227	214	11	238	247	117	35	254	26	75	41	60	17	123	207	23	234	248	186	13	238	190	255	214	192	231	219	242	136	
42	175	80	187	121	157	30	166	159	21	104	141	175	239	34	144	135	123	195	70	70	8	90	253	46	213	28	121	90	158	143	152	
109	180	148	164	203	39	180	223	18	186	156	110	92	51	65	174	189	87	247	185	161	83	219	146	29	199	255	190	219	124	11	169	
22	174	220	183	214	202	78	168	91	150	112	82	231	106	29	27	179	227	36	179	123	248	10	239	173	182	221	0	173	112	203	138	
40	188	128	233	219	7	160	255	22	186	220	74	157	243	64	164	93	31	243	145	243	90	211	151	157	199	191	238	191	68	59	169	
188	118	80	164	118	11	82	120	49	224	117	237	79	73	129	149	30	172	197	102	233	182	93	158	242	209	33	48	111	175	90	145	
6	162	228	247	159	0	254	172	83	145	82	67	233	105	92	11	51	79	125	217	22	248	207	161	15	254	215	231	175	242	220	142	
35	160	244	125	58	2	24	40	83	176	192	161	97	253	148	117	215	125	121	61	170	217	207	157	10	250	85	150	22	164	18	141	
70	132	247	116	56	131	92	168	255	178	130	200	101	233	60	35	151	117	121	45	32	195	15	221	26	222	77	94	132	160	48	4	
73	50	43	168	107	221	49	88	142	76	212	175	158	212	162	228	100	184	238	101	135	35	166	20	213	97	43	184	82	12	53	113	
241	118	81	44	56	3	82	88	19	100	185	237	195	78	143	144	222	137	206	230	239	39	88	159	146	208	1	62	92	175	98	85	
92	227	164	83	205	16	254	156	66	61	95	2	73	105	217	202	57	198	255	250	22	112	203	241	95	111	231	237	167	247	252	130	
233	116	50	136	107	61	176	95	172	64	236	185	28	151	162	116	102	28	219	44	128	7	230	146	87	97	34	187	18	141	183	241	
2	160	213	109	11	202	232	88	175	144	80	192	233	201	84	2	146	45	125	200	2	80	215	217	15	248	1	175	126	160	83	130	
41	162	16	184	105	145	185	123	151	191	148	58	141	131	226	132	207	9	234	156	38	79	226	147	158	223	155	255	150	140	43	205	
115	36	122	136	58	105	27	73	29	198	165	136	23	214	167	117	94	185	222	44	105	35	244	93	241	153	1	60	52	172	38	101	
235	36	58	8	104	179	153	75	172	66	173	168	158	148	162	52	222	177	218	45	164	39	244	94	241	57	10	56	86	140	35	116	
110	181	186	112	217	245	25	67	179	253	173	29	8	255	78	28	205	155	227	148	26	75	250	214	91	223	151	127	195	68	174	242	
219	226	104	202	27	217	91	248	238	12	149	74	255	210	219	52	58	144	95	235	202	7	239	95	211	9	169	253	49	3	31	99	
83	232	140	146	137	205	13	230	175	55	128	8	166	242	70	62	161	227	120	209	94	75	186	113	153	18	223	123	0	20	167	110	
126	169	135	186	141	240	84	7	171	159	137	25	142	250	64	250	193	167	253	17	30	75	194	128	153	243	222	123	130	100	182	70	
220	127	109	163	62	47	75	152	165	252	159	111	223	117	153	3	54	212	93	127	169	225	57	44	249	201	101	148	166	251	21	113	
82	233	135	178	141	212	5	231	171	53	130	24	166	178	108	127	225	199	120	145	30	75	186	241	185	114	222	127	128	4	182	110	
75	161	144	160	217	221	120	207	171	113	168	9	44	154	90	144	169	139	211	213	22	75	154	245	255	93	28	127	210	4	139	206	
2	186	213	127	95	207	232	184	239	156	114	70	225	203	92	2	176	109	111	208	3	96	155	221	12	250	225	234	109	34	92	3	
81	223	126	109	246	146	127	183	120	204	126	231	113	190	182	115	246	247	53	229	197	216	167	45	126	235	239	128	45	240	225	89	
119	226	40	162	26	89	75	248	51	172	149	106	83	210	219	52	56	201	93	251	202	7	237	95	249	136	171	253	49	39	23	101	
153	113	39	41	41	63	48	87	36	104	223	241	146	151	130	100	236	28	255	68	140	149	225	144	215	105	170	210	50	159	180	247	
200	162	183	20	104	232	241	130	254	93	114	49	172	206	126	90	131	35	107	20	182	109	162	97	69	58	114	75	192	5	71	83	
73	162	148	148	237	83	153	107	154	182	20	26	141	163	211	174	15	69	234	28	36	75	227	200	30	223	95	61	134	228	11	204	
107	0	148	245	123	6	153	43	56	169	211	58	24	57	132	219	140	149	253	173	40	222	193	204	24	47	248	146	71	36	58	41	
28	126	237	103	52	79	79	152	38	236	158	236	215	69	145	2	54	244	93	126	201	129	105	60	225	205	37	148	102	251	84	113	
83	110	35	46	20	82	75	112	113	76	243	106	123	222	179	116	120	237	92	239	200	151	172	207	177	232	170	137	33	39	102	101	
65	191	127	12	242	135	63	247	236	76	122	229	113	38	134	112	167	167	78	172	244	155	37	127	124	46	39	192	64	128	227	121	
88	115	166	69	61	18	242	80	228	136	179	102	104	203	212	194	120	244	237	226	200	177	129	200	94	105	163	129	47	166	122	19	
106	184	132	247	75	62	160	51	48	171	87	252	173	53	64	174	13	54	251	1	177	252	209	138	13	247	218	130	207	68	27	187	
61	100	75	38	83	95	122	112	33	232	125	203	91	77	19	145	62	172	21	238	77	178	28	12	246	233	33	128	111	175	74	208	
116	51	215	101	100	6	226	48	103	236	243	103	64	105	197	198	252	228	238	240	141	240	201	200	30	226	231	134	235	162	112	19	
115	108	35	164	20	211	75	112	49	236	210	106	107	222	179	48	184	237	84	239	205	151	172	140	179	233	161	186	39	167	54	109	
70	187	213	243	79	197	96	184	231	157	19	71	105	219	92	66	32	233	111	209	195	64	203	241	30	216	227	235	47	34	80	27	
113	189	93	101	90	14	167	191	0	168	122	76	243	51	1	35	28	214	84	234	201	186	209	12	229	168	237	148	109	250	210	185	
52	205	98	227	212	11	238	246	117	33	250	10	75	43	60	16	123	207	6	226	248	187	9	238	190	238	150	64	231	218	242	136	
113	157	93	229	218	14	47	63	0	170	186	110	209	51	128	50	28	246	116	168	249	154	209	14	237	175	237	148	41	234	130	169	
