香奈儿可可小姐唇膏	416 - 可可	https://i.chanel.cn/fnbv3/image/full/shades/rouge-coco-_-416--35g.0172416_S.jpg	https://i.chanel.cn/fnbv3/image/full/chanel__com_type1/skus_full/rouge-coco-_-416--35g.3145891724165.jpg
92	176	184	254	169	68	91	216	171	191	181	8	255	255	75	58	151	85	253	82	10	67	186	241	219	221	111	255	128	163	39	99	
3	0	239	149	86	70	169	96	60	128	194	2	245	119	48	96	123	253	59	169	33	208	121	77	93	42	207	0	5	40	49	160	
10	186	194	187	230	177	184	199	30	93	80	247	172	238	242	136	255	59	151	145	150	218	14	243	14	87	190	235	157	76	173	223	
64	56	157	101	32	110	97	23	56	235	98	24	150	55	0	122	129	22	120	8	1	216	241	0	197	171	114	0	200	96	131	58	
82	184	18	152	75	193	176	71	175	21	160	57	172	158	96	80	163	59	235	128	18	75	146	241	145	240	26	123	16	4	167	154	
212	92	31	254	12	70	71	56	148	138	199	2	119	87	41	99	88	244	125	106	105	199	57	46	241	163	227	16	48	59	52	34	
165	71	4	15	124	31	198	184	84	232	243	76	243	72	159	161	92	228	86	111	237	182	93	63	38	88	33	144	93	187	90	133	
168	180	157	251	221	237	161	11	22	115	69	16	148	245	72	104	217	26	50	24	51	124	123	23	205	135	146	124	144	72	149	162	
200	120	191	116	32	78	117	55	248	138	38	24	191	183	1	123	160	118	124	8	97	253	178	42	231	251	118	0	64	112	199	59	
108	32	185	100	205	109	85	216	99	182	164	8	83	245	65	58	153	220	96	26	24	99	250	0	219	221	69	61	194	123	198	34	
8	151	60	235	189	159	85	191	6	9	220	32	247	113	168	192	208	18	157	40	218	168	73	157	235	253	52	212	18	138	152	43	
20	28	30	255	220	135	103	248	86	130	198	18	81	243	32	64	121	110	42	170	120	242	91	63	253	171	231	0	57	120	240	162	
212	4	237	165	2	98	109	24	36	182	135	146	213	55	25	91	99	213	125	175	40	213	213	8	193	227	251	20	164	241	37	98	
66	162	18	152	203	193	184	71	175	21	192	177	172	142	98	90	231	59	235	145	18	75	130	209	157	48	154	251	144	4	167	203	
11	158	210	155	182	179	186	247	31	71	90	247	173	238	180	196	127	59	151	149	183	152	6	255	44	70	190	194	191	196	185	221	
4	28	30	254	220	135	167	248	150	138	198	18	112	243	32	65	121	126	43	170	32	251	27	63	125	167	247	0	144	120	176	162	
2	139	2	142	91	129	190	101	140	4	216	175	44	238	34	64	238	187	139	197	86	139	6	253	52	36	138	171	20	14	173	219	
27	141	111	207	214	179	239	247	84	64	94	198	113	111	180	96	126	234	23	237	249	152	45	255	124	47	174	192	191	234	240	249	
56	153	122	238	87	209	218	116	69	5	124	34	57	223	36	192	250	186	151	192	90	186	16	189	115	237	162	75	55	138	108	154	
45	181	145	65	240	15	102	184	123	168	120	76	222	115	192	180	150	92	86	122	129	176	217	94	47	156	37	36	74	226	66	161	
94	240	188	236	41	68	95	216	171	188	148	41	223	255	75	90	151	213	253	115	10	67	187	209	219	249	111	191	16	179	39	115	
19	13	99	221	86	147	171	119	212	64	218	198	49	172	180	228	110	170	23	173	225	187	36	239	48	44	170	128	63	140	113	252	
92	208	188	254	173	76	127	168	175	158	150	3	255	255	107	75	247	215	253	243	26	65	155	241	235	243	239	31	148	115	173	67	
40	56	83	229	112	206	123	18	59	168	112	104	188	151	128	52	134	125	55	8	129	156	208	226	197	254	48	162	10	129	7	187	
56	65	106	101	116	10	109	119	100	128	254	2	19	1	145	112	122	172	6	232	200	176	37	12	246	237	164	128	103	186	114	168	
27	158	86	191	178	178	186	247	63	71	90	247	237	238	178	192	119	63	175	149	182	152	5	255	174	103	62	195	188	196	169	29	
72	184	31	113	0	205	81	55	238	49	38	24	151	23	0	48	129	54	104	8	35	232	177	21	201	171	84	80	64	0	135	42	
19	159	67	155	182	179	171	247	30	65	90	231	121	238	182	228	127	43	23	189	151	152	45	255	44	46	174	192	189	206	177	253	
6	201	6	154	204	131	174	228	148	128	218	2	72	234	121	65	120	234	51	227	64	179	10	224	52	32	207	136	21	123	241	136	
130	184	185	243	166	101	189	223	27	123	20	247	188	191	208	8	135	91	31	157	147	204	235	243	204	148	191	224	166	192	133	249	
41	249	121	97	244	143	111	53	109	104	126	72	243	17	148	48	156	30	86	104	209	184	97	13	103	221	32	192	67	154	194	169	
80	56	159	245	42	76	117	19	174	186	162	72	215	247	64	114	167	117	124	8	1	65	187	0	201	163	101	20	136	98	7	51	
41	181	97	67	212	223	235	121	69	97	121	66	16	17	188	164	120	138	18	120	211	186	124	221	44	12	165	228	127	142	208	180	
120	40	185	116	205	93	85	23	226	166	164	8	51	177	65	58	200	182	96	8	8	107	242	0	211	203	84	57	226	232	70	106	
184	149	52	255	189	149	84	191	133	9	220	64	247	115	40	65	200	50	157	104	122	169	83	189	235	249	164	217	18	140	248	43	
10	186	158	185	243	224	57	71	190	31	86	177	172	167	98	72	227	59	175	16	18	216	2	247	206	247	126	203	144	68	165	219	
124	160	185	96	77	77	83	144	99	164	166	8	27	53	64	50	153	220	112	88	8	114	248	0	91	205	5	53	194	34	70	98	
26	143	122	252	51	193	185	103	141	4	254	163	44	143	38	64	238	187	143	129	66	137	32	223	242	229	154	139	53	4	37	219	
2	129	38	153	86	130	168	103	28	1	83	18	172	138	56	64	122	43	27	129	210	152	3	213	4	48	154	192	21	8	177	136	
137	153	43	217	116	141	105	119	92	73	84	70	181	149	176	96	204	42	22	12	211	184	112	223	103	29	178	192	26	136	241	249	
19	204	107	205	86	146	239	118	124	64	94	198	49	142	180	100	126	168	22	207	225	185	36	239	116	44	170	192	61	136	113	253	
35	139	67	141	116	147	168	119	76	64	120	230	185	142	180	228	78	40	18	205	199	186	100	221	36	56	170	128	95	140	241	252	
112	113	185	100	28	79	83	40	98	164	174	8	210	55	64	48	144	212	108	106	72	32	249	13	241	189	1	60	64	42	70	34	
2	145	34	152	102	128	188	103	141	65	81	183	172	142	62	64	238	19	159	133	210	137	2	213	180	48	154	202	21	4	161	217	
166	8	162	158	76	163	170	64	212	2	81	2	96	200	49	72	120	40	19	195	128	182	2	234	16	36	202	136	85	43	112	128	
66	153	26	156	121	132	56	39	141	72	210	39	172	146	38	80	230	177	191	132	70	139	18	221	150	48	154	139	24	12	41	31	
50	131	98	140	94	147	218	97	77	69	216	231	44	136	54	192	126	169	135	229	204	171	4	221	48	36	138	203	61	142	57	221	
134	72	2	155	84	131	168	64	30	1	83	146	8	206	49	72	126	41	19	209	34	148	8	208	20	4	154	192	149	13	49	144	
241	82	71	237	38	14	111	56	100	106	242	230	83	3	145	113	126	132	60	238	233	150	101	12	180	170	224	128	45	187	112	49	
27	64	106	236	86	162	107	112	36	64	223	130	121	143	178	112	126	189	23	239	200	145	36	205	210	237	170	128	37	131	49	241	
0	72	130	158	12	160	42	66	148	128	80	2	40	194	33	73	104	104	51	194	0	190	2	232	0	32	202	8	20	57	48	136	
6	96	162	137	20	163	170	64	86	1	91	18	8	202	57	64	121	41	19	145	130	182	4	222	12	6	154	192	149	11	49	128	
88	9	74	236	22	130	106	112	161	128	223	2	123	203	48	64	126	173	29	235	72	187	128	205	242	237	162	128	37	162	112	8	
34	157	18	188	213	196	148	103	157	13	232	1	38	178	36	192	200	59	130	1	94	171	18	255	177	180	154	75	16	12	172	142	
3	72	123	221	112	134	249	114	188	72	118	194	185	143	180	96	110	57	23	140	225	156	32	207	71	191	186	128	87	128	33	249	
64	48	153	96	8	205	97	18	170	177	34	8	182	151	64	50	128	60	104	24	3	41	178	0	209	169	16	120	64	0	7	58	
168	164	25	251	157	237	81	15	86	23	77	16	182	241	104	104	217	26	2	24	58	124	123	23	205	135	154	109	144	72	149	170	
59	159	66	156	247	147	174	119	221	64	216	231	105	232	180	196	126	171	134	165	199	187	6	255	58	126	142	202	127	142	249	157	
26	143	66	190	247	147	190	231	157	4	88	231	109	234	38	192	254	235	135	197	118	171	14	255	50	119	142	139	63	94	185	143	
14	176	56	178	233	253	177	200	143	61	181	57	140	222	110	10	175	25	235	17	22	99	234	209	223	209	27	127	210	13	141	199	
46	176	56	218	237	253	177	73	143	61	181	59	140	220	110	143	143	25	203	17	22	103	90	209	95	81	27	127	210	12	141	199	
18	75	95	156	19	193	185	103	140	4	90	163	44	143	160	64	110	51	175	128	64	137	34	253	112	38	186	139	53	12	37	251	
83	221	19	188	53	140	116	119	253	8	202	6	190	155	32	64	224	59	31	64	71	187	16	255	177	245	26	10	24	8	33	11	
34	240	50	217	119	197	184	199	31	73	120	51	172	158	124	0	255	27	147	145	210	62	16	215	45	28	154	239	213	12	133	219	
34	168	50	217	117	141	184	198	94	9	112	2	172	154	52	0	236	59	19	81	130	56	2	245	13	28	26	234	208	8	115	139	
90	81	82	181	50	138	124	119	173	0	83	162	173	143	36	64	230	191	159	128	64	153	0	205	182	253	154	130	38	128	161	25	
26	28	58	252	117	132	121	119	181	8	126	3	61	159	32	80	236	59	23	140	224	154	16	207	243	253	186	128	50	128	97	171	
212	92	31	254	12	70	71	56	132	142	195	2	119	87	33	67	248	244	125	234	105	199	59	46	241	163	227	16	48	59	52	34	
34	137	2	137	92	131	168	102	4	1	216	2	168	138	48	64	120	170	19	209	2	186	67	221	60	36	138	200	21	10	48	136	
170	136	170	186	93	213	184	231	159	29	84	21	172	254	54	196	201	59	179	149	38	47	18	247	79	87	154	107	146	12	61	222	
125	207	110	238	54	147	78	248	133	200	223	230	107	235	179	225	126	226	189	238	204	139	45	189	242	233	167	144	63	191	120	29	
2	185	50	155	117	141	176	103	30	9	88	2	172	154	36	0	236	59	19	17	146	184	16	255	45	28	26	98	16	8	145	139	
18	201	98	204	86	128	248	100	141	0	216	130	40	206	52	64	110	169	23	225	194	139	2	221	52	40	138	136	21	12	113	136	
29	79	78	238	54	130	111	120	4	72	223	230	115	103	179	96	126	245	29	238	201	129	45	61	240	237	171	128	61	163	32	49	
162	182	112	208	247	245	184	103	31	109	112	63	12	156	118	0	239	187	151	149	182	62	112	215	31	28	154	235	215	12	215	215	
187	211	96	173	118	17	255	117	85	68	84	167	57	12	182	36	126	137	151	239	205	186	36	223	102	73	170	160	127	158	252	221	
157	20	248	225	230	32	189	31	24	243	84	179	221	63	216	43	127	93	53	189	176	244	229	192	204	139	254	228	165	232	147	241	
167	197	237	205	124	18	79	185	84	91	221	214	209	44	156	97	92	204	63	239	233	48	237	143	100	47	239	148	61	251	208	244	
24	4	220	225	180	42	123	23	36	3	94	146	151	7	184	72	103	145	31	152	58	156	65	130	198	207	182	196	180	192	161	9	
26	8	106	188	7	210	184	103	148	70	90	163	45	172	50	192	106	187	179	129	68	157	20	207	86	103	218	131	55	12	61	218	
162	89	180	218	109	141	220	74	207	24	240	8	174	217	117	91	204	170	31	67	202	42	82	241	135	216	210	58	82	89	112	139	
56	105	120	236	60	199	214	252	195	172	188	11	51	201	115	128	88	248	135	104	76	43	192	189	243	205	165	57	119	186	92	138	
130	232	122	155	108	169	184	198	190	19	80	146	189	206	116	9	239	43	119	145	162	92	130	243	68	27	250	232	20	9	49	137	
58	153	122	238	83	211	27	100	5	4	124	162	57	159	34	96	126	187	147	192	74	154	52	253	114	229	170	195	55	138	36	250	
35	121	98	202	125	149	250	196	207	73	84	3	40	156	247	32	238	41	151	197	134	50	38	249	55	24	138	170	87	31	113	223	
53	201	123	202	84	196	199	252	71	132	252	2	115	209	181	100	120	248	22	234	203	58	62	189	121	140	167	44	119	186	116	168	
57	205	106	238	86	146	255	113	101	64	126	130	123	15	182	96	126	185	23	239	200	187	36	239	242	237	170	128	119	134	112	233	
124	112	121	96	11	79	87	216	35	236	180	41	95	31	67	50	252	213	253	226	8	67	249	16	243	201	165	191	99	179	6	115	
39	134	98	139	247	179	186	202	30	13	89	167	40	200	190	128	255	43	147	149	150	186	12	255	14	20	138	235	213	79	125	197	
130	133	130	153	196	163	172	199	30	3	90	18	8	170	48	72	121	11	2	145	50	186	3	194	60	6	158	196	149	88	241	136	
98	58	121	222	124	13	217	104	155	184	176	238	254	252	212	16	207	255	255	1	171	99	202	253	254	26	111	186	77	44	19	145	
120	105	74	228	20	130	107	112	161	128	254	2	115	131	177	80	122	236	21	234	72	187	160	12	242	237	166	128	39	178	114	40	
66	162	164	152	203	225	152	67	143	127	129	187	140	142	98	74	197	19	251	145	22	79	194	209	153	16	154	255	144	76	53	210	
24	73	106	238	86	146	238	117	245	64	247	2	57	203	180	96	126	169	23	203	200	187	36	253	114	237	162	128	55	130	96	168	
230	72	102	148	70	130	234	64	169	192	211	135	72	206	55	75	110	245	19	231	128	215	134	200	16	40	202	136	133	55	49	208	
36	161	121	225	244	205	107	89	103	165	125	8	151	151	216	48	90	154	23	88	19	56	248	20	111	157	37	108	224	138	198	225	
40	157	121	117	244	207	109	183	125	109	126	24	187	53	146	48	15	254	86	8	241	184	113	63	111	223	52	192	66	216	198	249	
128	48	158	187	40	173	185	18	190	57	87	48	181	159	64	73	230	57	127	17	2	220	195	113	197	177	122	192	128	9	1	179	
45	67	123	71	116	11	103	184	117	224	126	204	83	65	153	52	122	204	22	110	201	178	109	44	102	172	37	128	111	186	82	160	
130	137	66	153	86	131	168	103	30	0	208	2	168	138	52	64	106	169	19	193	66	186	3	221	20	40	154	200	21	8	49	136	
33	233	67	201	85	153	227	244	71	65	124	78	32	128	180	180	120	168	2	220	151	58	116	245	62	28	128	104	127	142	114	236	
43	175	225	201	213	149	170	239	79	193	88	198	104	232	252	164	93	106	146	157	151	58	28	255	46	28	143	238	223	14	250	140	
189	68	105	229	116	6	75	56	85	234	247	82	211	15	153	113	92	204	23	238	233	182	109	142	231	249	163	132	39	171	112	241	
0	12	2	158	84	131	174	226	150	0	90	2	104	234	33	64	121	106	51	194	96	179	10	255	52	38	143	8	21	122	49	136	
57	197	96	109	60	31	206	188	87	123	189	10	211	41	157	36	88	132	23	106	234	50	109	151	230	255	161	180	119	254	80	32	
33	64	121	69	116	11	111	120	113	232	118	72	83	1	149	52	122	204	22	106	201	180	101	12	102	172	33	4	103	187	66	161	
95	113	102	198	205	85	253	248	137	244	157	15	72	190	127	47	174	197	243	239	205	83	190	224	127	89	207	175	15	247	55	246	
34	136	98	201	86	131	234	96	93	1	113	2	72	200	60	0	126	137	23	225	146	186	4	253	30	28	138	192	85	11	113	128	
104	56	189	116	9	77	85	58	227	182	166	8	246	119	65	123	129	246	104	10	73	97	251	56	195	187	69	56	64	120	70	98	
42	178	56	185	125	221	185	143	159	29	84	61	172	159	110	205	205	27	183	21	22	106	194	245	207	81	154	251	82	12	157	223	
108	169	177	68	205	125	87	138	75	180	164	8	154	181	69	62	153	214	96	26	11	98	250	48	79	220	5	63	194	249	86	98	
42	184	42	152	109	213	176	70	159	29	212	21	172	156	118	205	200	59	147	149	6	46	82	241	71	81	154	235	82	12	125	222	
173	199	100	39	52	27	206	184	85	164	250	207	195	104	159	133	26	204	70	111	236	176	77	29	100	88	165	180	119	190	88	196	
19	159	103	143	150	178	174	247	125	64	218	230	121	238	182	228	127	239	62	173	245	153	37	255	56	46	174	192	191	198	185	125	
56	73	82	229	118	10	120	119	41	160	118	2	63	11	1	80	42	172	68	136	72	184	1	204	246	249	50	128	103	176	98	137	
72	60	183	119	145	238	113	23	224	177	38	24	190	183	64	254	129	54	104	24	49	216	241	8	201	243	84	16	130	64	135	42	
10	154	58	249	251	193	185	199	190	29	84	179	172	223	226	64	231	59	191	145	18	217	2	247	222	215	190	203	20	12	165	235	
26	69	98	236	86	130	250	113	229	0	254	130	105	207	52	64	126	185	23	232	200	179	4	207	242	237	170	128	55	166	112	136	
8	61	19	229	115	238	59	82	61	232	74	96	28	247	33	116	182	61	23	64	1	153	16	238	245	180	42	130	34	35	39	179	
220	4	159	245	143	106	85	10	160	182	135	19	211	39	9	91	97	212	233	162	40	197	209	0	211	227	211	21	160	121	116	66	
229	112	149	131	236	45	193	152	78	249	177	92	214	208	73	47	141	72	126	126	131	103	219	112	141	152	97	124	216	59	83	161	
248	133	20	239	189	29	84	189	197	25	165	48	247	115	136	247	196	18	108	40	122	9	75	157	226	249	96	87	50	142	216	43	
5	191	19	69	112	142	98	178	125	168	126	108	158	179	132	244	182	124	22	122	129	152	128	78	46	252	37	132	74	162	75	161	
20	148	158	255	204	135	117	216	86	162	198	6	83	243	42	65	121	126	42	8	40	243	91	61	213	163	231	0	184	120	120	162	
80	49	155	229	50	74	17	23	38	169	234	40	215	183	192	114	54	149	109	0	9	153	161	4	249	229	36	144	32	130	135	51	
34	8	102	201	86	131	232	64	77	1	240	2	8	136	53	72	122	169	19	161	146	179	0	221	20	8	138	196	85	9	113	128	
12	165	89	235	180	171	67	153	70	53	13	0	215	113	216	32	83	26	30	56	26	176	105	23	205	205	33	116	182	203	212	160	
104	41	185	116	77	221	81	71	227	165	164	8	50	149	68	54	136	190	98	8	24	122	242	0	95	157	80	57	66	8	198	106	
105	97	185	64	85	93	99	80	123	224	100	8	26	21	84	52	24	220	82	88	65	50	248	192	111	156	5	32	67	136	70	226	
233	249	49	69	117	79	103	184	115	232	108	72	18	17	128	52	24	220	86	104	233	186	241	31	109	156	1	52	74	170	66	176	
72	56	31	112	9	205	81	7	160	17	166	8	182	151	64	58	128	48	104	24	3	105	178	1	193	225	16	56	0	0	7	42	
173	205	237	205	124	22	207	184	84	106	92	198	209	45	147	101	92	204	53	239	233	48	237	191	102	111	231	148	55	251	208	112	
220	84	191	254	13	102	85	24	180	190	135	19	83	119	41	91	120	244	109	34	40	231	59	8	209	227	225	21	32	123	116	114	
18	203	78	188	18	128	61	103	180	4	82	163	45	167	162	64	102	187	175	128	66	153	38	253	240	167	250	131	53	132	37	235	
2	137	2	137	84	129	168	103	22	1	208	2	168	138	48	65	104	169	19	193	66	186	67	221	20	48	154	200	21	8	113	136	
2	132	130	153	212	163	172	231	54	3	90	18	8	170	96	64	121	107	34	144	50	254	1	231	60	6	158	196	149	72	177	136	
37	176	157	219	204	237	161	152	94	123	5	24	212	209	72	105	209	26	122	24	51	102	251	17	77	147	83	124	152	73	149	178	
0	152	158	255	92	135	161	248	150	136	198	6	240	243	40	65	121	254	107	40	32	243	91	61	93	163	231	8	24	40	49	162	
88	168	63	246	11	204	17	103	164	21	174	24	190	183	32	82	161	51	105	0	0	9	178	21	209	231	80	27	32	0	135	106	
18	139	2	142	27	193	154	97	140	5	216	171	108	238	34	196	254	187	143	229	86	11	6	253	176	36	138	155	21	14	37	223	
66	162	18	152	203	193	184	71	175	21	128	177	172	158	98	88	231	59	235	145	18	75	130	209	157	48	154	251	144	4	167	218	
130	136	50	155	117	141	184	102	30	9	80	18	172	138	52	64	200	43	19	65	130	188	2	255	5	28	154	226	20	12	113	137	
90	1	98	174	22	130	106	112	165	0	211	2	109	203	48	64	122	173	31	227	136	131	0	205	146	229	170	136	39	131	48	0	
6	205	2	158	204	131	174	228	148	128	216	2	96	234	57	65	120	106	2	227	64	251	10	232	52	32	207	140	21	123	240	136	
30	12	106	236	86	162	107	80	36	64	95	130	89	207	177	120	126	189	23	238	137	147	36	206	82	233	170	128	37	179	33	241	
134	72	130	158	4	160	170	64	148	128	81	2	96	202	49	72	120	40	19	195	0	182	2	232	0	34	138	136	20	59	48	128	
29	71	78	239	54	131	75	120	4	200	223	230	83	71	187	96	126	164	29	238	137	145	37	156	242	237	171	144	63	171	120	113	
169	73	121	109	116	15	79	184	84	232	246	72	243	1	145	49	88	236	22	106	233	182	105	62	231	233	161	176	113	187	82	233	
134	72	6	153	84	131	168	64	22	1	81	18	8	202	49	72	120	41	19	145	34	150	0	218	0	6	154	192	149	9	48	128	
41	241	121	99	116	143	239	53	101	104	126	72	211	25	144	48	62	12	86	104	217	184	97	31	111	221	32	192	65	138	194	169	
216	124	190	116	3	236	117	23	185	134	38	24	190	191	65	91	163	119	253	0	96	205	178	106	211	227	84	11	226	112	167	43	
173	68	105	237	116	46	75	56	85	234	247	80	211	77	145	121	88	236	22	238	233	246	105	14	199	251	225	148	119	251	112	225	
59	159	67	140	119	179	170	103	93	64	218	231	105	232	180	196	126	171	150	165	247	187	4	223	48	126	138	194	63	142	185	157	
2	12	66	157	84	131	170	104	22	0	218	2	104	234	48	64	121	235	51	161	32	187	10	255	52	38	139	136	21	42	113	128	
26	143	66	190	87	147	190	231	157	4	216	167	44	234	38	192	254	235	135	133	118	139	6	255	50	119	142	139	63	78	185	143	
99	42	253	190	108	137	217	120	191	184	176	238	255	234	220	18	239	247	127	13	171	99	203	253	220	219	111	188	76	136	3	161	
19	159	67	155	182	147	174	247	30	65	90	247	121	238	182	228	127	43	23	157	183	152	45	255	60	46	190	192	189	142	177	221	
46	48	56	226	237	253	145	73	139	60	181	43	142	221	111	14	175	145	207	19	30	35	250	208	223	81	11	127	210	15	15	199	
110	176	176	192	237	125	176	73	203	61	181	27	12	156	126	143	143	145	195	17	22	103	218	208	31	81	89	127	215	14	223	215	
49	65	101	77	100	27	239	120	68	224	114	66	83	0	149	164	122	204	22	238	201	176	101	12	36	168	161	0	109	186	112	164	
10	158	254	185	178	130	57	199	190	29	86	179	172	231	162	64	231	59	175	16	50	216	2	247	254	247	62	195	180	4	173	203	
2	193	66	140	78	128	168	103	140	0	208	2	40	138	48	64	110	169	23	225	66	139	2	221	52	32	138	136	21	8	49	136	
34	225	50	203	116	141	184	196	206	25	112	2	172	136	116	0	202	41	19	81	130	58	2	245	44	24	10	232	85	10	81	137	
8	157	58	121	244	205	125	183	253	77	126	16	190	183	34	112	135	59	87	8	242	184	50	127	111	255	54	192	194	208	199	251	
50	131	98	168	86	131	218	104	5	4	208	167	43	136	54	192	126	169	151	229	206	171	4	221	176	36	138	203	53	14	124	223	
210	29	27	188	51	192	177	103	172	64	202	34	60	150	32	96	226	59	139	128	64	139	2	205	177	160	26	11	16	0	37	59	
2	192	50	153	102	128	188	103	172	81	83	147	172	142	56	64	238	27	31	133	210	9	3	213	180	48	154	138	20	4	161	217	
34	193	2	136	92	131	170	77	6	1	216	2	32	138	48	64	104	168	2	209	66	187	67	221	52	32	138	200	21	10	240	136	
18	15	123	252	51	192	185	103	173	4	218	163	44	143	166	64	238	187	143	128	66	139	32	221	242	229	154	139	53	4	37	123	
137	152	59	249	116	143	113	119	92	73	116	84	188	145	32	96	228	42	22	8	211	188	48	223	71	253	50	0	26	136	113	171	
34	93	48	238	109	141	214	252	207	59	184	8	174	153	61	3	200	91	95	65	194	43	90	241	183	216	16	190	82	91	80	139	
19	12	107	205	86	146	235	114	116	64	94	198	49	142	180	100	110	172	23	207	225	185	36	239	116	46	170	128	61	130	113	252	
2	129	6	153	84	130	168	103	28	17	83	18	140	138	48	64	106	11	19	145	82	152	67	213	4	50	154	192	20	8	177	128	
81	80	249	229	36	46	105	16	96	74	114	100	211	55	145	122	102	212	60	110	137	180	245	72	196	168	98	128	44	241	64	113	
34	157	18	152	217	196	180	103	156	13	232	17	172	150	34	196	200	59	130	1	86	43	18	247	185	52	154	75	16	12	173	206	
19	13	107	206	22	146	239	114	196	64	95	194	49	173	180	101	110	170	23	239	225	185	36	239	114	44	170	128	53	138	112	248	
34	56	114	211	246	179	184	71	79	105	113	179	8	28	244	40	238	59	151	149	146	190	36	244	14	24	154	226	213	140	241	221	
35	131	65	141	94	147	168	119	68	65	80	198	177	136	180	228	106	168	18	205	223	186	101	221	36	40	170	192	125	140	121	156	
138	184	249	243	166	160	125	151	31	123	20	182	189	31	208	42	135	91	31	156	179	92	233	243	204	159	191	224	164	208	133	121	
67	24	18	156	121	196	184	71	140	73	82	99	172	150	32	192	198	57	179	129	5	139	18	205	21	48	154	139	24	12	41	159	
2	176	50	219	245	133	184	199	30	25	81	51	140	156	124	0	255	27	147	145	242	188	2	215	45	28	154	234	213	12	161	147	
188	241	121	96	208	207	83	253	99	41	37	8	23	151	72	48	152	152	85	120	91	58	248	21	127	205	37	124	114	138	198	178	
32	233	120	110	84	207	199	125	70	164	124	10	51	217	178	32	88	186	6	104	202	58	112	61	127	141	165	56	117	154	212	168	
39	54	226	139	245	183	170	202	95	201	121	198	8	200	255	164	249	10	146	189	151	178	92	222	62	28	143	230	223	79	120	148	
41	227	99	77	116	138	239	248	117	96	126	230	80	65	188	180	122	236	22	110	193	178	109	221	54	60	37	4	111	186	114	164	
199	156	156	179	168	60	188	135	186	155	131	84	156	58	64	235	167	87	120	17	55	77	155	226	141	179	94	66	136	80	137	15	
53	64	79	141	68	19	238	120	68	224	210	198	81	8	183	224	122	204	22	239	205	178	69	140	52	40	171	132	45	191	120	212	
162	64	66	137	76	161	232	71	141	16	113	18	136	138	116	75	106	137	23	147	48	182	66	192	20	24	218	232	21	25	241	128	
56	153	82	174	83	207	82	101	39	13	120	11	47	191	34	208	250	187	134	64	94	186	16	189	251	245	0	67	115	14	172	139	
45	53	241	67	212	111	227	90	99	161	125	74	19	181	221	52	122	154	6	56	147	186	252	66	125	140	33	100	231	203	86	160	
128	172	159	187	108	169	169	210	62	19	81	82	181	203	113	73	239	43	63	145	34	220	202	115	196	135	250	168	148	65	33	169	
127	93	38	254	221	212	222	242	201	202	188	10	58	125	55	38	200	226	223	203	237	43	242	238	123	127	142	155	71	127	246	119	
124	49	121	228	42	95	95	88	35	236	180	41	95	31	67	48	220	213	221	226	72	82	249	24	243	201	165	179	99	179	6	115	
111	125	38	214	221	212	254	244	225	202	157	15	72	253	119	38	236	245	223	239	237	35	186	238	123	95	207	190	7	247	246	246	
92	209	156	188	173	76	95	136	175	190	150	1	223	255	107	91	243	213	237	98	72	65	155	209	251	243	111	125	176	115	173	67	
195	190	151	153	234	161	169	71	190	27	66	244	164	166	224	79	231	59	106	148	51	77	131	83	140	50	94	202	136	64	161	61	
34	134	98	137	119	241	186	74	31	13	121	163	12	206	54	0	254	57	147	145	22	186	38	215	23	20	154	235	213	14	53	215	
128	144	154	251	48	236	113	18	190	25	87	48	183	215	40	72	135	59	125	16	58	220	19	55	205	239	58	192	128	1	5	51	
35	171	160	139	213	145	186	205	79	13	92	167	168	200	126	132	221	11	147	149	150	58	206	241	46	20	143	239	213	14	123	206	
158	5	122	233	198	34	121	115	53	66	95	147	89	15	185	121	126	157	23	172	248	147	37	206	210	233	170	132	183	224	161	209	
130	201	18	155	100	137	168	68	156	25	80	18	172	138	48	65	202	43	19	193	66	188	66	245	4	16	154	224	20	8	209	136	
146	74	78	188	18	130	57	119	180	4	214	231	45	167	162	81	102	187	175	133	224	159	6	207	240	103	250	129	53	164	37	89	
28	140	248	227	242	169	121	151	55	49	94	146	191	47	80	72	119	155	63	153	178	152	9	231	254	207	62	192	166	208	129	9	
210	1	66	172	20	2	232	97	13	0	211	2	13	138	48	64	122	173	31	161	8	135	0	205	144	224	138	136	53	40	49	0	
220	4	197	181	173	106	69	7	33	183	131	145	207	35	75	219	195	199	237	16	56	197	195	128	202	243	84	85	162	245	132	66	
8	157	58	127	244	205	255	183	253	77	126	0	190	189	166	112	135	122	23	8	242	184	50	127	111	255	54	66	66	192	199	251	
76	130	188	179	172	40	124	143	170	191	151	49	207	43	90	91	135	87	253	29	62	77	203	224	202	243	126	213	134	209	141	11	
26	158	94	191	178	130	58	247	63	5	94	247	109	231	162	64	119	63	175	149	182	152	5	255	254	231	190	195	61	132	173	217	
26	143	66	188	87	179	186	103	157	4	218	231	108	234	54	192	254	171	135	133	116	155	6	255	50	119	138	139	63	14	185	142	
155	90	66	188	2	146	168	118	180	64	82	231	45	142	182	192	110	169	191	197	197	157	4	237	176	98	186	128	61	148	57	221	
221	19	110	236	54	18	74	120	165	232	223	230	91	75	186	97	126	164	61	238	237	145	37	140	242	233	226	148	63	174	120	81	
118	69	226	206	204	0	238	105	129	194	217	131	72	238	61	67	126	225	23	231	200	131	142	200	48	40	206	136	5	119	112	208	
9	157	121	219	242	168	123	183	122	1	126	48	189	55	192	112	55	58	55	152	179	152	233	119	110	175	54	192	182	193	195	169	
34	213	52	255	109	173	246	236	207	59	184	8	174	248	125	3	202	67	95	67	194	47	74	241	39	216	16	190	80	91	209	139	
130	140	138	153	212	163	170	231	30	3	90	18	32	170	48	64	121	107	19	145	50	222	1	255	28	6	158	192	149	72	177	136	
16	16	158	253	78	15	49	90	86	176	230	6	243	243	34	64	121	124	106	8	8	243	91	29	93	163	103	0	56	40	104	130	
26	156	123	252	83	224	49	103	173	65	110	34	60	159	32	96	226	187	147	128	3	185	48	221	243	229	18	3	55	0	37	187	
25	5	110	236	86	146	235	113	244	64	127	130	121	111	182	97	126	172	23	172	232	177	36	207	114	239	162	128	39	162	112	224	
88	32	62	114	43	232	17	7	163	21	167	57	46	151	66	94	162	183	237	16	26	13	162	65	211	245	16	91	162	0	39	107	
198	134	148	183	172	40	125	135	171	63	131	17	143	34	74	91	131	71	109	21	54	77	195	224	204	242	94	87	128	209	133	11	
245	97	145	162	173	13	70	200	203	250	177	92	215	72	93	159	153	196	76	127	109	103	202	144	152	216	101	62	72	59	90	5	
2	186	22	152	203	193	184	71	174	29	192	177	172	142	98	72	197	59	235	145	18	11	146	241	157	16	154	235	144	4	165	219	
229	98	149	129	172	77	67	136	203	248	177	88	214	80	217	63	137	64	110	126	11	103	235	16	140	152	101	124	216	59	83	37	
146	90	78	188	2	130	57	119	188	7	82	247	45	135	162	73	102	187	175	132	192	157	6	237	208	227	250	129	37	148	45	217	
88	177	178	86	11	200	85	39	171	141	175	40	46	247	64	54	162	54	237	0	0	73	162	97	219	245	84	91	66	2	134	42	
153	13	110	206	84	146	239	113	212	64	95	2	121	235	180	97	122	170	23	234	233	185	36	237	114	43	162	128	55	170	112	224	
38	72	130	158	76	128	170	64	148	128	81	2	96	202	57	73	120	104	19	195	2	182	10	232	16	32	202	136	21	59	48	128	
52	173	104	1	215	203	198	226	86	164	174	139	3	40	23	0	41	236	195	237	92	186	69	62	127	7	133	117	101	60	94	202	
97	188	249	68	205	221	196	7	75	225	172	8	146	184	86	182	137	166	112	28	143	42	240	146	47	93	21	127	202	110	218	14	
134	64	6	153	20	131	168	64	22	19	83	18	72	202	57	73	121	41	19	177	34	245	1	222	4	2	154	128	149	9	49	128	
2	12	2	159	84	131	170	106	22	0	90	2	104	234	32	64	121	106	34	160	32	187	10	255	60	38	139	128	21	42	113	136	
17	117	83	69	114	158	38	113	125	168	123	100	92	19	164	244	54	61	22	106	225	145	17	78	38	172	39	134	42	34	131	181	
29	104	153	225	132	79	99	200	86	224	5	10	211	209	105	40	57	204	2	122	11	52	121	16	205	141	133	52	241	59	84	160	
34	25	114	211	230	145	184	71	205	81	117	179	136	140	124	40	238	27	151	149	146	188	38	240	14	24	154	194	215	140	241	221	
42	242	48	232	109	221	153	15	143	29	180	57	172	157	126	134	204	27	215	17	198	42	98	209	71	89	154	251	22	12	221	255	
155	159	104	179	246	49	184	183	25	125	30	183	45	46	214	41	231	131	149	149	181	216	37	230	206	91	254	194	175	204	157	223	
16	16	158	221	28	143	33	122	246	180	198	6	240	243	32	66	121	116	106	136	40	243	83	29	93	162	199	0	24	40	48	162	
62	48	56	226	105	253	83	200	139	172	181	43	14	223	111	28	170	145	207	114	10	35	122	240	219	209	1	63	210	31	71	227	
62	120	120	226	47	125	211	200	137	172	181	43	14	221	111	24	190	209	213	115	12	35	120	232	219	217	1	127	247	63	86	115	
62	112	120	98	39	95	83	216	65	236	181	43	75	93	95	56	190	213	213	115	140	179	120	136	219	217	1	183	231	191	86	115	
38	205	2	158	220	131	174	228	148	128	218	2	104	234	49	65	120	106	19	227	64	187	10	237	60	32	207	8	21	123	240	136	
161	209	121	103	116	143	111	53	117	104	119	88	211	17	152	49	94	12	86	106	225	188	97	15	103	153	32	192	100	138	194	161	
26	73	82	229	54	136	120	86	169	128	114	2	47	11	33	80	166	185	21	192	64	184	0	236	150	249	50	130	103	144	67	9	
162	233	96	139	116	137	234	101	77	0	113	10	168	136	124	0	74	169	23	67	218	58	64	245	52	24	138	232	85	10	209	128	
66	208	18	154	106	128	184	70	173	25	80	163	172	158	56	64	230	51	159	133	2	9	2	225	148	48	154	138	20	20	33	153	
2	144	50	155	244	129	184	71	94	25	81	50	140	158	124	8	255	27	147	145	210	188	2	213	12	28	154	226	20	12	177	147	
208	91	248	229	50	136	59	54	40	4	110	237	191	39	130	80	38	247	109	64	64	152	161	47	228	229	46	128	36	130	7	123	
176	193	66	137	92	131	202	101	5	0	208	2	0	8	48	64	104	137	23	225	74	175	64	221	52	0	138	120	21	10	240	136	
2	0	6	137	84	163	168	67	132	0	242	2	136	136	49	72	104	169	27	161	18	179	1	221	20	32	138	192	21	8	113	136	
40	217	122	203	86	193	187	240	68	4	84	34	48	221	182	96	126	56	147	202	194	186	60	253	103	9	162	105	119	139	117	186	
188	133	116	107	189	27	82	185	71	49	167	24	195	65	8	213	82	130	76	122	122	32	73	149	234	219	65	85	50	139	220	34	
105	40	49	64	93	221	65	67	235	97	172	8	42	145	84	180	136	188	218	24	19	43	240	149	23	220	16	123	194	14	70	110	
34	73	66	137	76	129	168	101	132	0	208	2	168	138	48	65	106	169	19	193	64	186	66	213	52	32	154	136	21	8	241	136	
169	125	81	69	117	95	103	54	121	232	114	108	58	17	132	181	18	28	86	104	225	184	113	30	38	152	33	34	75	136	66	189	
69	16	187	229	160	108	121	19	168	73	118	116	151	23	129	122	6	53	61	24	145	148	176	64	199	169	114	128	128	225	37	115	
18	1	6	140	28	130	168	96	132	0	210	2	72	202	48	64	120	160	46	161	24	163	3	221	148	32	138	200	21	11	48	128	
2	128	22	153	52	131	168	39	30	17	83	18	172	10	32	65	106	11	51	128	82	152	67	213	4	50	154	192	20	8	177	136	
34	148	16	153	249	253	144	7	31	29	120	17	172	156	102	204	205	27	131	17	54	44	82	215	15	86	26	123	210	76	141	223	
88	124	190	244	139	232	21	71	185	151	230	57	175	191	67	91	163	247	237	16	42	79	178	227	211	243	86	11	162	112	167	75	
19	141	99	203	150	147	239	247	84	65	218	198	121	238	180	100	127	234	23	253	179	153	45	255	56	46	174	192	189	142	177	253	
210	88	31	180	35	194	53	103	173	194	114	50	60	155	32	113	226	181	31	128	97	157	16	200	241	242	90	3	8	0	163	43	
173	77	237	207	244	26	239	180	84	234	94	198	211	37	151	231	94	236	63	239	233	148	237	174	102	111	239	148	47	255	80	253	
173	4	125	125	100	47	73	48	85	234	119	88	211	89	145	123	89	228	22	42	169	246	121	14	199	251	225	144	82	249	80	225	
119	109	235	196	212	15	206	230	80	162	186	79	82	41	85	3	185	228	83	239	232	119	212	46	61	14	197	52	77	121	82	136	
26	158	90	185	114	129	184	215	159	13	86	247	173	207	162	64	103	59	183	129	38	152	6	255	254	231	186	195	52	132	173	155	
57	65	99	77	84	27	239	120	68	224	242	70	83	8	148	160	120	204	22	239	205	178	101	28	52	40	161	132	125	186	112	228	
92	209	156	164	169	76	94	184	171	190	174	9	223	255	75	82	243	213	237	98	76	65	219	144	251	243	111	127	160	114	45	67	
66	178	164	153	233	229	184	67	142	93	144	183	140	142	98	74	197	27	251	149	22	73	146	209	141	18	154	251	148	76	181	219	
14	252	184	179	166	168	189	151	26	251	28	179	189	127	218	42	167	123	157	149	146	92	235	243	206	207	63	224	164	208	133	251	
63	67	74	141	76	3	207	120	68	224	214	199	83	72	179	192	124	236	31	239	205	179	109	140	48	41	171	148	61	191	120	212	
97	50	121	189	108	137	249	88	62	248	176	236	255	203	208	16	223	253	127	141	131	114	239	81	220	219	47	184	12	136	3	177	
220	88	95	238	50	195	75	48	5	72	215	226	119	87	161	224	118	180	29	234	73	133	57	29	243	225	161	144	54	171	36	49	
56	157	58	252	213	212	148	103	213	13	236	19	42	185	38	64	200	58	131	0	120	171	18	159	115	247	146	75	83	72	252	138	
124	112	120	229	104	79	95	16	33	172	180	40	95	31	67	48	222	221	221	106	72	210	249	8	247	201	37	177	99	179	70	115	
56	157	18	252	223	212	148	103	149	5	232	19	46	191	38	192	200	59	131	1	126	171	18	159	115	247	18	75	83	12	172	154	
153	5	110	204	84	146	239	113	212	64	223	2	89	235	180	97	122	162	23	234	248	179	36	207	114	235	226	128	55	170	240	224	
155	74	71	188	18	178	170	86	180	66	210	199	45	138	179	204	110	173	191	205	173	159	4	239	144	110	186	128	45	149	57	93	
226	213	50	222	253	173	246	239	207	59	185	56	238	248	108	2	175	115	95	3	242	35	10	243	63	156	7	190	80	122	195	139	
26	158	90	187	114	130	186	247	63	5	94	247	109	207	162	64	127	59	183	133	166	153	4	255	254	231	186	131	61	132	169	153	
16	140	138	187	148	163	170	247	22	3	218	18	49	170	32	64	121	43	6	144	58	156	1	63	232	167	190	192	181	72	177	136	
27	158	94	191	178	130	58	247	61	65	94	247	109	231	162	64	119	239	175	133	166	153	5	255	254	103	190	192	61	132	169	217	
254	149	178	254	255	127	150	255	219	123	189	58	78	253	44	52	191	211	247	33	248	47	58	223	59	223	85	255	211	126	230	23	
141	157	124	91	242	186	251	191	62	73	124	176	253	119	180	112	23	123	23	24	179	152	43	255	110	159	39	224	150	195	193	185	
36	205	2	158	221	135	174	236	148	128	90	2	104	234	49	65	248	106	51	227	64	187	26	255	57	52	143	8	17	122	176	136	
124	112	152	224	41	79	94	24	43	172	188	9	223	31	67	18	151	221	253	98	72	67	217	152	251	253	37	61	98	179	78	3	
8	157	58	122	240	205	125	247	255	79	126	0	190	183	34	80	165	123	215	8	242	184	50	119	111	255	54	67	194	192	207	251	
2	178	164	153	237	229	184	7	158	93	82	183	140	158	98	72	199	27	187	149	150	88	147	209	13	18	218	235	156	76	149	223	
151	149	111	137	150	18	171	247	20	65	222	246	89	44	182	100	126	135	23	253	177	155	37	254	120	47	174	196	181	158	176	252	
57	65	107	77	84	27	239	120	68	224	254	70	83	8	182	164	120	132	22	239	205	179	101	12	116	41	161	132	127	170	120	228	
2	186	22	153	203	197	184	199	190	29	64	181	172	150	98	72	197	59	235	145	18	79	146	241	13	16	158	235	144	4	165	219	
90	60	190	246	139	224	20	71	187	159	166	57	175	191	67	91	167	243	237	144	58	75	130	224	219	243	94	27	162	84	167	91	
198	188	146	186	249	172	62	142	187	27	185	56	236	254	109	90	231	247	255	147	50	79	138	243	191	244	31	250	144	83	163	19	
38	69	2	142	76	1	134	200	134	16	217	2	96	200	57	65	88	232	19	227	66	35	10	185	48	32	203	168	85	123	112	128	
43	167	67	78	119	155	166	232	77	64	248	238	104	200	180	164	126	232	146	238	199	179	108	255	62	60	135	170	95	142	122	165	
42	179	121	233	109	89	217	89	15	125	181	187	143	29	222	180	207	145	223	49	222	34	104	213	215	217	169	255	87	142	222	247	
0	24	158	221	78	15	33	95	118	180	230	6	208	243	32	66	120	108	106	40	0	249	211	29	85	170	83	4	56	40	96	170	
2	4	134	153	6	162	168	66	60	19	83	18	204	42	48	73	99	7	59	145	48	220	3	214	12	38	218	196	148	65	49	128	
76	163	188	227	168	8	95	156	34	189	143	57	223	99	90	90	151	87	125	223	26	64	203	32	202	223	111	253	160	179	135	99	
253	101	213	164	172	95	70	136	65	250	177	72	223	105	217	155	153	196	76	110	109	103	201	8	178	217	101	60	74	255	90	0	
137	205	125	95	244	154	239	183	124	66	126	80	251	97	146	101	22	106	62	110	225	188	101	239	102	63	100	128	102	250	209	233	
92	130	197	179	173	104	68	143	41	183	171	177	207	39	72	219	195	199	237	16	26	65	203	160	138	243	116	85	162	245	132	82	
121	49	51	66	65	221	112	64	233	65	109	8	62	215	8	180	176	56	192	74	67	49	178	129	147	217	0	43	98	7	78	38	
32	126	127	117	98	235	49	48	57	174	127	236	247	71	129	25	22	60	70	42	224	212	32	12	69	178	97	0	98	163	7	241	
41	49	104	99	101	157	80	17	97	228	109	12	59	24	86	180	152	168	80	78	205	58	244	156	71	217	1	48	75	142	90	222	
60	121	123	102	103	95	87	216	65	228	181	10	123	93	127	48	250	249	149	98	72	178	120	168	243	217	5	63	99	187	68	122	
193	126	122	182	50	140	123	48	184	196	70	173	247	199	130	81	54	253	125	71	224	156	144	47	224	225	42	136	44	163	3	91	
82	73	82	182	34	136	120	70	173	128	114	0	47	138	33	80	166	179	78	64	0	185	0	236	150	240	26	128	68	1	35	9	
33	237	137	182	220	45	196	231	24	130	168	76	178	96	81	1	217	98	2	13	105	106	210	47	44	150	213	56	216	120	210	152	
2	216	18	154	106	128	184	70	142	25	208	163	172	222	40	74	230	51	159	197	2	11	2	241	148	48	154	138	20	20	33	217	
97	167	129	158	220	45	196	175	26	178	168	77	242	96	16	19	221	234	2	45	121	106	218	47	44	150	212	56	217	120	210	152	
97	184	232	115	69	221	81	23	115	229	101	29	34	152	86	52	153	174	80	28	159	122	240	146	79	92	16	123	203	12	90	222	
173	79	70	37	52	139	238	33	116	164	107	137	195	104	146	0	26	44	74	111	108	176	13	30	228	62	5	1	100	174	88	64	
178	197	66	136	92	131	206	109	5	0	241	2	2	8	52	64	120	136	23	227	120	171	64	223	176	136	138	248	53	10	240	128	
92	240	179	90	3	252	82	192	251	17	229	24	110	215	108	252	179	154	232	88	19	39	186	241	147	253	16	123	226	3	238	38	
92	162	149	179	172	40	109	135	171	191	131	177	207	35	74	91	131	199	109	21	26	73	203	224	140	242	126	85	128	213	135	64	
131	158	134	157	231	178	184	7	31	251	82	247	172	232	182	205	247	111	179	149	182	220	71	247	12	54	222	195	159	76	185	157	
238	124	181	229	237	111	68	158	75	250	160	89	218	57	85	187	137	212	125	35	233	102	217	128	175	218	197	62	202	125	210	50	
30	27	218	186	146	160	58	83	172	5	94	231	45	239	163	72	102	59	191	213	146	153	6	232	210	229	170	128	173	199	41	153	
2	128	54	155	228	129	184	199	222	25	81	146	140	206	124	8	239	27	19	145	210	188	10	245	12	24	154	230	148	8	177	137	
253	101	213	164	172	75	70	168	65	250	176	72	211	41	217	155	153	196	76	110	109	102	201	138	178	217	101	52	106	255	90	0	
95	15	71	190	18	178	106	115	188	65	218	199	109	238	179	192	102	167	191	141	181	153	4	239	176	110	170	128	173	197	57	93	
0	24	30	205	78	15	33	91	102	164	230	6	144	147	32	64	104	156	106	8	8	251	211	16	85	170	131	0	56	8	96	162	
49	109	139	228	212	15	239	230	80	162	74	78	113	41	53	0	184	238	19	239	65	187	144	46	61	142	141	32	73	122	82	136	
19	141	107	207	150	147	239	247	84	65	222	194	113	238	180	100	126	234	31	237	251	187	45	255	120	46	174	192	61	138	240	252	
91	12	71	188	22	178	106	118	181	194	218	199	57	174	177	225	110	231	63	141	173	153	4	238	176	110	186	128	45	229	56	92	
155	26	194	190	2	176	170	82	180	66	82	231	45	142	179	200	102	171	159	199	165	157	4	235	146	99	186	128	45	133	57	221	
2	12	6	159	84	131	170	98	22	0	90	2	96	234	32	64	120	106	34	128	32	187	10	255	52	38	139	128	21	42	49	128	
134	137	98	211	230	145	188	199	205	81	17	147	168	140	124	10	239	27	151	149	210	60	38	224	46	24	158	234	213	140	241	217	
210	1	66	168	150	2	236	71	45	0	210	18	13	138	48	64	106	141	31	161	88	159	0	198	176	224	154	196	53	0	176	0	
2	201	2	155	100	129	168	100	140	16	80	2	172	136	60	65	234	43	19	195	66	184	66	245	36	24	138	200	21	24	241	136	
249	83	110	236	38	22	94	56	101	72	247	231	91	11	191	115	126	133	61	238	205	147	101	140	242	235	226	148	47	174	120	81	
161	196	125	103	116	15	101	53	124	106	119	88	211	81	152	49	30	4	94	106	233	180	105	31	231	187	96	64	64	138	194	161	
38	98	226	201	101	49	184	74	95	15	121	147	8	140	127	8	253	9	147	149	134	182	100	210	23	28	154	175	215	95	116	198	
155	157	96	179	166	145	188	183	155	95	17	183	173	110	254	33	231	179	151	133	246	76	44	247	170	95	254	234	39	204	149	95	
147	205	98	207	54	146	222	181	21	64	222	131	41	14	190	96	126	179	151	239	236	154	36	239	50	126	138	128	55	158	176	93	
173	28	61	119	100	47	113	50	252	250	119	88	247	49	145	123	133	116	126	42	161	244	113	40	199	251	112	16	64	249	66	233	
61	67	106	140	20	19	207	120	68	196	215	199	115	204	179	100	124	228	31	239	205	163	37	140	112	41	175	156	63	190	120	116	
2	200	54	155	236	137	184	205	206	25	81	146	140	204	120	9	239	27	19	145	210	188	10	241	12	16	154	238	148	8	177	129	
109	28	189	119	172	110	117	19	236	251	55	24	255	57	1	123	133	54	125	10	177	244	243	0	199	251	112	16	192	233	66	35	
16	50	30	35	226	110	53	85	48	111	119	189	23	55	3	25	166	157	85	38	48	217	17	12	215	163	112	128	232	209	167	211	
133	212	125	119	36	15	109	60	124	122	119	112	215	83	136	59	22	20	126	42	225	244	105	13	199	187	96	132	64	176	66	161	
109	110	149	164	173	127	68	170	75	250	184	72	223	40	91	187	137	196	204	110	77	102	235	8	165	219	101	61	194	253	74	69	
32	141	2	158	221	133	174	230	150	10	216	2	224	250	48	64	217	106	19	195	114	171	90	255	57	54	143	8	16	122	176	138	
2	184	22	155	107	197	184	199	190	93	80	53	172	150	98	72	199	59	187	144	18	72	18	245	13	48	154	235	16	4	165	219	
252	237	163	182	181	108	71	181	177	254	15	25	255	245	91	147	145	70	93	111	121	69	184	162	249	223	101	124	130	127	214	115	
90	184	190	254	139	224	20	199	187	159	164	57	174	255	66	26	167	179	237	144	58	75	130	225	219	243	94	59	130	84	167	75	
210	110	69	181	10	19	142	170	148	178	146	226	237	2	145	199	98	229	253	235	105	205	77	255	176	226	235	148	37	49	25	44	
54	64	64	142	92	3	202	232	135	2	177	10	96	232	61	64	88	192	23	227	40	35	74	191	48	46	139	188	85	59	112	128	
2	13	2	159	84	131	170	96	22	0	218	2	104	234	48	64	120	106	51	161	32	179	10	255	52	38	139	128	21	42	113	128	
76	163	149	179	168	72	76	141	171	189	170	217	207	103	73	218	129	71	237	84	27	72	203	160	141	244	127	252	128	87	135	113	
2	132	134	153	148	162	168	3	62	19	82	18	204	34	48	73	99	15	59	145	50	220	1	212	12	38	218	196	148	72	33	0	
105	56	149	100	109	79	84	59	75	250	50	72	222	57	81	187	137	212	117	33	73	122	217	136	143	219	85	54	202	120	90	11	
76	162	149	176	173	76	73	143	171	189	170	93	143	35	72	218	129	71	237	20	26	73	203	192	137	244	127	254	128	68	135	105	
178	205	98	238	86	130	206	245	93	66	218	130	105	46	60	96	110	243	23	227	232	143	4	239	50	126	138	128	55	158	176	12	
131	205	96	178	166	128	254	167	157	83	153	147	173	108	124	97	239	179	159	135	246	12	14	243	188	92	222	234	21	204	177	221	
60	89	123	230	85	95	87	248	65	160	252	10	123	93	41	48	248	248	151	98	72	178	56	172	115	221	5	49	115	187	70	250	
34	205	66	138	108	129	238	229	141	0	216	2	172	202	60	65	234	163	23	195	66	43	66	245	52	56	138	136	21	26	241	136	
146	68	2	137	132	0	236	71	13	1	211	18	136	10	48	64	106	131	31	145	88	159	1	214	180	32	154	192	21	24	177	8	
253	83	106	236	38	22	95	56	101	76	247	231	91	11	191	81	126	132	61	238	204	147	101	140	242	233	224	132	47	175	120	81	
102	162	212	67	13	43	144	136	91	51	179	255	194	104	76	142	221	213	234	178	18	102	207	211	14	22	81	127	215	175	76	4	
198	213	186	254	252	173	254	239	223	59	184	56	252	248	108	3	175	99	95	35	242	43	138	255	61	159	47	190	80	122	195	139	
237	110	149	165	237	63	69	154	75	250	48	72	143	48	67	187	137	196	100	126	237	118	233	128	165	219	69	60	194	253	90	101	
176	205	66	170	212	131	206	237	21	0	240	2	3	8	52	65	120	136	23	227	120	171	0	191	176	200	138	80	53	155	240	136	
237	113	105	67	93	253	243	148	225	101	109	29	186	141	94	182	136	46	210	94	151	54	250	34	103	89	0	104	74	159	214	242	
4	81	87	101	98	110	111	16	168	198	111	165	221	103	137	92	54	53	65	110	1	144	48	76	68	190	97	4	106	243	7	241	
3	159	103	143	244	182	175	183	92	73	90	230	224	108	180	228	127	110	18	173	181	184	37	239	44	62	142	194	141	238	241	253	
35	142	67	152	86	163	234	99	21	1	218	231	96	234	180	196	126	171	22	149	158	186	69	255	60	54	138	194	189	14	56	204	
155	196	110	204	148	18	239	246	212	66	214	146	89	111	190	97	127	228	63	239	249	159	37	206	114	43	234	192	55	168	240	96	
2	192	22	155	36	129	168	135	142	17	83	18	172	202	56	64	227	11	59	145	66	156	75	245	4	16	154	192	20	8	177	137	
56	249	58	238	217	205	87	228	169	140	172	8	47	223	105	16	152	251	213	98	72	35	152	185	243	209	5	59	114	51	174	58	
141	157	124	251	242	179	127	191	63	9	124	176	253	127	168	116	55	123	151	90	242	152	107	255	110	223	39	192	182	210	193	185	
160	205	186	254	252	45	254	239	142	138	184	10	244	248	61	67	219	99	95	33	240	47	202	255	125	159	175	184	212	122	211	139	
17	141	111	206	148	146	239	247	212	64	222	66	113	233	180	100	120	234	31	238	249	187	45	255	120	47	167	192	53	170	240	232	
64	57	28	77	10	143	33	87	102	37	230	6	178	147	0	64	104	188	106	8	8	187	211	16	85	172	18	16	121	8	96	170	
8	157	58	122	241	205	255	247	191	93	124	0	190	191	38	80	165	59	151	8	242	185	50	127	111	255	54	75	82	64	239	251	
62	179	120	225	246	123	219	80	15	125	181	187	15	13	214	60	63	153	223	176	152	50	101	212	223	217	33	247	247	143	71	243	
200	162	152	224	40	140	89	155	170	189	132	89	159	147	64	18	135	21	125	24	26	77	203	19	219	221	61	253	130	128	7	11	
2	216	50	154	108	132	184	204	142	25	80	163	172	222	57	74	238	17	159	197	130	3	10	241	20	48	154	170	20	23	33	219	
163	221	34	206	125	149	222	236	205	88	153	35	108	220	63	98	238	241	151	231	228	35	42	253	51	24	138	154	23	31	113	223	
105	57	177	101	109	94	84	49	99	232	42	72	218	57	81	178	136	228	117	9	205	122	209	8	207	221	69	54	202	106	90	11	
211	208	71	149	18	130	41	244	189	83	210	247	93	14	186	237	119	213	63	247	229	221	37	255	152	34	250	198	61	133	33	125	
30	141	80	243	246	163	126	191	63	129	94	146	253	111	40	80	55	251	23	250	50	152	9	255	238	223	175	192	182	211	161	145	
57	65	106	76	84	19	199	120	68	192	255	14	83	72	182	36	120	172	22	239	205	179	37	156	114	109	161	144	127	174	120	228	
2	208	32	154	109	133	184	204	142	89	145	163	172	220	126	11	206	17	159	199	134	7	10	241	21	16	154	190	20	30	53	219	
80	16	30	205	11	143	33	87	230	37	238	14	178	147	32	66	104	180	106	8	8	171	211	80	213	164	18	24	24	10	33	42	
59	175	98	10	95	147	158	232	95	64	252	239	106	232	190	164	250	235	150	231	206	171	14	255	58	92	139	187	95	14	122	198	
137	205	124	95	244	154	239	191	124	66	126	16	251	105	150	101	55	110	62	110	241	188	109	239	102	255	102	128	103	254	209	233	
2	176	166	153	249	229	184	7	158	93	80	183	172	158	98	72	199	59	187	149	150	92	19	213	13	18	222	203	148	12	181	223	
198	188	146	154	248	172	62	142	187	155	184	56	236	254	105	91	215	247	255	147	50	71	138	243	188	182	31	254	144	113	35	17	
32	157	144	158	253	133	150	230	158	9	216	0	164	248	48	64	201	106	51	65	50	42	90	255	45	22	158	122	144	8	177	139	
120	176	188	126	137	228	84	79	163	31	165	25	175	255	72	26	137	147	237	144	26	75	250	209	219	243	86	123	226	64	167	91	
2	13	2	159	84	131	174	96	22	0	90	2	104	234	48	64	120	106	51	131	32	187	10	255	52	38	139	128	21	42	49	128	
205	84	61	119	44	46	125	184	236	122	55	112	215	87	137	123	135	84	124	42	225	229	123	4	199	251	97	148	64	241	67	33	
253	83	106	228	102	18	79	112	101	100	247	231	91	11	179	113	126	132	21	238	204	147	37	140	242	233	224	132	47	175	120	81	
65	185	149	145	41	140	33	159	170	253	0	124	172	179	192	86	131	71	109	28	19	73	218	81	141	144	127	254	138	0	3	123	
109	41	204	37	236	91	69	51	67	234	190	41	83	49	211	158	9	196	236	44	76	122	201	138	94	223	101	53	203	252	90	74	
111	245	35	66	229	189	231	252	233	72	109	12	218	252	31	180	152	74	82	110	211	176	184	229	103	92	4	50	202	127	210	246	
92	240	248	176	34	72	21	144	32	95	20	173	31	23	74	27	39	145	213	85	154	82	144	0	211	193	124	173	172	48	7	115	
246	245	187	214	181	124	87	190	185	218	140	56	86	245	201	63	145	218	93	122	123	71	186	170	187	219	101	191	130	249	214	119	
35	142	67	137	86	163	170	79	22	1	216	231	160	8	180	192	123	139	3	149	30	186	69	255	20	38	186	192	181	12	48	140	
109	244	141	246	229	126	71	191	179	251	28	120	119	117	201	191	145	86	85	46	121	208	186	47	235	223	117	244	170	253	222	251	
184	140	110	255	68	50	206	250	85	2	215	18	89	43	180	65	121	198	55	171	232	191	37	175	114	239	234	128	55	232	112	136	
105	105	240	71	117	30	203	52	107	172	127	12	234	41	212	22	16	236	117	76	201	248	193	136	110	124	1	176	75	175	82	45	
33	157	107	79	244	78	239	181	84	200	94	66	115	117	181	100	92	110	22	111	225	184	61	175	101	44	165	128	109	250	240	237	
196	187	145	161	184	12	96	153	171	249	136	109	142	70	200	150	165	69	236	92	139	77	203	83	157	212	47	254	136	38	3	121	
108	41	204	69	237	91	69	43	67	230	190	41	67	49	215	22	25	228	100	44	72	122	205	136	126	223	69	53	239	254	90	74	
216	52	122	177	34	104	53	51	48	95	86	189	31	55	11	57	55	155	221	165	184	220	144	2	215	231	122	129	172	96	15	123	
35	159	111	79	244	6	175	183	84	200	94	198	112	100	180	101	126	110	18	236	241	184	53	239	108	46	166	128	93	234	240	253	
182	141	102	234	84	3	206	250	85	2	250	18	67	41	60	65	120	136	23	227	248	191	9	191	186	202	136	192	119	202	112	136	
35	107	104	7	244	31	238	52	85	104	127	237	211	12	159	176	92	172	214	238	253	186	101	62	38	29	160	144	79	159	218	213	
192	213	190	254	252	45	191	255	158	43	184	56	247	248	40	2	191	83	95	33	240	111	138	127	253	159	127	188	212	120	193	139	
2	192	22	155	108	129	168	196	142	17	81	2	172	202	120	72	227	9	59	209	66	20	74	241	4	16	154	236	20	10	49	137	
77	16	189	255	172	108	117	27	234	219	183	16	222	117	73	122	133	23	125	24	145	97	251	64	203	251	119	92	192	97	197	115	
17	141	111	206	148	146	239	247	212	64	222	2	113	233	180	100	120	238	31	239	249	187	44	255	122	47	167	192	53	170	240	232	
210	204	2	155	132	128	172	199	12	19	219	18	140	10	40	64	107	131	31	144	114	189	1	243	180	4	158	192	21	88	177	136	
162	205	64	138	124	129	238	229	141	0	25	2	172	72	56	64	106	131	23	227	98	43	72	247	52	20	138	200	85	26	241	136	
3	158	195	159	244	182	238	183	127	75	90	215	249	104	182	228	119	110	55	141	183	156	21	255	44	62	190	192	159	196	249	221	
2	192	16	154	108	129	184	200	143	24	145	130	172	206	121	67	238	17	31	195	2	7	10	241	20	16	138	170	20	31	49	137	
57	69	106	76	84	19	199	120	68	224	254	10	83	73	179	100	120	172	22	111	205	179	37	156	114	109	161	144	119	174	112	228	
56	189	120	110	240	239	87	247	97	12	124	8	59	127	0	48	152	250	149	106	88	186	120	63	123	205	36	105	115	218	198	171	
2	128	148	153	182	162	184	3	62	19	82	18	204	42	112	73	103	15	59	145	50	216	3	213	12	54	218	192	148	72	161	0	
63	175	34	138	223	147	154	232	223	68	220	175	106	232	62	132	251	235	135	247	206	43	14	255	58	84	143	255	95	14	123	206	
52	64	66	140	92	3	194	232	135	160	176	10	98	200	57	0	88	224	95	99	72	35	10	157	48	2	207	60	85	59	112	128	
0	157	58	122	241	205	255	247	191	93	124	16	188	191	38	112	165	59	23	8	242	41	50	127	111	255	54	75	80	64	231	251	
61	80	105	97	118	123	251	16	68	232	55	170	91	29	215	40	62	156	151	255	129	176	101	136	78	201	161	196	239	187	84	241	
23	71	103	197	54	66	111	112	116	192	222	230	81	6	181	100	126	228	30	238	233	145	37	206	48	174	163	132	45	179	112	117	
131	76	7	215	13	150	238	180	212	162	130	70	224	64	21	135	200	100	104	238	105	229	89	175	160	250	222	16	10	25	120	28	
136	49	92	79	24	203	35	5	230	37	231	16	179	19	2	80	64	36	106	8	3	188	83	23	69	172	16	80	120	138	64	170	
62	2	121	225	246	123	219	80	9	236	183	171	11	13	215	184	62	145	151	240	152	178	101	212	222	217	161	247	247	143	86	241	
136	0	94	103	24	203	113	5	164	97	231	16	243	147	2	80	72	54	106	0	2	184	83	39	69	165	16	65	104	138	68	10	
35	184	179	217	117	173	232	87	95	75	120	86	188	152	116	172	221	43	18	29	147	184	114	243	13	28	146	106	216	72	209	173	
198	188	154	158	249	172	62	206	187	147	168	24	236	254	101	91	215	119	251	145	50	79	154	251	189	190	95	126	144	113	35	154	
218	137	22	188	174	10	92	53	189	18	146	18	239	98	32	67	98	231	125	226	120	205	3	237	176	243	206	144	36	176	161	9	
109	197	123	67	244	190	102	180	121	73	110	72	219	97	157	244	16	78	86	110	147	176	172	111	39	125	36	0	194	211	210	228	
210	182	130	186	41	228	24	2	187	83	129	157	141	142	72	91	135	27	217	149	183	79	154	210	153	244	26	255	136	69	47	94	
49	141	111	206	148	146	239	247	212	64	222	2	113	233	180	96	120	238	31	234	233	187	44	255	122	47	167	128	53	170	240	40	
144	189	156	191	188	15	183	255	142	171	188	24	247	255	40	66	231	87	127	33	112	43	219	63	249	239	63	124	80	120	133	155	
2	152	22	155	107	197	56	199	190	93	80	49	172	214	34	72	199	59	179	145	18	24	26	245	13	50	26	235	16	4	165	219	
37	217	170	99	244	31	238	188	104	76	126	76	210	248	159	48	156	72	86	127	223	176	120	45	111	221	37	212	200	59	218	228	
116	189	189	116	202	79	22	255	171	186	168	104	86	125	69	27	133	215	73	34	104	99	154	9	251	194	85	62	0	112	6	59	
220	70	26	122	177	172	119	154	253	10	103	80	254	211	47	125	181	86	108	106	242	229	155	103	243	255	0	66	226	209	201	35	
240	44	232	87	124	107	195	38	123	230	183	56	243	61	214	19	9	228	100	10	40	126	237	42	94	249	117	49	69	170	86	106	
72	186	189	189	42	229	49	22	166	245	6	49	180	215	64	114	133	127	232	16	146	220	243	53	205	231	49	120	0	129	135	123	
60	0	121	225	118	123	251	80	97	228	247	171	27	13	159	56	62	157	151	242	137	178	37	140	222	221	160	197	231	143	84	240	
34	249	20	159	125	141	144	238	158	57	248	8	174	216	96	64	201	74	127	81	66	42	75	247	45	22	30	250	80	8	209	139	
76	48	189	113	169	108	85	27	234	251	183	16	222	119	72	122	133	23	125	24	147	97	251	64	203	251	119	92	194	96	197	51	
109	173	252	119	166	30	85	191	121	179	46	24	223	113	77	59	23	86	112	58	116	216	251	45	239	251	85	118	162	240	210	160	
124	176	188	250	169	109	81	25	163	125	165	25	223	255	72	26	205	147	237	16	26	107	251	17	219	211	81	127	210	64	134	115	
33	141	97	79	244	127	239	183	84	74	126	66	243	120	180	100	89	106	18	46	177	184	117	191	45	62	164	0	95	250	208	236	
120	176	56	250	169	229	89	95	131	29	165	25	31	223	74	26	205	147	253	144	26	75	250	145	219	217	144	127	210	128	198	98	
182	205	96	254	212	130	206	164	93	2	217	18	105	104	60	65	123	227	23	227	248	174	76	255	178	126	206	192	53	251	240	0	
127	64	106	229	102	18	127	112	105	98	246	135	27	11	151	112	126	141	149	239	204	182	36	200	210	249	202	132	47	174	122	68	
3	155	39	141	181	150	170	167	79	73	90	230	232	104	180	228	246	103	186	253	151	152	53	253	44	124	142	194	159	14	177	93	
36	124	25	120	232	237	84	254	27	58	184	108	183	119	1	153	139	251	68	34	121	98	80	53	179	211	117	58	216	121	130	179	
113	44	233	101	93	91	211	32	83	228	175	10	82	60	86	50	89	236	96	44	77	126	253	10	127	140	197	53	97	106	86	250	
178	132	70	189	4	34	206	99	21	2	250	18	107	104	52	65	121	166	23	163	104	182	1	143	146	239	250	128	53	232	112	128	
204	116	27	91	153	237	35	132	244	103	231	24	243	211	8	213	80	62	104	90	123	165	249	55	229	169	34	80	66	91	132	98	
195	253	145	133	58	108	33	150	170	241	130	124	157	151	64	214	39	119	121	212	115	77	157	114	189	240	15	118	8	49	131	117	
170	130	193	169	95	131	168	79	22	1	208	247	169	138	48	200	90	139	131	149	14	186	71	211	4	4	154	109	189	12	56	152	
184	64	94	119	17	234	99	0	245	5	103	16	243	215	10	112	112	54	232	74	42	148	227	39	199	229	32	81	98	129	204	66	
2	13	2	159	84	131	170	96	150	0	91	2	96	234	32	64	120	42	34	128	34	187	10	255	48	38	139	128	21	42	48	136	
197	84	189	117	44	46	121	152	236	186	183	80	215	119	137	123	135	85	124	42	161	229	59	0	199	251	97	148	64	241	67	35	
167	111	104	15	244	91	239	181	85	96	247	157	211	40	159	37	90	238	83	111	253	186	109	46	102	28	132	144	111	191	210	220	
90	182	154	176	34	236	88	55	49	83	66	189	191	63	2	89	167	155	221	145	190	92	144	67	219	247	122	233	168	196	15	27	
40	189	253	120	232	203	84	247	161	63	124	109	55	63	1	155	143	179	215	0	88	250	82	29	239	203	116	183	240	248	198	155	
93	149	178	88	163	126	119	186	109	89	110	0	222	243	45	253	181	90	92	58	147	161	186	104	251	255	69	78	218	243	227	35	
194	204	16	155	198	128	174	231	156	19	155	18	172	106	120	64	107	163	31	131	98	13	74	243	188	22	222	136	148	88	177	136	
192	255	27	184	202	233	20	199	170	23	136	189	166	134	97	88	161	51	203	17	102	15	146	83	241	1	30	123	144	80	175	122	
34	4	2	157	84	163	170	99	22	0	250	2	104	200	52	64	120	41	19	161	50	179	0	223	20	46	139	128	21	10	113	136	
69	137	250	72	228	92	119	157	107	141	110	0	87	241	247	112	176	70	116	120	211	56	163	1	123	253	37	77	192	178	230	97	
37	233	235	99	244	203	239	180	98	109	122	8	243	205	223	48	24	204	87	127	219	176	252	40	111	156	165	224	101	187	214	224	
152	175	14	185	139	249	53	199	166	87	76	181	175	135	99	72	231	43	235	21	78	141	2	51	238	225	62	105	178	84	173	218	
200	232	188	241	139	228	57	151	166	53	6	17	189	151	64	122	167	55	249	148	18	77	179	19	207	231	58	89	160	0	133	122	
108	39	185	103	180	45	231	5	66	173	185	9	243	233	88	2	152	110	69	114	24	240	200	40	237	156	37	49	64	123	214	226	
92	175	5	161	184	175	67	152	6	189	130	77	215	33	73	11	145	68	108	125	56	64	73	20	236	198	109	116	160	123	148	82	
84	203	254	72	164	124	117	175	237	29	110	8	83	241	191	122	177	70	108	40	18	161	171	1	251	255	100	77	240	242	230	96	
45	141	235	65	213	127	103	135	125	65	110	8	211	224	159	52	89	202	82	92	151	184	116	66	47	124	132	64	235	252	218	212	
167	253	101	71	213	79	239	164	85	96	194	31	211	12	30	165	88	238	83	239	249	254	117	174	101	10	141	80	111	189	214	244	
76	16	188	117	40	110	113	24	234	186	183	24	223	119	9	123	133	84	124	42	169	229	251	0	195	251	97	20	192	225	67	35	
252	1	174	68	141	126	197	131	226	187	166	24	211	176	85	254	1	196	104	24	24	225	227	2	219	239	197	21	195	121	246	38	
112	125	241	103	93	111	199	109	83	224	169	74	114	61	68	48	217	254	112	10	73	250	217	46	109	140	5	50	97	107	214	186	
81	44	17	176	144	236	12	7	58	243	138	8	191	150	64	187	161	191	120	156	91	88	145	76	185	224	31	120	136	80	131	40	
52	253	145	232	157	7	70	216	86	176	168	72	86	83	65	164	89	216	74	122	75	35	89	18	185	132	5	126	248	123	10	32	
82	172	149	184	17	228	89	39	187	83	202	25	190	62	80	89	165	187	221	149	27	74	146	197	153	246	218	106	128	68	167	90	
109	192	12	187	44	15	67	188	22	61	133	13	215	97	90	81	209	4	108	111	72	72	219	53	205	243	245	92	24	43	80	10	
87	160	177	178	9	229	25	200	187	87	129	25	156	254	72	91	165	155	89	151	59	71	186	241	217	210	219	254	128	3	39	114	
109	133	235	89	197	124	103	143	117	67	238	8	179	240	159	124	25	202	104	56	95	178	246	35	103	255	20	0	226	240	210	228	
124	176	184	120	169	109	81	152	35	61	165	24	223	255	72	58	141	151	253	16	26	99	251	17	219	217	113	125	210	193	70	115	
186	161	0	169	95	131	128	79	22	49	212	151	137	139	98	201	104	137	131	149	31	58	81	145	148	65	186	125	63	12	56	154	
32	249	20	155	125	141	240	238	159	57	56	56	172	216	120	16	201	11	127	17	66	56	74	245	45	20	27	126	80	24	209	137	
60	65	107	229	86	90	251	80	69	224	247	130	91	29	191	40	122	156	151	234	9	179	53	136	83	201	161	133	103	187	116	226	
48	155	151	188	235	205	17	102	169	217	96	105	182	183	32	27	132	187	69	0	73	75	18	60	153	210	92	58	208	0	7	251	
108	52	31	120	137	125	5	216	244	122	228	72	214	247	9	253	89	26	76	56	59	211	242	20	241	243	101	126	210	120	135	115	
67	64	210	132	101	28	248	66	233	2	226	3	140	138	53	126	234	165	27	205	4	181	148	192	151	120	138	3	12	180	107	134	
49	141	110	206	148	130	239	246	212	64	222	2	113	233	180	96	120	238	31	234	233	187	44	191	114	47	167	128	53	170	240	40	
2	12	2	158	84	131	170	99	150	0	91	2	104	234	32	64	120	42	2	128	34	154	2	255	48	38	139	128	21	42	48	128	
112	120	151	184	40	207	21	230	188	122	224	104	150	183	1	89	133	249	78	64	89	75	112	56	177	146	126	62	208	120	7	123	
220	206	122	121	128	232	117	151	180	22	230	16	131	135	35	93	33	26	236	24	122	141	163	23	227	225	52	93	242	208	228	98	
152	207	14	187	139	248	117	199	183	22	206	181	175	131	99	88	227	43	237	20	110	157	3	50	230	225	54	65	178	84	173	74	
92	176	185	224	168	108	81	31	106	251	167	24	222	55	72	122	133	23	125	24	27	97	243	0	219	249	119	126	192	96	199	115	
