香奈儿炫亮魅力唇膏丝绒系列限量版	N°3	https://i.chanel.cn/fnbv3/image/full/shades/rouge-allure-velvet--n3-35g.0151217_S.jpg	https://i.chanel.cn/fnbv3/image/full/chanel__com_type1/skus_full/rouge-allure-velvet--n3-35g.3145891512175.jpg
63	63	96	65	245	127	219	216	65	236	188	110	75	125	215	180	124	220	148	254	141	178	125	142	59	221	161	246	239	239	90	245	
177	70	111	76	108	82	237	127	69	230	246	198	51	9	183	97	106	164	6	238	237	191	101	12	86	171	224	0	127	168	116	252	
34	157	246	220	254	39	188	227	89	234	248	171	44	60	53	34	207	247	151	133	240	187	64	206	62	62	223	170	213	236	243	223	
41	193	96	233	124	29	218	156	71	105	181	10	187	9	157	36	88	128	95	106	207	34	105	157	247	221	161	188	119	158	80	169	
22	13	150	151	150	162	174	231	156	131	219	18	204	234	33	75	107	227	63	242	112	227	2	232	188	178	206	128	133	120	161	128	
34	237	32	155	213	209	170	230	22	45	88	11	40	204	118	0	233	235	131	213	86	58	10	247	61	22	159	235	209	14	253	206	
131	154	55	153	23	246	168	23	254	75	66	82	188	158	52	236	231	43	26	157	183	156	53	255	13	62	154	194	148	4	177	109	
56	34	78	169	108	43	232	91	12	164	250	135	149	138	80	66	110	141	239	133	0	187	67	208	212	193	170	176	53	136	49	208	
122	181	169	168	157	99	205	207	19	253	156	159	1	173	114	66	105	142	187	149	26	75	243	146	251	69	159	253	183	76	180	242	
159	127	235	225	230	3	175	214	58	250	20	255	29	143	215	43	47	221	23	255	241	87	164	194	126	73	175	228	173	245	147	241	
159	122	235	225	246	19	191	210	123	234	20	255	29	143	247	42	63	253	23	223	193	247	164	194	126	77	175	228	239	245	51	241	
54	90	99	204	78	7	207	120	85	202	244	238	113	221	181	108	124	252	55	239	201	183	54	154	82	46	225	152	127	191	116	245	
167	106	172	145	236	169	232	206	30	255	16	155	145	140	215	11	201	40	55	157	134	118	239	208	14	26	255	237	148	153	86	220	
63	90	227	158	110	16	158	248	129	202	216	231	120	222	183	236	222	253	183	231	205	135	174	232	16	62	235	138	63	191	57	149	
10	223	24	159	254	217	182	238	31	13	88	163	172	190	166	192	247	123	143	65	70	56	67	255	46	55	62	171	22	92	141	143	
127	92	254	239	100	30	254	216	121	234	255	230	251	123	159	255	254	237	255	239	237	245	237	234	246	255	231	132	111	247	123	213	
198	233	214	183	166	2	252	237	175	178	146	130	205	46	104	75	167	215	127	243	114	217	139	225	188	210	223	198	4	48	161	9	
151	27	107	229	182	146	238	112	101	224	94	230	89	77	181	36	62	252	23	255	209	144	37	236	126	72	171	128	47	163	113	245	
2	141	34	159	84	163	170	98	28	0	90	131	44	238	48	64	126	43	19	133	176	186	4	255	36	38	138	192	21	77	113	200	
31	122	235	224	246	54	187	210	59	237	94	231	29	175	247	170	63	253	151	221	129	243	164	226	94	77	175	228	175	245	51	241	
2	204	98	154	84	163	170	230	150	3	90	2	104	234	53	64	123	235	19	131	162	155	8	255	48	46	138	136	21	91	49	136	
74	217	182	144	243	208	188	231	173	85	4	49	44	190	102	206	227	115	155	209	86	9	18	225	59	83	94	75	146	20	173	223	
43	32	114	165	124	137	248	67	109	97	243	151	141	10	22	26	238	133	95	133	132	190	197	196	150	125	146	130	77	12	107	129	
34	204	66	154	84	163	170	238	150	1	90	2	104	202	52	64	121	234	19	195	66	186	10	255	56	44	143	200	21	11	112	136	
201	93	85	229	160	14	69	182	101	168	42	68	183	51	129	247	64	102	124	104	233	184	113	44	229	248	100	16	42	176	64	41	
129	152	183	89	85	191	233	23	127	21	98	20	176	132	52	172	205	58	34	28	179	188	49	247	13	30	18	64	211	136	69	252	
61	124	107	236	94	135	223	248	22	202	252	238	115	221	185	48	127	248	23	235	201	39	126	63	115	207	161	184	125	187	114	249	
2	140	18	156	86	162	186	99	156	130	90	18	44	170	48	64	110	127	19	129	48	186	2	239	28	38	154	128	21	104	49	137	
152	201	11	175	86	195	175	228	20	0	88	227	53	197	176	192	122	123	19	195	99	152	12	63	101	5	174	128	53	26	181	185	
35	120	186	145	237	189	184	214	223	255	84	93	172	156	87	138	141	41	115	29	135	124	242	240	15	26	95	170	200	93	91	223	
34	236	98	138	84	131	170	230	86	1	122	2	96	200	52	64	121	234	19	211	194	187	8	255	56	12	139	192	21	11	112	136	
35	108	98	10	87	147	170	64	95	64	121	135	99	200	55	164	94	40	130	111	199	178	92	159	54	28	3	42	95	143	122	132	
46	185	114	64	247	213	255	115	233	205	253	47	8	158	118	180	190	185	151	209	222	187	56	236	123	93	143	235	199	134	238	215	
6	77	214	157	254	162	174	231	156	131	216	2	236	234	53	75	123	99	23	163	112	163	2	232	60	62	206	136	149	121	241	128	
142	190	98	144	235	209	184	87	191	223	21	191	140	254	246	172	175	59	215	149	183	95	186	210	30	89	223	239	143	68	175	215	
14	57	226	228	231	118	187	210	59	238	94	167	8	190	119	142	255	255	183	145	148	242	180	226	95	93	143	175	135	119	127	215	
197	34	159	225	54	139	43	24	190	169	83	240	213	83	201	104	55	85	126	120	49	212	9	78	204	134	47	196	140	171	1	33	
35	188	162	152	125	245	184	71	155	87	92	191	40	156	118	44	205	59	147	149	150	58	54	243	31	84	154	235	151	76	254	222	
99	159	230	213	247	246	252	55	89	233	255	167	104	60	54	32	237	183	183	133	212	250	117	206	63	62	223	195	199	108	244	223	
55	78	243	206	126	178	139	216	206	72	253	230	121	227	189	228	126	104	22	238	129	163	46	255	48	238	171	136	255	251	113	245	
2	193	114	139	126	129	188	125	143	64	81	135	236	207	62	64	238	57	151	197	194	49	14	213	38	24	138	202	23	142	177	217	
2	152	176	158	75	245	176	198	143	95	92	11	172	190	103	74	205	123	179	129	6	11	242	241	23	22	218	171	146	93	37	223	
6	13	246	156	238	33	190	239	157	130	88	2	172	234	53	72	127	235	23	163	240	170	2	234	52	30	206	136	149	121	177	128	
3	140	2	156	209	244	168	103	30	73	74	23	168	170	54	196	233	43	147	133	55	152	18	255	47	62	154	195	153	68	185	158	
66	152	150	188	171	196	60	39	173	91	154	33	236	190	32	66	230	51	255	129	80	9	19	209	133	247	90	219	16	4	165	91	
216	80	60	101	44	14	125	52	237	26	182	0	255	19	129	115	134	116	108	106	200	229	227	25	195	251	96	144	66	178	66	43	
82	184	18	190	107	192	152	71	175	21	161	177	172	222	40	80	231	179	239	129	18	11	138	245	177	244	26	251	16	6	167	219	
2	201	70	159	94	131	232	101	143	0	90	130	172	206	52	64	110	57	59	193	66	152	3	253	36	8	154	192	21	14	33	136	
42	32	186	240	77	241	176	74	159	31	116	50	140	155	101	8	233	25	179	145	18	119	162	210	95	213	154	111	145	72	117	226	
18	75	110	181	34	144	184	87	172	12	90	231	45	142	182	192	38	41	191	197	196	152	4	232	150	97	186	128	37	132	41	221	
10	164	48	249	215	225	184	71	31	21	92	19	140	159	116	68	203	27	147	145	18	24	18	215	143	213	154	107	150	76	165	202	
110	57	226	198	231	116	188	67	41	239	95	139	8	190	119	142	255	255	179	129	148	242	188	192	31	127	223	171	135	118	255	215	
9	89	175	135	172	87	175	180	204	232	154	198	253	252	243	226	108	100	122	239	193	241	255	168	164	41	239	144	12	126	177	249	
2	140	10	155	212	163	170	231	22	1	90	2	96	234	48	64	121	42	19	145	50	186	9	255	60	6	158	192	149	10	241	136	
153	93	122	231	118	22	255	117	52	76	119	166	121	31	179	96	126	188	23	238	225	156	37	206	118	169	162	128	103	178	225	249	
26	73	114	236	54	130	94	116	45	64	250	2	47	155	55	112	126	173	21	227	200	147	4	204	242	233	162	128	39	182	35	75	
110	113	226	198	229	116	190	199	43	207	95	11	72	190	95	142	191	255	179	131	212	114	184	192	55	124	222	171	135	118	255	215	
165	197	77	233	252	3	239	249	86	176	242	66	209	97	177	65	121	200	62	251	235	114	79	93	60	138	239	204	29	186	112	168	
134	0	130	158	68	163	168	64	22	131	81	18	96	202	33	72	120	40	2	144	32	182	2	202	16	38	155	136	149	107	48	128	
184	73	122	100	118	10	127	116	101	192	126	131	123	15	177	80	126	172	23	238	200	179	0	14	242	237	160	128	103	179	98	208	
50	37	225	229	124	11	238	123	91	224	248	74	211	41	212	32	90	204	87	41	137	250	205	206	190	156	167	180	109	170	82	165	
130	140	106	155	86	163	186	199	30	1	82	146	44	238	48	64	127	59	19	145	178	154	0	255	60	38	154	192	149	8	177	153	
35	191	97	5	211	119	191	119	67	237	220	239	40	60	150	164	62	190	151	181	149	186	117	206	46	6	189	162	239	78	150	253	
185	14	94	255	116	159	105	117	117	8	247	118	59	19	182	117	110	160	22	238	233	188	101	237	102	235	176	128	127	136	104	169	
47	151	227	69	246	51	238	243	85	235	122	230	89	108	189	164	127	202	18	172	241	186	101	206	46	14	165	132	255	238	112	181	
29	203	38	171	22	131	207	244	197	64	146	231	247	73	58	97	106	224	94	239	237	169	13	189	248	64	166	208	127	158	48	8	
135	32	226	209	70	48	232	66	121	243	87	147	8	142	255	107	127	141	51	157	164	118	165	194	22	42	218	236	133	205	115	196	
47	81	105	239	44	22	203	188	69	200	212	198	249	77	159	228	92	200	21	239	201	178	109	141	102	249	170	128	63	191	112	125	
25	29	23	229	48	143	101	55	100	168	106	68	183	51	0	96	38	54	92	40	65	184	17	12	233	204	38	0	42	192	129	57	
61	15	99	78	54	176	235	240	196	72	121	230	123	232	189	228	126	226	22	238	137	176	46	255	48	110	162	136	127	235	113	181	
146	248	32	187	95	193	178	238	30	69	64	131	44	222	34	192	233	59	147	193	70	30	26	247	61	6	158	107	17	28	181	218	
124	52	184	102	185	109	81	25	123	185	191	24	223	255	72	122	149	157	125	56	154	97	251	2	219	253	37	125	194	234	198	51	
33	173	105	71	212	111	231	247	64	226	108	10	115	113	20	52	88	238	18	106	249	186	117	47	101	140	133	0	103	250	214	232	
26	139	230	140	90	178	186	111	135	157	218	167	109	238	246	198	126	255	167	197	22	219	143	221	58	98	239	207	167	166	189	207	
73	56	186	244	165	252	113	23	249	219	38	28	190	191	98	122	165	51	124	16	19	237	178	194	219	255	82	75	128	64	135	123	
54	77	42	204	21	246	231	226	228	132	206	2	113	240	49	100	120	228	27	235	8	187	52	236	121	44	143	65	37	51	116	46	
178	143	98	236	182	131	94	119	21	12	90	167	105	111	54	197	254	187	151	229	124	186	0	191	186	255	170	195	55	142	244	95	
212	184	191	178	138	224	49	199	174	151	131	49	180	247	104	75	163	115	105	145	18	77	186	113	217	129	63	107	128	0	165	123	
2	217	166	153	15	241	188	231	143	87	154	183	236	188	54	74	237	51	187	129	196	73	19	241	7	18	222	211	21	92	189	95	
35	173	97	69	244	55	239	255	81	226	120	198	113	40	148	164	95	206	18	174	241	186	125	238	44	14	165	164	111	254	210	188	
235	149	102	85	245	222	252	39	253	77	126	21	40	172	150	244	166	175	183	141	246	184	53	207	63	126	148	195	71	132	220	95	
61	73	71	238	100	2	235	112	196	136	243	66	113	193	177	226	122	228	22	235	201	179	12	172	80	168	235	128	125	187	112	160	
73	188	186	240	181	253	113	199	251	125	46	28	158	191	98	56	133	63	255	17	19	121	178	211	223	221	22	103	194	64	199	123	
98	160	242	216	111	240	184	71	155	23	84	155	44	158	118	60	207	27	147	133	22	79	178	211	23	124	154	235	151	68	191	206	
47	177	98	74	253	53	218	216	203	105	189	111	74	220	255	180	252	153	215	247	159	35	168	212	27	93	161	254	223	175	122	247	
2	173	50	153	247	149	184	231	31	25	88	115	172	158	100	128	207	27	147	145	22	24	2	215	45	20	158	235	148	12	153	143	
83	114	106	65	38	82	249	24	105	236	150	231	81	28	222	35	118	133	93	229	205	181	165	192	82	9	235	133	45	162	116	87	
2	25	178	156	109	237	184	198	143	95	88	1	172	190	103	74	231	123	187	65	6	43	146	241	23	52	90	171	144	93	39	223	
201	24	63	249	48	143	121	50	236	88	246	112	159	19	144	121	166	17	124	60	187	173	51	21	195	251	114	212	16	128	67	97	
7	28	242	223	246	178	186	67	31	199	82	183	44	238	183	104	127	251	183	149	182	158	36	235	30	46	154	130	181	237	37	221	
88	72	250	244	5	218	125	38	225	134	238	0	43	171	51	210	98	229	173	136	76	157	160	168	243	239	208	1	35	244	110	106	
2	207	130	157	243	128	190	230	190	142	90	167	172	238	39	64	231	123	171	197	118	221	130	255	44	54	222	139	20	85	173	223	
218	202	30	252	37	216	84	39	237	14	214	39	175	139	182	197	224	163	173	128	108	173	2	237	242	243	250	155	18	28	253	79	
10	162	252	251	235	185	185	95	31	61	53	187	140	142	206	141	207	27	231	145	150	126	107	213	78	83	127	255	214	140	143	199	
59	49	96	161	52	31	251	49	109	108	222	231	155	29	150	36	254	141	223	237	221	184	101	204	230	125	170	208	111	142	90	253	
43	114	236	157	109	127	236	218	95	251	210	119	200	248	215	234	255	77	254	5	133	246	223	209	6	123	255	167	223	125	89	157	
159	254	237	241	230	11	191	218	154	250	20	254	29	15	217	43	47	93	87	255	243	85	172	210	126	75	239	228	173	241	147	241	
6	8	246	145	246	162	184	67	63	145	82	18	204	170	53	72	239	255	63	145	176	220	3	230	156	62	223	192	133	73	161	129	
38	178	232	225	236	189	185	83	143	189	189	175	141	143	214	8	239	155	239	149	146	59	98	210	222	213	191	255	149	142	135	243	
52	45	57	100	213	111	71	237	65	174	236	8	50	181	65	48	24	254	66	106	73	50	248	42	123	141	5	60	97	122	198	170	
51	207	66	138	118	147	202	255	71	8	220	230	106	200	181	196	126	170	6	236	143	185	5	255	50	28	161	194	119	142	120	13	
191	151	96	74	247	119	219	248	69	108	253	167	75	76	190	164	254	201	151	255	157	178	109	158	58	93	169	199	255	175	252	213	
124	93	251	236	175	114	23	198	197	198	254	34	78	191	163	120	250	245	191	114	8	163	32	138	242	231	38	159	167	121	36	107	
15	185	209	219	181	221	173	215	95	121	88	66	136	151	245	236	94	90	54	88	147	248	122	240	173	88	23	226	150	221	193	253	
94	34	238	185	232	183	57	218	190	189	215	183	205	207	251	75	111	191	239	149	154	219	235	208	222	195	255	253	181	197	52	243	
19	93	123	252	50	198	63	118	169	200	94	231	61	191	183	96	166	125	21	197	193	153	48	238	243	252	174	130	45	180	37	123	
93	81	249	230	44	78	91	152	97	236	183	108	215	87	201	123	22	212	125	106	201	115	249	40	211	233	97	188	96	187	68	115	
35	161	98	235	236	149	186	105	143	89	113	135	236	204	126	32	222	25	23	215	214	51	42	213	38	88	138	238	85	142	243	213	
15	59	234	196	231	118	187	210	59	237	92	175	25	190	247	174	191	253	183	213	149	242	180	194	95	93	175	167	143	247	127	247	
3	207	10	157	211	162	190	230	60	70	74	231	172	234	51	68	247	107	179	197	118	152	7	239	44	54	158	131	28	84	185	158	
35	175	64	139	118	147	202	111	79	9	221	231	40	200	182	228	127	170	134	157	206	186	76	255	62	28	161	131	127	142	248	141	
43	206	98	159	87	145	174	230	93	67	90	231	40	168	182	228	127	234	146	205	199	186	4	255	54	126	150	130	95	223	248	141	
111	89	226	206	237	116	250	144	203	77	127	3	104	252	63	254	254	245	183	215	156	3	190	225	23	125	202	139	135	247	124	87	
93	121	166	167	45	94	143	16	68	236	159	6	251	212	211	230	84	100	252	111	201	161	253	168	225	125	175	144	38	191	29	125	
2	141	34	155	212	163	170	226	84	0	120	2	40	234	52	64	120	43	19	193	146	186	0	255	60	44	138	200	21	11	113	136	
66	217	178	188	171	196	60	7	175	93	154	37	172	190	98	66	198	55	191	129	18	9	146	241	177	240	154	187	144	84	165	91	
47	74	227	206	126	177	238	216	87	72	120	230	121	232	189	228	126	232	22	206	199	163	46	249	52	62	163	168	127	251	112	189	
110	25	226	198	245	116	186	68	121	205	125	167	104	252	119	164	254	255	183	215	148	186	180	226	31	125	158	139	135	103	127	215	
43	96	80	163	108	185	248	68	237	65	115	81	157	10	22	104	234	137	94	149	135	188	197	228	4	253	58	192	205	15	235	141	
26	38	186	241	181	225	176	67	30	29	220	51	140	155	96	72	233	27	135	145	26	188	0	210	207	215	186	103	144	72	53	131	
2	140	2	159	84	162	170	98	20	1	90	130	40	238	48	64	122	107	19	129	50	186	0	255	60	38	154	192	21	15	49	136	
42	57	226	198	247	244	187	86	123	205	95	167	40	191	119	164	254	255	151	213	148	250	180	234	95	93	174	171	135	103	127	223	
34	141	66	138	84	163	174	230	150	1	88	2	96	234	49	64	121	106	19	131	2	186	8	255	56	36	139	136	21	91	112	136	
2	140	2	159	86	162	170	98	60	1	90	146	44	238	48	64	127	123	19	129	48	156	2	239	52	38	154	192	133	9	49	136	
7	140	226	159	214	162	190	71	31	195	91	147	108	238	54	96	127	251	147	149	182	156	12	239	62	46	158	192	149	204	177	213	
79	92	247	196	103	126	250	80	253	234	118	70	76	190	183	238	246	253	191	167	165	241	181	202	151	127	75	134	143	244	41	213	
59	91	99	204	78	23	207	120	69	200	216	238	113	220	181	228	124	188	55	239	201	179	38	136	18	44	233	136	127	190	112	253	
47	66	226	95	119	178	170	200	95	203	119	246	72	232	191	172	127	109	178	157	165	180	45	202	14	62	219	199	223	111	121	133	
131	190	98	147	226	241	184	215	191	87	85	183	140	254	246	41	239	59	151	149	182	222	174	211	30	30	159	239	143	212	167	215	
193	66	111	124	44	26	201	24	84	82	114	246	243	8	177	235	126	132	62	46	233	52	39	26	148	171	227	132	125	185	96	33	
43	61	98	72	247	244	251	214	75	205	124	166	40	156	247	164	254	187	151	221	151	186	54	239	63	93	130	203	207	135	126	253	
8	1	12	163	108	137	248	20	172	5	219	135	157	139	82	74	238	9	127	5	18	184	67	225	198	209	186	192	12	139	9	153	
41	74	107	79	100	218	237	116	101	70	127	199	115	13	182	112	122	172	38	142	205	184	101	168	86	47	240	128	117	154	116	248	
163	149	102	213	245	150	184	39	217	201	91	179	168	188	54	33	238	63	183	133	244	248	228	205	47	58	158	194	197	12	245	223	
57	201	96	233	116	159	222	244	71	104	180	10	155	9	148	52	74	128	23	106	204	58	109	189	246	217	161	180	119	190	208	165	
41	217	105	229	116	159	239	181	76	104	94	230	179	13	150	228	94	108	23	109	197	184	101	189	102	93	165	176	127	190	208	249	
226	145	102	88	245	212	188	103	253	93	118	55	40	188	62	101	230	59	179	133	246	249	52	215	63	58	154	195	71	4	245	223	
10	178	252	217	235	185	185	91	143	61	53	191	140	142	206	140	239	27	239	149	150	120	107	209	78	81	123	255	150	140	141	215	
216	80	126	100	40	12	89	16	237	24	182	40	255	31	129	115	134	244	125	106	200	37	243	1	211	249	98	144	66	179	66	43	
82	184	22	154	203	192	184	205	175	21	193	177	172	222	40	80	231	179	235	130	18	75	138	241	145	240	154	123	16	6	167	210	
195	177	38	149	247	150	188	39	153	249	210	179	172	60	22	99	238	55	183	133	244	248	229	221	63	58	222	194	5	12	177	223	
134	141	198	157	220	2	172	239	156	146	218	2	172	234	49	67	107	235	27	225	112	235	66	232	60	50	206	136	149	120	177	136	
22	22	194	136	90	50	138	91	22	226	217	247	73	174	182	196	127	141	151	181	188	151	5	222	24	6	175	165	191	228	57	149	
31	63	235	225	246	246	187	82	187	236	94	231	29	159	247	164	62	253	151	221	133	251	164	202	126	77	175	160	175	245	51	253	
134	0	130	152	20	162	170	64	22	130	83	18	72	202	41	72	121	40	19	144	34	180	0	202	0	38	154	128	149	107	48	128	
40	106	165	177	236	201	233	7	30	251	80	217	181	140	81	10	201	40	115	29	2	116	195	144	77	153	255	160	148	216	213	232	
2	140	11	155	84	163	171	231	30	1	90	210	116	238	48	64	127	43	19	145	50	152	1	255	124	38	186	192	149	8	177	136	
138	223	86	159	246	153	182	255	31	13	80	231	172	206	167	196	254	123	135	65	102	184	7	255	190	118	62	131	22	156	45	143	
185	75	74	204	20	2	206	244	68	128	244	70	115	65	177	196	120	224	6	238	201	171	68	173	176	169	162	24	125	187	120	136	
2	217	166	153	207	213	188	231	142	85	16	183	172	188	54	11	237	51	187	129	86	105	19	241	15	18	222	195	149	92	189	223	
194	233	214	148	234	0	188	237	175	178	146	130	236	238	121	75	231	245	127	225	66	77	139	209	188	18	223	172	4	48	161	9	
3	114	186	145	109	141	253	87	142	253	16	77	188	156	87	10	140	43	115	29	198	126	242	192	71	24	94	170	192	92	211	203	
135	32	226	209	196	32	168	67	120	243	83	146	8	142	125	105	127	141	51	145	180	246	133	194	22	14	218	228	133	76	115	196	
35	137	132	141	221	183	202	95	71	225	202	71	240	168	54	164	216	238	50	221	157	186	93	189	44	60	139	80	223	78	248	156	
90	167	98	142	91	240	186	79	135	133	152	163	104	206	230	196	126	243	239	241	22	11	142	255	58	100	175	235	183	198	173	79	
92	88	154	244	2	106	51	194	160	166	78	43	31	183	35	90	166	245	233	66	0	213	144	104	211	231	74	3	160	113	37	122	
22	93	46	220	21	198	231	230	228	140	206	2	32	178	53	100	104	228	11	201	201	155	48	108	177	36	143	1	41	49	116	46	
124	48	184	103	56	110	83	24	123	170	183	24	223	119	73	58	149	221	125	58	168	118	249	10	223	253	33	60	226	163	70	51	
41	56	132	93	93	191	194	63	223	249	120	76	242	248	20	164	217	110	114	13	149	250	94	159	15	30	85	114	219	46	218	156	
33	165	121	69	244	111	103	125	81	228	124	72	83	49	152	48	24	222	22	106	249	178	252	14	103	141	37	36	103	250	214	232	
163	134	229	69	213	55	174	127	93	227	83	214	72	104	156	164	125	78	18	173	181	252	125	206	46	30	223	134	207	238	216	188	
91	142	140	165	58	50	30	63	132	226	154	247	237	42	146	194	231	231	253	165	188	205	205	174	184	103	239	151	172	102	185	93	
63	75	105	237	108	18	207	188	69	64	212	198	57	13	151	96	94	204	21	239	205	178	101	173	102	233	174	132	63	191	120	253	
131	140	130	153	113	176	184	39	158	75	74	21	172	186	54	196	193	43	179	149	54	156	66	247	12	54	154	203	152	4	185	142	
169	184	149	95	93	191	224	159	219	251	96	92	250	112	92	190	153	106	114	24	183	124	250	61	15	26	85	126	218	40	218	172	
43	219	109	69	54	211	191	181	128	236	158	167	177	13	150	34	78	118	223	199	205	169	116	173	103	13	172	145	103	158	212	255	
14	63	253	169	174	43	157	31	31	239	28	255	157	61	211	41	15	59	151	21	177	88	101	218	206	87	127	182	222	252	21	249	
226	190	169	177	189	231	17	31	19	253	156	255	130	191	194	75	205	159	253	145	187	75	227	146	235	85	191	255	152	76	180	123	
159	80	119	229	102	2	239	112	60	224	83	230	93	95	189	225	54	213	23	239	225	181	13	206	116	42	235	132	45	179	33	49	
9	181	23	237	177	206	65	55	36	9	202	96	182	55	128	116	132	54	92	8	91	152	81	15	229	252	50	64	10	64	161	59	
19	133	3	158	19	246	170	103	60	65	75	147	104	238	62	196	113	43	147	133	55	152	28	255	41	38	154	195	29	70	185	220	
186	143	110	173	183	131	223	119	21	12	94	167	105	111	50	197	254	171	151	229	252	152	5	191	50	247	234	195	55	140	252	75	
188	76	122	101	118	26	111	116	116	130	118	130	91	5	177	113	126	236	23	234	232	181	37	14	118	235	96	128	103	187	112	168	
51	37	113	229	116	138	234	83	105	41	250	74	147	9	148	32	254	172	95	45	137	186	197	204	166	252	162	208	109	138	82	173	
26	89	22	252	47	196	190	82	141	8	220	2	188	223	33	65	236	121	151	195	64	139	18	233	243	241	202	139	18	49	45	187	
33	33	77	229	124	11	234	121	78	160	250	74	211	41	148	34	90	196	95	233	137	186	69	92	60	8	167	176	109	170	80	168	
184	76	114	238	118	2	126	116	53	128	118	2	123	11	49	81	126	173	23	234	232	183	0	206	242	233	162	128	39	182	98	137	
37	195	77	173	236	11	237	249	86	160	242	66	209	33	145	65	120	204	46	235	73	242	79	28	124	138	239	164	61	186	112	168	
59	49	97	225	52	155	218	113	101	104	254	231	155	13	150	36	94	132	95	237	141	184	101	204	242	124	162	208	111	142	114	125	
152	85	122	239	114	18	126	117	53	66	119	163	125	95	187	113	126	189	151	238	232	180	44	206	242	235	166	128	39	182	96	219	
146	80	114	238	54	130	94	100	45	0	243	162	111	206	61	80	126	185	159	227	232	151	4	207	178	253	138	138	53	178	33	9	
82	65	18	142	94	128	190	101	172	0	211	2	236	202	60	64	118	185	31	195	66	131	10	221	180	40	138	152	20	26	33	137	
10	249	16	184	79	197	180	239	158	29	208	3	172	159	34	133	205	59	147	193	66	11	18	245	169	80	158	107	17	28	189	218	
47	126	235	100	116	147	223	218	81	238	124	238	27	204	247	160	94	232	151	253	205	182	100	138	98	93	165	164	239	252	126	253	
23	94	119	155	50	178	186	144	188	73	91	231	93	110	189	236	55	113	191	255	165	149	45	239	60	46	170	194	175	183	33	117	
170	235	32	178	245	209	178	199	30	53	80	185	172	140	102	132	217	59	131	81	86	94	74	247	44	20	158	111	148	12	159	222	
3	156	63	217	151	230	185	39	252	69	78	18	252	182	52	100	231	51	58	153	179	153	53	255	45	62	154	66	156	64	165	126	
162	233	32	154	125	209	178	238	158	29	80	43	168	204	118	128	201	43	131	211	70	62	10	247	61	20	154	235	85	28	95	206	
60	112	105	104	76	67	195	248	2	228	181	171	83	77	187	17	122	216	23	234	74	39	63	29	82	137	161	61	117	187	118	242	
115	67	121	236	126	2	222	120	33	160	248	235	85	31	181	112	126	213	93	231	200	3	197	204	240	236	171	184	117	178	99	137	
61	101	115	236	118	10	222	120	97	128	184	234	95	89	177	52	62	221	85	239	200	163	4	204	242	237	37	148	103	187	114	169	
197	98	31	225	118	15	43	24	62	168	83	226	213	19	193	104	54	29	126	126	161	212	9	92	212	138	43	196	12	131	1	161	
182	137	98	202	252	147	218	248	141	64	189	139	201	204	62	32	222	217	23	255	154	35	108	253	186	92	139	252	87	175	113	213	
63	94	107	233	118	179	251	248	84	196	94	231	89	109	191	97	127	248	151	255	173	178	45	190	110	79	175	196	191	255	124	241	
127	64	102	72	77	116	249	72	227	125	181	27	8	157	127	191	233	129	243	157	143	39	178	209	91	89	218	111	211	5	126	118	
43	112	236	189	109	127	248	90	95	251	214	118	249	184	215	239	239	109	254	5	133	246	215	193	22	123	251	167	207	252	89	157	
54	162	107	224	246	233	123	82	47	173	125	235	29	143	242	16	127	153	7	149	154	26	164	210	221	133	187	237	181	139	39	241	
22	178	234	169	168	183	123	91	38	173	223	167	133	143	210	64	255	143	191	148	158	152	243	146	222	199	191	229	180	131	181	211	
31	90	99	198	38	22	123	16	97	204	151	231	89	79	183	228	126	229	149	239	205	131	45	200	82	105	171	132	47	183	104	117	
2	232	150	149	108	128	188	103	174	178	82	130	172	174	112	67	231	61	59	129	64	220	131	193	44	50	223	138	4	48	161	137	
107	15	98	140	127	177	234	107	77	64	92	238	40	200	182	228	94	169	147	237	197	43	6	223	54	124	136	170	95	174	120	157	
49	91	227	79	70	7	239	116	69	232	253	238	51	157	180	36	124	188	55	207	201	186	101	169	118	44	160	128	127	187	112	249	
2	249	24	185	13	197	148	238	143	29	216	3	172	222	98	5	205	59	147	65	70	11	82	245	161	81	158	123	16	28	157	219	
43	203	98	204	111	145	238	104	79	72	88	238	40	200	182	228	126	233	178	207	199	58	134	253	54	124	139	170	95	174	120	157	
49	91	99	79	70	130	231	116	69	64	126	198	115	141	190	100	120	172	55	207	201	178	117	161	118	44	162	128	127	155	240	240	
1	67	69	165	108	11	239	57	68	160	114	66	215	3	208	224	122	108	46	238	65	176	69	24	228	168	231	32	60	186	80	168	
130	137	22	157	238	131	188	103	156	147	82	18	172	42	48	67	238	59	59	129	112	248	67	205	44	50	222	192	20	8	177	137	
49	33	105	229	52	139	202	97	77	32	250	202	19	9	148	32	122	140	95	237	137	186	69	204	182	188	162	80	101	138	114	8	
156	68	114	230	102	34	126	116	53	130	255	2	127	75	41	81	126	237	23	234	232	182	0	206	242	235	226	128	103	242	96	137	
9	217	107	229	52	158	239	182	77	72	94	102	187	29	182	228	38	104	20	109	193	184	37	189	103	249	36	128	110	156	209	125	
83	159	133	135	173	62	142	167	173	232	154	199	237	40	148	230	198	103	124	239	221	201	247	228	172	126	239	146	14	126	153	93	
86	176	18	154	75	193	184	201	175	21	161	153	236	222	104	80	239	187	235	128	18	3	154	209	153	176	139	123	16	4	167	210	
66	217	178	152	143	197	188	199	143	93	146	39	172	190	102	66	231	51	187	129	86	11	146	241	189	48	222	235	20	28	165	95	
2	205	2	159	20	163	170	103	20	1	90	2	104	234	49	64	120	43	19	129	18	186	0	255	40	38	138	192	149	10	49	136	
42	127	234	254	247	244	255	87	121	205	92	167	40	220	247	164	254	255	151	213	151	186	180	234	119	125	174	139	135	215	255	223	
88	88	186	180	11	228	21	70	176	134	206	1	46	183	35	90	160	245	233	128	72	207	178	105	211	231	90	11	32	112	39	106	
150	89	154	190	11	212	26	64	149	140	212	3	44	223	33	77	236	249	155	195	72	139	18	232	211	241	202	155	51	53	45	18	
195	254	129	147	186	136	170	190	62	121	18	247	172	6	198	199	167	71	253	215	231	76	207	243	172	16	63	234	12	132	1	93	
40	33	129	161	172	205	236	19	14	233	25	72	191	137	80	142	200	10	127	25	83	122	211	144	197	213	191	56	30	202	217	184	
154	223	82	191	114	147	190	255	31	0	88	231	45	202	166	196	126	59	135	133	230	157	7	255	190	102	62	131	63	140	41	157	
135	74	226	159	79	145	184	192	222	84	87	167	168	200	247	142	234	105	179	215	198	252	174	241	6	58	219	139	87	13	121	207	
216	89	126	100	41	28	91	16	237	24	182	40	255	27	129	115	134	244	125	106	200	37	227	129	211	249	96	152	98	179	66	43	
19	140	55	154	23	228	169	71	255	65	75	18	188	182	52	100	227	51	26	153	51	137	55	255	153	62	154	66	148	4	177	110	
170	249	32	186	109	193	182	238	158	84	80	171	172	220	54	133	200	59	131	67	70	42	82	245	37	16	154	59	85	29	95	222	
110	217	226	206	245	212	255	220	91	77	124	167	104	220	255	244	254	255	183	215	214	50	254	227	55	125	142	171	151	247	254	223	
134	32	134	145	148	163	168	67	62	147	83	18	12	138	120	73	127	13	27	177	50	213	1	194	12	6	154	196	133	72	161	128	
132	0	130	152	20	163	170	65	22	131	81	18	64	202	41	72	121	40	2	144	50	182	0	202	0	38	154	0	149	105	48	128	
39	237	80	74	254	153	142	253	206	192	24	206	249	248	255	164	30	107	18	127	215	40	46	253	46	28	45	248	95	159	219	141	
41	73	104	237	116	26	207	180	69	108	86	134	185	13	151	100	94	236	21	239	201	184	101	172	102	233	172	128	55	190	80	249	
16	140	11	185	84	163	171	127	22	1	90	210	117	231	48	64	127	43	19	153	51	156	1	127	236	166	186	192	181	136	177	168	
147	95	111	177	182	191	191	119	157	238	30	255	157	47	183	33	39	187	159	149	241	153	36	254	254	79	191	192	173	216	129	249	
150	141	96	170	28	129	206	104	13	0	209	2	235	202	60	64	122	169	31	227	250	39	72	255	176	248	138	188	53	43	240	0	
155	127	107	243	246	247	255	87	189	236	94	230	57	223	247	160	62	251	151	221	241	217	36	238	126	93	175	192	175	215	245	253	
215	94	103	205	50	50	171	248	188	64	90	230	93	126	189	101	119	245	63	239	177	149	45	239	60	46	235	196	173	183	33	117	
43	203	195	206	103	145	238	248	79	64	120	230	104	200	181	164	126	232	146	207	199	58	46	249	54	28	143	170	95	190	120	157	
188	76	114	231	102	42	110	112	117	130	255	2	91	11	177	89	122	237	23	234	168	181	1	174	242	239	98	128	103	251	98	137	
51	151	65	133	242	50	170	51	20	97	218	231	9	46	150	196	126	143	23	173	157	152	69	222	60	36	170	192	61	196	184	221	
3	132	101	69	189	62	174	175	204	227	154	214	249	40	156	166	73	70	122	173	181	252	117	207	44	126	207	146	207	238	209	252	
57	201	112	229	116	159	254	180	77	104	54	10	171	25	181	36	174	224	23	74	204	184	96	188	230	217	36	176	119	188	80	77	
41	184	148	95	109	253	176	143	235	251	40	92	254	216	84	190	145	106	114	25	151	124	186	115	15	30	21	122	218	110	219	142	
235	170	160	19	109	189	200	159	95	63	148	221	226	72	94	140	141	98	127	29	182	108	207	179	14	94	149	248	222	204	88	204	
210	184	232	186	155	241	154	207	23	23	204	179	44	254	110	196	127	219	177	145	30	15	222	243	154	197	158	255	183	4	172	94	
149	159	111	225	182	163	107	242	244	112	222	246	89	143	179	97	111	165	31	254	249	157	36	222	250	143	171	196	61	161	112	113	
42	185	50	154	253	213	184	199	143	77	92	43	172	222	110	132	205	59	147	17	22	58	58	247	95	85	26	235	18	14	173	223	
74	180	178	250	155	244	48	71	191	21	104	49	172	191	100	74	163	59	251	17	18	73	146	243	219	245	30	75	146	68	175	154	
35	206	98	139	215	145	190	231	95	69	88	231	40	136	182	196	255	107	147	197	214	186	4	247	46	30	158	203	95	30	249	205	
237	112	249	101	60	78	83	24	115	168	183	8	223	87	201	58	148	220	125	122	169	246	249	8	215	249	33	52	226	163	66	35	
110	217	240	222	109	117	190	204	11	79	124	47	104	252	63	204	223	211	183	67	132	35	122	241	55	127	90	175	215	127	253	223	
11	163	194	141	118	178	234	91	15	193	95	231	61	175	178	228	54	47	151	157	151	152	5	221	46	92	171	196	191	134	57	221	
149	159	127	233	178	35	109	187	62	122	94	246	93	47	177	97	119	135	63	172	177	20	45	223	244	207	235	196	61	225	161	113	
6	140	226	155	214	162	186	199	30	193	90	147	108	238	52	64	127	187	147	149	178	152	4	239	60	46	158	192	149	76	177	217	
49	126	123	236	94	167	79	250	70	232	252	110	51	213	177	48	124	248	23	236	201	35	100	29	114	141	161	188	125	250	114	185	
43	243	163	176	245	141	253	87	153	77	144	79	190	157	126	0	140	59	87	69	210	107	178	225	241	89	190	186	66	28	215	251	
229	66	235	119	36	42	233	16	116	98	119	214	211	5	153	107	110	228	62	78	169	244	101	34	196	171	242	128	108	249	80	113	
34	89	186	142	101	124	191	236	27	79	125	7	172	252	62	68	222	123	179	67	132	50	250	227	23	118	218	171	215	127	253	223	
43	247	227	75	117	244	251	95	95	77	124	166	40	252	190	164	254	27	151	157	151	186	36	211	38	92	158	171	223	198	254	253	
141	74	213	237	52	10	107	24	118	168	82	68	211	3	145	236	94	236	46	254	169	212	197	12	196	235	163	132	44	161	32	33	
36	133	73	202	213	227	194	234	86	5	237	2	64	233	60	68	89	138	130	177	27	162	92	191	107	4	129	109	247	75	124	130	
66	153	146	156	233	132	60	7	143	25	26	33	172	190	96	66	230	63	191	129	82	9	130	241	165	48	154	234	16	4	165	91	
158	22	210	172	26	115	154	73	23	174	145	243	77	238	238	204	119	157	175	179	52	71	15	218	154	71	175	175	183	230	45	71	
130	208	54	89	87	212	188	231	255	95	80	23	40	156	54	97	239	27	179	129	246	252	50	213	55	58	218	203	85	4	245	223	
2	13	34	139	84	163	170	103	22	0	88	2	40	234	53	64	120	43	19	145	130	186	0	223	44	44	138	192	149	10	113	136	
65	22	25	225	48	46	105	27	117	43	127	116	215	51	136	244	23	28	60	168	153	148	81	30	140	254	33	196	170	130	1	49	
48	65	91	236	118	2	78	120	97	128	248	202	83	9	177	16	122	197	93	238	73	163	5	76	176	172	163	16	109	187	98	168	
159	63	107	240	182	179	251	210	245	196	222	162	25	159	247	96	126	185	159	220	185	187	36	238	250	205	143	64	167	137	112	248	
28	7	206	237	150	50	111	115	20	130	223	226	81	103	177	193	126	230	159	174	57	145	37	14	224	231	234	129	183	250	188	49	
34	57	243	207	117	244	186	86	31	205	92	103	172	254	55	100	254	123	23	133	135	186	112	234	103	124	142	139	159	126	53	223	
220	72	79	229	6	66	111	224	96	166	198	162	65	3	179	195	122	228	40	234	104	149	165	236	112	235	231	5	39	179	116	96	
2	76	2	159	20	162	170	103	60	1	90	2	44	234	49	64	127	43	19	129	50	156	2	239	44	38	154	192	148	8	49	136	
2	200	130	155	121	177	184	198	158	29	80	53	172	218	34	200	201	43	179	149	54	156	74	245	12	54	154	203	152	5	173	223	
59	108	104	109	118	155	220	95	85	192	124	143	59	76	183	32	94	168	23	189	237	178	100	142	102	205	165	128	119	252	80	253	
10	189	58	248	213	253	49	103	255	65	108	24	190	191	38	116	161	59	155	16	18	57	50	247	219	221	18	107	210	4	167	251	
122	209	244	78	173	95	222	189	199	236	191	34	106	125	254	230	220	214	255	107	204	33	127	249	59	221	197	159	119	254	220	127	
111	148	228	154	225	247	127	191	31	95	95	183	72	110	191	252	119	171	183	157	183	154	127	255	31	127	218	199	150	215	252	85	
215	30	111	205	34	34	233	186	124	210	86	246	217	55	181	111	119	245	63	173	161	213	165	206	84	43	235	196	181	224	37	113	
2	216	178	157	103	196	184	231	190	95	82	23	172	188	54	104	230	59	179	129	198	184	18	241	5	54	218	139	20	4	181	223	
2	200	150	157	36	130	188	39	28	139	82	18	172	170	32	65	239	43	51	129	112	220	67	197	44	54	222	130	20	8	161	137	
35	74	226	152	119	208	186	70	31	69	92	167	40	142	246	228	254	59	179	149	134	158	38	226	22	52	154	203	151	6	189	221	
47	191	98	222	245	212	255	253	91	77	92	167	104	254	190	244	255	251	151	231	246	26	252	255	127	125	143	235	151	246	254	223	
2	225	146	149	102	128	188	71	46	161	90	2	172	170	96	64	230	47	59	129	66	216	131	193	36	52	222	130	4	80	161	137	
41	165	136	225	252	61	72	123	15	33	189	8	151	185	88	36	216	138	95	9	26	58	208	129	223	221	138	124	142	202	218	160	
11	150	66	157	118	183	168	127	31	75	90	247	237	234	180	196	254	171	183	133	247	152	7	223	164	118	186	130	31	204	169	157	
131	109	243	255	244	164	254	79	31	1	88	99	180	216	181	96	254	251	23	209	166	186	64	239	181	60	142	138	213	219	241	143	
25	150	249	238	52	70	223	56	16	234	93	228	117	127	176	96	23	85	21	235	225	201	41	14	107	239	45	132	52	227	69	121	
131	119	255	79	250	102	175	30	94	233	91	244	213	214	176	96	23	127	55	79	209	212	175	127	108	58	111	132	28	243	129	241	
15	34	226	139	87	176	234	88	15	205	93	231	104	202	254	196	126	168	147	157	135	144	172	213	30	28	139	203	159	135	121	212	
155	255	106	251	247	212	255	247	121	79	220	247	57	255	190	37	255	251	151	223	247	187	62	239	127	125	174	139	143	214	255	255	
147	77	110	242	180	179	254	71	156	128	218	130	49	203	53	97	126	187	19	220	120	155	4	238	250	207	158	0	37	152	240	168	
155	223	111	183	182	223	191	247	188	238	94	231	125	253	182	33	175	243	191	199	229	249	60	239	250	79	127	128	45	252	181	249	
35	15	98	142	247	179	254	103	29	68	92	175	40	232	182	196	222	171	147	133	148	186	4	255	54	60	154	171	31	94	248	223	
219	230	194	129	147	50	56	239	59	183	130	247	141	138	222	223	183	199	237	149	118	93	133	194	184	98	222	231	167	68	171	13	
120	73	118	100	44	28	91	48	225	24	182	8	255	11	145	119	198	244	124	106	200	35	227	137	243	249	96	152	98	179	66	41	
70	176	18	152	219	197	184	75	175	29	176	57	172	222	104	82	253	187	255	144	18	67	146	209	153	208	139	255	16	36	167	211	
150	88	30	252	15	196	30	64	149	142	192	19	44	223	37	73	200	241	155	195	108	135	18	234	211	176	202	155	16	61	36	90	
162	217	28	190	15	197	150	238	159	20	144	3	172	158	33	65	204	123	155	67	70	11	82	253	161	16	218	59	16	28	21	219	
192	149	29	249	145	236	113	55	173	89	15	80	158	55	0	113	132	19	121	24	51	8	115	85	205	185	82	66	152	0	133	59	
38	251	128	154	237	149	180	207	158	88	80	103	172	216	111	141	205	75	179	83	198	75	74	241	12	16	223	235	24	93	185	143	
134	4	134	153	148	162	168	71	54	147	82	18	72	138	56	73	121	13	19	177	50	212	1	206	8	38	158	196	133	72	177	128	
162	235	40	155	74	217	190	238	158	21	80	171	172	204	118	0	143	59	131	71	102	46	78	247	4	20	26	59	85	29	31	222	
17	132	11	233	20	163	107	127	20	1	90	210	241	99	176	96	123	138	23	169	59	152	1	31	232	166	170	192	189	138	177	168	
43	91	99	78	247	149	239	117	69	72	120	238	104	200	180	228	124	170	18	206	209	186	100	253	54	60	128	170	127	158	240	189	
57	89	114	229	116	158	255	54	73	200	126	34	59	29	183	96	38	248	21	77	196	184	36	173	102	249	36	128	119	156	80	233	
25	180	211	76	251	251	178	79	111	225	122	42	124	252	228	180	51	63	226	16	23	185	175	115	62	190	1	107	239	66	203	143	
78	176	177	216	235	197	185	223	139	93	52	17	28	215	110	95	247	27	179	176	146	71	186	209	91	24	71	239	146	4	167	243	
66	249	34	152	79	197	188	231	139	93	144	175	172	158	102	66	228	59	187	193	70	11	146	241	189	48	158	251	20	28	181	223	
190	205	64	168	156	131	78	232	21	2	248	10	75	74	49	81	120	233	23	227	120	167	72	191	176	207	139	152	53	187	112	0	
236	112	248	101	124	15	83	24	115	170	182	8	215	19	193	58	148	220	108	122	168	246	241	10	215	255	33	52	224	161	66	35	
56	73	114	228	100	155	254	182	77	40	54	10	171	9	181	32	234	224	23	75	200	184	32	252	182	217	0	178	119	188	80	13	
67	141	165	71	172	126	239	183	205	232	154	66	242	60	148	230	90	70	124	111	209	169	247	236	173	62	207	144	76	126	209	124	
91	141	129	166	165	60	78	167	105	232	154	206	239	44	208	230	214	231	124	239	221	24	245	170	184	124	175	152	12	118	145	92	
234	168	232	177	237	251	216	135	19	247	148	187	131	12	214	139	75	254	247	145	30	94	228	176	142	81	221	247	183	140	222	94	
66	249	18	152	249	132	60	231	139	25	144	33	172	158	96	82	230	59	159	145	82	11	146	241	181	48	158	234	16	20	165	91	
32	35	89	229	116	139	235	101	108	33	250	74	179	1	144	32	58	172	78	125	3	186	197	77	180	172	162	80	69	138	67	168	
188	68	86	230	198	42	126	84	61	130	243	2	75	107	61	89	122	237	6	226	40	183	8	206	178	251	66	128	231	243	98	128	
35	143	98	140	87	177	190	103	79	64	92	239	40	200	182	228	254	171	147	133	198	58	6	255	54	60	138	171	31	78	120	141	
9	75	77	237	60	11	111	57	68	160	246	194	243	1	144	224	90	172	110	110	73	176	197	12	228	233	163	32	44	170	80	168	
48	5	99	233	84	11	74	96	69	32	250	202	83	9	48	16	122	140	23	233	8	186	69	142	242	236	128	0	117	138	112	136	
222	176	146	250	139	228	48	72	191	19	133	17	156	223	104	218	167	27	251	144	18	71	154	211	219	247	26	111	154	1	173	19	
110	157	224	206	253	93	255	253	95	109	127	47	106	253	254	228	223	219	183	99	222	58	250	243	63	93	133	175	215	254	220	95	
102	221	241	202	237	221	191	205	27	77	121	47	108	252	126	68	255	219	55	67	214	50	250	243	55	124	135	239	215	126	213	223	
2	141	2	139	84	163	170	103	20	1	88	2	96	234	48	64	120	42	19	177	18	186	0	223	40	36	138	192	149	74	176	136	
223	78	197	151	166	26	110	180	249	210	146	246	107	99	157	255	119	196	125	238	233	197	205	234	182	122	247	148	47	245	248	61	
2	140	2	158	20	162	170	103	20	1	90	2	104	234	48	64	120	42	19	129	18	154	0	255	32	38	138	192	149	10	48	136	
34	207	98	138	87	145	186	231	95	5	92	167	40	136	118	132	255	43	147	133	198	58	38	247	62	20	158	235	23	14	249	206	
113	67	66	172	78	2	79	104	64	160	232	202	83	3	177	144	122	196	78	238	73	163	69	76	176	160	162	24	109	187	122	168	
7	243	144	154	237	157	180	207	206	59	24	109	172	216	239	143	143	91	162	83	215	99	202	241	14	16	127	191	220	94	153	159	
3	175	232	3	214	153	234	230	90	225	24	71	169	104	214	160	59	107	18	221	182	56	92	255	46	12	143	224	237	158	219	140	
2	12	2	159	20	162	170	103	52	1	90	18	104	234	32	64	123	43	19	144	50	156	0	255	40	38	154	192	148	10	49	136	
42	189	50	152	253	245	184	71	31	77	124	43	44	222	102	132	223	59	147	17	22	58	34	215	127	85	26	235	214	76	175	223	
91	132	55	186	31	244	49	67	255	83	195	18	124	222	56	236	225	43	58	145	55	141	58	247	153	126	154	74	146	5	181	110	
2	203	164	155	233	161	188	206	158	29	80	181	172	218	107	73	203	43	163	213	86	72	74	241	12	16	222	235	148	29	189	207	
223	223	253	255	178	78	63	182	158	126	94	231	253	63	163	99	103	119	61	207	225	220	109	255	236	239	255	148	60	248	129	121	
217	223	125	255	166	70	127	182	188	118	94	246	221	63	179	97	103	247	63	238	241	157	45	254	244	235	255	132	61	241	161	121	
187	68	102	229	118	155	216	119	93	224	124	131	43	13	183	33	254	169	23	45	236	186	101	142	166	223	164	128	119	220	80	201	
94	176	176	186	11	241	16	203	159	87	133	187	140	223	104	90	231	153	251	145	18	71	202	211	219	213	155	255	146	5	167	82	
153	205	126	241	182	130	127	247	52	162	222	178	93	63	178	97	103	247	63	238	232	157	45	254	242	235	239	196	53	241	225	32	
109	77	247	90	181	150	70	176	245	138	191	64	106	80	181	244	216	224	94	122	237	167	105	190	51	254	133	18	82	255	120	36	
11	134	2	189	116	183	168	119	31	11	90	247	173	234	184	196	255	43	151	133	183	152	5	223	4	126	186	192	158	204	185	141	
47	135	99	74	245	177	234	97	77	64	121	238	104	232	188	228	94	170	146	239	151	186	44	253	54	60	130	202	223	206	120	181	
170	88	20	190	79	193	146	194	143	6	128	3	172	222	33	207	202	113	187	67	98	15	82	251	149	50	218	27	22	29	29	26	
121	141	193	166	244	30	78	181	112	224	90	207	247	104	146	240	208	207	29	239	221	154	213	175	182	109	175	168	44	230	154	92	
89	133	161	71	189	124	207	167	77	224	154	66	251	56	156	228	88	70	60	111	217	56	245	175	169	252	143	16	70	110	209	108	
27	180	210	8	243	241	178	79	127	65	253	42	108	216	230	164	51	59	194	17	23	43	158	211	58	76	3	111	239	70	171	135	
2	178	18	152	233	229	152	79	175	29	144	53	140	214	96	80	237	49	239	144	18	75	146	209	153	144	155	255	144	4	167	219	
0	180	59	250	215	253	176	75	127	17	109	16	60	223	108	56	181	27	147	16	18	58	58	215	95	221	18	107	218	64	167	147	
39	164	224	195	246	185	250	219	91	97	125	130	8	205	252	36	127	155	23	157	150	186	236	211	14	28	155	238	215	207	242	213	
41	161	8	225	245	93	105	121	77	45	125	10	159	43	90	16	248	138	87	56	30	56	96	213	255	221	128	117	130	138	218	130	
2	161	146	157	118	128	184	71	62	1	90	2	172	138	112	64	238	59	51	129	66	152	130	193	4	48	154	136	4	0	161	137	
34	202	226	143	87	145	186	198	31	69	92	167	40	172	54	68	254	43	147	133	150	186	38	247	38	60	154	203	151	14	253	206	
2	153	146	153	36	140	188	39	30	9	82	50	172	186	48	64	230	59	51	1	82	152	2	213	4	54	218	194	20	8	161	137	
194	249	34	152	79	197	188	230	139	93	144	171	172	222	102	67	236	59	155	193	70	11	146	245	53	16	158	251	20	28	181	219	
2	140	2	138	20	162	170	99	20	1	91	2	104	234	32	64	121	42	19	160	18	152	0	255	32	38	138	192	148	10	176	136	
240	96	121	68	108	25	72	16	233	184	176	72	51	137	213	59	234	228	110	106	200	39	230	200	22	248	96	56	103	187	82	45	
167	234	98	154	103	144	190	196	27	70	84	167	40	206	247	228	254	235	147	199	198	30	174	243	54	20	154	171	23	29	61	221	
130	237	82	255	244	131	238	237	30	1	217	82	165	200	60	65	250	107	3	243	114	186	72	255	180	188	142	0	85	218	241	136	
130	234	37	155	75	201	186	232	158	86	80	171	172	204	55	129	170	43	195	71	102	44	78	255	4	16	26	187	85	29	21	206	
27	89	114	236	36	156	254	182	201	72	118	34	47	29	183	100	166	241	21	77	196	184	36	237	226	249	36	130	119	188	81	79	
167	253	106	223	253	150	254	255	91	73	220	247	120	252	190	100	255	251	23	231	246	250	108	255	127	126	175	199	23	142	247	255	
134	247	144	154	252	25	190	239	142	63	25	189	204	232	238	2	143	75	195	53	118	75	202	211	44	20	127	255	148	94	159	215	
130	140	134	147	148	162	168	231	52	19	82	18	72	34	40	73	105	6	59	144	50	220	1	254	12	38	222	196	132	64	177	8	
185	205	240	95	189	89	70	174	95	98	108	0	107	120	23	245	217	202	172	72	238	248	127	191	171	255	84	51	114	220	216	14	
17	133	77	237	52	162	107	63	36	1	218	66	179	35	176	96	122	166	28	168	25	152	69	31	232	175	162	192	60	138	240	40	
148	77	94	251	180	131	238	228	148	130	202	66	245	75	49	65	250	227	11	251	104	173	11	238	176	138	142	64	53	219	241	8	
155	223	110	255	182	151	191	247	188	202	222	167	253	255	186	33	191	243	31	231	236	201	47	255	251	79	239	129	37	246	181	251	
125	117	117	70	182	86	95	248	65	234	191	110	123	117	157	54	60	244	93	234	233	131	121	46	243	207	165	148	107	243	70	113	
186	13	68	173	4	3	76	126	21	130	240	2	11	42	53	65	122	169	23	161	104	190	65	158	178	235	195	148	53	232	112	136	
113	65	65	173	86	11	70	105	68	160	234	74	211	1	144	64	120	132	74	234	73	187	69	28	180	164	162	16	117	170	114	40	
48	1	67	233	84	3	66	72	85	32	232	66	67	9	48	16	120	140	6	232	8	178	65	30	176	236	128	0	117	138	114	128	
188	68	198	236	68	34	78	123	53	130	242	18	75	107	45	89	122	229	6	226	104	247	1	138	242	235	231	132	231	249	96	128	
34	132	34	139	148	163	170	71	20	1	91	2	104	200	56	64	121	43	19	177	146	186	0	223	44	36	138	192	149	74	177	128	
2	140	98	155	212	163	170	231	22	65	90	147	104	238	52	64	127	43	19	149	178	186	12	255	60	46	158	192	149	78	177	216	
223	205	247	247	162	6	127	246	189	162	94	163	125	255	177	99	55	247	63	239	224	209	9	239	243	239	239	128	54	243	1	43	
167	205	211	207	244	133	174	237	94	1	121	98	244	249	188	0	255	91	19	195	242	186	72	243	44	60	142	108	85	122	241	136	
135	127	207	95	242	38	175	190	126	234	91	244	213	246	149	225	23	111	54	239	241	212	175	127	44	46	111	132	12	243	129	181	
237	78	103	87	236	24	239	182	237	82	122	214	123	97	189	239	107	228	126	238	233	180	111	226	54	58	230	128	111	255	240	172	
205	78	247	214	108	16	111	191	249	210	50	214	249	107	181	231	103	228	126	238	225	101	47	238	52	62	231	132	46	244	225	109	
57	228	81	95	181	91	116	255	87	55	108	24	235	241	204	245	19	26	228	40	126	120	111	183	171	223	21	119	114	220	204	172	
220	112	184	250	75	245	89	216	187	91	165	28	30	223	105	91	231	153	255	82	3	71	186	208	219	217	91	127	186	17	35	19	
220	205	86	246	166	130	110	230	181	34	202	131	253	235	49	65	99	247	63	239	104	157	9	254	240	234	207	0	53	243	161	8	
141	95	253	111	240	102	239	188	86	232	95	228	81	119	153	96	23	94	53	110	241	208	45	47	109	175	237	128	46	243	193	113	
232	120	249	101	100	47	121	18	113	170	118	72	151	23	65	58	132	188	124	24	169	244	241	8	199	249	112	48	96	160	66	35	
130	231	28	155	235	193	188	143	142	31	88	177	172	206	106	72	199	27	171	209	86	8	74	241	44	16	222	239	148	86	141	203	
42	188	248	216	247	241	185	67	31	69	124	59	44	255	118	8	223	59	147	17	22	58	114	215	79	29	154	235	215	76	143	255	
35	143	32	142	87	177	186	231	79	69	92	175	40	168	54	132	255	43	147	133	198	58	12	255	62	20	154	235	95	78	249	207	
38	157	241	202	244	141	254	255	91	105	121	107	96	252	124	32	255	219	23	243	247	58	200	255	63	28	167	238	213	122	245	191	
78	176	243	216	233	52	184	219	171	155	52	112	140	247	237	254	183	25	179	56	147	71	154	208	31	24	7	238	154	100	99	181	
72	126	150	191	9	96	49	150	178	215	78	149	173	231	99	222	99	110	232	128	32	85	147	163	212	247	90	9	170	117	45	90	
47	180	168	178	221	189	144	75	203	117	157	29	142	184	94	142	137	11	211	21	22	99	218	210	158	85	25	127	222	77	219	214	
6	200	180	155	186	161	184	142	158	83	90	147	236	238	120	74	167	123	187	149	178	88	11	241	12	18	223	194	148	85	129	89	
50	73	114	252	36	156	254	246	201	8	118	2	47	153	181	96	174	241	23	73	192	169	32	237	50	248	18	130	87	156	113	13	
2	141	2	139	20	163	170	99	22	1	91	2	104	234	56	64	121	43	19	177	18	184	8	255	40	38	138	192	149	74	176	128	
156	205	23	191	164	130	238	236	148	130	202	66	245	98	185	197	123	226	42	235	96	129	79	239	164	162	239	0	52	250	177	8	
2	137	146	153	116	128	184	39	30	9	82	18	172	138	48	64	230	43	51	129	82	152	130	209	4	52	154	202	20	8	177	137	
162	249	98	154	199	208	188	231	27	85	88	163	44	222	126	97	239	59	147	197	214	26	54	241	53	48	158	235	21	28	181	222	
36	57	235	224	212	207	99	80	65	229	125	10	19	157	49	48	120	172	6	120	25	179	56	140	127	141	161	96	231	171	86	242	
3	134	2	153	116	179	232	67	31	3	83	215	172	234	186	196	223	43	54	141	182	156	69	223	4	62	186	192	156	140	185	133	
78	28	150	158	75	241	176	64	143	134	73	163	236	222	33	206	195	57	171	3	4	3	90	216	133	118	202	11	150	127	61	150	
146	12	86	181	182	43	252	103	29	162	218	18	175	42	48	81	239	167	31	1	112	188	0	206	180	246	218	130	20	72	177	9	
112	97	121	68	108	9	78	112	233	160	176	74	51	9	149	51	234	228	94	106	201	35	196	72	54	184	160	56	109	187	66	45	
66	178	18	154	235	197	184	207	175	29	145	61	140	158	100	88	237	155	255	145	18	11	194	241	157	48	154	255	144	4	165	219	
17	184	250	58	87	181	178	202	127	71	108	15	44	216	118	16	187	171	18	149	150	190	158	115	26	77	19	107	253	70	43	199	
6	204	134	147	148	162	172	199	62	19	83	18	232	42	56	73	105	75	51	145	50	252	11	247	44	6	222	196	133	89	177	136	
193	217	31	253	164	142	109	55	228	8	226	64	179	51	48	115	68	182	60	232	233	152	113	45	229	171	98	0	8	144	224	41	
19	205	103	255	62	134	238	237	221	130	218	227	253	123	56	33	255	243	63	231	232	233	15	255	184	238	239	132	53	250	177	136	
6	140	134	147	148	170	44	167	62	51	83	18	232	34	40	73	97	79	59	144	50	220	11	247	44	38	222	192	132	81	177	8	
56	149	224	95	157	221	84	255	95	127	124	29	106	248	62	244	217	202	172	0	254	120	127	183	175	255	84	119	115	92	220	79	
166	247	240	154	252	41	190	239	155	191	153	255	204	236	94	2	159	83	207	53	246	111	202	215	44	22	127	255	148	108	159	215	
24	183	244	81	149	251	116	255	127	55	127	28	138	185	238	181	187	154	228	16	126	248	63	215	175	223	85	119	242	204	204	134	
34	164	34	155	215	209	184	239	30	69	88	163	172	204	62	0	251	59	147	129	22	154	32	247	45	22	154	239	149	14	181	222	
13	157	120	99	242	186	123	182	125	97	127	178	153	63	150	240	55	223	151	222	179	152	109	254	110	205	54	196	231	193	193	185	
34	202	226	155	87	209	186	207	30	69	88	179	40	140	62	0	251	59	147	129	22	190	36	243	39	20	154	235	213	30	253	222	
35	202	96	139	87	177	186	198	79	5	124	175	40	232	190	164	255	43	147	213	134	186	76	255	46	28	136	235	223	31	120	206	
36	6	117	69	176	107	227	51	108	175	254	32	211	49	132	52	59	118	102	40	144	184	97	78	109	190	101	208	195	234	198	161	
99	48	176	208	233	181	184	79	139	185	52	120	44	158	228	175	239	63	243	144	147	79	146	208	31	24	95	255	154	68	171	189	
97	129	201	165	212	86	78	189	81	232	218	79	83	56	24	112	88	206	21	237	221	154	221	141	254	45	165	228	44	170	216	88	
8	173	23	243	243	249	116	247	247	63	124	56	143	243	232	164	171	26	230	24	50	120	42	183	175	223	21	111	226	204	143	165	
60	4	198	188	196	42	76	123	49	130	242	2	11	43	33	89	123	141	6	160	104	246	65	138	178	251	199	4	231	240	226	128	
39	36	226	195	246	177	250	218	95	227	125	130	8	204	255	40	127	155	19	157	150	178	44	210	30	28	155	236	215	207	114	197	
10	153	230	245	53	156	252	55	185	121	86	55	172	191	54	107	167	63	181	133	210	216	160	229	143	255	254	194	134	132	145	95	
253	113	61	234	237	4	95	216	235	216	181	76	30	211	105	123	230	209	95	126	201	67	186	240	243	217	103	190	90	179	99	51	
165	112	249	90	109	29	93	216	251	90	53	92	30	219	109	63	173	217	118	90	131	103	186	240	87	152	103	238	218	177	99	179	
125	117	117	198	237	23	95	248	193	232	189	110	91	127	141	55	126	212	93	234	201	35	120	172	243	217	37	188	107	243	98	113	
165	242	187	90	108	173	249	216	255	27	117	92	20	217	124	44	189	24	22	24	131	118	58	243	71	30	50	236	216	137	99	179	
90	92	167	191	3	122	21	150	55	87	206	181	239	230	163	110	119	119	189	133	169	221	191	227	193	118	218	147	182	117	53	127	
138	238	37	159	79	233	170	200	158	22	81	139	172	204	51	141	169	41	195	199	102	76	14	253	5	18	218	43	87	31	21	206	
67	94	247	214	108	54	239	190	201	218	62	118	252	103	181	103	103	118	126	174	225	101	175	234	54	62	255	136	14	241	97	45	
197	78	247	95	236	56	239	190	233	210	126	214	249	225	253	239	107	230	54	174	225	116	174	234	36	58	231	140	79	251	113	173	
8	188	59	240	177	237	49	67	191	57	107	25	158	159	64	24	161	63	217	16	19	184	144	66	205	213	18	67	128	64	135	51	
90	205	247	254	118	130	110	252	181	130	218	130	125	251	49	225	119	247	63	238	104	217	15	239	250	238	207	136	39	242	33	40	
94	62	151	191	187	232	89	146	179	215	206	181	175	231	67	222	227	111	172	148	63	216	179	226	139	246	94	139	162	245	37	126	
164	205	81	187	244	139	174	237	94	2	216	66	245	232	60	65	251	203	2	235	114	186	72	127	172	174	143	108	85	122	177	128	
17	143	65	141	54	163	170	123	86	1	90	230	177	32	180	224	122	42	22	173	243	186	69	31	36	46	186	128	61	202	249	141	
226	231	224	254	253	97	156	238	27	15	184	187	104	252	63	0	221	211	247	193	110	107	75	255	187	118	223	187	149	92	214	75	
1	135	65	207	52	170	234	55	84	1	91	230	241	32	184	228	94	46	22	172	153	184	69	31	164	174	186	192	28	138	216	137	
24	155	115	69	176	42	227	53	108	173	126	224	219	97	132	52	62	246	100	120	152	184	101	12	108	254	39	192	231	226	199	33	
210	30	231	159	179	234	125	151	191	207	222	183	252	255	179	124	119	255	253	149	179	201	183	235	221	54	222	147	182	245	181	127	
30	191	211	211	179	249	120	215	191	221	124	181	46	231	198	156	167	187	230	144	63	216	178	246	186	214	23	227	170	196	175	215	
94	61	211	149	179	240	121	199	63	207	202	181	174	231	198	220	247	239	173	148	63	217	183	226	155	118	150	195	162	196	165	127	
6	140	34	138	20	163	170	234	86	1	91	2	96	232	56	64	121	42	19	177	146	186	9	255	40	4	138	192	149	75	48	128	
113	67	89	68	108	11	78	96	97	32	179	74	83	9	149	17	122	228	78	234	200	163	68	76	48	168	160	48	101	187	114	40	
66	184	22	154	233	165	56	207	175	25	209	49	140	150	96	90	199	31	255	144	18	75	202	241	157	48	26	235	144	4	165	155	
24	189	246	81	191	255	116	247	127	125	126	60	10	248	102	180	171	170	230	16	254	248	63	247	175	223	85	103	250	204	204	159	
220	24	158	244	11	96	51	66	176	134	198	51	127	183	33	91	224	245	233	194	40	199	178	104	209	227	90	11	160	113	37	34	
226	247	240	154	252	171	158	239	155	63	153	255	204	238	110	0	223	211	239	33	114	107	202	215	188	22	223	255	148	92	151	211	
58	159	236	127	189	157	84	255	95	127	124	63	42	248	62	84	201	202	167	5	254	120	107	183	111	127	85	247	115	76	220	207	
6	140	134	147	148	163	168	134	62	147	82	18	236	106	41	73	123	107	51	144	50	252	11	247	12	6	223	196	133	88	49	136	
146	206	30	184	34	192	60	231	190	31	66	177	172	143	34	65	167	59	175	129	118	205	2	247	240	227	122	139	52	20	173	75	
2	157	34	154	207	197	188	239	158	85	88	151	172	254	126	65	253	27	147	133	214	26	26	245	61	16	158	235	21	76	181	222	
35	231	96	76	117	149	238	111	91	75	124	206	40	200	190	164	94	42	146	141	199	190	100	219	38	28	148	171	95	158	216	157	
138	170	163	154	239	245	185	206	191	95	80	19	44	205	118	140	169	43	131	21	50	126	170	243	31	20	30	235	211	76	247	255	
35	235	224	11	245	145	190	207	95	5	124	175	40	200	126	4	251	11	147	149	198	62	108	243	46	28	141	235	95	30	216	206	
6	2	166	157	79	175	168	73	158	134	89	7	236	232	51	141	248	41	163	133	4	48	70	216	4	18	75	11	215	111	17	198	
130	145	34	155	215	197	188	207	30	85	81	147	172	220	126	64	253	27	147	145	86	58	26	243	45	20	154	235	21	12	181	222	
131	138	202	153	116	161	232	67	30	17	83	247	132	202	182	72	219	41	34	149	54	156	71	211	4	22	154	201	156	136	57	132	
86	76	66	225	148	34	110	214	61	33	250	18	15	43	37	88	122	207	31	240	56	186	1	230	178	236	158	196	167	217	240	8	
6	9	146	158	79	209	178	65	143	132	201	131	236	238	99	206	200	57	171	195	6	3	218	249	149	116	138	59	150	47	61	150	
2	156	146	151	246	136	188	103	189	11	82	50	172	190	32	65	231	51	31	129	112	153	0	207	180	54	94	130	132	72	161	137	
2	160	148	157	186	160	56	11	190	145	82	146	236	238	104	74	231	63	123	144	18	72	139	213	12	50	219	206	148	0	1	129	
28	205	22	175	157	3	79	237	84	130	202	2	237	99	56	197	123	226	138	234	104	177	79	191	188	230	207	20	54	254	185	8	
39	96	226	195	84	179	234	200	95	227	121	2	72	200	253	40	123	137	19	147	134	182	44	210	30	12	159	228	213	223	112	196	
99	169	192	141	212	7	107	125	67	233	92	79	80	113	182	84	88	238	19	109	153	154	221	156	126	60	133	228	191	174	250	148	
195	42	176	208	237	177	184	71	203	191	181	56	172	170	246	175	207	59	250	145	150	75	162	208	30	24	218	251	158	68	235	205	
104	105	250	238	117	204	83	68	43	132	124	9	191	159	35	16	216	251	134	80	10	43	178	105	243	245	2	41	208	27	102	234	
198	231	21	155	234	161	46	175	62	51	75	243	197	230	200	64	119	91	43	147	114	28	207	115	44	4	63	230	180	82	165	177	
67	92	247	222	254	38	191	182	153	170	94	122	124	127	149	103	103	119	127	136	161	223	171	235	119	62	255	130	143	240	33	57	
130	169	18	153	116	161	184	71	30	17	88	18	172	130	32	64	231	43	19	129	18	152	67	245	4	48	154	192	20	8	161	137	
2	141	2	154	213	135	174	231	22	1	74	2	104	234	48	64	121	107	19	145	50	154	24	255	41	38	158	64	17	14	176	136	
199	63	247	212	252	52	175	150	251	235	122	114	252	250	213	255	167	119	126	172	161	91	174	234	62	62	255	170	142	241	35	237	
18	73	214	181	164	10	108	167	61	161	242	2	143	42	4	91	234	237	46	144	24	250	65	200	190	254	214	132	197	240	227	137	
6	140	2	154	20	163	170	192	22	1	91	2	104	202	57	64	121	42	19	145	18	150	8	255	40	6	139	192	149	11	48	128	
188	205	116	115	214	58	238	246	117	114	126	18	123	41	149	109	111	206	55	218	178	188	45	239	126	239	246	196	231	213	224	168	
166	191	193	158	252	139	190	239	159	183	152	255	196	238	232	0	159	87	79	5	114	107	202	255	188	22	255	254	148	104	135	153	
6	184	54	155	234	165	184	195	174	121	146	177	172	222	104	74	199	27	255	149	146	73	195	209	156	16	154	250	148	12	161	211	
66	128	150	155	232	161	56	15	190	17	81	144	140	174	112	74	231	63	123	145	18	88	139	241	12	50	218	232	148	1	129	137	
34	156	34	155	95	241	184	234	30	85	88	179	172	252	126	1	249	27	147	129	22	58	58	247	13	20	218	239	21	77	53	222	
66	184	22	154	234	161	56	67	175	25	210	177	172	150	104	66	199	27	255	144	18	73	131	209	156	48	26	250	144	4	161	147	
241	71	67	108	68	11	198	96	97	32	185	74	67	9	21	16	120	196	68	235	72	167	69	14	176	168	128	16	101	187	114	8	
162	175	96	155	215	209	186	235	95	101	89	187	40	236	126	0	249	11	147	151	214	58	110	247	14	28	155	239	85	12	245	206	
98	217	2	142	77	209	146	232	143	4	136	171	172	158	39	132	200	115	235	195	6	43	90	241	145	84	138	59	18	31	29	94	
58	159	246	121	189	157	244	255	223	125	124	127	42	252	118	81	173	187	231	1	254	120	235	247	127	94	21	247	127	76	220	223	
66	166	132	177	163	32	60	143	59	55	130	247	140	42	200	207	167	71	237	149	54	89	133	224	140	114	222	199	140	68	137	13	
83	189	247	82	243	255	60	231	191	217	250	253	46	254	102	188	183	187	238	144	183	219	178	247	63	94	31	195	203	68	235	95	
2	156	178	158	115	132	184	230	188	27	82	178	172	254	32	66	231	59	155	129	178	205	2	239	28	54	90	138	4	0	33	155	
129	130	130	185	116	175	168	66	94	9	82	87	148	138	184	200	215	41	2	29	183	156	69	87	12	38	186	192	156	8	57	129	
103	71	115	70	236	25	206	232	201	138	185	204	75	104	253	183	254	192	70	110	193	35	204	234	50	152	101	188	79	251	250	133	
122	217	24	238	117	197	87	230	3	13	252	11	46	255	42	80	220	155	151	64	78	11	154	177	243	213	0	59	115	26	172	75	
90	30	6	190	19	182	62	98	188	66	202	199	109	234	35	192	230	99	171	135	164	141	22	239	176	102	138	139	188	119	41	28	
88	155	122	71	178	11	235	53	101	173	126	236	243	97	150	52	62	254	6	108	152	184	101	44	108	236	37	192	111	162	198	49	
51	191	67	204	245	183	234	127	14	164	216	198	96	224	180	196	88	110	19	124	155	155	124	191	58	109	143	240	159	206	250	252	
157	130	64	187	22	163	234	72	86	37	83	211	193	192	186	200	91	8	2	157	62	180	77	55	132	166	186	64	181	137	56	128	
10	184	162	216	237	217	176	207	155	87	84	153	172	220	126	173	171	59	211	17	23	107	178	241	31	16	222	107	223	12	191	222	
2	189	50	155	215	229	180	239	30	89	89	19	140	222	110	0	253	27	147	145	82	56	26	247	45	20	158	239	149	76	165	211	
162	175	96	155	85	177	184	106	91	69	93	191	40	236	182	4	219	43	147	133	150	58	110	247	30	28	219	235	85	14	93	198	
66	128	132	157	148	162	40	143	190	147	83	18	236	226	96	75	99	47	59	144	50	216	203	213	12	50	223	196	148	96	49	136	
132	239	77	187	170	171	46	175	62	51	72	245	213	227	200	64	119	75	43	191	115	80	207	115	44	6	175	228	156	242	129	160	
66	157	239	222	250	226	191	151	191	207	222	183	124	239	182	108	119	247	191	149	179	217	191	239	127	54	190	195	150	212	181	127	
119	79	104	134	252	18	222	248	201	230	189	175	73	108	223	38	127	196	87	239	236	35	236	238	58	92	143	190	103	255	250	196	
2	188	179	201	86	231	163	67	30	97	88	82	180	151	36	40	127	27	19	145	19	184	49	215	13	6	154	66	149	72	37	185	
2	140	2	154	157	197	162	231	150	1	72	18	160	250	48	64	201	42	19	145	50	170	18	255	41	22	158	75	144	8	176	138	
0	140	134	151	20	163	168	131	62	147	82	18	232	106	105	75	121	106	42	144	50	220	11	221	12	6	223	68	149	104	49	136	
